POINTS
827.000000,5.000000
315.000000,24.000000
174.000000,31.000000
159.000000,33.000000
901.000000,55.000000
704.000000,67.000000
707.000000,69.000000
349.000000,77.000000
53.000000,95.000000
29.000000,108.000000
40.000000,114.000000
615.000000,127.000000
30.000000,134.000000
609.000000,142.000000
386.000000,144.000000
81.000000,145.000000
507.000000,158.000000
394.000000,161.000000
789.000000,165.000000
581.000000,168.000000
376.000000,175.000000
301.000000,184.000000
988.000000,190.000000
232.000000,196.000000
971.000000,205.000000
251.000000,254.000000
957.000000,262.000000
208.000000,266.000000
96.000000,272.000000
798.000000,299.000000
73.000000,301.000000
541.000000,307.000000
961.000000,310.000000
244.000000,314.000000
161.000000,326.000000
398.000000,351.000000
422.000000,369.000000
584.000000,385.000000
496.000000,393.000000
803.000000,400.000000
323.000000,406.000000
952.000000,410.000000
82.000000,414.000000
205.000000,430.000000
825.000000,432.000000
191.000000,447.000000
742.000000,482.000000
800.000000,505.000000
883.000000,521.000000
24.000000,524.000000
664.000000,528.000000
624.000000,538.000000
152.000000,540.000000
777.000000,542.000000
888.000000,542.000000
75.000000,550.000000
403.000000,553.000000
648.000000,577.000000
623.000000,579.000000
342.000000,584.000000
224.000000,590.000000
293.000000,598.000000
984.000000,615.000000
347.000000,619.000000
325.000000,628.000000
187.000000,631.000000
515.000000,654.000000
513.000000,655.000000
952.000000,679.000000
212.000000,686.000000
734.000000,687.000000
117.000000,691.000000
949.000000,698.000000
646.000000,704.000000
909.000000,704.000000
685.000000,706.000000
932.000000,731.000000
564.000000,755.000000
645.000000,763.000000
653.000000,774.000000
771.000000,783.000000
790.000000,798.000000
106.000000,799.000000
369.000000,817.000000
689.000000,839.000000
289.000000,840.000000
670.000000,855.000000
725.000000,856.000000
421.000000,862.000000
2.000000,881.000000
295.000000,889.000000
49.000000,901.000000
291.000000,916.000000
296.000000,924.000000
970.000000,924.000000
445.000000,947.000000
363.000000,948.000000
897.000000,954.000000
801.000000,974.000000
285.000000,996.000000
LINES
40.000000,114.000000,30.000000,134.000000
191.000000,447.000000,224.000000,590.000000
932.000000,731.000000,897.000000,954.000000
347.000000,619.000000,369.000000,817.000000
289.000000,840.000000,291.000000,916.000000
971.000000,205.000000,798.000000,299.000000
208.000000,266.000000,96.000000,272.000000
584.000000,385.000000,742.000000,482.000000
49.000000,901.000000,285.000000,996.000000
664.000000,528.000000,624.000000,538.000000
623.000000,579.000000,515.000000,654.000000
984.000000,615.000000,970.000000,924.000000
291.000000,916.000000,296.000000,924.000000
827.000000,5.000000,707.000000,69.000000
957.000000,262.000000,961.000000,310.000000
291.000000,916.000000,285.000000,996.000000
403.000000,553.000000,293.000000,598.000000
394.000000,161.000000,376.000000,175.000000
670.000000,855.000000,725.000000,856.000000
251.000000,254.000000,161.000000,326.000000
734.000000,687.000000,646.000000,704.000000
623.000000,579.000000,513.000000,655.000000
152.000000,540.000000,224.000000,590.000000
704.000000,67.000000,615.000000,127.000000
734.000000,687.000000,771.000000,783.000000
369.000000,817.000000,445.000000,947.000000
29.000000,108.000000,2.000000,881.000000
376.000000,175.000000,301.000000,184.000000
952.000000,679.000000,909.000000,704.000000
961.000000,310.000000,952.000000,410.000000
496.000000,393.000000,624.000000,538.000000
421.000000,862.000000,445.000000,947.000000
670.000000,855.000000,445.000000,947.000000
325.000000,628.000000,289.000000,840.000000
289.000000,840.000000,285.000000,996.000000
208.000000,266.000000,161.000000,326.000000
789.000000,165.000000,798.000000,299.000000
798.000000,299.000000,961.000000,310.000000
949.000000,698.000000,970.000000,924.000000
513.000000,655.000000,445.000000,947.000000
790.000000,798.000000,725.000000,856.000000
507.000000,158.000000,581.000000,168.000000
403.000000,553.000000,513.000000,655.000000
29.000000,108.000000,40.000000,114.000000
445.000000,947.000000,363.000000,948.000000
624.000000,538.000000,513.000000,655.000000
152.000000,540.000000,75.000000,550.000000
29.000000,108.000000,24.000000,524.000000
315.000000,24.000000,386.000000,144.000000
949.000000,698.000000,897.000000,954.000000
615.000000,127.000000,609.000000,142.000000
897.000000,954.000000,801.000000,974.000000
159.000000,33.000000,301.000000,184.000000
932.000000,731.000000,771.000000,783.000000
615.000000,127.000000,507.000000,158.000000
971.000000,205.000000,957.000000,262.000000
187.000000,631.000000,117.000000,691.000000
645.000000,763.000000,653.000000,774.000000
40.000000,114.000000,301.000000,184.000000
24.000000,524.000000,75.000000,550.000000
422.000000,369.000000,403.000000,553.000000
174.000000,31.000000,159.000000,33.000000
825.000000,432.000000,883.000000,521.000000
777.000000,542.000000,648.000000,577.000000
771.000000,783.000000,790.000000,798.000000
771.000000,783.000000,689.000000,839.000000
704.000000,67.000000,507.000000,158.000000
742.000000,482.000000,664.000000,528.000000
445.000000,947.000000,285.000000,996.000000
232.000000,196.000000,96.000000,272.000000
771.000000,783.000000,725.000000,856.000000
403.000000,553.000000,342.000000,584.000000
325.000000,628.000000,369.000000,817.000000
800.000000,505.000000,777.000000,542.000000
174.000000,31.000000,301.000000,184.000000
293.000000,598.000000,212.000000,686.000000
376.000000,175.000000,398.000000,351.000000
789.000000,165.000000,800.000000,505.000000
624.000000,538.000000,403.000000,553.000000
704.000000,67.000000,609.000000,142.000000
117.000000,691.000000,2.000000,881.000000
295.000000,889.000000,291.000000,916.000000
704.000000,67.000000,789.000000,165.000000
952.000000,410.000000,883.000000,521.000000
648.000000,577.000000,646.000000,704.000000
515.000000,654.000000,646.000000,704.000000
952.000000,679.000000,949.000000,698.000000
909.000000,704.000000,771.000000,783.000000
581.000000,168.000000,584.000000,385.000000
961.000000,310.000000,803.000000,400.000000
901.000000,55.000000,707.000000,69.000000
541.000000,307.000000,584.000000,385.000000
212.000000,686.000000,106.000000,799.000000
961.000000,310.000000,825.000000,432.000000
988.000000,190.000000,961.000000,310.000000
191.000000,447.000000,75.000000,550.000000
827.000000,5.000000,901.000000,55.000000
75.000000,550.000000,2.000000,881.000000
827.000000,5.000000,349.000000,77.000000
883.000000,521.000000,984.000000,615.000000
117.000000,691.000000,106.000000,799.000000
96.000000,272.000000,73.000000,301.000000
296.000000,924.000000,363.000000,948.000000
988.000000,190.000000,984.000000,615.000000
541.000000,307.000000,496.000000,393.000000
689.000000,839.000000,725.000000,856.000000
888.000000,542.000000,771.000000,783.000000
191.000000,447.000000,293.000000,598.000000
53.000000,95.000000,29.000000,108.000000
205.000000,430.000000,191.000000,447.000000
323.000000,406.000000,205.000000,430.000000
386.000000,144.000000,376.000000,175.000000
984.000000,615.000000,952.000000,679.000000
445.000000,947.000000,801.000000,974.000000
827.000000,5.000000,315.000000,24.000000
293.000000,598.000000,325.000000,628.000000
803.000000,400.000000,825.000000,432.000000
541.000000,307.000000,398.000000,351.000000
152.000000,540.000000,187.000000,631.000000
212.000000,686.000000,117.000000,691.000000
827.000000,5.000000,704.000000,67.000000
564.000000,755.000000,653.000000,774.000000
952.000000,410.000000,825.000000,432.000000
301.000000,184.000000,232.000000,196.000000
369.000000,817.000000,289.000000,840.000000
325.000000,628.000000,212.000000,686.000000
609.000000,142.000000,581.000000,168.000000
827.000000,5.000000,507.000000,158.000000
295.000000,889.000000,445.000000,947.000000
386.000000,144.000000,394.000000,161.000000
376.000000,175.000000,541.000000,307.000000
584.000000,385.000000,624.000000,538.000000
403.000000,553.000000,347.000000,619.000000
323.000000,406.000000,293.000000,598.000000
251.000000,254.000000,208.000000,266.000000
40.000000,114.000000,81.000000,145.000000
24.000000,524.000000,2.000000,881.000000
689.000000,839.000000,670.000000,855.000000
342.000000,584.000000,347.000000,619.000000
315.000000,24.000000,301.000000,184.000000
75.000000,550.000000,117.000000,691.000000
777.000000,542.000000,888.000000,542.000000
244.000000,314.000000,161.000000,326.000000
30.000000,134.000000,81.000000,145.000000
564.000000,755.000000,670.000000,855.000000
30.000000,134.000000,24.000000,524.000000
988.000000,190.000000,798.000000,299.000000
159.000000,33.000000,29.000000,108.000000
584.000000,385.000000,496.000000,393.000000
398.000000,351.000000,323.000000,406.000000
777.000000,542.000000,734.000000,687.000000
725.000000,856.000000,801.000000,974.000000
342.000000,584.000000,293.000000,598.000000
244.000000,314.000000,398.000000,351.000000
2.000000,881.000000,49.000000,901.000000
152.000000,540.000000,117.000000,691.000000
704.000000,67.000000,581.000000,168.000000
296.000000,924.000000,445.000000,947.000000
295.000000,889.000000,296.000000,924.000000
984.000000,615.000000,909.000000,704.000000
96.000000,272.000000,161.000000,326.000000
232.000000,196.000000,208.000000,266.000000
800.000000,505.000000,883.000000,521.000000
81.000000,145.000000,232.000000,196.000000
664.000000,528.000000,648.000000,577.000000
73.000000,301.000000,75.000000,550.000000
81.000000,145.000000,73.000000,301.000000
623.000000,579.000000,646.000000,704.000000
932.000000,731.000000,790.000000,798.000000
564.000000,755.000000,645.000000,763.000000
73.000000,301.000000,82.000000,414.000000
909.000000,704.000000,932.000000,731.000000
301.000000,184.000000,251.000000,254.000000
742.000000,482.000000,800.000000,505.000000
949.000000,698.000000,932.000000,731.000000
609.000000,142.000000,507.000000,158.000000
369.000000,817.000000,295.000000,889.000000
883.000000,521.000000,888.000000,542.000000
117.000000,691.000000,49.000000,901.000000
29.000000,108.000000,30.000000,134.000000
827.000000,5.000000,386.000000,144.000000
513.000000,655.000000,564.000000,755.000000
888.000000,542.000000,984.000000,615.000000
376.000000,175.000000,251.000000,254.000000
422.000000,369.000000,293.000000,598.000000
513.000000,655.000000,421.000000,862.000000
648.000000,577.000000,734.000000,687.000000
224.000000,590.000000,187.000000,631.000000
323.000000,406.000000,191.000000,447.000000
422.000000,369.000000,496.000000,393.000000
970.000000,924.000000,897.000000,954.000000
244.000000,314.000000,205.000000,430.000000
957.000000,262.000000,798.000000,299.000000
952.000000,679.000000,932.000000,731.000000
888.000000,542.000000,909.000000,704.000000
496.000000,393.000000,403.000000,553.000000
541.000000,307.000000,422.000000,369.000000
293.000000,598.000000,187.000000,631.000000
251.000000,254.000000,244.000000,314.000000
901.000000,55.000000,988.000000,190.000000
883.000000,521.000000,777.000000,542.000000
984.000000,615.000000,949.000000,698.000000
801.000000,974.000000,285.000000,996.000000
349.000000,77.000000,386.000000,144.000000
82.000000,414.000000,75.000000,550.000000
315.000000,24.000000,174.000000,31.000000
161.000000,326.000000,205.000000,430.000000
347.000000,619.000000,325.000000,628.000000
81.000000,145.000000,96.000000,272.000000
564.000000,755.000000,445.000000,947.000000
224.000000,590.000000,293.000000,598.000000
988.000000,190.000000,971.000000,205.000000
789.000000,165.000000,584.000000,385.000000
369.000000,817.000000,421.000000,862.000000
106.000000,799.000000,49.000000,901.000000
53.000000,95.000000,40.000000,114.000000
187.000000,631.000000,212.000000,686.000000
507.000000,158.000000,376.000000,175.000000
777.000000,542.000000,771.000000,783.000000
707.000000,69.000000,789.000000,165.000000
212.000000,686.000000,289.000000,840.000000
704.000000,67.000000,707.000000,69.000000
648.000000,577.000000,623.000000,579.000000
646.000000,704.000000,645.000000,763.000000
653.000000,774.000000,670.000000,855.000000
790.000000,798.000000,897.000000,954.000000
82.000000,414.000000,205.000000,430.000000
347.000000,619.000000,513.000000,655.000000
901.000000,55.000000,789.000000,165.000000
159.000000,33.000000,40.000000,114.000000
685.000000,706.000000,653.000000,774.000000
342.000000,584.000000,325.000000,628.000000
244.000000,314.000000,323.000000,406.000000
789.000000,165.000000,581.000000,168.000000
422.000000,369.000000,323.000000,406.000000
398.000000,351.000000,422.000000,369.000000
584.000000,385.000000,800.000000,505.000000
73.000000,301.000000,24.000000,524.000000
952.000000,410.000000,984.000000,615.000000
386.000000,144.000000,507.000000,158.000000
988.000000,190.000000,952.000000,410.000000
646.000000,704.000000,564.000000,755.000000
789.000000,165.000000,988.000000,190.000000
515.000000,654.000000,564.000000,755.000000
347.000000,619.000000,421.000000,862.000000
40.000000,114.000000,232.000000,196.000000
289.000000,840.000000,295.000000,889.000000
191.000000,447.000000,152.000000,540.000000
734.000000,687.000000,685.000000,706.000000
315.000000,24.000000,349.000000,77.000000
742.000000,482.000000,777.000000,542.000000
251.000000,254.000000,398.000000,351.000000
670.000000,855.000000,801.000000,974.000000
742.000000,482.000000,624.000000,538.000000
653.000000,774.000000,689.000000,839.000000
159.000000,33.000000,53.000000,95.000000
507.000000,158.000000,541.000000,307.000000
624.000000,538.000000,623.000000,579.000000
386.000000,144.000000,301.000000,184.000000
73.000000,301.000000,161.000000,326.000000
988.000000,190.000000,957.000000,262.000000
790.000000,798.000000,801.000000,974.000000
81.000000,145.000000,24.000000,524.000000
515.000000,654.000000,513.000000,655.000000
798.000000,299.000000,800.000000,505.000000
742.000000,482.000000,648.000000,577.000000
825.000000,432.000000,800.000000,505.000000
685.000000,706.000000,771.000000,783.000000
161.000000,326.000000,82.000000,414.000000
106.000000,799.000000,285.000000,996.000000
653.000000,774.000000,771.000000,783.000000
82.000000,414.000000,191.000000,447.000000
232.000000,196.000000,251.000000,254.000000
106.000000,799.000000,289.000000,840.000000
581.000000,168.000000,541.000000,307.000000
646.000000,704.000000,685.000000,706.000000
798.000000,299.000000,803.000000,400.000000
803.000000,400.000000,800.000000,505.000000
296.000000,924.000000,285.000000,996.000000
363.000000,948.000000,285.000000,996.000000
685.000000,706.000000,645.000000,763.000000
624.000000,538.000000,648.000000,577.000000
507.000000,158.000000,394.000000,161.000000
