POINTS
708.000000,21.000000
8.000000,22.000000
624.000000,27.000000
242.000000,66.000000
997.000000,77.000000
744.000000,86.000000
120.000000,93.000000
337.000000,93.000000
687.000000,98.000000
967.000000,167.000000
664.000000,173.000000
689.000000,182.000000
86.000000,203.000000
763.000000,204.000000
823.000000,211.000000
969.000000,211.000000
205.000000,229.000000
662.000000,231.000000
104.000000,236.000000
746.000000,236.000000
650.000000,259.000000
193.000000,260.000000
753.000000,300.000000
110.000000,305.000000
373.000000,342.000000
632.000000,350.000000
738.000000,355.000000
386.000000,360.000000
865.000000,362.000000
377.000000,373.000000
557.000000,387.000000
610.000000,400.000000
479.000000,407.000000
504.000000,419.000000
462.000000,431.000000
1003.000000,431.000000
341.000000,435.000000
790.000000,436.000000
1066.000000,437.000000
101.000000,440.000000
717.000000,450.000000
699.000000,458.000000
890.000000,472.000000
611.000000,479.000000
806.000000,481.000000
355.000000,482.000000
265.000000,494.000000
210.000000,509.000000
439.000000,514.000000
75.000000,548.000000
596.000000,552.000000
893.000000,559.000000
893.000000,562.000000
602.000000,590.000000
305.000000,627.000000
194.000000,628.000000
322.000000,628.000000
646.000000,631.000000
774.000000,638.000000
87.000000,640.000000
509.000000,647.000000
521.000000,654.000000
692.000000,659.000000
651.000000,661.000000
234.000000,662.000000
136.000000,663.000000
140.000000,664.000000
362.000000,666.000000
170.000000,670.000000
117.000000,673.000000
768.000000,721.000000
759.000000,729.000000
557.000000,731.000000
186.000000,748.000000
1010.000000,752.000000
204.000000,753.000000
538.000000,760.000000
983.000000,761.000000
959.000000,764.000000
956.000000,768.000000
948.000000,771.000000
75.000000,777.000000
938.000000,786.000000
1014.000000,810.000000
437.000000,813.000000
420.000000,823.000000
584.000000,823.000000
759.000000,834.000000
95.000000,870.000000
726.000000,900.000000
121.000000,909.000000
404.000000,912.000000
892.000000,914.000000
45.000000,917.000000
454.000000,921.000000
142.000000,924.000000
69.000000,964.000000
229.000000,977.000000
810.000000,988.000000
692.000000,999.000000
461.000000,1005.000000
49.000000,1010.000000
769.000000,1010.000000
112.000000,1024.000000
707.000000,1034.000000
398.000000,1053.000000
235.000000,1066.000000
LINES
865.000000,362.000000,1003.000000,431.000000
355.000000,482.000000,439.000000,514.000000
234.000000,662.000000,170.000000,670.000000
404.000000,912.000000,229.000000,977.000000
1066.000000,437.000000,1010.000000,752.000000
650.000000,259.000000,632.000000,350.000000
717.000000,450.000000,806.000000,481.000000
136.000000,663.000000,117.000000,673.000000
504.000000,419.000000,596.000000,552.000000
596.000000,552.000000,602.000000,590.000000
377.000000,373.000000,439.000000,514.000000
186.000000,748.000000,204.000000,753.000000
763.000000,204.000000,823.000000,211.000000
242.000000,66.000000,664.000000,173.000000
753.000000,300.000000,1003.000000,431.000000
337.000000,93.000000,664.000000,173.000000
95.000000,870.000000,45.000000,917.000000
86.000000,203.000000,104.000000,236.000000
689.000000,182.000000,662.000000,231.000000
890.000000,472.000000,893.000000,559.000000
229.000000,977.000000,398.000000,1053.000000
602.000000,590.000000,646.000000,631.000000
689.000000,182.000000,650.000000,259.000000
651.000000,661.000000,759.000000,729.000000
136.000000,663.000000,170.000000,670.000000
611.000000,479.000000,806.000000,481.000000
769.000000,1010.000000,707.000000,1034.000000
142.000000,924.000000,229.000000,977.000000
121.000000,909.000000,142.000000,924.000000
49.000000,1010.000000,235.000000,1066.000000
204.000000,753.000000,229.000000,977.000000
69.000000,964.000000,112.000000,1024.000000
865.000000,362.000000,790.000000,436.000000
997.000000,77.000000,823.000000,211.000000
763.000000,204.000000,746.000000,236.000000
86.000000,203.000000,110.000000,305.000000
8.000000,22.000000,242.000000,66.000000
768.000000,721.000000,892.000000,914.000000
708.000000,21.000000,997.000000,77.000000
726.000000,900.000000,692.000000,999.000000
584.000000,823.000000,726.000000,900.000000
664.000000,173.000000,632.000000,350.000000
774.000000,638.000000,768.000000,721.000000
95.000000,870.000000,142.000000,924.000000
664.000000,173.000000,689.000000,182.000000
596.000000,552.000000,646.000000,631.000000
956.000000,768.000000,938.000000,786.000000
774.000000,638.000000,1010.000000,752.000000
557.000000,387.000000,504.000000,419.000000
768.000000,721.000000,948.000000,771.000000
205.000000,229.000000,104.000000,236.000000
557.000000,731.000000,538.000000,760.000000
140.000000,664.000000,186.000000,748.000000
104.000000,236.000000,110.000000,305.000000
611.000000,479.000000,646.000000,631.000000
759.000000,834.000000,726.000000,900.000000
509.000000,647.000000,538.000000,760.000000
373.000000,342.000000,341.000000,435.000000
229.000000,977.000000,235.000000,1066.000000
759.000000,834.000000,892.000000,914.000000
186.000000,748.000000,95.000000,870.000000
774.000000,638.000000,948.000000,771.000000
1066.000000,437.000000,893.000000,559.000000
708.000000,21.000000,8.000000,22.000000
142.000000,924.000000,112.000000,1024.000000
687.000000,98.000000,664.000000,173.000000
744.000000,86.000000,823.000000,211.000000
337.000000,93.000000,373.000000,342.000000
509.000000,647.000000,362.000000,666.000000
377.000000,373.000000,341.000000,435.000000
557.000000,387.000000,610.000000,400.000000
8.000000,22.000000,110.000000,305.000000
265.000000,494.000000,194.000000,628.000000
377.000000,373.000000,479.000000,407.000000
632.000000,350.000000,738.000000,355.000000
87.000000,640.000000,45.000000,917.000000
557.000000,387.000000,611.000000,479.000000
584.000000,823.000000,461.000000,1005.000000
790.000000,436.000000,890.000000,472.000000
45.000000,917.000000,49.000000,1010.000000
265.000000,494.000000,305.000000,627.000000
136.000000,663.000000,140.000000,664.000000
509.000000,647.000000,557.000000,731.000000
322.000000,628.000000,362.000000,666.000000
806.000000,481.000000,893.000000,559.000000
759.000000,834.000000,810.000000,988.000000
664.000000,173.000000,763.000000,204.000000
305.000000,627.000000,194.000000,628.000000
454.000000,921.000000,461.000000,1005.000000
624.000000,27.000000,687.000000,98.000000
602.000000,590.000000,651.000000,661.000000
774.000000,638.000000,692.000000,659.000000
87.000000,640.000000,75.000000,777.000000
753.000000,300.000000,865.000000,362.000000
87.000000,640.000000,95.000000,870.000000
692.000000,659.000000,759.000000,729.000000
699.000000,458.000000,806.000000,481.000000
708.000000,21.000000,744.000000,86.000000
596.000000,552.000000,521.000000,654.000000
865.000000,362.000000,890.000000,472.000000
1014.000000,810.000000,810.000000,988.000000
362.000000,666.000000,437.000000,813.000000
521.000000,654.000000,651.000000,661.000000
759.000000,729.000000,557.000000,731.000000
355.000000,482.000000,265.000000,494.000000
759.000000,729.000000,759.000000,834.000000
538.000000,760.000000,437.000000,813.000000
305.000000,627.000000,234.000000,662.000000
75.000000,548.000000,45.000000,917.000000
967.000000,167.000000,753.000000,300.000000
624.000000,27.000000,242.000000,66.000000
193.000000,260.000000,265.000000,494.000000
596.000000,552.000000,509.000000,647.000000
707.000000,1034.000000,235.000000,1066.000000
967.000000,167.000000,823.000000,211.000000
810.000000,988.000000,707.000000,1034.000000
983.000000,761.000000,1014.000000,810.000000
104.000000,236.000000,193.000000,260.000000
75.000000,777.000000,95.000000,870.000000
194.000000,628.000000,170.000000,670.000000
768.000000,721.000000,759.000000,729.000000
205.000000,229.000000,265.000000,494.000000
744.000000,86.000000,664.000000,173.000000
398.000000,1053.000000,235.000000,1066.000000
557.000000,387.000000,479.000000,407.000000
1003.000000,431.000000,1066.000000,437.000000
377.000000,373.000000,355.000000,482.000000
790.000000,436.000000,806.000000,481.000000
983.000000,761.000000,956.000000,768.000000
121.000000,909.000000,112.000000,1024.000000
806.000000,481.000000,774.000000,638.000000
265.000000,494.000000,322.000000,628.000000
305.000000,627.000000,322.000000,628.000000
1014.000000,810.000000,892.000000,914.000000
967.000000,167.000000,969.000000,211.000000
969.000000,211.000000,1066.000000,437.000000
362.000000,666.000000,538.000000,760.000000
557.000000,731.000000,584.000000,823.000000
265.000000,494.000000,509.000000,647.000000
194.000000,628.000000,234.000000,662.000000
959.000000,764.000000,956.000000,768.000000
404.000000,912.000000,398.000000,1053.000000
790.000000,436.000000,717.000000,450.000000
242.000000,66.000000,86.000000,203.000000
602.000000,590.000000,521.000000,654.000000
101.000000,440.000000,210.000000,509.000000
938.000000,786.000000,1014.000000,810.000000
305.000000,627.000000,362.000000,666.000000
774.000000,638.000000,959.000000,764.000000
75.000000,548.000000,194.000000,628.000000
738.000000,355.000000,790.000000,436.000000
110.000000,305.000000,101.000000,440.000000
210.000000,509.000000,75.000000,548.000000
121.000000,909.000000,69.000000,964.000000
86.000000,203.000000,205.000000,229.000000
8.000000,22.000000,45.000000,917.000000
509.000000,647.000000,521.000000,654.000000
404.000000,912.000000,461.000000,1005.000000
504.000000,419.000000,462.000000,431.000000
708.000000,21.000000,823.000000,211.000000
87.000000,640.000000,117.000000,673.000000
121.000000,909.000000,45.000000,917.000000
717.000000,450.000000,611.000000,479.000000
662.000000,231.000000,650.000000,259.000000
692.000000,999.000000,707.000000,1034.000000
893.000000,562.000000,1010.000000,752.000000
140.000000,664.000000,117.000000,673.000000
738.000000,355.000000,717.000000,450.000000
117.000000,673.000000,95.000000,870.000000
8.000000,22.000000,101.000000,440.000000
997.000000,77.000000,1066.000000,437.000000
504.000000,419.000000,611.000000,479.000000
959.000000,764.000000,938.000000,786.000000
689.000000,182.000000,763.000000,204.000000
744.000000,86.000000,687.000000,98.000000
726.000000,900.000000,398.000000,1053.000000
738.000000,355.000000,610.000000,400.000000
265.000000,494.000000,439.000000,514.000000
140.000000,664.000000,204.000000,753.000000
205.000000,229.000000,341.000000,435.000000
186.000000,748.000000,229.000000,977.000000
610.000000,400.000000,717.000000,450.000000
584.000000,823.000000,759.000000,834.000000
646.000000,631.000000,774.000000,638.000000
692.000000,999.000000,398.000000,1053.000000
462.000000,431.000000,439.000000,514.000000
386.000000,360.000000,557.000000,387.000000
708.000000,21.000000,687.000000,98.000000
806.000000,481.000000,646.000000,631.000000
997.000000,77.000000,969.000000,211.000000
650.000000,259.000000,753.000000,300.000000
892.000000,914.000000,810.000000,988.000000
265.000000,494.000000,210.000000,509.000000
75.000000,548.000000,87.000000,640.000000
45.000000,917.000000,69.000000,964.000000
234.000000,662.000000,204.000000,753.000000
664.000000,173.000000,373.000000,342.000000
479.000000,407.000000,462.000000,431.000000
890.000000,472.000000,806.000000,481.000000
437.000000,813.000000,584.000000,823.000000
969.000000,211.000000,753.000000,300.000000
8.000000,22.000000,86.000000,203.000000
707.000000,1034.000000,398.000000,1053.000000
632.000000,350.000000,386.000000,360.000000
753.000000,300.000000,738.000000,355.000000
504.000000,419.000000,439.000000,514.000000
746.000000,236.000000,753.000000,300.000000
823.000000,211.000000,753.000000,300.000000
521.000000,654.000000,557.000000,731.000000
948.000000,771.000000,938.000000,786.000000
1010.000000,752.000000,1014.000000,810.000000
893.000000,562.000000,774.000000,638.000000
8.000000,22.000000,624.000000,27.000000
699.000000,458.000000,611.000000,479.000000
479.000000,407.000000,504.000000,419.000000
753.000000,300.000000,790.000000,436.000000
193.000000,260.000000,110.000000,305.000000
373.000000,342.000000,377.000000,373.000000
1010.000000,752.000000,983.000000,761.000000
774.000000,638.000000,759.000000,729.000000
49.000000,1010.000000,112.000000,1024.000000
242.000000,66.000000,205.000000,229.000000
624.000000,27.000000,664.000000,173.000000
75.000000,548.000000,170.000000,670.000000
87.000000,640.000000,136.000000,663.000000
708.000000,21.000000,624.000000,27.000000
521.000000,654.000000,759.000000,729.000000
969.000000,211.000000,1003.000000,431.000000
101.000000,440.000000,75.000000,548.000000
726.000000,900.000000,810.000000,988.000000
341.000000,435.000000,265.000000,494.000000
893.000000,559.000000,1010.000000,752.000000
234.000000,662.000000,362.000000,666.000000
362.000000,666.000000,420.000000,823.000000
120.000000,93.000000,86.000000,203.000000
205.000000,229.000000,373.000000,342.000000
611.000000,479.000000,596.000000,552.000000
69.000000,964.000000,49.000000,1010.000000
664.000000,173.000000,662.000000,231.000000
95.000000,870.000000,121.000000,909.000000
997.000000,77.000000,967.000000,167.000000
1003.000000,431.000000,890.000000,472.000000
717.000000,450.000000,699.000000,458.000000
110.000000,305.000000,265.000000,494.000000
938.000000,786.000000,892.000000,914.000000
439.000000,514.000000,596.000000,552.000000
664.000000,173.000000,650.000000,259.000000
140.000000,664.000000,170.000000,670.000000
664.000000,173.000000,386.000000,360.000000
362.000000,666.000000,204.000000,753.000000
956.000000,768.000000,1014.000000,810.000000
8.000000,22.000000,120.000000,93.000000
461.000000,1005.000000,398.000000,1053.000000
205.000000,229.000000,193.000000,260.000000
632.000000,350.000000,557.000000,387.000000
377.000000,373.000000,462.000000,431.000000
437.000000,813.000000,404.000000,912.000000
87.000000,640.000000,170.000000,670.000000
117.000000,673.000000,186.000000,748.000000
386.000000,360.000000,377.000000,373.000000
610.000000,400.000000,611.000000,479.000000
959.000000,764.000000,948.000000,771.000000
170.000000,670.000000,204.000000,753.000000
265.000000,494.000000,362.000000,666.000000
823.000000,211.000000,746.000000,236.000000
386.000000,360.000000,479.000000,407.000000
75.000000,777.000000,45.000000,917.000000
753.000000,300.000000,632.000000,350.000000
759.000000,729.000000,584.000000,823.000000
692.000000,659.000000,651.000000,661.000000
1066.000000,437.000000,890.000000,472.000000
229.000000,977.000000,112.000000,1024.000000
437.000000,813.000000,420.000000,823.000000
646.000000,631.000000,651.000000,661.000000
746.000000,236.000000,650.000000,259.000000
893.000000,559.000000,893.000000,562.000000
204.000000,753.000000,404.000000,912.000000
373.000000,342.000000,386.000000,360.000000
210.000000,509.000000,194.000000,628.000000
768.000000,721.000000,759.000000,834.000000
768.000000,721.000000,938.000000,786.000000
810.000000,988.000000,769.000000,1010.000000
112.000000,1024.000000,235.000000,1066.000000
689.000000,182.000000,746.000000,236.000000
337.000000,93.000000,205.000000,229.000000
242.000000,66.000000,337.000000,93.000000
584.000000,823.000000,454.000000,921.000000
810.000000,988.000000,692.000000,999.000000
8.000000,22.000000,75.000000,548.000000
646.000000,631.000000,692.000000,659.000000
538.000000,760.000000,584.000000,823.000000
242.000000,66.000000,120.000000,93.000000
726.000000,900.000000,461.000000,1005.000000
1066.000000,437.000000,1014.000000,810.000000
95.000000,870.000000,229.000000,977.000000
983.000000,761.000000,959.000000,764.000000
420.000000,823.000000,404.000000,912.000000
632.000000,350.000000,610.000000,400.000000
806.000000,481.000000,893.000000,562.000000
404.000000,912.000000,454.000000,921.000000
341.000000,435.000000,355.000000,482.000000
204.000000,753.000000,420.000000,823.000000
439.000000,514.000000,509.000000,647.000000
1010.000000,752.000000,959.000000,764.000000
584.000000,823.000000,404.000000,912.000000
101.000000,440.000000,265.000000,494.000000
744.000000,86.000000,763.000000,204.000000
