POINTS
912.000000,29.000000
771.000000,43.000000
489.000000,66.000000
1006.000000,66.000000
829.000000,86.000000
1053.000000,86.000000
76.000000,100.000000
1015.000000,101.000000
438.000000,105.000000
779.000000,106.000000
1068.000000,115.000000
61.000000,121.000000
539.000000,121.000000
113.000000,134.000000
653.000000,137.000000
801.000000,140.000000
671.000000,152.000000
719.000000,155.000000
198.000000,168.000000
772.000000,188.000000
57.000000,199.000000
935.000000,202.000000
173.000000,212.000000
418.000000,212.000000
119.000000,221.000000
397.000000,225.000000
1016.000000,251.000000
164.000000,253.000000
573.000000,260.000000
866.000000,305.000000
423.000000,324.000000
925.000000,342.000000
751.000000,344.000000
285.000000,368.000000
121.000000,385.000000
103.000000,410.000000
269.000000,410.000000
815.000000,419.000000
113.000000,421.000000
723.000000,426.000000
179.000000,442.000000
70.000000,451.000000
211.000000,452.000000
389.000000,457.000000
380.000000,465.000000
534.000000,467.000000
79.000000,480.000000
521.000000,483.000000
813.000000,505.000000
942.000000,507.000000
995.000000,524.000000
851.000000,527.000000
495.000000,528.000000
842.000000,533.000000
49.000000,553.000000
327.000000,565.000000
319.000000,567.000000
212.000000,586.000000
812.000000,591.000000
885.000000,599.000000
390.000000,600.000000
292.000000,603.000000
102.000000,619.000000
538.000000,625.000000
965.000000,625.000000
635.000000,633.000000
728.000000,633.000000
355.000000,644.000000
576.000000,644.000000
800.000000,653.000000
428.000000,701.000000
813.000000,701.000000
113.000000,716.000000
314.000000,717.000000
718.000000,722.000000
717.000000,729.000000
280.000000,731.000000
657.000000,731.000000
671.000000,732.000000
155.000000,741.000000
1074.000000,742.000000
682.000000,749.000000
577.000000,754.000000
706.000000,761.000000
990.000000,771.000000
887.000000,785.000000
1043.000000,787.000000
105.000000,812.000000
623.000000,813.000000
418.000000,818.000000
1035.000000,819.000000
1038.000000,852.000000
676.000000,880.000000
780.000000,899.000000
3.000000,907.000000
519.000000,961.000000
887.000000,963.000000
767.000000,965.000000
648.000000,1003.000000
762.000000,1019.000000
200.000000,1023.000000
922.000000,1028.000000
763.000000,1034.000000
135.000000,1037.000000
880.000000,1040.000000
767.000000,1050.000000
1084.000000,1054.000000
10.000000,1058.000000
1066.000000,1076.000000
LINES
211.000000,452.000000,212.000000,586.000000
801.000000,140.000000,935.000000,202.000000
723.000000,426.000000,813.000000,505.000000
389.000000,457.000000,534.000000,467.000000
813.000000,505.000000,812.000000,591.000000
717.000000,729.000000,706.000000,761.000000
842.000000,533.000000,885.000000,599.000000
723.000000,426.000000,635.000000,633.000000
113.000000,421.000000,79.000000,480.000000
1053.000000,86.000000,1068.000000,115.000000
772.000000,188.000000,935.000000,202.000000
995.000000,524.000000,1074.000000,742.000000
763.000000,1034.000000,135.000000,1037.000000
990.000000,771.000000,1043.000000,787.000000
912.000000,29.000000,1006.000000,66.000000
815.000000,419.000000,851.000000,527.000000
327.000000,565.000000,212.000000,586.000000
70.000000,451.000000,49.000000,553.000000
671.000000,732.000000,682.000000,749.000000
1043.000000,787.000000,1038.000000,852.000000
314.000000,717.000000,280.000000,731.000000
489.000000,66.000000,418.000000,212.000000
521.000000,483.000000,495.000000,528.000000
1035.000000,819.000000,1038.000000,852.000000
718.000000,722.000000,706.000000,761.000000
49.000000,553.000000,3.000000,907.000000
866.000000,305.000000,925.000000,342.000000
813.000000,505.000000,851.000000,527.000000
772.000000,188.000000,573.000000,260.000000
813.000000,701.000000,718.000000,722.000000
682.000000,749.000000,623.000000,813.000000
280.000000,731.000000,155.000000,741.000000
121.000000,385.000000,113.000000,421.000000
912.000000,29.000000,489.000000,66.000000
1015.000000,101.000000,1068.000000,115.000000
842.000000,533.000000,812.000000,591.000000
61.000000,121.000000,57.000000,199.000000
418.000000,818.000000,519.000000,961.000000
57.000000,199.000000,49.000000,553.000000
885.000000,599.000000,965.000000,625.000000
728.000000,633.000000,813.000000,701.000000
925.000000,342.000000,851.000000,527.000000
534.000000,467.000000,521.000000,483.000000
61.000000,121.000000,113.000000,134.000000
327.000000,565.000000,292.000000,603.000000
423.000000,324.000000,380.000000,465.000000
355.000000,644.000000,428.000000,701.000000
200.000000,1023.000000,10.000000,1058.000000
155.000000,741.000000,105.000000,812.000000
519.000000,961.000000,135.000000,1037.000000
423.000000,324.000000,389.000000,457.000000
389.000000,457.000000,390.000000,600.000000
648.000000,1003.000000,762.000000,1019.000000
285.000000,368.000000,269.000000,410.000000
885.000000,599.000000,800.000000,653.000000
164.000000,253.000000,103.000000,410.000000
1016.000000,251.000000,925.000000,342.000000
319.000000,567.000000,292.000000,603.000000
319.000000,567.000000,212.000000,586.000000
671.000000,152.000000,772.000000,188.000000
1043.000000,787.000000,1035.000000,819.000000
1053.000000,86.000000,1015.000000,101.000000
812.000000,591.000000,800.000000,653.000000
495.000000,528.000000,355.000000,644.000000
76.000000,100.000000,198.000000,168.000000
573.000000,260.000000,534.000000,467.000000
1015.000000,101.000000,935.000000,202.000000
423.000000,324.000000,285.000000,368.000000
780.000000,899.000000,767.000000,965.000000
762.000000,1019.000000,763.000000,1034.000000
438.000000,105.000000,397.000000,225.000000
1074.000000,742.000000,1084.000000,1054.000000
718.000000,722.000000,887.000000,785.000000
717.000000,729.000000,887.000000,785.000000
534.000000,467.000000,538.000000,625.000000
538.000000,625.000000,576.000000,644.000000
1016.000000,251.000000,851.000000,527.000000
1006.000000,66.000000,1015.000000,101.000000
1084.000000,1054.000000,1066.000000,1076.000000
728.000000,633.000000,718.000000,722.000000
135.000000,1037.000000,10.000000,1058.000000
676.000000,880.000000,780.000000,899.000000
179.000000,442.000000,102.000000,619.000000
397.000000,225.000000,423.000000,324.000000
105.000000,812.000000,10.000000,1058.000000
280.000000,731.000000,200.000000,1023.000000
285.000000,368.000000,121.000000,385.000000
935.000000,202.000000,1016.000000,251.000000
113.000000,421.000000,70.000000,451.000000
719.000000,155.000000,772.000000,188.000000
539.000000,121.000000,418.000000,212.000000
397.000000,225.000000,121.000000,385.000000
887.000000,963.000000,767.000000,965.000000
767.000000,965.000000,648.000000,1003.000000
57.000000,199.000000,3.000000,907.000000
717.000000,729.000000,780.000000,899.000000
942.000000,507.000000,851.000000,527.000000
428.000000,701.000000,577.000000,754.000000
428.000000,701.000000,623.000000,813.000000
767.000000,965.000000,762.000000,1019.000000
935.000000,202.000000,925.000000,342.000000
829.000000,86.000000,779.000000,106.000000
635.000000,633.000000,728.000000,633.000000
912.000000,29.000000,771.000000,43.000000
534.000000,467.000000,495.000000,528.000000
682.000000,749.000000,706.000000,761.000000
676.000000,880.000000,767.000000,965.000000
767.000000,965.000000,767.000000,1050.000000
723.000000,426.000000,728.000000,633.000000
942.000000,507.000000,995.000000,524.000000
418.000000,212.000000,397.000000,225.000000
327.000000,565.000000,390.000000,600.000000
767.000000,965.000000,763.000000,1034.000000
538.000000,625.000000,428.000000,701.000000
965.000000,625.000000,1074.000000,742.000000
200.000000,1023.000000,135.000000,1037.000000
534.000000,467.000000,635.000000,633.000000
887.000000,785.000000,887.000000,963.000000
198.000000,168.000000,121.000000,385.000000
779.000000,106.000000,801.000000,140.000000
1068.000000,115.000000,1084.000000,1054.000000
495.000000,528.000000,538.000000,625.000000
389.000000,457.000000,327.000000,565.000000
105.000000,812.000000,3.000000,907.000000
573.000000,260.000000,723.000000,426.000000
887.000000,963.000000,880.000000,1040.000000
173.000000,212.000000,164.000000,253.000000
428.000000,701.000000,418.000000,818.000000
671.000000,732.000000,706.000000,761.000000
380.000000,465.000000,327.000000,565.000000
113.000000,716.000000,280.000000,731.000000
767.000000,1050.000000,1066.000000,1076.000000
57.000000,199.000000,173.000000,212.000000
829.000000,86.000000,935.000000,202.000000
912.000000,29.000000,1015.000000,101.000000
390.000000,600.000000,355.000000,644.000000
179.000000,442.000000,212.000000,586.000000
521.000000,483.000000,390.000000,600.000000
728.000000,633.000000,800.000000,653.000000
113.000000,134.000000,173.000000,212.000000
79.000000,480.000000,49.000000,553.000000
623.000000,813.000000,418.000000,818.000000
577.000000,754.000000,623.000000,813.000000
635.000000,633.000000,718.000000,722.000000
706.000000,761.000000,676.000000,880.000000
113.000000,134.000000,198.000000,168.000000
423.000000,324.000000,121.000000,385.000000
657.000000,731.000000,671.000000,732.000000
418.000000,212.000000,423.000000,324.000000
866.000000,305.000000,751.000000,344.000000
1006.000000,66.000000,1053.000000,86.000000
635.000000,633.000000,671.000000,732.000000
851.000000,527.000000,842.000000,533.000000
1074.000000,742.000000,1043.000000,787.000000
682.000000,749.000000,577.000000,754.000000
3.000000,907.000000,10.000000,1058.000000
113.000000,421.000000,179.000000,442.000000
657.000000,731.000000,682.000000,749.000000
119.000000,221.000000,164.000000,253.000000
105.000000,812.000000,200.000000,1023.000000
519.000000,961.000000,648.000000,1003.000000
1038.000000,852.000000,1084.000000,1054.000000
212.000000,586.000000,280.000000,731.000000
57.000000,199.000000,164.000000,253.000000
671.000000,152.000000,423.000000,324.000000
763.000000,1034.000000,767.000000,1050.000000
280.000000,731.000000,418.000000,818.000000
990.000000,771.000000,1035.000000,819.000000
771.000000,43.000000,719.000000,155.000000
829.000000,86.000000,801.000000,140.000000
922.000000,1028.000000,880.000000,1040.000000
771.000000,43.000000,653.000000,137.000000
57.000000,199.000000,103.000000,410.000000
772.000000,188.000000,866.000000,305.000000
771.000000,43.000000,829.000000,86.000000
887.000000,785.000000,1038.000000,852.000000
812.000000,591.000000,885.000000,599.000000
1016.000000,251.000000,942.000000,507.000000
1068.000000,115.000000,995.000000,524.000000
1043.000000,787.000000,1084.000000,1054.000000
113.000000,716.000000,155.000000,741.000000
800.000000,653.000000,813.000000,701.000000
723.000000,426.000000,534.000000,467.000000
623.000000,813.000000,519.000000,961.000000
671.000000,152.000000,573.000000,260.000000
573.000000,260.000000,389.000000,457.000000
779.000000,106.000000,719.000000,155.000000
635.000000,633.000000,576.000000,644.000000
1068.000000,115.000000,1016.000000,251.000000
573.000000,260.000000,751.000000,344.000000
965.000000,625.000000,887.000000,785.000000
887.000000,785.000000,780.000000,899.000000
538.000000,625.000000,635.000000,633.000000
327.000000,565.000000,355.000000,644.000000
1068.000000,115.000000,942.000000,507.000000
935.000000,202.000000,866.000000,305.000000
576.000000,644.000000,577.000000,754.000000
102.000000,619.000000,113.000000,716.000000
1074.000000,742.000000,990.000000,771.000000
10.000000,1058.000000,1066.000000,1076.000000
539.000000,121.000000,671.000000,152.000000
866.000000,305.000000,815.000000,419.000000
76.000000,100.000000,61.000000,121.000000
121.000000,385.000000,103.000000,410.000000
355.000000,644.000000,280.000000,731.000000
355.000000,644.000000,314.000000,717.000000
538.000000,625.000000,577.000000,754.000000
887.000000,963.000000,767.000000,1050.000000
155.000000,741.000000,200.000000,1023.000000
887.000000,963.000000,1084.000000,1054.000000
538.000000,625.000000,355.000000,644.000000
103.000000,410.000000,113.000000,421.000000
576.000000,644.000000,657.000000,731.000000
495.000000,528.000000,390.000000,600.000000
389.000000,457.000000,380.000000,465.000000
813.000000,505.000000,842.000000,533.000000
801.000000,140.000000,719.000000,155.000000
519.000000,961.000000,200.000000,1023.000000
942.000000,507.000000,885.000000,599.000000
623.000000,813.000000,676.000000,880.000000
648.000000,1003.000000,135.000000,1037.000000
653.000000,137.000000,671.000000,152.000000
113.000000,716.000000,105.000000,812.000000
292.000000,603.000000,355.000000,644.000000
723.000000,426.000000,812.000000,591.000000
922.000000,1028.000000,1066.000000,1076.000000
57.000000,199.000000,119.000000,221.000000
887.000000,963.000000,922.000000,1028.000000
121.000000,385.000000,179.000000,442.000000
763.000000,1034.000000,10.000000,1058.000000
922.000000,1028.000000,1084.000000,1054.000000
912.000000,29.000000,829.000000,86.000000
657.000000,731.000000,577.000000,754.000000
285.000000,368.000000,179.000000,442.000000
49.000000,553.000000,102.000000,619.000000
269.000000,410.000000,380.000000,465.000000
438.000000,105.000000,418.000000,212.000000
718.000000,722.000000,671.000000,732.000000
573.000000,260.000000,423.000000,324.000000
965.000000,625.000000,990.000000,771.000000
285.000000,368.000000,211.000000,452.000000
751.000000,344.000000,815.000000,419.000000
965.000000,625.000000,800.000000,653.000000
925.000000,342.000000,815.000000,419.000000
489.000000,66.000000,198.000000,168.000000
49.000000,553.000000,113.000000,716.000000
812.000000,591.000000,728.000000,633.000000
269.000000,410.000000,211.000000,452.000000
648.000000,1003.000000,763.000000,1034.000000
198.000000,168.000000,173.000000,212.000000
103.000000,410.000000,70.000000,451.000000
489.000000,66.000000,653.000000,137.000000
912.000000,29.000000,76.000000,100.000000
428.000000,701.000000,314.000000,717.000000
179.000000,442.000000,211.000000,452.000000
771.000000,43.000000,671.000000,152.000000
829.000000,86.000000,1015.000000,101.000000
212.000000,586.000000,292.000000,603.000000
990.000000,771.000000,887.000000,785.000000
489.000000,66.000000,76.000000,100.000000
389.000000,457.000000,521.000000,483.000000
767.000000,1050.000000,10.000000,1058.000000
280.000000,731.000000,519.000000,961.000000
887.000000,785.000000,1035.000000,819.000000
327.000000,565.000000,319.000000,567.000000
61.000000,121.000000,3.000000,907.000000
173.000000,212.000000,119.000000,221.000000
164.000000,253.000000,121.000000,385.000000
800.000000,653.000000,887.000000,785.000000
1015.000000,101.000000,1016.000000,251.000000
519.000000,961.000000,767.000000,965.000000
813.000000,701.000000,887.000000,785.000000
113.000000,716.000000,3.000000,907.000000
489.000000,66.000000,438.000000,105.000000
76.000000,100.000000,113.000000,134.000000
771.000000,43.000000,779.000000,106.000000
717.000000,729.000000,676.000000,880.000000
57.000000,199.000000,70.000000,451.000000
1038.000000,852.000000,887.000000,963.000000
269.000000,410.000000,327.000000,565.000000
942.000000,507.000000,965.000000,625.000000
211.000000,452.000000,327.000000,565.000000
815.000000,419.000000,723.000000,426.000000
489.000000,66.000000,539.000000,121.000000
772.000000,188.000000,751.000000,344.000000
212.000000,586.000000,113.000000,716.000000
539.000000,121.000000,653.000000,137.000000
635.000000,633.000000,657.000000,731.000000
706.000000,761.000000,623.000000,813.000000
801.000000,140.000000,772.000000,188.000000
718.000000,722.000000,717.000000,729.000000
113.000000,421.000000,49.000000,553.000000
314.000000,717.000000,418.000000,818.000000
671.000000,152.000000,418.000000,212.000000
771.000000,43.000000,489.000000,66.000000
880.000000,1040.000000,1066.000000,1076.000000
212.000000,586.000000,355.000000,644.000000
198.000000,168.000000,397.000000,225.000000
1068.000000,115.000000,1074.000000,742.000000
815.000000,419.000000,813.000000,505.000000
438.000000,105.000000,198.000000,168.000000
942.000000,507.000000,842.000000,533.000000
285.000000,368.000000,380.000000,465.000000
751.000000,344.000000,723.000000,426.000000
70.000000,451.000000,79.000000,480.000000
880.000000,1040.000000,767.000000,1050.000000
212.000000,586.000000,102.000000,619.000000
179.000000,442.000000,49.000000,553.000000
780.000000,899.000000,887.000000,963.000000
198.000000,168.000000,164.000000,253.000000
995.000000,524.000000,965.000000,625.000000
676.000000,880.000000,519.000000,961.000000
671.000000,152.000000,719.000000,155.000000
113.000000,134.000000,57.000000,199.000000
