POINTS
566.000000,35.000000
783.000000,38.000000
486.000000,70.000000
608.000000,72.000000
728.000000,73.000000
66.000000,74.000000
433.000000,96.000000
211.000000,145.000000
812.000000,147.000000
94.000000,161.000000
651.000000,181.000000
361.000000,192.000000
494.000000,200.000000
910.000000,200.000000
584.000000,204.000000
939.000000,204.000000
603.000000,205.000000
619.000000,206.000000
1040.000000,219.000000
97.000000,230.000000
715.000000,241.000000
12.000000,249.000000
203.000000,274.000000
1084.000000,281.000000
196.000000,284.000000
491.000000,286.000000
831.000000,304.000000
36.000000,324.000000
1099.000000,324.000000
645.000000,335.000000
33.000000,337.000000
811.000000,343.000000
1013.000000,359.000000
181.000000,378.000000
889.000000,385.000000
1045.000000,385.000000
737.000000,390.000000
515.000000,393.000000
73.000000,399.000000
975.000000,407.000000
759.000000,415.000000
349.000000,417.000000
717.000000,421.000000
454.000000,441.000000
541.000000,457.000000
724.000000,478.000000
1055.000000,480.000000
502.000000,486.000000
231.000000,500.000000
89.000000,502.000000
127.000000,505.000000
516.000000,506.000000
538.000000,508.000000
434.000000,511.000000
13.000000,525.000000
1033.000000,534.000000
335.000000,565.000000
828.000000,570.000000
477.000000,582.000000
1082.000000,587.000000
182.000000,589.000000
469.000000,599.000000
362.000000,621.000000
411.000000,630.000000
984.000000,634.000000
591.000000,644.000000
563.000000,669.000000
148.000000,670.000000
218.000000,699.000000
298.000000,703.000000
725.000000,705.000000
172.000000,711.000000
683.000000,716.000000
957.000000,728.000000
1093.000000,757.000000
922.000000,763.000000
33.000000,780.000000
377.000000,798.000000
210.000000,817.000000
847.000000,843.000000
1067.000000,846.000000
610.000000,847.000000
938.000000,850.000000
815.000000,852.000000
465.000000,853.000000
718.000000,853.000000
239.000000,862.000000
149.000000,868.000000
686.000000,880.000000
312.000000,883.000000
689.000000,883.000000
41.000000,884.000000
818.000000,892.000000
1016.000000,892.000000
152.000000,900.000000
585.000000,928.000000
61.000000,946.000000
120.000000,949.000000
956.000000,949.000000
170.000000,978.000000
426.000000,985.000000
556.000000,986.000000
439.000000,1002.000000
814.000000,1014.000000
133.000000,1028.000000
141.000000,1039.000000
369.000000,1062.000000
286.000000,1075.000000
284.000000,1079.000000
1052.000000,1087.000000
LINES
1093.000000,757.000000,1052.000000,1087.000000
783.000000,38.000000,608.000000,72.000000
541.000000,457.000000,538.000000,508.000000
724.000000,478.000000,828.000000,570.000000
603.000000,205.000000,619.000000,206.000000
847.000000,843.000000,718.000000,853.000000
828.000000,570.000000,591.000000,644.000000
369.000000,1062.000000,1052.000000,1087.000000
828.000000,570.000000,922.000000,763.000000
1067.000000,846.000000,1016.000000,892.000000
910.000000,200.000000,1040.000000,219.000000
411.000000,630.000000,298.000000,703.000000
591.000000,644.000000,725.000000,705.000000
645.000000,335.000000,717.000000,421.000000
491.000000,286.000000,454.000000,441.000000
210.000000,817.000000,239.000000,862.000000
831.000000,304.000000,811.000000,343.000000
910.000000,200.000000,889.000000,385.000000
172.000000,711.000000,210.000000,817.000000
610.000000,847.000000,439.000000,1002.000000
66.000000,74.000000,12.000000,249.000000
196.000000,284.000000,36.000000,324.000000
36.000000,324.000000,127.000000,505.000000
1013.000000,359.000000,1045.000000,385.000000
591.000000,644.000000,563.000000,669.000000
619.000000,206.000000,515.000000,393.000000
433.000000,96.000000,494.000000,200.000000
152.000000,900.000000,120.000000,949.000000
120.000000,949.000000,170.000000,978.000000
433.000000,96.000000,361.000000,192.000000
1040.000000,219.000000,1013.000000,359.000000
939.000000,204.000000,1040.000000,219.000000
465.000000,853.000000,426.000000,985.000000
170.000000,978.000000,286.000000,1075.000000
284.000000,1079.000000,1052.000000,1087.000000
815.000000,852.000000,718.000000,853.000000
239.000000,862.000000,312.000000,883.000000
61.000000,946.000000,141.000000,1039.000000
434.000000,511.000000,477.000000,582.000000
170.000000,978.000000,133.000000,1028.000000
889.000000,385.000000,975.000000,407.000000
97.000000,230.000000,196.000000,284.000000
13.000000,525.000000,182.000000,589.000000
814.000000,1014.000000,369.000000,1062.000000
1084.000000,281.000000,1013.000000,359.000000
362.000000,621.000000,172.000000,711.000000
218.000000,699.000000,172.000000,711.000000
465.000000,853.000000,312.000000,883.000000
922.000000,763.000000,718.000000,853.000000
362.000000,621.000000,298.000000,703.000000
454.000000,441.000000,516.000000,506.000000
812.000000,147.000000,831.000000,304.000000
847.000000,843.000000,956.000000,949.000000
434.000000,511.000000,362.000000,621.000000
563.000000,669.000000,725.000000,705.000000
718.000000,853.000000,689.000000,883.000000
218.000000,699.000000,298.000000,703.000000
725.000000,705.000000,610.000000,847.000000
556.000000,986.000000,439.000000,1002.000000
361.000000,192.000000,494.000000,200.000000
1045.000000,385.000000,1082.000000,587.000000
619.000000,206.000000,645.000000,335.000000
910.000000,200.000000,939.000000,204.000000
1082.000000,587.000000,984.000000,634.000000
231.000000,500.000000,335.000000,565.000000
715.000000,241.000000,645.000000,335.000000
718.000000,853.000000,686.000000,880.000000
127.000000,505.000000,182.000000,589.000000
715.000000,241.000000,737.000000,390.000000
975.000000,407.000000,984.000000,634.000000
818.000000,892.000000,814.000000,1014.000000
566.000000,35.000000,608.000000,72.000000
170.000000,978.000000,141.000000,1039.000000
411.000000,630.000000,683.000000,716.000000
610.000000,847.000000,689.000000,883.000000
426.000000,985.000000,286.000000,1075.000000
426.000000,985.000000,369.000000,1062.000000
922.000000,763.000000,1067.000000,846.000000
847.000000,843.000000,938.000000,850.000000
783.000000,38.000000,812.000000,147.000000
651.000000,181.000000,619.000000,206.000000
454.000000,441.000000,541.000000,457.000000
938.000000,850.000000,1016.000000,892.000000
149.000000,868.000000,152.000000,900.000000
585.000000,928.000000,556.000000,986.000000
362.000000,621.000000,411.000000,630.000000
196.000000,284.000000,181.000000,378.000000
89.000000,502.000000,13.000000,525.000000
465.000000,853.000000,439.000000,1002.000000
831.000000,304.000000,889.000000,385.000000
218.000000,699.000000,210.000000,817.000000
725.000000,705.000000,922.000000,763.000000
210.000000,817.000000,149.000000,868.000000
491.000000,286.000000,515.000000,393.000000
1084.000000,281.000000,1099.000000,324.000000
828.000000,570.000000,984.000000,634.000000
1033.000000,534.000000,1082.000000,587.000000
203.000000,274.000000,196.000000,284.000000
828.000000,570.000000,725.000000,705.000000
369.000000,1062.000000,284.000000,1079.000000
922.000000,763.000000,847.000000,843.000000
645.000000,335.000000,515.000000,393.000000
847.000000,843.000000,814.000000,1014.000000
984.000000,634.000000,957.000000,728.000000
538.000000,508.000000,591.000000,644.000000
566.000000,35.000000,66.000000,74.000000
211.000000,145.000000,196.000000,284.000000
783.000000,38.000000,1040.000000,219.000000
563.000000,669.000000,683.000000,716.000000
610.000000,847.000000,686.000000,880.000000
566.000000,35.000000,433.000000,96.000000
298.000000,703.000000,210.000000,817.000000
608.000000,72.000000,728.000000,73.000000
1033.000000,534.000000,984.000000,634.000000
812.000000,147.000000,651.000000,181.000000
486.000000,70.000000,433.000000,96.000000
172.000000,711.000000,41.000000,884.000000
312.000000,883.000000,286.000000,1075.000000
610.000000,847.000000,585.000000,928.000000
439.000000,1002.000000,369.000000,1062.000000
211.000000,145.000000,97.000000,230.000000
651.000000,181.000000,584.000000,204.000000
975.000000,407.000000,1055.000000,480.000000
725.000000,705.000000,718.000000,853.000000
1013.000000,359.000000,889.000000,385.000000
515.000000,393.000000,541.000000,457.000000
815.000000,852.000000,818.000000,892.000000
33.000000,337.000000,73.000000,399.000000
975.000000,407.000000,828.000000,570.000000
1099.000000,324.000000,1013.000000,359.000000
377.000000,798.000000,312.000000,883.000000
172.000000,711.000000,149.000000,868.000000
651.000000,181.000000,603.000000,205.000000
181.000000,378.000000,454.000000,441.000000
298.000000,703.000000,377.000000,798.000000
66.000000,74.000000,94.000000,161.000000
1067.000000,846.000000,938.000000,850.000000
36.000000,324.000000,231.000000,500.000000
584.000000,204.000000,619.000000,206.000000
610.000000,847.000000,556.000000,986.000000
1067.000000,846.000000,1052.000000,1087.000000
724.000000,478.000000,591.000000,644.000000
957.000000,728.000000,1093.000000,757.000000
211.000000,145.000000,94.000000,161.000000
1093.000000,757.000000,1067.000000,846.000000
182.000000,589.000000,172.000000,711.000000
454.000000,441.000000,502.000000,486.000000
566.000000,35.000000,584.000000,204.000000
1040.000000,219.000000,1084.000000,281.000000
516.000000,506.000000,469.000000,599.000000
66.000000,74.000000,361.000000,192.000000
538.000000,508.000000,469.000000,599.000000
783.000000,38.000000,939.000000,204.000000
36.000000,324.000000,73.000000,399.000000
759.000000,415.000000,828.000000,570.000000
335.000000,565.000000,182.000000,589.000000
984.000000,634.000000,922.000000,763.000000
477.000000,582.000000,362.000000,621.000000
645.000000,335.000000,541.000000,457.000000
469.000000,599.000000,411.000000,630.000000
724.000000,478.000000,538.000000,508.000000
728.000000,73.000000,812.000000,147.000000
33.000000,337.000000,13.000000,525.000000
434.000000,511.000000,335.000000,565.000000
715.000000,241.000000,831.000000,304.000000
956.000000,949.000000,1052.000000,1087.000000
610.000000,847.000000,718.000000,853.000000
94.000000,161.000000,97.000000,230.000000
41.000000,884.000000,61.000000,946.000000
312.000000,883.000000,426.000000,985.000000
12.000000,249.000000,13.000000,525.000000
361.000000,192.000000,181.000000,378.000000
683.000000,716.000000,465.000000,853.000000
486.000000,70.000000,66.000000,74.000000
181.000000,378.000000,434.000000,511.000000
361.000000,192.000000,196.000000,284.000000
13.000000,525.000000,41.000000,884.000000
584.000000,204.000000,603.000000,205.000000
231.000000,500.000000,434.000000,511.000000
33.000000,337.000000,89.000000,502.000000
516.000000,506.000000,538.000000,508.000000
182.000000,589.000000,148.000000,670.000000
811.000000,343.000000,889.000000,385.000000
349.000000,417.000000,434.000000,511.000000
36.000000,324.000000,33.000000,337.000000
515.000000,393.000000,454.000000,441.000000
1016.000000,892.000000,956.000000,949.000000
1082.000000,587.000000,1093.000000,757.000000
922.000000,763.000000,938.000000,850.000000
335.000000,565.000000,172.000000,711.000000
566.000000,35.000000,486.000000,70.000000
61.000000,946.000000,133.000000,1028.000000
541.000000,457.000000,516.000000,506.000000
831.000000,304.000000,737.000000,390.000000
516.000000,506.000000,477.000000,582.000000
12.000000,249.000000,36.000000,324.000000
231.000000,500.000000,182.000000,589.000000
938.000000,850.000000,956.000000,949.000000
97.000000,230.000000,36.000000,324.000000
541.000000,457.000000,724.000000,478.000000
411.000000,630.000000,377.000000,798.000000
737.000000,390.000000,759.000000,415.000000
608.000000,72.000000,651.000000,181.000000
566.000000,35.000000,783.000000,38.000000
13.000000,525.000000,33.000000,780.000000
61.000000,946.000000,120.000000,949.000000
73.000000,399.000000,89.000000,502.000000
566.000000,35.000000,494.000000,200.000000
411.000000,630.000000,563.000000,669.000000
411.000000,630.000000,465.000000,853.000000
149.000000,868.000000,41.000000,884.000000
66.000000,74.000000,211.000000,145.000000
335.000000,565.000000,362.000000,621.000000
619.000000,206.000000,715.000000,241.000000
1045.000000,385.000000,975.000000,407.000000
469.000000,599.000000,563.000000,669.000000
619.000000,206.000000,491.000000,286.000000
349.000000,417.000000,454.000000,441.000000
1016.000000,892.000000,1052.000000,1087.000000
610.000000,847.000000,465.000000,853.000000
759.000000,415.000000,724.000000,478.000000
728.000000,73.000000,651.000000,181.000000
812.000000,147.000000,910.000000,200.000000
651.000000,181.000000,715.000000,241.000000
502.000000,486.000000,516.000000,506.000000
12.000000,249.000000,33.000000,337.000000
97.000000,230.000000,12.000000,249.000000
847.000000,843.000000,1052.000000,1087.000000
1099.000000,324.000000,1093.000000,757.000000
889.000000,385.000000,759.000000,415.000000
718.000000,853.000000,818.000000,892.000000
210.000000,817.000000,152.000000,900.000000
1045.000000,385.000000,1055.000000,480.000000
645.000000,335.000000,737.000000,390.000000
239.000000,862.000000,170.000000,978.000000
152.000000,900.000000,61.000000,946.000000
152.000000,900.000000,170.000000,978.000000
686.000000,880.000000,689.000000,883.000000
725.000000,705.000000,683.000000,716.000000
141.000000,1039.000000,284.000000,1079.000000
737.000000,390.000000,717.000000,421.000000
783.000000,38.000000,728.000000,73.000000
1055.000000,480.000000,984.000000,634.000000
1055.000000,480.000000,1082.000000,587.000000
645.000000,335.000000,724.000000,478.000000
426.000000,985.000000,439.000000,1002.000000
120.000000,949.000000,133.000000,1028.000000
362.000000,621.000000,218.000000,699.000000
556.000000,986.000000,814.000000,1014.000000
377.000000,798.000000,210.000000,817.000000
73.000000,399.000000,127.000000,505.000000
66.000000,74.000000,433.000000,96.000000
477.000000,582.000000,469.000000,599.000000
148.000000,670.000000,33.000000,780.000000
33.000000,780.000000,41.000000,884.000000
1099.000000,324.000000,1082.000000,587.000000
689.000000,883.000000,818.000000,892.000000
818.000000,892.000000,585.000000,928.000000
566.000000,35.000000,651.000000,181.000000
477.000000,582.000000,411.000000,630.000000
377.000000,798.000000,465.000000,853.000000
556.000000,986.000000,369.000000,1062.000000
811.000000,343.000000,737.000000,390.000000
1013.000000,359.000000,975.000000,407.000000
814.000000,1014.000000,1052.000000,1087.000000
13.000000,525.000000,148.000000,670.000000
812.000000,147.000000,715.000000,241.000000
1040.000000,219.000000,889.000000,385.000000
369.000000,1062.000000,286.000000,1075.000000
286.000000,1075.000000,284.000000,1079.000000
210.000000,817.000000,312.000000,883.000000
1055.000000,480.000000,1033.000000,534.000000
312.000000,883.000000,170.000000,978.000000
361.000000,192.000000,491.000000,286.000000
89.000000,502.000000,182.000000,589.000000
1099.000000,324.000000,1045.000000,385.000000
491.000000,286.000000,181.000000,378.000000
469.000000,599.000000,591.000000,644.000000
889.000000,385.000000,828.000000,570.000000
847.000000,843.000000,818.000000,892.000000
172.000000,711.000000,33.000000,780.000000
94.000000,161.000000,12.000000,249.000000
812.000000,147.000000,939.000000,204.000000
516.000000,506.000000,434.000000,511.000000
133.000000,1028.000000,141.000000,1039.000000
181.000000,378.000000,349.000000,417.000000
89.000000,502.000000,127.000000,505.000000
181.000000,378.000000,231.000000,500.000000
41.000000,884.000000,152.000000,900.000000
910.000000,200.000000,831.000000,304.000000
541.000000,457.000000,502.000000,486.000000
957.000000,728.000000,922.000000,763.000000
148.000000,670.000000,172.000000,711.000000
737.000000,390.000000,724.000000,478.000000
239.000000,862.000000,152.000000,900.000000
984.000000,634.000000,1093.000000,757.000000
211.000000,145.000000,203.000000,274.000000
361.000000,192.000000,203.000000,274.000000
141.000000,1039.000000,286.000000,1075.000000
494.000000,200.000000,491.000000,286.000000
231.000000,500.000000,127.000000,505.000000
957.000000,728.000000,1067.000000,846.000000
454.000000,441.000000,434.000000,511.000000
494.000000,200.000000,584.000000,204.000000
494.000000,200.000000,619.000000,206.000000
211.000000,145.000000,361.000000,192.000000
818.000000,892.000000,556.000000,986.000000
689.000000,883.000000,585.000000,928.000000
847.000000,843.000000,815.000000,852.000000
36.000000,324.000000,181.000000,378.000000
683.000000,716.000000,610.000000,847.000000
811.000000,343.000000,759.000000,415.000000
717.000000,421.000000,724.000000,478.000000
