POINTS
1005.000000,10.000000
251.000000,19.000000
634.000000,23.000000
1181.000000,30.000000
444.000000,32.000000
262.000000,49.000000
726.000000,49.000000
888.000000,55.000000
137.000000,56.000000
634.000000,62.000000
602.000000,71.000000
607.000000,87.000000
520.000000,97.000000
512.000000,101.000000
173.000000,103.000000
1106.000000,106.000000
429.000000,107.000000
184.000000,130.000000
781.000000,132.000000
770.000000,138.000000
489.000000,186.000000
835.000000,189.000000
180.000000,194.000000
295.000000,204.000000
156.000000,205.000000
178.000000,216.000000
387.000000,216.000000
480.000000,233.000000
343.000000,249.000000
147.000000,257.000000
951.000000,275.000000
960.000000,275.000000
1112.000000,282.000000
141.000000,292.000000
284.000000,298.000000
28.000000,299.000000
769.000000,301.000000
299.000000,308.000000
664.000000,319.000000
691.000000,323.000000
770.000000,323.000000
881.000000,326.000000
74.000000,352.000000
409.000000,357.000000
223.000000,360.000000
662.000000,372.000000
1144.000000,376.000000
1184.000000,377.000000
184.000000,385.000000
47.000000,402.000000
316.000000,407.000000
897.000000,428.000000
668.000000,439.000000
272.000000,441.000000
530.000000,442.000000
523.000000,473.000000
1029.000000,474.000000
987.000000,482.000000
189.000000,488.000000
245.000000,490.000000
813.000000,498.000000
942.000000,517.000000
116.000000,537.000000
500.000000,556.000000
176.000000,560.000000
383.000000,563.000000
1050.000000,569.000000
476.000000,575.000000
292.000000,579.000000
399.000000,584.000000
466.000000,587.000000
788.000000,598.000000
650.000000,599.000000
751.000000,602.000000
587.000000,613.000000
416.000000,634.000000
120.000000,667.000000
659.000000,701.000000
292.000000,727.000000
993.000000,728.000000
1008.000000,738.000000
943.000000,758.000000
495.000000,766.000000
851.000000,793.000000
975.000000,818.000000
183.000000,822.000000
492.000000,824.000000
829.000000,828.000000
706.000000,838.000000
1124.000000,849.000000
756.000000,856.000000
405.000000,857.000000
711.000000,886.000000
1094.000000,917.000000
909.000000,922.000000
1055.000000,926.000000
72.000000,961.000000
86.000000,962.000000
648.000000,969.000000
699.000000,973.000000
250.000000,988.000000
186.000000,1015.000000
69.000000,1025.000000
793.000000,1036.000000
199.000000,1038.000000
420.000000,1085.000000
627.000000,1093.000000
37.000000,1095.000000
159.000000,1100.000000
374.000000,1110.000000
1085.000000,1110.000000
1087.000000,1110.000000
210.000000,1121.000000
799.000000,1134.000000
1038.000000,1137.000000
978.000000,1144.000000
802.000000,1147.000000
688.000000,1156.000000
1062.000000,1162.000000
774.000000,1194.000000
313.000000,1196.000000
LINES
1029.000000,474.000000,1050.000000,569.000000
634.000000,62.000000,602.000000,71.000000
648.000000,969.000000,627.000000,1093.000000
960.000000,275.000000,1029.000000,474.000000
47.000000,402.000000,120.000000,667.000000
299.000000,308.000000,316.000000,407.000000
137.000000,56.000000,156.000000,205.000000
383.000000,563.000000,466.000000,587.000000
178.000000,216.000000,141.000000,292.000000
664.000000,319.000000,530.000000,442.000000
183.000000,822.000000,186.000000,1015.000000
500.000000,556.000000,466.000000,587.000000
909.000000,922.000000,1055.000000,926.000000
799.000000,1134.000000,688.000000,1156.000000
634.000000,23.000000,444.000000,32.000000
28.000000,299.000000,37.000000,1095.000000
295.000000,204.000000,284.000000,298.000000
189.000000,488.000000,176.000000,560.000000
664.000000,319.000000,668.000000,439.000000
262.000000,49.000000,429.000000,107.000000
793.000000,1036.000000,802.000000,1147.000000
668.000000,439.000000,500.000000,556.000000
416.000000,634.000000,292.000000,727.000000
299.000000,308.000000,223.000000,360.000000
1181.000000,30.000000,835.000000,189.000000
978.000000,1144.000000,1062.000000,1162.000000
409.000000,357.000000,530.000000,442.000000
72.000000,961.000000,69.000000,1025.000000
648.000000,969.000000,688.000000,1156.000000
343.000000,249.000000,299.000000,308.000000
835.000000,189.000000,951.000000,275.000000
756.000000,856.000000,711.000000,886.000000
1008.000000,738.000000,943.000000,758.000000
292.000000,579.000000,416.000000,634.000000
799.000000,1134.000000,802.000000,1147.000000
500.000000,556.000000,416.000000,634.000000
420.000000,1085.000000,374.000000,1110.000000
650.000000,599.000000,751.000000,602.000000
909.000000,922.000000,793.000000,1036.000000
512.000000,101.000000,489.000000,186.000000
1184.000000,377.000000,1124.000000,849.000000
951.000000,275.000000,881.000000,326.000000
975.000000,818.000000,909.000000,922.000000
897.000000,428.000000,813.000000,498.000000
788.000000,598.000000,851.000000,793.000000
28.000000,299.000000,74.000000,352.000000
793.000000,1036.000000,1085.000000,1110.000000
251.000000,19.000000,173.000000,103.000000
137.000000,56.000000,180.000000,194.000000
829.000000,828.000000,909.000000,922.000000
383.000000,563.000000,416.000000,634.000000
1008.000000,738.000000,975.000000,818.000000
1062.000000,1162.000000,774.000000,1194.000000
788.000000,598.000000,751.000000,602.000000
1181.000000,30.000000,1112.000000,282.000000
770.000000,323.000000,668.000000,439.000000
897.000000,428.000000,987.000000,482.000000
770.000000,138.000000,769.000000,301.000000
726.000000,49.000000,781.000000,132.000000
881.000000,326.000000,897.000000,428.000000
769.000000,301.000000,664.000000,319.000000
272.000000,441.000000,245.000000,490.000000
664.000000,319.000000,409.000000,357.000000
802.000000,1147.000000,774.000000,1194.000000
664.000000,319.000000,691.000000,323.000000
184.000000,130.000000,180.000000,194.000000
602.000000,71.000000,520.000000,97.000000
756.000000,856.000000,699.000000,973.000000
183.000000,822.000000,405.000000,857.000000
1124.000000,849.000000,1094.000000,917.000000
1112.000000,282.000000,1184.000000,377.000000
587.000000,613.000000,416.000000,634.000000
813.000000,498.000000,650.000000,599.000000
1008.000000,738.000000,1124.000000,849.000000
156.000000,205.000000,178.000000,216.000000
316.000000,407.000000,383.000000,563.000000
512.000000,101.000000,429.000000,107.000000
835.000000,189.000000,960.000000,275.000000
343.000000,249.000000,284.000000,298.000000
793.000000,1036.000000,799.000000,1134.000000
1005.000000,10.000000,888.000000,55.000000
607.000000,87.000000,520.000000,97.000000
495.000000,766.000000,706.000000,838.000000
650.000000,599.000000,587.000000,613.000000
147.000000,257.000000,141.000000,292.000000
1029.000000,474.000000,987.000000,482.000000
37.000000,1095.000000,159.000000,1100.000000
1055.000000,926.000000,1087.000000,1110.000000
399.000000,584.000000,466.000000,587.000000
975.000000,818.000000,829.000000,828.000000
284.000000,298.000000,299.000000,308.000000
251.000000,19.000000,137.000000,56.000000
420.000000,1085.000000,688.000000,1156.000000
245.000000,490.000000,383.000000,563.000000
634.000000,23.000000,520.000000,97.000000
781.000000,132.000000,835.000000,189.000000
116.000000,537.000000,120.000000,667.000000
183.000000,822.000000,86.000000,962.000000
416.000000,634.000000,495.000000,766.000000
711.000000,886.000000,648.000000,969.000000
634.000000,62.000000,607.000000,87.000000
1005.000000,10.000000,634.000000,23.000000
199.000000,1038.000000,159.000000,1100.000000
699.000000,973.000000,793.000000,1036.000000
1005.000000,10.000000,1181.000000,30.000000
176.000000,560.000000,120.000000,667.000000
492.000000,824.000000,627.000000,1093.000000
1106.000000,106.000000,960.000000,275.000000
829.000000,828.000000,756.000000,856.000000
251.000000,19.000000,262.000000,49.000000
250.000000,988.000000,186.000000,1015.000000
272.000000,441.000000,189.000000,488.000000
774.000000,1194.000000,313.000000,1196.000000
1144.000000,376.000000,1029.000000,474.000000
262.000000,49.000000,295.000000,204.000000
1094.000000,917.000000,1087.000000,1110.000000
530.000000,442.000000,523.000000,473.000000
69.000000,1025.000000,37.000000,1095.000000
1181.000000,30.000000,888.000000,55.000000
116.000000,537.000000,176.000000,560.000000
86.000000,962.000000,69.000000,1025.000000
634.000000,23.000000,634.000000,62.000000
429.000000,107.000000,387.000000,216.000000
343.000000,249.000000,409.000000,357.000000
316.000000,407.000000,245.000000,490.000000
189.000000,488.000000,116.000000,537.000000
120.000000,667.000000,183.000000,822.000000
770.000000,323.000000,813.000000,498.000000
688.000000,1156.000000,313.000000,1196.000000
416.000000,634.000000,659.000000,701.000000
28.000000,299.000000,47.000000,402.000000
1050.000000,569.000000,993.000000,728.000000
489.000000,186.000000,387.000000,216.000000
1094.000000,917.000000,1055.000000,926.000000
69.000000,1025.000000,199.000000,1038.000000
183.000000,822.000000,250.000000,988.000000
520.000000,97.000000,512.000000,101.000000
374.000000,1110.000000,313.000000,1196.000000
756.000000,856.000000,909.000000,922.000000
769.000000,301.000000,881.000000,326.000000
659.000000,701.000000,706.000000,838.000000
429.000000,107.000000,295.000000,204.000000
399.000000,584.000000,416.000000,634.000000
420.000000,1085.000000,627.000000,1093.000000
975.000000,818.000000,1124.000000,849.000000
1087.000000,1110.000000,1038.000000,1137.000000
416.000000,634.000000,492.000000,824.000000
634.000000,23.000000,602.000000,71.000000
72.000000,961.000000,37.000000,1095.000000
159.000000,1100.000000,210.000000,1121.000000
262.000000,49.000000,184.000000,130.000000
47.000000,402.000000,189.000000,488.000000
295.000000,204.000000,387.000000,216.000000
650.000000,599.000000,659.000000,701.000000
1112.000000,282.000000,1144.000000,376.000000
799.000000,1134.000000,774.000000,1194.000000
137.000000,56.000000,184.000000,130.000000
47.000000,402.000000,37.000000,1095.000000
199.000000,1038.000000,374.000000,1110.000000
1106.000000,106.000000,1112.000000,282.000000
756.000000,856.000000,648.000000,969.000000
512.000000,101.000000,480.000000,233.000000
180.000000,194.000000,156.000000,205.000000
835.000000,189.000000,769.000000,301.000000
770.000000,138.000000,664.000000,319.000000
770.000000,138.000000,835.000000,189.000000
180.000000,194.000000,295.000000,204.000000
960.000000,275.000000,1112.000000,282.000000
250.000000,988.000000,199.000000,1038.000000
1184.000000,377.000000,1008.000000,738.000000
781.000000,132.000000,770.000000,138.000000
1112.000000,282.000000,1029.000000,474.000000
634.000000,23.000000,726.000000,49.000000
86.000000,962.000000,199.000000,1038.000000
284.000000,298.000000,223.000000,360.000000
416.000000,634.000000,405.000000,857.000000
881.000000,326.000000,813.000000,498.000000
137.000000,56.000000,28.000000,299.000000
245.000000,490.000000,292.000000,579.000000
1055.000000,926.000000,1085.000000,1110.000000
975.000000,818.000000,1094.000000,917.000000
444.000000,32.000000,512.000000,101.000000
405.000000,857.000000,250.000000,988.000000
480.000000,233.000000,409.000000,357.000000
480.000000,233.000000,664.000000,319.000000
769.000000,301.000000,691.000000,323.000000
607.000000,87.000000,480.000000,233.000000
141.000000,292.000000,74.000000,352.000000
292.000000,727.000000,405.000000,857.000000
500.000000,556.000000,587.000000,613.000000
141.000000,292.000000,28.000000,299.000000
942.000000,517.000000,1050.000000,569.000000
156.000000,205.000000,28.000000,299.000000
1181.000000,30.000000,1106.000000,106.000000
316.000000,407.000000,500.000000,556.000000
250.000000,988.000000,374.000000,1110.000000
634.000000,23.000000,888.000000,55.000000
1181.000000,30.000000,781.000000,132.000000
292.000000,727.000000,183.000000,822.000000
409.000000,357.000000,500.000000,556.000000
183.000000,822.000000,72.000000,961.000000
250.000000,988.000000,420.000000,1085.000000
523.000000,473.000000,500.000000,556.000000
69.000000,1025.000000,159.000000,1100.000000
975.000000,818.000000,1055.000000,926.000000
374.000000,1110.000000,210.000000,1121.000000
706.000000,838.000000,756.000000,856.000000
466.000000,587.000000,416.000000,634.000000
943.000000,758.000000,975.000000,818.000000
184.000000,385.000000,47.000000,402.000000
942.000000,517.000000,993.000000,728.000000
500.000000,556.000000,383.000000,563.000000
634.000000,62.000000,770.000000,138.000000
383.000000,563.000000,399.000000,584.000000
316.000000,407.000000,272.000000,441.000000
978.000000,1144.000000,802.000000,1147.000000
659.000000,701.000000,495.000000,766.000000
476.000000,575.000000,466.000000,587.000000
176.000000,560.000000,183.000000,822.000000
186.000000,1015.000000,199.000000,1038.000000
587.000000,613.000000,659.000000,701.000000
1184.000000,377.000000,1029.000000,474.000000
444.000000,32.000000,262.000000,49.000000
37.000000,1095.000000,313.000000,1196.000000
1144.000000,376.000000,1184.000000,377.000000
993.000000,728.000000,943.000000,758.000000
176.000000,560.000000,292.000000,727.000000
664.000000,319.000000,662.000000,372.000000
662.000000,372.000000,523.000000,473.000000
851.000000,793.000000,706.000000,838.000000
788.000000,598.000000,659.000000,701.000000
173.000000,103.000000,184.000000,130.000000
500.000000,556.000000,476.000000,575.000000
500.000000,556.000000,650.000000,599.000000
1124.000000,849.000000,1087.000000,1110.000000
250.000000,988.000000,627.000000,1093.000000
137.000000,56.000000,173.000000,103.000000
668.000000,439.000000,523.000000,473.000000
520.000000,97.000000,480.000000,233.000000
888.000000,55.000000,781.000000,132.000000
74.000000,352.000000,184.000000,385.000000
178.000000,216.000000,284.000000,298.000000
156.000000,205.000000,147.000000,257.000000
292.000000,579.000000,292.000000,727.000000
492.000000,824.000000,405.000000,857.000000
251.000000,19.000000,634.000000,23.000000
295.000000,204.000000,343.000000,249.000000
726.000000,49.000000,770.000000,138.000000
180.000000,194.000000,178.000000,216.000000
184.000000,385.000000,272.000000,441.000000
813.000000,498.000000,942.000000,517.000000
668.000000,439.000000,813.000000,498.000000
299.000000,308.000000,409.000000,357.000000
668.000000,439.000000,650.000000,599.000000
387.000000,216.000000,343.000000,249.000000
223.000000,360.000000,272.000000,441.000000
1085.000000,1110.000000,1087.000000,1110.000000
943.000000,758.000000,829.000000,828.000000
489.000000,186.000000,480.000000,233.000000
245.000000,490.000000,176.000000,560.000000
793.000000,1036.000000,978.000000,1144.000000
1085.000000,1110.000000,1038.000000,1137.000000
688.000000,1156.000000,774.000000,1194.000000
210.000000,1121.000000,313.000000,1196.000000
960.000000,275.000000,897.000000,428.000000
726.000000,49.000000,634.000000,62.000000
1005.000000,10.000000,251.000000,19.000000
141.000000,292.000000,184.000000,385.000000
793.000000,1036.000000,688.000000,1156.000000
987.000000,482.000000,942.000000,517.000000
627.000000,1093.000000,688.000000,1156.000000
751.000000,602.000000,659.000000,701.000000
383.000000,563.000000,292.000000,579.000000
602.000000,71.000000,607.000000,87.000000
387.000000,216.000000,409.000000,357.000000
74.000000,352.000000,47.000000,402.000000
942.000000,517.000000,788.000000,598.000000
147.000000,257.000000,28.000000,299.000000
184.000000,385.000000,189.000000,488.000000
492.000000,824.000000,250.000000,988.000000
530.000000,442.000000,500.000000,556.000000
634.000000,62.000000,480.000000,233.000000
769.000000,301.000000,770.000000,323.000000
987.000000,482.000000,1050.000000,569.000000
295.000000,204.000000,178.000000,216.000000
223.000000,360.000000,184.000000,385.000000
1184.000000,377.000000,1050.000000,569.000000
648.000000,969.000000,793.000000,1036.000000
835.000000,189.000000,881.000000,326.000000
993.000000,728.000000,1008.000000,738.000000
706.000000,838.000000,648.000000,969.000000
897.000000,428.000000,942.000000,517.000000
1085.000000,1110.000000,978.000000,1144.000000
659.000000,701.000000,851.000000,793.000000
429.000000,107.000000,489.000000,186.000000
409.000000,357.000000,316.000000,407.000000
634.000000,23.000000,512.000000,101.000000
495.000000,766.000000,492.000000,824.000000
1038.000000,1137.000000,978.000000,1144.000000
492.000000,824.000000,706.000000,838.000000
942.000000,517.000000,851.000000,793.000000
909.000000,922.000000,1085.000000,1110.000000
1050.000000,569.000000,1008.000000,738.000000
648.000000,969.000000,699.000000,973.000000
943.000000,758.000000,851.000000,793.000000
951.000000,275.000000,960.000000,275.000000
387.000000,216.000000,480.000000,233.000000
86.000000,962.000000,186.000000,1015.000000
178.000000,216.000000,147.000000,257.000000
420.000000,1085.000000,313.000000,1196.000000
262.000000,49.000000,173.000000,103.000000
159.000000,1100.000000,313.000000,1196.000000
813.000000,498.000000,788.000000,598.000000
691.000000,323.000000,668.000000,439.000000
726.000000,49.000000,888.000000,55.000000
120.000000,667.000000,72.000000,961.000000
769.000000,301.000000,813.000000,498.000000
383.000000,563.000000,476.000000,575.000000
1106.000000,106.000000,835.000000,189.000000
756.000000,856.000000,793.000000,1036.000000
176.000000,560.000000,292.000000,579.000000
199.000000,1038.000000,210.000000,1121.000000
691.000000,323.000000,770.000000,323.000000
993.000000,728.000000,851.000000,793.000000
284.000000,298.000000,184.000000,385.000000
444.000000,32.000000,429.000000,107.000000
829.000000,828.000000,706.000000,838.000000
851.000000,793.000000,829.000000,828.000000
706.000000,838.000000,711.000000,886.000000
1087.000000,1110.000000,1062.000000,1162.000000
223.000000,360.000000,316.000000,407.000000
788.000000,598.000000,650.000000,599.000000
184.000000,130.000000,295.000000,204.000000
1181.000000,30.000000,1184.000000,377.000000
72.000000,961.000000,86.000000,962.000000
251.000000,19.000000,444.000000,32.000000
897.000000,428.000000,1029.000000,474.000000
141.000000,292.000000,284.000000,298.000000
47.000000,402.000000,72.000000,961.000000
47.000000,402.000000,116.000000,537.000000
634.000000,62.000000,664.000000,319.000000
189.000000,488.000000,245.000000,490.000000
1038.000000,1137.000000,1062.000000,1162.000000
960.000000,275.000000,881.000000,326.000000
662.000000,372.000000,530.000000,442.000000
978.000000,1144.000000,774.000000,1194.000000
492.000000,824.000000,648.000000,969.000000
662.000000,372.000000,668.000000,439.000000
