POINTS
206.000000,16.000000
42.000000,21.000000
1166.000000,30.000000
969.000000,54.000000
1176.000000,80.000000
213.000000,89.000000
423.000000,90.000000
1312.000000,105.000000
1215.000000,110.000000
115.000000,111.000000
1088.000000,124.000000
1294.000000,135.000000
86.000000,145.000000
244.000000,158.000000
623.000000,165.000000
208.000000,167.000000
1221.000000,189.000000
149.000000,214.000000
1213.000000,215.000000
284.000000,227.000000
373.000000,227.000000
399.000000,227.000000
1224.000000,230.000000
384.000000,268.000000
13.000000,273.000000
669.000000,276.000000
1001.000000,304.000000
109.000000,309.000000
567.000000,330.000000
237.000000,336.000000
996.000000,338.000000
864.000000,347.000000
475.000000,363.000000
940.000000,368.000000
81.000000,373.000000
82.000000,376.000000
759.000000,377.000000
1069.000000,381.000000
1305.000000,392.000000
481.000000,398.000000
617.000000,407.000000
162.000000,431.000000
782.000000,447.000000
184.000000,448.000000
239.000000,457.000000
1343.000000,462.000000
1187.000000,464.000000
21.000000,473.000000
968.000000,473.000000
1236.000000,477.000000
986.000000,495.000000
1047.000000,497.000000
866.000000,501.000000
931.000000,503.000000
1213.000000,510.000000
750.000000,514.000000
16.000000,517.000000
1038.000000,527.000000
73.000000,538.000000
789.000000,548.000000
834.000000,558.000000
644.000000,562.000000
289.000000,569.000000
1246.000000,573.000000
1055.000000,578.000000
408.000000,588.000000
1177.000000,607.000000
1322.000000,628.000000
531.000000,631.000000
624.000000,631.000000
430.000000,636.000000
44.000000,638.000000
230.000000,657.000000
821.000000,677.000000
531.000000,682.000000
780.000000,686.000000
1302.000000,692.000000
426.000000,705.000000
995.000000,718.000000
687.000000,720.000000
868.000000,721.000000
15.000000,736.000000
1198.000000,753.000000
1199.000000,754.000000
670.000000,758.000000
1007.000000,773.000000
1018.000000,774.000000
1000.000000,808.000000
60.000000,821.000000
1258.000000,829.000000
1036.000000,856.000000
1218.000000,857.000000
930.000000,858.000000
191.000000,877.000000
461.000000,881.000000
589.000000,896.000000
867.000000,927.000000
1175.000000,929.000000
777.000000,931.000000
238.000000,954.000000
485.000000,975.000000
1081.000000,975.000000
969.000000,976.000000
18.000000,1000.000000
703.000000,1014.000000
41.000000,1024.000000
120.000000,1027.000000
866.000000,1032.000000
667.000000,1039.000000
626.000000,1043.000000
112.000000,1058.000000
156.000000,1072.000000
728.000000,1076.000000
1301.000000,1078.000000
459.000000,1079.000000
857.000000,1084.000000
961.000000,1115.000000
460.000000,1137.000000
403.000000,1150.000000
773.000000,1167.000000
980.000000,1207.000000
989.000000,1209.000000
535.000000,1230.000000
1283.000000,1233.000000
940.000000,1252.000000
601.000000,1262.000000
65.000000,1275.000000
640.000000,1311.000000
576.000000,1316.000000
1001.000000,1324.000000
401.000000,1333.000000
151.000000,1348.000000
1336.000000,1349.000000
1112.000000,1354.000000
873.000000,1357.000000
83.000000,1361.000000
289.000000,1376.000000
1256.000000,1379.000000
LINES
535.000000,1230.000000,401.000000,1333.000000
230.000000,657.000000,60.000000,821.000000
780.000000,686.000000,687.000000,720.000000
821.000000,677.000000,868.000000,721.000000
162.000000,431.000000,184.000000,448.000000
968.000000,473.000000,986.000000,495.000000
969.000000,976.000000,866.000000,1032.000000
1246.000000,573.000000,1018.000000,774.000000
237.000000,336.000000,162.000000,431.000000
623.000000,165.000000,567.000000,330.000000
728.000000,1076.000000,940.000000,1252.000000
44.000000,638.000000,15.000000,736.000000
213.000000,89.000000,115.000000,111.000000
485.000000,975.000000,460.000000,1137.000000
940.000000,368.000000,986.000000,495.000000
1175.000000,929.000000,1283.000000,1233.000000
112.000000,1058.000000,65.000000,1275.000000
18.000000,1000.000000,41.000000,1024.000000
1001.000000,1324.000000,1112.000000,1354.000000
940.000000,368.000000,931.000000,503.000000
759.000000,377.000000,782.000000,447.000000
401.000000,1333.000000,289.000000,1376.000000
857.000000,1084.000000,961.000000,1115.000000
996.000000,338.000000,1069.000000,381.000000
1213.000000,510.000000,1246.000000,573.000000
1018.000000,774.000000,1175.000000,929.000000
485.000000,975.000000,459.000000,1079.000000
670.000000,758.000000,777.000000,931.000000
18.000000,1000.000000,120.000000,1027.000000
857.000000,1084.000000,940.000000,1252.000000
1236.000000,477.000000,1213.000000,510.000000
184.000000,448.000000,289.000000,569.000000
1236.000000,477.000000,1246.000000,573.000000
1112.000000,1354.000000,873.000000,1357.000000
1001.000000,304.000000,996.000000,338.000000
531.000000,631.000000,531.000000,682.000000
426.000000,705.000000,191.000000,877.000000
624.000000,631.000000,780.000000,686.000000
626.000000,1043.000000,728.000000,1076.000000
1294.000000,135.000000,1224.000000,230.000000
750.000000,514.000000,644.000000,562.000000
1176.000000,80.000000,1221.000000,189.000000
13.000000,273.000000,109.000000,309.000000
996.000000,338.000000,940.000000,368.000000
238.000000,954.000000,120.000000,1027.000000
986.000000,495.000000,931.000000,503.000000
644.000000,562.000000,531.000000,631.000000
1175.000000,929.000000,1081.000000,975.000000
115.000000,111.000000,149.000000,214.000000
1301.000000,1078.000000,1336.000000,1349.000000
1047.000000,497.000000,1038.000000,527.000000
109.000000,309.000000,81.000000,373.000000
206.000000,16.000000,1166.000000,30.000000
208.000000,167.000000,109.000000,309.000000
1018.000000,774.000000,1036.000000,856.000000
1088.000000,124.000000,1213.000000,215.000000
42.000000,21.000000,115.000000,111.000000
238.000000,954.000000,459.000000,1079.000000
759.000000,377.000000,617.000000,407.000000
408.000000,588.000000,531.000000,631.000000
401.000000,1333.000000,151.000000,1348.000000
475.000000,363.000000,481.000000,398.000000
531.000000,631.000000,430.000000,636.000000
408.000000,588.000000,426.000000,705.000000
617.000000,407.000000,750.000000,514.000000
244.000000,158.000000,284.000000,227.000000
1001.000000,1324.000000,1336.000000,1349.000000
460.000000,1137.000000,535.000000,1230.000000
191.000000,877.000000,461.000000,881.000000
284.000000,227.000000,373.000000,227.000000
244.000000,158.000000,208.000000,167.000000
531.000000,631.000000,426.000000,705.000000
1001.000000,304.000000,1069.000000,381.000000
184.000000,448.000000,44.000000,638.000000
81.000000,373.000000,82.000000,376.000000
13.000000,273.000000,21.000000,473.000000
284.000000,227.000000,384.000000,268.000000
15.000000,736.000000,60.000000,821.000000
589.000000,896.000000,626.000000,1043.000000
430.000000,636.000000,426.000000,705.000000
1312.000000,105.000000,1343.000000,462.000000
206.000000,16.000000,244.000000,158.000000
1000.000000,808.000000,867.000000,927.000000
1175.000000,929.000000,969.000000,976.000000
1336.000000,1349.000000,1112.000000,1354.000000
1081.000000,975.000000,969.000000,976.000000
940.000000,1252.000000,1001.000000,1324.000000
703.000000,1014.000000,626.000000,1043.000000
238.000000,954.000000,156.000000,1072.000000
1283.000000,1233.000000,1001.000000,1324.000000
60.000000,821.000000,191.000000,877.000000
149.000000,214.000000,13.000000,273.000000
866.000000,1032.000000,728.000000,1076.000000
403.000000,1150.000000,401.000000,1333.000000
1055.000000,578.000000,1177.000000,607.000000
1166.000000,30.000000,1088.000000,124.000000
238.000000,954.000000,403.000000,1150.000000
667.000000,1039.000000,728.000000,1076.000000
284.000000,227.000000,399.000000,227.000000
986.000000,495.000000,1055.000000,578.000000
1294.000000,135.000000,1221.000000,189.000000
1187.000000,464.000000,1236.000000,477.000000
576.000000,1316.000000,873.000000,1357.000000
782.000000,447.000000,931.000000,503.000000
1312.000000,105.000000,1294.000000,135.000000
969.000000,976.000000,961.000000,1115.000000
667.000000,1039.000000,626.000000,1043.000000
1187.000000,464.000000,1177.000000,607.000000
1246.000000,573.000000,1198.000000,753.000000
41.000000,1024.000000,120.000000,1027.000000
373.000000,227.000000,399.000000,227.000000
1199.000000,754.000000,1175.000000,929.000000
384.000000,268.000000,162.000000,431.000000
589.000000,896.000000,777.000000,931.000000
1301.000000,1078.000000,1283.000000,1233.000000
1302.000000,692.000000,1218.000000,857.000000
162.000000,431.000000,73.000000,538.000000
1305.000000,392.000000,1187.000000,464.000000
208.000000,167.000000,237.000000,336.000000
13.000000,273.000000,16.000000,517.000000
109.000000,309.000000,162.000000,431.000000
1302.000000,692.000000,1258.000000,829.000000
789.000000,548.000000,834.000000,558.000000
1176.000000,80.000000,1213.000000,215.000000
961.000000,1115.000000,989.000000,1209.000000
750.000000,514.000000,789.000000,548.000000
289.000000,569.000000,408.000000,588.000000
969.000000,54.000000,373.000000,227.000000
1112.000000,1354.000000,1256.000000,1379.000000
623.000000,165.000000,399.000000,227.000000
208.000000,167.000000,149.000000,214.000000
1069.000000,381.000000,1047.000000,497.000000
73.000000,538.000000,44.000000,638.000000
1081.000000,975.000000,1283.000000,1233.000000
213.000000,89.000000,149.000000,214.000000
83.000000,1361.000000,289.000000,1376.000000
16.000000,517.000000,73.000000,538.000000
940.000000,1252.000000,601.000000,1262.000000
940.000000,1252.000000,873.000000,1357.000000
426.000000,705.000000,461.000000,881.000000
930.000000,858.000000,777.000000,931.000000
1302.000000,692.000000,1199.000000,754.000000
1213.000000,215.000000,1069.000000,381.000000
995.000000,718.000000,1000.000000,808.000000
1213.000000,215.000000,1224.000000,230.000000
969.000000,54.000000,623.000000,165.000000
669.000000,276.000000,567.000000,330.000000
112.000000,1058.000000,83.000000,1361.000000
930.000000,858.000000,867.000000,927.000000
1215.000000,110.000000,1294.000000,135.000000
149.000000,214.000000,109.000000,309.000000
1213.000000,215.000000,1047.000000,497.000000
384.000000,268.000000,475.000000,363.000000
535.000000,1230.000000,601.000000,1262.000000
867.000000,927.000000,866.000000,1032.000000
623.000000,165.000000,373.000000,227.000000
1166.000000,30.000000,1312.000000,105.000000
1001.000000,304.000000,940.000000,368.000000
184.000000,448.000000,230.000000,657.000000
931.000000,503.000000,834.000000,558.000000
601.000000,1262.000000,576.000000,1316.000000
780.000000,686.000000,670.000000,758.000000
1213.000000,510.000000,1177.000000,607.000000
821.000000,677.000000,780.000000,686.000000
567.000000,330.000000,475.000000,363.000000
670.000000,758.000000,930.000000,858.000000
82.000000,376.000000,16.000000,517.000000
989.000000,1209.000000,1001.000000,1324.000000
821.000000,677.000000,995.000000,718.000000
867.000000,927.000000,777.000000,931.000000
1336.000000,1349.000000,1256.000000,1379.000000
384.000000,268.000000,237.000000,336.000000
980.000000,1207.000000,940.000000,1252.000000
1036.000000,856.000000,867.000000,927.000000
640.000000,1311.000000,576.000000,1316.000000
213.000000,89.000000,244.000000,158.000000
1036.000000,856.000000,969.000000,976.000000
644.000000,562.000000,780.000000,686.000000
931.000000,503.000000,1055.000000,578.000000
1175.000000,929.000000,1301.000000,1078.000000
41.000000,1024.000000,156.000000,1072.000000
703.000000,1014.000000,728.000000,1076.000000
213.000000,89.000000,208.000000,167.000000
284.000000,227.000000,237.000000,336.000000
1187.000000,464.000000,1047.000000,497.000000
969.000000,976.000000,1283.000000,1233.000000
401.000000,1333.000000,873.000000,1357.000000
567.000000,330.000000,481.000000,398.000000
60.000000,821.000000,18.000000,1000.000000
239.000000,457.000000,408.000000,588.000000
459.000000,1079.000000,403.000000,1150.000000
82.000000,376.000000,73.000000,538.000000
44.000000,638.000000,60.000000,821.000000
780.000000,686.000000,868.000000,721.000000
782.000000,447.000000,789.000000,548.000000
1166.000000,30.000000,1215.000000,110.000000
423.000000,90.000000,244.000000,158.000000
208.000000,167.000000,284.000000,227.000000
1343.000000,462.000000,1336.000000,1349.000000
1000.000000,808.000000,1036.000000,856.000000
873.000000,1357.000000,289.000000,1376.000000
459.000000,1079.000000,460.000000,1137.000000
109.000000,309.000000,82.000000,376.000000
687.000000,720.000000,670.000000,758.000000
112.000000,1058.000000,156.000000,1072.000000
15.000000,736.000000,18.000000,1000.000000
1221.000000,189.000000,1224.000000,230.000000
531.000000,682.000000,589.000000,896.000000
1305.000000,392.000000,1343.000000,462.000000
408.000000,588.000000,230.000000,657.000000
384.000000,268.000000,481.000000,398.000000
115.000000,111.000000,86.000000,145.000000
1199.000000,754.000000,1218.000000,857.000000
481.000000,398.000000,531.000000,631.000000
1199.000000,754.000000,1018.000000,774.000000
1302.000000,692.000000,1198.000000,753.000000
773.000000,1167.000000,535.000000,1230.000000
373.000000,227.000000,384.000000,268.000000
567.000000,330.000000,617.000000,407.000000
481.000000,398.000000,408.000000,588.000000
461.000000,881.000000,459.000000,1079.000000
989.000000,1209.000000,940.000000,1252.000000
1258.000000,829.000000,1218.000000,857.000000
41.000000,1024.000000,65.000000,1275.000000
969.000000,54.000000,1001.000000,304.000000
1007.000000,773.000000,1000.000000,808.000000
750.000000,514.000000,780.000000,686.000000
834.000000,558.000000,1055.000000,578.000000
44.000000,638.000000,230.000000,657.000000
120.000000,1027.000000,156.000000,1072.000000
82.000000,376.000000,162.000000,431.000000
16.000000,517.000000,15.000000,736.000000
162.000000,431.000000,239.000000,457.000000
1343.000000,462.000000,1322.000000,628.000000
789.000000,548.000000,821.000000,677.000000
1198.000000,753.000000,1199.000000,754.000000
426.000000,705.000000,589.000000,896.000000
626.000000,1043.000000,535.000000,1230.000000
156.000000,1072.000000,403.000000,1150.000000
1007.000000,773.000000,1036.000000,856.000000
969.000000,976.000000,1001.000000,1324.000000
640.000000,1311.000000,873.000000,1357.000000
1176.000000,80.000000,1088.000000,124.000000
1166.000000,30.000000,423.000000,90.000000
670.000000,758.000000,589.000000,896.000000
42.000000,21.000000,86.000000,145.000000
41.000000,1024.000000,112.000000,1058.000000
773.000000,1167.000000,940.000000,1252.000000
576.000000,1316.000000,401.000000,1333.000000
980.000000,1207.000000,989.000000,1209.000000
1343.000000,462.000000,1246.000000,573.000000
399.000000,227.000000,384.000000,268.000000
866.000000,1032.000000,961.000000,1115.000000
589.000000,896.000000,703.000000,1014.000000
728.000000,1076.000000,773.000000,1167.000000
1246.000000,573.000000,1322.000000,628.000000
669.000000,276.000000,617.000000,407.000000
239.000000,457.000000,289.000000,569.000000
617.000000,407.000000,782.000000,447.000000
481.000000,398.000000,644.000000,562.000000
1343.000000,462.000000,1236.000000,477.000000
289.000000,569.000000,230.000000,657.000000
986.000000,495.000000,1038.000000,527.000000
868.000000,721.000000,930.000000,858.000000
1001.000000,304.000000,864.000000,347.000000
481.000000,398.000000,617.000000,407.000000
703.000000,1014.000000,667.000000,1039.000000
940.000000,368.000000,968.000000,473.000000
623.000000,165.000000,759.000000,377.000000
65.000000,1275.000000,83.000000,1361.000000
1246.000000,573.000000,1302.000000,692.000000
864.000000,347.000000,759.000000,377.000000
728.000000,1076.000000,857.000000,1084.000000
864.000000,347.000000,940.000000,368.000000
82.000000,376.000000,21.000000,473.000000
184.000000,448.000000,73.000000,538.000000
1305.000000,392.000000,1047.000000,497.000000
1088.000000,124.000000,1001.000000,304.000000
399.000000,227.000000,475.000000,363.000000
1218.000000,857.000000,1175.000000,929.000000
1215.000000,110.000000,1221.000000,189.000000
184.000000,448.000000,239.000000,457.000000
206.000000,16.000000,213.000000,89.000000
1187.000000,464.000000,1055.000000,578.000000
969.000000,54.000000,759.000000,377.000000
399.000000,227.000000,567.000000,330.000000
206.000000,16.000000,423.000000,90.000000
589.000000,896.000000,485.000000,975.000000
864.000000,347.000000,782.000000,447.000000
940.000000,1252.000000,640.000000,1311.000000
1198.000000,753.000000,1018.000000,774.000000
151.000000,1348.000000,289.000000,1376.000000
868.000000,721.000000,670.000000,758.000000
16.000000,517.000000,44.000000,638.000000
1038.000000,527.000000,1055.000000,578.000000
995.000000,718.000000,1007.000000,773.000000
535.000000,1230.000000,576.000000,1316.000000
206.000000,16.000000,42.000000,21.000000
481.000000,398.000000,239.000000,457.000000
1322.000000,628.000000,1336.000000,1349.000000
531.000000,631.000000,624.000000,631.000000
782.000000,447.000000,750.000000,514.000000
1007.000000,773.000000,1018.000000,774.000000
624.000000,631.000000,531.000000,682.000000
995.000000,718.000000,1018.000000,774.000000
1224.000000,230.000000,1343.000000,462.000000
481.000000,398.000000,162.000000,431.000000
60.000000,821.000000,120.000000,1027.000000
1294.000000,135.000000,1343.000000,462.000000
1305.000000,392.000000,1236.000000,477.000000
617.000000,407.000000,644.000000,562.000000
961.000000,1115.000000,940.000000,1252.000000
626.000000,1043.000000,773.000000,1167.000000
13.000000,273.000000,15.000000,736.000000
13.000000,273.000000,82.000000,376.000000
961.000000,1115.000000,980.000000,1207.000000
866.000000,501.000000,931.000000,503.000000
461.000000,881.000000,485.000000,975.000000
1112.000000,1354.000000,289.000000,1376.000000
669.000000,276.000000,759.000000,377.000000
230.000000,657.000000,191.000000,877.000000
156.000000,1072.000000,151.000000,1348.000000
485.000000,975.000000,626.000000,1043.000000
1001.000000,304.000000,759.000000,377.000000
1246.000000,573.000000,995.000000,718.000000
1001.000000,1324.000000,873.000000,1357.000000
868.000000,721.000000,1000.000000,808.000000
461.000000,881.000000,589.000000,896.000000
206.000000,16.000000,115.000000,111.000000
1258.000000,829.000000,1175.000000,929.000000
230.000000,657.000000,426.000000,705.000000
821.000000,677.000000,1000.000000,808.000000
109.000000,309.000000,237.000000,336.000000
623.000000,165.000000,669.000000,276.000000
531.000000,682.000000,670.000000,758.000000
1258.000000,829.000000,1301.000000,1078.000000
1312.000000,105.000000,1215.000000,110.000000
968.000000,473.000000,931.000000,503.000000
1000.000000,808.000000,930.000000,858.000000
1302.000000,692.000000,1301.000000,1078.000000
13.000000,273.000000,81.000000,373.000000
703.000000,1014.000000,866.000000,1032.000000
403.000000,1150.000000,535.000000,1230.000000
867.000000,927.000000,969.000000,976.000000
1166.000000,30.000000,1176.000000,80.000000
750.000000,514.000000,821.000000,677.000000
86.000000,145.000000,13.000000,273.000000
191.000000,877.000000,120.000000,1027.000000
1283.000000,1233.000000,1336.000000,1349.000000
782.000000,447.000000,866.000000,501.000000
777.000000,931.000000,703.000000,1014.000000
244.000000,158.000000,373.000000,227.000000
1302.000000,692.000000,1336.000000,1349.000000
940.000000,368.000000,782.000000,447.000000
18.000000,1000.000000,65.000000,1275.000000
151.000000,1348.000000,83.000000,1361.000000
1224.000000,230.000000,1305.000000,392.000000
1047.000000,497.000000,1055.000000,578.000000
996.000000,338.000000,986.000000,495.000000
773.000000,1167.000000,601.000000,1262.000000
601.000000,1262.000000,640.000000,1311.000000
866.000000,501.000000,834.000000,558.000000
969.000000,976.000000,989.000000,1209.000000
1036.000000,856.000000,1175.000000,929.000000
42.000000,21.000000,13.000000,273.000000
461.000000,881.000000,238.000000,954.000000
624.000000,631.000000,687.000000,720.000000
423.000000,90.000000,373.000000,227.000000
866.000000,1032.000000,857.000000,1084.000000
289.000000,1376.000000,1256.000000,1379.000000
1055.000000,578.000000,995.000000,718.000000
866.000000,501.000000,789.000000,548.000000
460.000000,1137.000000,403.000000,1150.000000
1213.000000,215.000000,1305.000000,392.000000
115.000000,111.000000,13.000000,273.000000
1176.000000,80.000000,1215.000000,110.000000
191.000000,877.000000,238.000000,954.000000
485.000000,975.000000,535.000000,1230.000000
1177.000000,607.000000,995.000000,718.000000
644.000000,562.000000,624.000000,631.000000
1221.000000,189.000000,1213.000000,215.000000
531.000000,682.000000,426.000000,705.000000
1246.000000,573.000000,1177.000000,607.000000
834.000000,558.000000,995.000000,718.000000
986.000000,495.000000,1047.000000,497.000000
969.000000,54.000000,423.000000,90.000000
21.000000,473.000000,16.000000,517.000000
777.000000,931.000000,866.000000,1032.000000
1213.000000,215.000000,1001.000000,304.000000
834.000000,558.000000,821.000000,677.000000
1187.000000,464.000000,1213.000000,510.000000
408.000000,588.000000,430.000000,636.000000
1166.000000,30.000000,969.000000,54.000000
403.000000,1150.000000,151.000000,1348.000000
1322.000000,628.000000,1302.000000,692.000000
112.000000,1058.000000,151.000000,1348.000000
624.000000,631.000000,670.000000,758.000000
1069.000000,381.000000,986.000000,495.000000
969.000000,54.000000,1088.000000,124.000000
