POINTS
1015.000000,8.000000
854.000000,17.000000
422.000000,19.000000
1022.000000,36.000000
782.000000,37.000000
1362.000000,38.000000
320.000000,48.000000
105.000000,49.000000
974.000000,72.000000
456.000000,83.000000
1235.000000,110.000000
890.000000,123.000000
1264.000000,133.000000
920.000000,143.000000
102.000000,147.000000
281.000000,153.000000
326.000000,162.000000
449.000000,171.000000
1386.000000,178.000000
74.000000,180.000000
155.000000,193.000000
350.000000,203.000000
1374.000000,223.000000
772.000000,224.000000
443.000000,244.000000
699.000000,248.000000
1229.000000,252.000000
785.000000,262.000000
295.000000,278.000000
701.000000,278.000000
1196.000000,278.000000
146.000000,282.000000
31.000000,294.000000
499.000000,304.000000
1100.000000,310.000000
955.000000,336.000000
1378.000000,342.000000
872.000000,363.000000
1054.000000,368.000000
1170.000000,369.000000
1056.000000,371.000000
595.000000,376.000000
1189.000000,394.000000
185.000000,398.000000
985.000000,403.000000
1025.000000,408.000000
645.000000,410.000000
358.000000,425.000000
381.000000,429.000000
229.000000,432.000000
276.000000,435.000000
707.000000,438.000000
102.000000,441.000000
1087.000000,448.000000
15.000000,475.000000
411.000000,477.000000
208.000000,478.000000
436.000000,483.000000
430.000000,485.000000
1009.000000,498.000000
1352.000000,519.000000
908.000000,531.000000
1265.000000,532.000000
697.000000,546.000000
1174.000000,559.000000
595.000000,570.000000
1037.000000,578.000000
291.000000,581.000000
1026.000000,597.000000
898.000000,602.000000
100.000000,628.000000
9.000000,639.000000
1150.000000,639.000000
1381.000000,642.000000
758.000000,658.000000
250.000000,666.000000
1184.000000,694.000000
432.000000,700.000000
248.000000,709.000000
677.000000,713.000000
1094.000000,713.000000
1093.000000,717.000000
404.000000,724.000000
153.000000,725.000000
818.000000,725.000000
48.000000,745.000000
1054.000000,797.000000
851.000000,808.000000
671.000000,835.000000
1326.000000,843.000000
359.000000,854.000000
478.000000,856.000000
166.000000,863.000000
1339.000000,884.000000
828.000000,886.000000
835.000000,896.000000
126.000000,931.000000
518.000000,933.000000
738.000000,954.000000
829.000000,957.000000
13.000000,966.000000
1116.000000,968.000000
1113.000000,972.000000
1250.000000,996.000000
378.000000,997.000000
885.000000,1006.000000
956.000000,1021.000000
865.000000,1041.000000
37.000000,1044.000000
913.000000,1053.000000
974.000000,1076.000000
545.000000,1077.000000
728.000000,1078.000000
1172.000000,1082.000000
1173.000000,1083.000000
434.000000,1085.000000
758.000000,1121.000000
491.000000,1127.000000
971.000000,1136.000000
1347.000000,1150.000000
362.000000,1175.000000
1167.000000,1186.000000
382.000000,1200.000000
103.000000,1205.000000
1143.000000,1215.000000
593.000000,1216.000000
1375.000000,1232.000000
386.000000,1252.000000
916.000000,1268.000000
194.000000,1283.000000
107.000000,1289.000000
552.000000,1292.000000
113.000000,1296.000000
839.000000,1316.000000
625.000000,1323.000000
724.000000,1329.000000
128.000000,1341.000000
745.000000,1376.000000
1030.000000,1385.000000
LINES
422.000000,19.000000,699.000000,248.000000
146.000000,282.000000,31.000000,294.000000
898.000000,602.000000,818.000000,725.000000
276.000000,435.000000,411.000000,477.000000
1056.000000,371.000000,1025.000000,408.000000
105.000000,49.000000,326.000000,162.000000
1235.000000,110.000000,1100.000000,310.000000
1015.000000,8.000000,854.000000,17.000000
126.000000,931.000000,13.000000,966.000000
1087.000000,448.000000,1174.000000,559.000000
677.000000,713.000000,818.000000,725.000000
422.000000,19.000000,456.000000,83.000000
552.000000,1292.000000,745.000000,1376.000000
432.000000,700.000000,518.000000,933.000000
434.000000,1085.000000,362.000000,1175.000000
1362.000000,38.000000,1235.000000,110.000000
13.000000,966.000000,107.000000,1289.000000
320.000000,48.000000,326.000000,162.000000
1347.000000,1150.000000,1375.000000,1232.000000
411.000000,477.000000,430.000000,485.000000
1174.000000,559.000000,1037.000000,578.000000
491.000000,1127.000000,552.000000,1292.000000
595.000000,376.000000,645.000000,410.000000
1184.000000,694.000000,1094.000000,713.000000
422.000000,19.000000,782.000000,37.000000
1381.000000,642.000000,1339.000000,884.000000
552.000000,1292.000000,625.000000,1323.000000
956.000000,1021.000000,974.000000,1076.000000
276.000000,435.000000,208.000000,478.000000
1170.000000,369.000000,1056.000000,371.000000
865.000000,1041.000000,728.000000,1078.000000
1235.000000,110.000000,1229.000000,252.000000
1172.000000,1082.000000,971.000000,1136.000000
699.000000,248.000000,701.000000,278.000000
1386.000000,178.000000,1374.000000,223.000000
920.000000,143.000000,785.000000,262.000000
1235.000000,110.000000,1196.000000,278.000000
434.000000,1085.000000,491.000000,1127.000000
865.000000,1041.000000,974.000000,1076.000000
1229.000000,252.000000,1352.000000,519.000000
974.000000,1076.000000,916.000000,1268.000000
898.000000,602.000000,1054.000000,797.000000
153.000000,725.000000,166.000000,863.000000
281.000000,153.000000,155.000000,193.000000
381.000000,429.000000,411.000000,477.000000
166.000000,863.000000,126.000000,931.000000
738.000000,954.000000,829.000000,957.000000
908.000000,531.000000,697.000000,546.000000
839.000000,1316.000000,745.000000,1376.000000
785.000000,262.000000,872.000000,363.000000
386.000000,1252.000000,552.000000,1292.000000
782.000000,37.000000,890.000000,123.000000
166.000000,863.000000,378.000000,997.000000
1386.000000,178.000000,1378.000000,342.000000
15.000000,475.000000,208.000000,478.000000
699.000000,248.000000,499.000000,304.000000
146.000000,282.000000,229.000000,432.000000
1250.000000,996.000000,1172.000000,1082.000000
971.000000,1136.000000,1143.000000,1215.000000
443.000000,244.000000,499.000000,304.000000
276.000000,435.000000,291.000000,581.000000
491.000000,1127.000000,593.000000,1216.000000
155.000000,193.000000,146.000000,282.000000
378.000000,997.000000,434.000000,1085.000000
872.000000,363.000000,985.000000,403.000000
1100.000000,310.000000,1054.000000,368.000000
1022.000000,36.000000,920.000000,143.000000
1054.000000,797.000000,1113.000000,972.000000
499.000000,304.000000,595.000000,376.000000
908.000000,531.000000,1026.000000,597.000000
102.000000,147.000000,74.000000,180.000000
595.000000,570.000000,758.000000,658.000000
913.000000,1053.000000,974.000000,1076.000000
908.000000,531.000000,898.000000,602.000000
1054.000000,797.000000,1116.000000,968.000000
386.000000,1252.000000,128.000000,1341.000000
146.000000,282.000000,185.000000,398.000000
671.000000,835.000000,738.000000,954.000000
422.000000,19.000000,326.000000,162.000000
595.000000,570.000000,432.000000,700.000000
1113.000000,972.000000,956.000000,1021.000000
1015.000000,8.000000,1362.000000,38.000000
1170.000000,369.000000,1087.000000,448.000000
146.000000,282.000000,102.000000,441.000000
1347.000000,1150.000000,1167.000000,1186.000000
1229.000000,252.000000,1378.000000,342.000000
818.000000,725.000000,828.000000,886.000000
545.000000,1077.000000,593.000000,1216.000000
15.000000,475.000000,9.000000,639.000000
15.000000,475.000000,291.000000,581.000000
625.000000,1323.000000,724.000000,1329.000000
552.000000,1292.000000,839.000000,1316.000000
916.000000,1268.000000,1030.000000,1385.000000
1381.000000,642.000000,1184.000000,694.000000
350.000000,203.000000,443.000000,244.000000
1015.000000,8.000000,974.000000,72.000000
456.000000,83.000000,699.000000,248.000000
699.000000,248.000000,595.000000,376.000000
552.000000,1292.000000,724.000000,1329.000000
185.000000,398.000000,229.000000,432.000000
13.000000,966.000000,37.000000,1044.000000
102.000000,441.000000,15.000000,475.000000
107.000000,1289.000000,113.000000,1296.000000
1143.000000,1215.000000,916.000000,1268.000000
1022.000000,36.000000,974.000000,72.000000
291.000000,581.000000,100.000000,628.000000
885.000000,1006.000000,956.000000,1021.000000
835.000000,896.000000,829.000000,957.000000
103.000000,1205.000000,128.000000,1341.000000
422.000000,19.000000,772.000000,224.000000
697.000000,546.000000,595.000000,570.000000
456.000000,83.000000,449.000000,171.000000
1037.000000,578.000000,1150.000000,639.000000
898.000000,602.000000,885.000000,1006.000000
518.000000,933.000000,545.000000,1077.000000
1196.000000,278.000000,1170.000000,369.000000
381.000000,429.000000,430.000000,485.000000
1326.000000,843.000000,1339.000000,884.000000
518.000000,933.000000,738.000000,954.000000
100.000000,628.000000,9.000000,639.000000
1100.000000,310.000000,955.000000,336.000000
545.000000,1077.000000,758.000000,1121.000000
854.000000,17.000000,974.000000,72.000000
1265.000000,532.000000,1174.000000,559.000000
1264.000000,133.000000,1374.000000,223.000000
37.000000,1044.000000,362.000000,1175.000000
1189.000000,394.000000,1087.000000,448.000000
738.000000,954.000000,728.000000,1078.000000
1100.000000,310.000000,1170.000000,369.000000
1054.000000,368.000000,1025.000000,408.000000
1184.000000,694.000000,1093.000000,717.000000
1326.000000,843.000000,1250.000000,996.000000
697.000000,546.000000,898.000000,602.000000
1026.000000,597.000000,1150.000000,639.000000
545.000000,1077.000000,491.000000,1127.000000
916.000000,1268.000000,839.000000,1316.000000
443.000000,244.000000,295.000000,278.000000
113.000000,1296.000000,128.000000,1341.000000
772.000000,224.000000,699.000000,248.000000
828.000000,886.000000,738.000000,954.000000
102.000000,147.000000,146.000000,282.000000
956.000000,1021.000000,865.000000,1041.000000
250.000000,666.000000,153.000000,725.000000
1100.000000,310.000000,985.000000,403.000000
103.000000,1205.000000,107.000000,1289.000000
1375.000000,1232.000000,1030.000000,1385.000000
320.000000,48.000000,105.000000,49.000000
291.000000,581.000000,250.000000,666.000000
772.000000,224.000000,701.000000,278.000000
432.000000,700.000000,478.000000,856.000000
1093.000000,717.000000,1054.000000,797.000000
31.000000,294.000000,102.000000,441.000000
758.000000,1121.000000,916.000000,1268.000000
595.000000,570.000000,677.000000,713.000000
1189.000000,394.000000,1174.000000,559.000000
920.000000,143.000000,955.000000,336.000000
829.000000,957.000000,885.000000,1006.000000
1250.000000,996.000000,1167.000000,1186.000000
1189.000000,394.000000,1265.000000,532.000000
974.000000,72.000000,920.000000,143.000000
1015.000000,8.000000,1235.000000,110.000000
1386.000000,178.000000,1375.000000,1232.000000
1250.000000,996.000000,1173.000000,1083.000000
595.000000,376.000000,381.000000,429.000000
701.000000,278.000000,872.000000,363.000000
1116.000000,968.000000,1172.000000,1082.000000
898.000000,602.000000,851.000000,808.000000
595.000000,570.000000,671.000000,835.000000
37.000000,1044.000000,107.000000,1289.000000
1229.000000,252.000000,1196.000000,278.000000
74.000000,180.000000,31.000000,294.000000
386.000000,1252.000000,194.000000,1283.000000
1235.000000,110.000000,955.000000,336.000000
1264.000000,133.000000,1229.000000,252.000000
281.000000,153.000000,326.000000,162.000000
707.000000,438.000000,595.000000,570.000000
432.000000,700.000000,404.000000,724.000000
326.000000,162.000000,350.000000,203.000000
645.000000,410.000000,595.000000,570.000000
772.000000,224.000000,785.000000,262.000000
128.000000,1341.000000,745.000000,1376.000000
281.000000,153.000000,295.000000,278.000000
1113.000000,972.000000,1172.000000,1082.000000
1386.000000,178.000000,1381.000000,642.000000
491.000000,1127.000000,386.000000,1252.000000
974.000000,1076.000000,1172.000000,1082.000000
102.000000,441.000000,208.000000,478.000000
872.000000,363.000000,908.000000,531.000000
436.000000,483.000000,291.000000,581.000000
955.000000,336.000000,872.000000,363.000000
724.000000,1329.000000,745.000000,1376.000000
491.000000,1127.000000,382.000000,1200.000000
1265.000000,532.000000,1150.000000,639.000000
382.000000,1200.000000,386.000000,1252.000000
898.000000,602.000000,1094.000000,713.000000
48.000000,745.000000,166.000000,863.000000
829.000000,957.000000,865.000000,1041.000000
1172.000000,1082.000000,1143.000000,1215.000000
1015.000000,8.000000,1022.000000,36.000000
362.000000,1175.000000,382.000000,1200.000000
1381.000000,642.000000,1375.000000,1232.000000
1326.000000,843.000000,1116.000000,968.000000
851.000000,808.000000,885.000000,1006.000000
545.000000,1077.000000,434.000000,1085.000000
248.000000,709.000000,153.000000,725.000000
518.000000,933.000000,378.000000,997.000000
1167.000000,1186.000000,1143.000000,1215.000000
1015.000000,8.000000,422.000000,19.000000
359.000000,854.000000,478.000000,856.000000
103.000000,1205.000000,113.000000,1296.000000
229.000000,432.000000,276.000000,435.000000
1378.000000,342.000000,1352.000000,519.000000
1022.000000,36.000000,1235.000000,110.000000
430.000000,485.000000,291.000000,581.000000
291.000000,581.000000,248.000000,709.000000
1054.000000,368.000000,985.000000,403.000000
404.000000,724.000000,359.000000,854.000000
1167.000000,1186.000000,1030.000000,1385.000000
625.000000,1323.000000,745.000000,1376.000000
872.000000,363.000000,1009.000000,498.000000
758.000000,658.000000,677.000000,713.000000
1339.000000,884.000000,1347.000000,1150.000000
155.000000,193.000000,295.000000,278.000000
1352.000000,519.000000,1381.000000,642.000000
432.000000,700.000000,248.000000,709.000000
208.000000,478.000000,291.000000,581.000000
359.000000,854.000000,166.000000,863.000000
1094.000000,713.000000,1093.000000,717.000000
593.000000,1216.000000,839.000000,1316.000000
1113.000000,972.000000,885.000000,1006.000000
358.000000,425.000000,411.000000,477.000000
701.000000,278.000000,595.000000,376.000000
1339.000000,884.000000,1375.000000,1232.000000
126.000000,931.000000,37.000000,1044.000000
1184.000000,694.000000,1326.000000,843.000000
126.000000,931.000000,378.000000,997.000000
1026.000000,597.000000,898.000000,602.000000
432.000000,700.000000,359.000000,854.000000
449.000000,171.000000,350.000000,203.000000
443.000000,244.000000,381.000000,429.000000
728.000000,1078.000000,758.000000,1121.000000
248.000000,709.000000,166.000000,863.000000
105.000000,49.000000,281.000000,153.000000
432.000000,700.000000,671.000000,835.000000
1037.000000,578.000000,1026.000000,597.000000
758.000000,1121.000000,593.000000,1216.000000
15.000000,475.000000,100.000000,628.000000
276.000000,435.000000,430.000000,485.000000
851.000000,808.000000,829.000000,957.000000
291.000000,581.000000,153.000000,725.000000
1150.000000,639.000000,1184.000000,694.000000
872.000000,363.000000,697.000000,546.000000
1170.000000,369.000000,1189.000000,394.000000
295.000000,278.000000,146.000000,282.000000
865.000000,1041.000000,758.000000,1121.000000
9.000000,639.000000,48.000000,745.000000
443.000000,244.000000,276.000000,435.000000
291.000000,581.000000,432.000000,700.000000
1009.000000,498.000000,1026.000000,597.000000
1362.000000,38.000000,1374.000000,223.000000
593.000000,1216.000000,552.000000,1292.000000
890.000000,123.000000,920.000000,143.000000
359.000000,854.000000,518.000000,933.000000
1150.000000,639.000000,1381.000000,642.000000
229.000000,432.000000,208.000000,478.000000
449.000000,171.000000,499.000000,304.000000
828.000000,886.000000,835.000000,896.000000
595.000000,376.000000,707.000000,438.000000
48.000000,745.000000,126.000000,931.000000
758.000000,658.000000,818.000000,725.000000
552.000000,1292.000000,128.000000,1341.000000
105.000000,49.000000,155.000000,193.000000
381.000000,429.000000,436.000000,483.000000
707.000000,438.000000,697.000000,546.000000
1172.000000,1082.000000,1173.000000,1083.000000
956.000000,1021.000000,913.000000,1053.000000
1054.000000,797.000000,885.000000,1006.000000
839.000000,1316.000000,724.000000,1329.000000
898.000000,602.000000,758.000000,658.000000
358.000000,425.000000,276.000000,435.000000
100.000000,628.000000,48.000000,745.000000
1173.000000,1083.000000,1167.000000,1186.000000
1100.000000,310.000000,1056.000000,371.000000
499.000000,304.000000,381.000000,429.000000
974.000000,1076.000000,971.000000,1136.000000
645.000000,410.000000,707.000000,438.000000
422.000000,19.000000,350.000000,203.000000
1172.000000,1082.000000,1167.000000,1186.000000
478.000000,856.000000,518.000000,933.000000
758.000000,1121.000000,839.000000,1316.000000
974.000000,72.000000,890.000000,123.000000
436.000000,483.000000,430.000000,485.000000
1229.000000,252.000000,1170.000000,369.000000
818.000000,725.000000,851.000000,808.000000
250.000000,666.000000,248.000000,709.000000
785.000000,262.000000,701.000000,278.000000
1362.000000,38.000000,1386.000000,178.000000
185.000000,398.000000,102.000000,441.000000
1339.000000,884.000000,1250.000000,996.000000
1196.000000,278.000000,1100.000000,310.000000
1374.000000,223.000000,1229.000000,252.000000
890.000000,123.000000,785.000000,262.000000
1339.000000,884.000000,1167.000000,1186.000000
1094.000000,713.000000,1054.000000,797.000000
677.000000,713.000000,671.000000,835.000000
362.000000,1175.000000,194.000000,1283.000000
103.000000,1205.000000,194.000000,1283.000000
1009.000000,498.000000,908.000000,531.000000
851.000000,808.000000,828.000000,886.000000
854.000000,17.000000,890.000000,123.000000
1381.000000,642.000000,1326.000000,843.000000
48.000000,745.000000,13.000000,966.000000
782.000000,37.000000,772.000000,224.000000
916.000000,1268.000000,745.000000,1376.000000
1009.000000,498.000000,1037.000000,578.000000
1026.000000,597.000000,1094.000000,713.000000
378.000000,997.000000,37.000000,1044.000000
37.000000,1044.000000,103.000000,1205.000000
248.000000,709.000000,404.000000,724.000000
1167.000000,1186.000000,1375.000000,1232.000000
595.000000,376.000000,436.000000,483.000000
671.000000,835.000000,828.000000,886.000000
1054.000000,368.000000,1056.000000,371.000000
872.000000,363.000000,707.000000,438.000000
31.000000,294.000000,15.000000,475.000000
102.000000,147.000000,155.000000,193.000000
456.000000,83.000000,499.000000,304.000000
194.000000,1283.000000,128.000000,1341.000000
422.000000,19.000000,105.000000,49.000000
1054.000000,797.000000,1326.000000,843.000000
100.000000,628.000000,153.000000,725.000000
1229.000000,252.000000,1265.000000,532.000000
153.000000,725.000000,48.000000,745.000000
1087.000000,448.000000,1009.000000,498.000000
854.000000,17.000000,422.000000,19.000000
443.000000,244.000000,229.000000,432.000000
295.000000,278.000000,229.000000,432.000000
985.000000,403.000000,1025.000000,408.000000
1143.000000,1215.000000,1030.000000,1385.000000
677.000000,713.000000,828.000000,886.000000
595.000000,376.000000,595.000000,570.000000
955.000000,336.000000,985.000000,403.000000
971.000000,1136.000000,916.000000,1268.000000
745.000000,1376.000000,1030.000000,1385.000000
854.000000,17.000000,782.000000,37.000000
865.000000,1041.000000,913.000000,1053.000000
545.000000,1077.000000,728.000000,1078.000000
1174.000000,559.000000,1150.000000,639.000000
738.000000,954.000000,865.000000,1041.000000
1116.000000,968.000000,1250.000000,996.000000
1352.000000,519.000000,1265.000000,532.000000
449.000000,171.000000,443.000000,244.000000
1087.000000,448.000000,1037.000000,578.000000
105.000000,49.000000,31.000000,294.000000
1374.000000,223.000000,1378.000000,342.000000
358.000000,425.000000,381.000000,429.000000
350.000000,203.000000,295.000000,278.000000
362.000000,1175.000000,386.000000,1252.000000
828.000000,886.000000,829.000000,957.000000
105.000000,49.000000,74.000000,180.000000
1113.000000,972.000000,974.000000,1076.000000
229.000000,432.000000,102.000000,441.000000
1235.000000,110.000000,1264.000000,133.000000
1378.000000,342.000000,1381.000000,642.000000
697.000000,546.000000,758.000000,658.000000
102.000000,147.000000,31.000000,294.000000
1025.000000,408.000000,1087.000000,448.000000
434.000000,1085.000000,382.000000,1200.000000
701.000000,278.000000,707.000000,438.000000
1170.000000,369.000000,1025.000000,408.000000
671.000000,835.000000,518.000000,933.000000
1265.000000,532.000000,1381.000000,642.000000
1235.000000,110.000000,920.000000,143.000000
518.000000,933.000000,434.000000,1085.000000
281.000000,153.000000,350.000000,203.000000
248.000000,709.000000,359.000000,854.000000
920.000000,143.000000,872.000000,363.000000
890.000000,123.000000,772.000000,224.000000
422.000000,19.000000,320.000000,48.000000
1093.000000,717.000000,1326.000000,843.000000
518.000000,933.000000,728.000000,1078.000000
9.000000,639.000000,13.000000,966.000000
422.000000,19.000000,449.000000,171.000000
436.000000,483.000000,595.000000,570.000000
1025.000000,408.000000,1009.000000,498.000000
851.000000,808.000000,835.000000,896.000000
865.000000,1041.000000,916.000000,1268.000000
378.000000,997.000000,362.000000,1175.000000
436.000000,483.000000,432.000000,700.000000
362.000000,1175.000000,103.000000,1205.000000
985.000000,403.000000,1009.000000,498.000000
1362.000000,38.000000,1264.000000,133.000000
885.000000,1006.000000,865.000000,1041.000000
1229.000000,252.000000,1189.000000,394.000000
1116.000000,968.000000,1113.000000,972.000000
1150.000000,639.000000,1094.000000,713.000000
107.000000,1289.000000,128.000000,1341.000000
359.000000,854.000000,378.000000,997.000000
443.000000,244.000000,358.000000,425.000000
105.000000,49.000000,102.000000,147.000000
