POINTS
280.000000,4.000000
1031.000000,28.000000
326.000000,32.000000
1103.000000,41.000000
25.000000,53.000000
818.000000,53.000000
214.000000,77.000000
895.000000,103.000000
1231.000000,104.000000
816.000000,109.000000
910.000000,118.000000
1316.000000,122.000000
746.000000,124.000000
776.000000,135.000000
938.000000,146.000000
1430.000000,155.000000
1178.000000,165.000000
285.000000,169.000000
1209.000000,173.000000
796.000000,174.000000
578.000000,177.000000
672.000000,180.000000
1351.000000,185.000000
983.000000,189.000000
1255.000000,202.000000
416.000000,225.000000
630.000000,228.000000
985.000000,232.000000
1324.000000,237.000000
639.000000,240.000000
777.000000,246.000000
1279.000000,265.000000
29.000000,289.000000
1300.000000,318.000000
198.000000,335.000000
1344.000000,359.000000
782.000000,447.000000
559.000000,461.000000
1417.000000,463.000000
455.000000,464.000000
214.000000,467.000000
1119.000000,479.000000
1133.000000,496.000000
832.000000,497.000000
738.000000,503.000000
639.000000,510.000000
461.000000,517.000000
1397.000000,529.000000
215.000000,534.000000
959.000000,537.000000
514.000000,538.000000
1067.000000,556.000000
347.000000,560.000000
406.000000,582.000000
1349.000000,585.000000
339.000000,599.000000
988.000000,607.000000
898.000000,611.000000
220.000000,628.000000
1068.000000,632.000000
687.000000,633.000000
734.000000,675.000000
910.000000,675.000000
207.000000,687.000000
591.000000,702.000000
783.000000,722.000000
950.000000,745.000000
1470.000000,771.000000
177.000000,777.000000
710.000000,779.000000
388.000000,780.000000
419.000000,781.000000
1099.000000,797.000000
468.000000,800.000000
301.000000,812.000000
1115.000000,822.000000
679.000000,857.000000
324.000000,869.000000
192.000000,872.000000
891.000000,893.000000
901.000000,895.000000
1263.000000,907.000000
675.000000,918.000000
1280.000000,931.000000
178.000000,953.000000
880.000000,957.000000
520.000000,963.000000
292.000000,985.000000
595.000000,991.000000
1273.000000,997.000000
1330.000000,1015.000000
268.000000,1021.000000
1196.000000,1022.000000
449.000000,1053.000000
186.000000,1055.000000
1294.000000,1055.000000
169.000000,1061.000000
1404.000000,1063.000000
33.000000,1068.000000
352.000000,1077.000000
44.000000,1092.000000
924.000000,1092.000000
396.000000,1097.000000
1344.000000,1105.000000
560.000000,1122.000000
1217.000000,1131.000000
436.000000,1148.000000
647.000000,1154.000000
1161.000000,1158.000000
469.000000,1170.000000
1142.000000,1179.000000
853.000000,1200.000000
333.000000,1228.000000
373.000000,1241.000000
44.000000,1247.000000
712.000000,1249.000000
357.000000,1264.000000
849.000000,1285.000000
1223.000000,1288.000000
746.000000,1290.000000
604.000000,1299.000000
897.000000,1304.000000
491.000000,1310.000000
117.000000,1312.000000
992.000000,1312.000000
868.000000,1332.000000
306.000000,1340.000000
1241.000000,1340.000000
1428.000000,1355.000000
80.000000,1367.000000
603.000000,1369.000000
1074.000000,1375.000000
39.000000,1376.000000
674.000000,1385.000000
1355.000000,1386.000000
1153.000000,1398.000000
593.000000,1406.000000
608.000000,1407.000000
721.000000,1418.000000
1369.000000,1427.000000
36.000000,1446.000000
1334.000000,1455.000000
324.000000,1456.000000
309.000000,1465.000000
1119.000000,1465.000000
1177.000000,1469.000000
271.000000,1476.000000
558.000000,1482.000000
1364.000000,1484.000000
LINES
1397.000000,529.000000,1349.000000,585.000000
734.000000,675.000000,591.000000,702.000000
1344.000000,359.000000,1417.000000,463.000000
1470.000000,771.000000,1404.000000,1063.000000
675.000000,918.000000,520.000000,963.000000
357.000000,1264.000000,306.000000,1340.000000
1430.000000,155.000000,1470.000000,771.000000
1115.000000,822.000000,1273.000000,997.000000
1142.000000,1179.000000,992.000000,1312.000000
347.000000,560.000000,339.000000,599.000000
1316.000000,122.000000,1430.000000,155.000000
1119.000000,1465.000000,558.000000,1482.000000
1099.000000,797.000000,1115.000000,822.000000
292.000000,985.000000,449.000000,1053.000000
897.000000,1304.000000,1074.000000,1375.000000
712.000000,1249.000000,849.000000,1285.000000
776.000000,135.000000,796.000000,174.000000
177.000000,777.000000,178.000000,953.000000
1133.000000,496.000000,1067.000000,556.000000
1355.000000,1386.000000,1369.000000,1427.000000
849.000000,1285.000000,897.000000,1304.000000
897.000000,1304.000000,992.000000,1312.000000
1404.000000,1063.000000,1355.000000,1386.000000
29.000000,289.000000,198.000000,335.000000
1161.000000,1158.000000,1142.000000,1179.000000
177.000000,777.000000,301.000000,812.000000
416.000000,225.000000,198.000000,335.000000
169.000000,1061.000000,33.000000,1068.000000
1255.000000,202.000000,1324.000000,237.000000
1324.000000,237.000000,1279.000000,265.000000
388.000000,780.000000,419.000000,781.000000
630.000000,228.000000,777.000000,246.000000
938.000000,146.000000,985.000000,232.000000
1351.000000,185.000000,1324.000000,237.000000
406.000000,582.000000,388.000000,780.000000
796.000000,174.000000,630.000000,228.000000
44.000000,1092.000000,39.000000,1376.000000
1330.000000,1015.000000,1294.000000,1055.000000
604.000000,1299.000000,674.000000,1385.000000
672.000000,180.000000,630.000000,228.000000
591.000000,702.000000,419.000000,781.000000
1344.000000,359.000000,1349.000000,585.000000
449.000000,1053.000000,352.000000,1077.000000
1344.000000,1105.000000,1217.000000,1131.000000
1119.000000,479.000000,1067.000000,556.000000
436.000000,1148.000000,333.000000,1228.000000
1178.000000,165.000000,983.000000,189.000000
1280.000000,931.000000,1404.000000,1063.000000
1068.000000,632.000000,1115.000000,822.000000
1300.000000,318.000000,1133.000000,496.000000
285.000000,169.000000,416.000000,225.000000
796.000000,174.000000,777.000000,246.000000
33.000000,1068.000000,36.000000,1446.000000
1231.000000,104.000000,1209.000000,173.000000
985.000000,232.000000,1300.000000,318.000000
449.000000,1053.000000,396.000000,1097.000000
306.000000,1340.000000,324.000000,1456.000000
959.000000,537.000000,1068.000000,632.000000
746.000000,1290.000000,1119.000000,1465.000000
436.000000,1148.000000,469.000000,1170.000000
988.000000,607.000000,910.000000,675.000000
1273.000000,997.000000,1330.000000,1015.000000
604.000000,1299.000000,491.000000,1310.000000
1263.000000,907.000000,1280.000000,931.000000
215.000000,534.000000,347.000000,560.000000
880.000000,957.000000,647.000000,1154.000000
901.000000,895.000000,1142.000000,1179.000000
1428.000000,1355.000000,1364.000000,1484.000000
339.000000,599.000000,220.000000,628.000000
816.000000,109.000000,776.000000,135.000000
734.000000,675.000000,710.000000,779.000000
1231.000000,104.000000,1316.000000,122.000000
818.000000,53.000000,776.000000,135.000000
1417.000000,463.000000,1397.000000,529.000000
675.000000,918.000000,880.000000,957.000000
44.000000,1247.000000,117.000000,1312.000000
1031.000000,28.000000,983.000000,189.000000
710.000000,779.000000,679.000000,857.000000
280.000000,4.000000,818.000000,53.000000
1223.000000,1288.000000,1355.000000,1386.000000
1068.000000,632.000000,1099.000000,797.000000
849.000000,1285.000000,746.000000,1290.000000
1223.000000,1288.000000,1241.000000,1340.000000
1177.000000,1469.000000,1364.000000,1484.000000
924.000000,1092.000000,897.000000,1304.000000
214.000000,77.000000,285.000000,169.000000
816.000000,109.000000,796.000000,174.000000
901.000000,895.000000,1161.000000,1158.000000
177.000000,777.000000,169.000000,1061.000000
604.000000,1299.000000,608.000000,1407.000000
603.000000,1369.000000,593.000000,1406.000000
832.000000,497.000000,988.000000,607.000000
306.000000,1340.000000,309.000000,1465.000000
268.000000,1021.000000,352.000000,1077.000000
214.000000,467.000000,33.000000,1068.000000
268.000000,1021.000000,169.000000,1061.000000
1369.000000,1427.000000,1334.000000,1455.000000
1344.000000,1105.000000,1223.000000,1288.000000
1294.000000,1055.000000,1344.000000,1105.000000
324.000000,869.000000,192.000000,872.000000
782.000000,447.000000,559.000000,461.000000
333.000000,1228.000000,357.000000,1264.000000
950.000000,745.000000,891.000000,893.000000
169.000000,1061.000000,333.000000,1228.000000
1133.000000,496.000000,1068.000000,632.000000
985.000000,232.000000,777.000000,246.000000
396.000000,1097.000000,436.000000,1148.000000
674.000000,1385.000000,721.000000,1418.000000
639.000000,240.000000,455.000000,464.000000
560.000000,1122.000000,469.000000,1170.000000
901.000000,895.000000,1196.000000,1022.000000
416.000000,225.000000,455.000000,464.000000
1119.000000,1465.000000,1177.000000,1469.000000
1316.000000,122.000000,1351.000000,185.000000
591.000000,702.000000,710.000000,779.000000
192.000000,872.000000,178.000000,953.000000
1330.000000,1015.000000,1404.000000,1063.000000
268.000000,1021.000000,186.000000,1055.000000
595.000000,991.000000,560.000000,1122.000000
80.000000,1367.000000,39.000000,1376.000000
117.000000,1312.000000,271.000000,1476.000000
271.000000,1476.000000,558.000000,1482.000000
220.000000,628.000000,207.000000,687.000000
988.000000,607.000000,1068.000000,632.000000
1300.000000,318.000000,1344.000000,359.000000
33.000000,1068.000000,44.000000,1092.000000
178.000000,953.000000,169.000000,1061.000000
746.000000,124.000000,630.000000,228.000000
895.000000,103.000000,796.000000,174.000000
1404.000000,1063.000000,1344.000000,1105.000000
910.000000,675.000000,783.000000,722.000000
514.000000,538.000000,687.000000,633.000000
1300.000000,318.000000,1119.000000,479.000000
357.000000,1264.000000,491.000000,1310.000000
992.000000,1312.000000,1153.000000,1398.000000
1031.000000,28.000000,895.000000,103.000000
746.000000,124.000000,796.000000,174.000000
220.000000,628.000000,301.000000,812.000000
639.000000,510.000000,461.000000,517.000000
324.000000,869.000000,292.000000,985.000000
603.000000,1369.000000,608.000000,1407.000000
1470.000000,771.000000,1263.000000,907.000000
169.000000,1061.000000,117.000000,1312.000000
215.000000,534.000000,220.000000,628.000000
782.000000,447.000000,738.000000,503.000000
891.000000,893.000000,901.000000,895.000000
959.000000,537.000000,1067.000000,556.000000
178.000000,953.000000,268.000000,1021.000000
1153.000000,1398.000000,1119.000000,1465.000000
285.000000,169.000000,198.000000,335.000000
746.000000,124.000000,776.000000,135.000000
280.000000,4.000000,214.000000,77.000000
782.000000,447.000000,959.000000,537.000000
44.000000,1247.000000,39.000000,1376.000000
721.000000,1418.000000,558.000000,1482.000000
309.000000,1465.000000,558.000000,1482.000000
818.000000,53.000000,672.000000,180.000000
1349.000000,585.000000,1470.000000,771.000000
1316.000000,122.000000,1209.000000,173.000000
514.000000,538.000000,388.000000,780.000000
1153.000000,1398.000000,1177.000000,1469.000000
1031.000000,28.000000,1231.000000,104.000000
988.000000,607.000000,1099.000000,797.000000
880.000000,957.000000,595.000000,991.000000
469.000000,1170.000000,604.000000,1299.000000
29.000000,289.000000,33.000000,1068.000000
675.000000,918.000000,595.000000,991.000000
910.000000,118.000000,796.000000,174.000000
1430.000000,155.000000,1417.000000,463.000000
1209.000000,173.000000,1324.000000,237.000000
214.000000,467.000000,207.000000,687.000000
721.000000,1418.000000,1119.000000,1465.000000
746.000000,124.000000,672.000000,180.000000
1103.000000,41.000000,1231.000000,104.000000
1115.000000,822.000000,1263.000000,907.000000
461.000000,517.000000,406.000000,582.000000
639.000000,510.000000,514.000000,538.000000
186.000000,1055.000000,352.000000,1077.000000
520.000000,963.000000,560.000000,1122.000000
468.000000,800.000000,679.000000,857.000000
746.000000,1290.000000,721.000000,1418.000000
1217.000000,1131.000000,1223.000000,1288.000000
1196.000000,1022.000000,1217.000000,1131.000000
333.000000,1228.000000,373.000000,1241.000000
898.000000,611.000000,910.000000,675.000000
832.000000,497.000000,687.000000,633.000000
520.000000,963.000000,292.000000,985.000000
832.000000,497.000000,959.000000,537.000000
1209.000000,173.000000,983.000000,189.000000
924.000000,1092.000000,853.000000,1200.000000
853.000000,1200.000000,712.000000,1249.000000
560.000000,1122.000000,604.000000,1299.000000
1344.000000,359.000000,1397.000000,529.000000
849.000000,1285.000000,868.000000,1332.000000
333.000000,1228.000000,306.000000,1340.000000
186.000000,1055.000000,169.000000,1061.000000
818.000000,53.000000,895.000000,103.000000
593.000000,1406.000000,608.000000,1407.000000
1369.000000,1427.000000,1364.000000,1484.000000
1294.000000,1055.000000,1217.000000,1131.000000
578.000000,177.000000,672.000000,180.000000
1351.000000,185.000000,1417.000000,463.000000
416.000000,225.000000,639.000000,240.000000
832.000000,497.000000,910.000000,675.000000
593.000000,1406.000000,558.000000,1482.000000
436.000000,1148.000000,373.000000,1241.000000
712.000000,1249.000000,746.000000,1290.000000
853.000000,1200.000000,849.000000,1285.000000
280.000000,4.000000,1031.000000,28.000000
910.000000,118.000000,777.000000,246.000000
347.000000,560.000000,220.000000,628.000000
950.000000,745.000000,1115.000000,822.000000
710.000000,779.000000,675.000000,918.000000
33.000000,1068.000000,39.000000,1376.000000
558.000000,1482.000000,1364.000000,1484.000000
578.000000,177.000000,630.000000,228.000000
396.000000,1097.000000,469.000000,1170.000000
1355.000000,1386.000000,1334.000000,1455.000000
373.000000,1241.000000,357.000000,1264.000000
214.000000,77.000000,29.000000,289.000000
901.000000,895.000000,924.000000,1092.000000
220.000000,628.000000,388.000000,780.000000
455.000000,464.000000,347.000000,560.000000
117.000000,1312.000000,306.000000,1340.000000
1273.000000,997.000000,1294.000000,1055.000000
1209.000000,173.000000,985.000000,232.000000
1349.000000,585.000000,1115.000000,822.000000
324.000000,869.000000,178.000000,953.000000
419.000000,781.000000,468.000000,800.000000
1115.000000,822.000000,1196.000000,1022.000000
647.000000,1154.000000,853.000000,1200.000000
895.000000,103.000000,938.000000,146.000000
436.000000,1148.000000,491.000000,1310.000000
347.000000,560.000000,406.000000,582.000000
910.000000,118.000000,985.000000,232.000000
687.000000,633.000000,910.000000,675.000000
639.000000,510.000000,687.000000,633.000000
1279.000000,265.000000,1344.000000,359.000000
514.000000,538.000000,591.000000,702.000000
591.000000,702.000000,388.000000,780.000000
818.000000,53.000000,816.000000,109.000000
639.000000,240.000000,559.000000,461.000000
1115.000000,822.000000,901.000000,895.000000
1133.000000,496.000000,1115.000000,822.000000
1209.000000,173.000000,1300.000000,318.000000
520.000000,963.000000,449.000000,1053.000000
639.000000,240.000000,782.000000,447.000000
1074.000000,1375.000000,1153.000000,1398.000000
339.000000,599.000000,388.000000,780.000000
578.000000,177.000000,416.000000,225.000000
1217.000000,1131.000000,1142.000000,1179.000000
324.000000,1456.000000,309.000000,1465.000000
169.000000,1061.000000,44.000000,1092.000000
783.000000,722.000000,675.000000,918.000000
117.000000,1312.000000,309.000000,1465.000000
959.000000,537.000000,988.000000,607.000000
1344.000000,1105.000000,1355.000000,1386.000000
782.000000,447.000000,832.000000,497.000000
1255.000000,202.000000,1279.000000,265.000000
988.000000,607.000000,950.000000,745.000000
1397.000000,529.000000,1470.000000,771.000000
832.000000,497.000000,898.000000,611.000000
177.000000,777.000000,192.000000,872.000000
461.000000,517.000000,514.000000,538.000000
983.000000,189.000000,985.000000,232.000000
895.000000,103.000000,816.000000,109.000000
352.000000,1077.000000,333.000000,1228.000000
25.000000,53.000000,214.000000,77.000000
591.000000,702.000000,679.000000,857.000000
1470.000000,771.000000,1428.000000,1355.000000
1133.000000,496.000000,1349.000000,585.000000
746.000000,1290.000000,868.000000,1332.000000
1119.000000,1465.000000,1364.000000,1484.000000
326.000000,32.000000,578.000000,177.000000
292.000000,985.000000,268.000000,1021.000000
687.000000,633.000000,591.000000,702.000000
895.000000,103.000000,910.000000,118.000000
1209.000000,173.000000,1279.000000,265.000000
301.000000,812.000000,324.000000,869.000000
292.000000,985.000000,352.000000,1077.000000
520.000000,963.000000,595.000000,991.000000
468.000000,800.000000,324.000000,869.000000
117.000000,1312.000000,36.000000,1446.000000
416.000000,225.000000,347.000000,560.000000
897.000000,1304.000000,1153.000000,1398.000000
1142.000000,1179.000000,1153.000000,1398.000000
679.000000,857.000000,520.000000,963.000000
712.000000,1249.000000,674.000000,1385.000000
214.000000,77.000000,198.000000,335.000000
595.000000,991.000000,647.000000,1154.000000
985.000000,232.000000,782.000000,447.000000
207.000000,687.000000,33.000000,1068.000000
1273.000000,997.000000,1196.000000,1022.000000
326.000000,32.000000,214.000000,77.000000
1209.000000,173.000000,1255.000000,202.000000
1241.000000,1340.000000,1355.000000,1386.000000
25.000000,53.000000,33.000000,1068.000000
1217.000000,1131.000000,1161.000000,1158.000000
910.000000,118.000000,938.000000,146.000000
818.000000,53.000000,578.000000,177.000000
491.000000,1310.000000,558.000000,1482.000000
777.000000,246.000000,782.000000,447.000000
1279.000000,265.000000,1300.000000,318.000000
1334.000000,1455.000000,1177.000000,1469.000000
1178.000000,165.000000,1209.000000,173.000000
1263.000000,907.000000,1404.000000,1063.000000
891.000000,893.000000,880.000000,957.000000
1119.000000,479.000000,1133.000000,496.000000
44.000000,1092.000000,117.000000,1312.000000
309.000000,1465.000000,271.000000,1476.000000
461.000000,517.000000,347.000000,560.000000
373.000000,1241.000000,491.000000,1310.000000
1241.000000,1340.000000,1153.000000,1398.000000
1404.000000,1063.000000,1428.000000,1355.000000
647.000000,1154.000000,604.000000,1299.000000
738.000000,503.000000,687.000000,633.000000
1263.000000,907.000000,1330.000000,1015.000000
1324.000000,237.000000,1344.000000,359.000000
186.000000,1055.000000,333.000000,1228.000000
734.000000,675.000000,783.000000,722.000000
1241.000000,1340.000000,1334.000000,1455.000000
514.000000,538.000000,406.000000,582.000000
910.000000,675.000000,950.000000,745.000000
985.000000,232.000000,1119.000000,479.000000
1196.000000,1022.000000,1294.000000,1055.000000
388.000000,780.000000,301.000000,812.000000
1344.000000,359.000000,1133.000000,496.000000
198.000000,335.000000,214.000000,467.000000
559.000000,461.000000,639.000000,510.000000
1428.000000,1355.000000,1355.000000,1386.000000
324.000000,1456.000000,558.000000,1482.000000
1142.000000,1179.000000,897.000000,1304.000000
950.000000,745.000000,1099.000000,797.000000
1103.000000,41.000000,1430.000000,155.000000
591.000000,702.000000,468.000000,800.000000
214.000000,467.000000,215.000000,534.000000
1209.000000,173.000000,1351.000000,185.000000
891.000000,893.000000,675.000000,918.000000
1142.000000,1179.000000,1223.000000,1288.000000
1263.000000,907.000000,1273.000000,997.000000
80.000000,1367.000000,36.000000,1446.000000
39.000000,1376.000000,36.000000,1446.000000
117.000000,1312.000000,80.000000,1367.000000
491.000000,1310.000000,306.000000,1340.000000
326.000000,32.000000,285.000000,169.000000
491.000000,1310.000000,324.000000,1456.000000
832.000000,497.000000,738.000000,503.000000
1031.000000,28.000000,910.000000,118.000000
1103.000000,41.000000,1316.000000,122.000000
44.000000,1092.000000,44.000000,1247.000000
1470.000000,771.000000,1115.000000,822.000000
1231.000000,104.000000,1178.000000,165.000000
783.000000,722.000000,891.000000,893.000000
608.000000,1407.000000,721.000000,1418.000000
1031.000000,28.000000,818.000000,53.000000
1430.000000,155.000000,1351.000000,185.000000
1074.000000,1375.000000,1119.000000,1465.000000
455.000000,464.000000,461.000000,517.000000
1119.000000,479.000000,959.000000,537.000000
326.000000,32.000000,416.000000,225.000000
1334.000000,1455.000000,1364.000000,1484.000000
1417.000000,463.000000,1470.000000,771.000000
1031.000000,28.000000,1103.000000,41.000000
1428.000000,1355.000000,1369.000000,1427.000000
406.000000,582.000000,339.000000,599.000000
207.000000,687.000000,301.000000,812.000000
198.000000,335.000000,347.000000,560.000000
1196.000000,1022.000000,1161.000000,1158.000000
868.000000,1332.000000,1074.000000,1375.000000
177.000000,777.000000,33.000000,1068.000000
449.000000,1053.000000,469.000000,1170.000000
639.000000,240.000000,777.000000,246.000000
1294.000000,1055.000000,1404.000000,1063.000000
924.000000,1092.000000,647.000000,1154.000000
604.000000,1299.000000,603.000000,1369.000000
783.000000,722.000000,950.000000,745.000000
818.000000,53.000000,746.000000,124.000000
868.000000,1332.000000,1119.000000,1465.000000
738.000000,503.000000,639.000000,510.000000
901.000000,895.000000,880.000000,957.000000
746.000000,1290.000000,674.000000,1385.000000
352.000000,1077.000000,436.000000,1148.000000
988.000000,607.000000,898.000000,611.000000
326.000000,32.000000,818.000000,53.000000
215.000000,534.000000,207.000000,687.000000
36.000000,1446.000000,271.000000,1476.000000
950.000000,745.000000,901.000000,895.000000
301.000000,812.000000,192.000000,872.000000
712.000000,1249.000000,604.000000,1299.000000
559.000000,461.000000,455.000000,464.000000
1067.000000,556.000000,1068.000000,632.000000
1031.000000,28.000000,938.000000,146.000000
782.000000,447.000000,639.000000,510.000000
1280.000000,931.000000,1330.000000,1015.000000
783.000000,722.000000,710.000000,779.000000
29.000000,289.000000,214.000000,467.000000
559.000000,461.000000,461.000000,517.000000
25.000000,53.000000,29.000000,289.000000
1241.000000,1340.000000,1177.000000,1469.000000
734.000000,675.000000,910.000000,675.000000
178.000000,953.000000,292.000000,985.000000
687.000000,633.000000,734.000000,675.000000
468.000000,800.000000,520.000000,963.000000
352.000000,1077.000000,396.000000,1097.000000
560.000000,1122.000000,647.000000,1154.000000
630.000000,228.000000,639.000000,240.000000
1324.000000,237.000000,1417.000000,463.000000
938.000000,146.000000,983.000000,189.000000
449.000000,1053.000000,560.000000,1122.000000
647.000000,1154.000000,712.000000,1249.000000
593.000000,1406.000000,721.000000,1418.000000
214.000000,467.000000,347.000000,560.000000
491.000000,1310.000000,593.000000,1406.000000
324.000000,869.000000,520.000000,963.000000
880.000000,957.000000,924.000000,1092.000000
604.000000,1299.000000,593.000000,1406.000000
280.000000,4.000000,326.000000,32.000000
985.000000,232.000000,959.000000,537.000000
897.000000,1304.000000,868.000000,1332.000000
924.000000,1092.000000,849.000000,1285.000000
436.000000,1148.000000,604.000000,1299.000000
578.000000,177.000000,639.000000,240.000000
924.000000,1092.000000,1142.000000,1179.000000
333.000000,1228.000000,117.000000,1312.000000
1223.000000,1288.000000,1153.000000,1398.000000
674.000000,1385.000000,608.000000,1407.000000
44.000000,1247.000000,80.000000,1367.000000
1031.000000,28.000000,1178.000000,165.000000
280.000000,4.000000,25.000000,53.000000
419.000000,781.000000,324.000000,869.000000
419.000000,781.000000,301.000000,812.000000
679.000000,857.000000,675.000000,918.000000
207.000000,687.000000,177.000000,777.000000
