POINTS
623.000000,6.000000
124.000000,21.000000
1608.000000,24.000000
1098.000000,41.000000
1491.000000,71.000000
794.000000,79.000000
1190.000000,80.000000
1578.000000,87.000000
1556.000000,101.000000
309.000000,104.000000
767.000000,131.000000
359.000000,135.000000
1180.000000,141.000000
1153.000000,150.000000
592.000000,160.000000
296.000000,162.000000
1650.000000,175.000000
1196.000000,192.000000
850.000000,222.000000
1376.000000,236.000000
891.000000,252.000000
1250.000000,255.000000
876.000000,260.000000
1038.000000,269.000000
881.000000,307.000000
1209.000000,335.000000
524.000000,338.000000
153.000000,340.000000
843.000000,340.000000
83.000000,345.000000
923.000000,347.000000
280.000000,359.000000
571.000000,387.000000
1193.000000,396.000000
1185.000000,410.000000
700.000000,429.000000
1191.000000,431.000000
1610.000000,439.000000
1424.000000,451.000000
227.000000,455.000000
991.000000,461.000000
1070.000000,461.000000
826.000000,465.000000
286.000000,474.000000
893.000000,476.000000
1231.000000,491.000000
1665.000000,514.000000
1610.000000,523.000000
347.000000,536.000000
1216.000000,546.000000
301.000000,572.000000
635.000000,572.000000
837.000000,576.000000
107.000000,581.000000
1021.000000,586.000000
484.000000,590.000000
427.000000,591.000000
1228.000000,600.000000
315.000000,612.000000
946.000000,613.000000
1122.000000,616.000000
694.000000,630.000000
1053.000000,638.000000
1263.000000,642.000000
522.000000,648.000000
729.000000,657.000000
214.000000,676.000000
1304.000000,676.000000
414.000000,690.000000
1454.000000,698.000000
359.000000,723.000000
922.000000,729.000000
141.000000,734.000000
1086.000000,745.000000
1334.000000,749.000000
831.000000,754.000000
1539.000000,773.000000
577.000000,780.000000
1464.000000,788.000000
1165.000000,792.000000
1367.000000,794.000000
293.000000,824.000000
1168.000000,824.000000
1346.000000,825.000000
315.000000,848.000000
350.000000,857.000000
1205.000000,857.000000
563.000000,876.000000
250.000000,894.000000
464.000000,895.000000
983.000000,898.000000
866.000000,910.000000
757.000000,915.000000
752.000000,921.000000
860.000000,927.000000
1424.000000,929.000000
478.000000,949.000000
98.000000,962.000000
865.000000,973.000000
688.000000,985.000000
957.000000,990.000000
1098.000000,992.000000
1357.000000,997.000000
787.000000,1000.000000
261.000000,1003.000000
1364.000000,1014.000000
832.000000,1021.000000
932.000000,1023.000000
1656.000000,1037.000000
569.000000,1041.000000
738.000000,1050.000000
1290.000000,1063.000000
170.000000,1073.000000
1370.000000,1087.000000
556.000000,1097.000000
413.000000,1103.000000
1688.000000,1103.000000
567.000000,1121.000000
703.000000,1140.000000
1351.000000,1141.000000
1047.000000,1180.000000
982.000000,1192.000000
873.000000,1194.000000
225.000000,1195.000000
609.000000,1197.000000
1365.000000,1197.000000
1502.000000,1203.000000
1390.000000,1212.000000
1134.000000,1222.000000
1320.000000,1231.000000
849.000000,1243.000000
1415.000000,1249.000000
672.000000,1255.000000
60.000000,1261.000000
615.000000,1291.000000
106.000000,1334.000000
1471.000000,1338.000000
1635.000000,1350.000000
1530.000000,1355.000000
772.000000,1359.000000
799.000000,1365.000000
243.000000,1391.000000
362.000000,1397.000000
971.000000,1437.000000
1530.000000,1441.000000
260.000000,1442.000000
1171.000000,1458.000000
415.000000,1460.000000
1177.000000,1460.000000
416.000000,1476.000000
1688.000000,1499.000000
516.000000,1510.000000
689.000000,1520.000000
98.000000,1523.000000
966.000000,1540.000000
887.000000,1543.000000
1024.000000,1552.000000
1049.000000,1566.000000
1113.000000,1604.000000
869.000000,1606.000000
602.000000,1607.000000
900.000000,1627.000000
681.000000,1631.000000
810.000000,1637.000000
1555.000000,1640.000000
1021.000000,1659.000000
538.000000,1678.000000
1616.000000,1680.000000
1093.000000,1681.000000
LINES
866.000000,910.000000,957.000000,990.000000
556.000000,1097.000000,413.000000,1103.000000
1491.000000,71.000000,1376.000000,236.000000
876.000000,260.000000,700.000000,429.000000
1122.000000,616.000000,1165.000000,792.000000
571.000000,387.000000,700.000000,429.000000
153.000000,340.000000,227.000000,455.000000
946.000000,613.000000,922.000000,729.000000
1370.000000,1087.000000,1351.000000,1141.000000
347.000000,536.000000,315.000000,612.000000
767.000000,131.000000,850.000000,222.000000
615.000000,1291.000000,362.000000,1397.000000
865.000000,973.000000,957.000000,990.000000
1049.000000,1566.000000,1113.000000,1604.000000
1153.000000,150.000000,1196.000000,192.000000
106.000000,1334.000000,98.000000,1523.000000
1049.000000,1566.000000,1021.000000,1659.000000
522.000000,648.000000,414.000000,690.000000
729.000000,657.000000,831.000000,754.000000
350.000000,857.000000,261.000000,1003.000000
738.000000,1050.000000,873.000000,1194.000000
98.000000,962.000000,261.000000,1003.000000
347.000000,536.000000,301.000000,572.000000
1098.000000,992.000000,932.000000,1023.000000
772.000000,1359.000000,799.000000,1365.000000
689.000000,1520.000000,869.000000,1606.000000
865.000000,973.000000,932.000000,1023.000000
1346.000000,825.000000,1205.000000,857.000000
1098.000000,992.000000,1047.000000,1180.000000
1209.000000,335.000000,1231.000000,491.000000
414.000000,690.000000,577.000000,780.000000
932.000000,1023.000000,1047.000000,1180.000000
1390.000000,1212.000000,1415.000000,1249.000000
1231.000000,491.000000,1263.000000,642.000000
1153.000000,150.000000,1038.000000,269.000000
837.000000,576.000000,922.000000,729.000000
1556.000000,101.000000,1650.000000,175.000000
1122.000000,616.000000,1263.000000,642.000000
124.000000,21.000000,153.000000,340.000000
1021.000000,586.000000,1053.000000,638.000000
982.000000,1192.000000,971.000000,1437.000000
757.000000,915.000000,688.000000,985.000000
1351.000000,1141.000000,1390.000000,1212.000000
1193.000000,396.000000,1191.000000,431.000000
427.000000,591.000000,315.000000,612.000000
1205.000000,857.000000,1424.000000,929.000000
602.000000,1607.000000,681.000000,1631.000000
850.000000,222.000000,876.000000,260.000000
1608.000000,24.000000,1650.000000,175.000000
1185.000000,410.000000,991.000000,461.000000
567.000000,1121.000000,609.000000,1197.000000
922.000000,729.000000,831.000000,754.000000
569.000000,1041.000000,556.000000,1097.000000
414.000000,690.000000,359.000000,723.000000
1424.000000,929.000000,1357.000000,997.000000
350.000000,857.000000,464.000000,895.000000
849.000000,1243.000000,799.000000,1365.000000
362.000000,1397.000000,416.000000,1476.000000
832.000000,1021.000000,873.000000,1194.000000
957.000000,990.000000,1098.000000,992.000000
309.000000,104.000000,296.000000,162.000000
315.000000,612.000000,359.000000,723.000000
362.000000,1397.000000,516.000000,1510.000000
991.000000,461.000000,893.000000,476.000000
478.000000,949.000000,413.000000,1103.000000
1134.000000,1222.000000,1177.000000,1460.000000
592.000000,160.000000,524.000000,338.000000
1424.000000,929.000000,1290.000000,1063.000000
757.000000,915.000000,787.000000,1000.000000
83.000000,345.000000,60.000000,1261.000000
1021.000000,586.000000,1086.000000,745.000000
772.000000,1359.000000,689.000000,1520.000000
413.000000,1103.000000,362.000000,1397.000000
971.000000,1437.000000,966.000000,1540.000000
887.000000,1543.000000,869.000000,1606.000000
524.000000,338.000000,571.000000,387.000000
729.000000,657.000000,577.000000,780.000000
141.000000,734.000000,250.000000,894.000000
983.000000,898.000000,1098.000000,992.000000
752.000000,921.000000,688.000000,985.000000
966.000000,1540.000000,887.000000,1543.000000
293.000000,824.000000,315.000000,848.000000
602.000000,1607.000000,538.000000,1678.000000
869.000000,1606.000000,810.000000,1637.000000
887.000000,1543.000000,1021.000000,1659.000000
1231.000000,491.000000,1216.000000,546.000000
577.000000,780.000000,563.000000,876.000000
1113.000000,1604.000000,1555.000000,1640.000000
799.000000,1365.000000,689.000000,1520.000000
869.000000,1606.000000,681.000000,1631.000000
794.000000,79.000000,767.000000,131.000000
556.000000,1097.000000,567.000000,1121.000000
1608.000000,24.000000,1376.000000,236.000000
1424.000000,451.000000,1610.000000,523.000000
98.000000,962.000000,60.000000,1261.000000
1351.000000,1141.000000,1365.000000,1197.000000
260.000000,1442.000000,98.000000,1523.000000
301.000000,572.000000,214.000000,676.000000
286.000000,474.000000,347.000000,536.000000
799.000000,1365.000000,887.000000,1543.000000
1357.000000,997.000000,1364.000000,1014.000000
887.000000,1543.000000,900.000000,1627.000000
966.000000,1540.000000,1049.000000,1566.000000
767.000000,131.000000,876.000000,260.000000
1491.000000,71.000000,1190.000000,80.000000
982.000000,1192.000000,873.000000,1194.000000
1539.000000,773.000000,1656.000000,1037.000000
922.000000,729.000000,983.000000,898.000000
876.000000,260.000000,881.000000,307.000000
1471.000000,1338.000000,1530.000000,1355.000000
1086.000000,745.000000,1168.000000,824.000000
1304.000000,676.000000,1334.000000,749.000000
124.000000,21.000000,83.000000,345.000000
478.000000,949.000000,569.000000,1041.000000
1263.000000,642.000000,1304.000000,676.000000
1171.000000,1458.000000,1024.000000,1552.000000
623.000000,6.000000,1098.000000,41.000000
991.000000,461.000000,1021.000000,586.000000
225.000000,1195.000000,243.000000,1391.000000
873.000000,1194.000000,799.000000,1365.000000
971.000000,1437.000000,1024.000000,1552.000000
971.000000,1437.000000,887.000000,1543.000000
170.000000,1073.000000,60.000000,1261.000000
794.000000,79.000000,850.000000,222.000000
1190.000000,80.000000,1180.000000,141.000000
1376.000000,236.000000,1250.000000,255.000000
1290.000000,1063.000000,1134.000000,1222.000000
752.000000,921.000000,787.000000,1000.000000
1098.000000,41.000000,1190.000000,80.000000
1228.000000,600.000000,1122.000000,616.000000
1376.000000,236.000000,1424.000000,451.000000
1502.000000,1203.000000,1390.000000,1212.000000
1098.000000,41.000000,794.000000,79.000000
414.000000,690.000000,350.000000,857.000000
1578.000000,87.000000,1556.000000,101.000000
1290.000000,1063.000000,1351.000000,1141.000000
315.000000,612.000000,214.000000,676.000000
107.000000,581.000000,214.000000,676.000000
569.000000,1041.000000,413.000000,1103.000000
1357.000000,997.000000,1290.000000,1063.000000
1209.000000,335.000000,1304.000000,676.000000
1610.000000,439.000000,1610.000000,523.000000
1168.000000,824.000000,1098.000000,992.000000
837.000000,576.000000,831.000000,754.000000
524.000000,338.000000,280.000000,359.000000
1539.000000,773.000000,1688.000000,1103.000000
309.000000,104.000000,592.000000,160.000000
1209.000000,335.000000,991.000000,461.000000
1334.000000,749.000000,1165.000000,792.000000
700.000000,429.000000,826.000000,465.000000
971.000000,1437.000000,1171.000000,1458.000000
1502.000000,1203.000000,1530.000000,1355.000000
1608.000000,24.000000,1190.000000,80.000000
563.000000,876.000000,478.000000,949.000000
1038.000000,269.000000,1209.000000,335.000000
563.000000,876.000000,569.000000,1041.000000
1191.000000,431.000000,1216.000000,546.000000
571.000000,387.000000,347.000000,536.000000
225.000000,1195.000000,60.000000,1261.000000
1364.000000,1014.000000,1370.000000,1087.000000
1376.000000,236.000000,1209.000000,335.000000
757.000000,915.000000,860.000000,927.000000
516.000000,1510.000000,538.000000,1678.000000
359.000000,723.000000,350.000000,857.000000
1098.000000,992.000000,1290.000000,1063.000000
1346.000000,825.000000,1424.000000,929.000000
1290.000000,1063.000000,1320.000000,1231.000000
982.000000,1192.000000,1134.000000,1222.000000
293.000000,824.000000,250.000000,894.000000
516.000000,1510.000000,602.000000,1607.000000
1650.000000,175.000000,1665.000000,514.000000
623.000000,6.000000,1608.000000,24.000000
1370.000000,1087.000000,1390.000000,1212.000000
689.000000,1520.000000,887.000000,1543.000000
703.000000,1140.000000,873.000000,1194.000000
1098.000000,41.000000,1180.000000,141.000000
1556.000000,101.000000,1376.000000,236.000000
1424.000000,929.000000,1370.000000,1087.000000
416.000000,1476.000000,538.000000,1678.000000
1665.000000,514.000000,1610.000000,523.000000
1196.000000,192.000000,1250.000000,255.000000
1365.000000,1197.000000,1415.000000,1249.000000
286.000000,474.000000,107.000000,581.000000
280.000000,359.000000,286.000000,474.000000
1185.000000,410.000000,1191.000000,431.000000
1471.000000,1338.000000,1530.000000,1441.000000
787.000000,1000.000000,832.000000,1021.000000
1209.000000,335.000000,1263.000000,642.000000
1539.000000,773.000000,1464.000000,788.000000
635.000000,572.000000,522.000000,648.000000
106.000000,1334.000000,243.000000,1391.000000
359.000000,135.000000,592.000000,160.000000
1454.000000,698.000000,1539.000000,773.000000
757.000000,915.000000,752.000000,921.000000
1454.000000,698.000000,1367.000000,794.000000
826.000000,465.000000,729.000000,657.000000
831.000000,754.000000,866.000000,910.000000
1021.000000,586.000000,1122.000000,616.000000
837.000000,576.000000,729.000000,657.000000
227.000000,455.000000,107.000000,581.000000
922.000000,729.000000,866.000000,910.000000
991.000000,461.000000,1122.000000,616.000000
538.000000,1678.000000,1093.000000,1681.000000
556.000000,1097.000000,609.000000,1197.000000
923.000000,347.000000,991.000000,461.000000
1263.000000,642.000000,1334.000000,749.000000
413.000000,1103.000000,615.000000,1291.000000
891.000000,252.000000,876.000000,260.000000
60.000000,1261.000000,106.000000,1334.000000
1038.000000,269.000000,991.000000,461.000000
703.000000,1140.000000,672.000000,1255.000000
293.000000,824.000000,350.000000,857.000000
1021.000000,1659.000000,1093.000000,1681.000000
301.000000,572.000000,315.000000,612.000000
1688.000000,1103.000000,1502.000000,1203.000000
1365.000000,1197.000000,1555.000000,1640.000000
261.000000,1003.000000,243.000000,1391.000000
141.000000,734.000000,293.000000,824.000000
350.000000,857.000000,478.000000,949.000000
301.000000,572.000000,107.000000,581.000000
1171.000000,1458.000000,1049.000000,1566.000000
359.000000,723.000000,293.000000,824.000000
1610.000000,523.000000,1304.000000,676.000000
700.000000,429.000000,635.000000,572.000000
1024.000000,1552.000000,1049.000000,1566.000000
772.000000,1359.000000,602.000000,1607.000000
688.000000,985.000000,609.000000,1197.000000
1610.000000,523.000000,1454.000000,698.000000
347.000000,536.000000,484.000000,590.000000
1053.000000,638.000000,1086.000000,745.000000
414.000000,690.000000,464.000000,895.000000
1205.000000,857.000000,1098.000000,992.000000
831.000000,754.000000,757.000000,915.000000
1608.000000,24.000000,1556.000000,101.000000
810.000000,1637.000000,538.000000,1678.000000
1656.000000,1037.000000,1502.000000,1203.000000
1113.000000,1604.000000,1616.000000,1680.000000
427.000000,591.000000,414.000000,690.000000
1650.000000,175.000000,1610.000000,439.000000
1539.000000,773.000000,1367.000000,794.000000
359.000000,723.000000,141.000000,734.000000
413.000000,1103.000000,567.000000,1121.000000
464.000000,895.000000,478.000000,949.000000
1608.000000,24.000000,1578.000000,87.000000
1165.000000,792.000000,1168.000000,824.000000
1688.000000,1103.000000,1688.000000,1499.000000
1190.000000,80.000000,1196.000000,192.000000
615.000000,1291.000000,516.000000,1510.000000
1209.000000,335.000000,1193.000000,396.000000
832.000000,1021.000000,738.000000,1050.000000
1334.000000,749.000000,1367.000000,794.000000
1364.000000,1014.000000,1290.000000,1063.000000
891.000000,252.000000,1038.000000,269.000000
1635.000000,1350.000000,1555.000000,1640.000000
794.000000,79.000000,1038.000000,269.000000
1209.000000,335.000000,1424.000000,451.000000
876.000000,260.000000,524.000000,338.000000
1334.000000,749.000000,1346.000000,825.000000
623.000000,6.000000,794.000000,79.000000
296.000000,162.000000,153.000000,340.000000
261.000000,1003.000000,413.000000,1103.000000
957.000000,990.000000,932.000000,1023.000000
524.000000,338.000000,347.000000,536.000000
1665.000000,514.000000,1688.000000,1103.000000
826.000000,465.000000,635.000000,572.000000
1177.000000,1460.000000,1113.000000,1604.000000
522.000000,648.000000,729.000000,657.000000
900.000000,1627.000000,1093.000000,1681.000000
350.000000,857.000000,413.000000,1103.000000
315.000000,848.000000,250.000000,894.000000
615.000000,1291.000000,772.000000,1359.000000
1047.000000,1180.000000,1134.000000,1222.000000
1415.000000,1249.000000,1471.000000,1338.000000
688.000000,985.000000,738.000000,1050.000000
362.000000,1397.000000,415.000000,1460.000000
860.000000,927.000000,832.000000,1021.000000
865.000000,973.000000,832.000000,1021.000000
1086.000000,745.000000,983.000000,898.000000
1216.000000,546.000000,1263.000000,642.000000
794.000000,79.000000,1180.000000,141.000000
563.000000,876.000000,464.000000,895.000000
286.000000,474.000000,301.000000,572.000000
484.000000,590.000000,414.000000,690.000000
243.000000,1391.000000,260.000000,1442.000000
347.000000,536.000000,635.000000,572.000000
922.000000,729.000000,957.000000,990.000000
1608.000000,24.000000,1491.000000,71.000000
1424.000000,451.000000,1304.000000,676.000000
124.000000,21.000000,309.000000,104.000000
315.000000,848.000000,261.000000,1003.000000
83.000000,345.000000,227.000000,455.000000
243.000000,1391.000000,362.000000,1397.000000
843.000000,340.000000,826.000000,465.000000
887.000000,1543.000000,1049.000000,1566.000000
563.000000,876.000000,757.000000,915.000000
315.000000,848.000000,350.000000,857.000000
1047.000000,1180.000000,873.000000,1194.000000
1086.000000,745.000000,1098.000000,992.000000
1134.000000,1222.000000,1320.000000,1231.000000
752.000000,921.000000,738.000000,1050.000000
280.000000,359.000000,227.000000,455.000000
1098.000000,992.000000,1134.000000,1222.000000
1171.000000,1458.000000,1113.000000,1604.000000
1122.000000,616.000000,1334.000000,749.000000
1502.000000,1203.000000,1471.000000,1338.000000
1502.000000,1203.000000,1415.000000,1249.000000
484.000000,590.000000,522.000000,648.000000
1304.000000,676.000000,1367.000000,794.000000
893.000000,476.000000,837.000000,576.000000
738.000000,1050.000000,703.000000,1140.000000
1134.000000,1222.000000,971.000000,1437.000000
83.000000,345.000000,107.000000,581.000000
881.000000,307.000000,843.000000,340.000000
141.000000,734.000000,98.000000,962.000000
484.000000,590.000000,427.000000,591.000000
932.000000,1023.000000,873.000000,1194.000000
1502.000000,1203.000000,1635.000000,1350.000000
107.000000,581.000000,141.000000,734.000000
900.000000,1627.000000,810.000000,1637.000000
1320.000000,1231.000000,1177.000000,1460.000000
873.000000,1194.000000,772.000000,1359.000000
1038.000000,269.000000,923.000000,347.000000
1047.000000,1180.000000,982.000000,1192.000000
1250.000000,255.000000,1209.000000,335.000000
694.000000,630.000000,729.000000,657.000000
982.000000,1192.000000,799.000000,1365.000000
689.000000,1520.000000,602.000000,1607.000000
860.000000,927.000000,865.000000,973.000000
681.000000,1631.000000,810.000000,1637.000000
873.000000,1194.000000,849.000000,1243.000000
296.000000,162.000000,280.000000,359.000000
1365.000000,1197.000000,1530.000000,1441.000000
1180.000000,141.000000,1196.000000,192.000000
315.000000,612.000000,141.000000,734.000000
826.000000,465.000000,837.000000,576.000000
413.000000,1103.000000,243.000000,1391.000000
124.000000,21.000000,296.000000,162.000000
635.000000,572.000000,484.000000,590.000000
729.000000,657.000000,757.000000,915.000000
1656.000000,1037.000000,1370.000000,1087.000000
1021.000000,586.000000,946.000000,613.000000
689.000000,1520.000000,681.000000,1631.000000
1070.000000,461.000000,1228.000000,600.000000
893.000000,476.000000,1021.000000,586.000000
1616.000000,1680.000000,1093.000000,1681.000000
1464.000000,788.000000,1367.000000,794.000000
1608.000000,24.000000,1098.000000,41.000000
891.000000,252.000000,881.000000,307.000000
415.000000,1460.000000,516.000000,1510.000000
261.000000,1003.000000,170.000000,1073.000000
991.000000,461.000000,1070.000000,461.000000
106.000000,1334.000000,260.000000,1442.000000
359.000000,135.000000,524.000000,338.000000
153.000000,340.000000,83.000000,345.000000
1122.000000,616.000000,1086.000000,745.000000
1180.000000,141.000000,1153.000000,150.000000
849.000000,1243.000000,772.000000,1359.000000
672.000000,1255.000000,772.000000,1359.000000
1367.000000,794.000000,1424.000000,929.000000
98.000000,962.000000,170.000000,1073.000000
250.000000,894.000000,261.000000,1003.000000
794.000000,79.000000,891.000000,252.000000
522.000000,648.000000,577.000000,780.000000
1334.000000,749.000000,1205.000000,857.000000
260.000000,1442.000000,416.000000,1476.000000
415.000000,1460.000000,416.000000,1476.000000
623.000000,6.000000,767.000000,131.000000
1021.000000,586.000000,922.000000,729.000000
170.000000,1073.000000,225.000000,1195.000000
1049.000000,1566.000000,1093.000000,1681.000000
1320.000000,1231.000000,1113.000000,1604.000000
826.000000,465.000000,893.000000,476.000000
1113.000000,1604.000000,1093.000000,1681.000000
1530.000000,1441.000000,1555.000000,1640.000000
1205.000000,857.000000,1290.000000,1063.000000
1122.000000,616.000000,1053.000000,638.000000
1365.000000,1197.000000,1390.000000,1212.000000
1610.000000,439.000000,1665.000000,514.000000
1665.000000,514.000000,1454.000000,698.000000
1134.000000,1222.000000,1171.000000,1458.000000
794.000000,79.000000,876.000000,260.000000
309.000000,104.000000,359.000000,135.000000
1290.000000,1063.000000,1370.000000,1087.000000
623.000000,6.000000,592.000000,160.000000
416.000000,1476.000000,98.000000,1523.000000
799.000000,1365.000000,971.000000,1437.000000
1688.000000,1499.000000,1555.000000,1640.000000
214.000000,676.000000,141.000000,734.000000
1370.000000,1087.000000,1502.000000,1203.000000
688.000000,985.000000,703.000000,1140.000000
1193.000000,396.000000,1231.000000,491.000000
1424.000000,929.000000,1364.000000,1014.000000
923.000000,347.000000,893.000000,476.000000
107.000000,581.000000,98.000000,962.000000
1555.000000,1640.000000,1616.000000,1680.000000
860.000000,927.000000,787.000000,1000.000000
1168.000000,824.000000,1205.000000,857.000000
688.000000,985.000000,569.000000,1041.000000
893.000000,476.000000,922.000000,729.000000
569.000000,1041.000000,609.000000,1197.000000
1165.000000,792.000000,1205.000000,857.000000
794.000000,79.000000,1153.000000,150.000000
427.000000,591.000000,359.000000,723.000000
876.000000,260.000000,843.000000,340.000000
703.000000,1140.000000,609.000000,1197.000000
1086.000000,745.000000,1165.000000,792.000000
922.000000,729.000000,1086.000000,745.000000
623.000000,6.000000,309.000000,104.000000
1464.000000,788.000000,1424.000000,929.000000
577.000000,780.000000,757.000000,915.000000
694.000000,630.000000,522.000000,648.000000
866.000000,910.000000,757.000000,915.000000
1196.000000,192.000000,1376.000000,236.000000
966.000000,1540.000000,1024.000000,1552.000000
1688.000000,1499.000000,1616.000000,1680.000000
1185.000000,410.000000,1228.000000,600.000000
767.000000,131.000000,592.000000,160.000000
635.000000,572.000000,729.000000,657.000000
1038.000000,269.000000,881.000000,307.000000
1193.000000,396.000000,1216.000000,546.000000
681.000000,1631.000000,538.000000,1678.000000
362.000000,1397.000000,260.000000,1442.000000
787.000000,1000.000000,738.000000,1050.000000
1304.000000,676.000000,1454.000000,698.000000
280.000000,359.000000,347.000000,536.000000
1424.000000,929.000000,1656.000000,1037.000000
635.000000,572.000000,694.000000,630.000000
1193.000000,396.000000,1185.000000,410.000000
1209.000000,335.000000,1185.000000,410.000000
983.000000,898.000000,957.000000,990.000000
416.000000,1476.000000,516.000000,1510.000000
225.000000,1195.000000,106.000000,1334.000000
309.000000,104.000000,524.000000,338.000000
153.000000,340.000000,280.000000,359.000000
571.000000,387.000000,635.000000,572.000000
1688.000000,1103.000000,1635.000000,1350.000000
83.000000,345.000000,98.000000,962.000000
772.000000,1359.000000,516.000000,1510.000000
60.000000,1261.000000,98.000000,1523.000000
1185.000000,410.000000,1070.000000,461.000000
672.000000,1255.000000,615.000000,1291.000000
866.000000,910.000000,860.000000,927.000000
1530.000000,1355.000000,1555.000000,1640.000000
1190.000000,80.000000,1376.000000,236.000000
1196.000000,192.000000,1209.000000,335.000000
609.000000,1197.000000,672.000000,1255.000000
893.000000,476.000000,946.000000,613.000000
900.000000,1627.000000,538.000000,1678.000000
1530.000000,1355.000000,1530.000000,1441.000000
309.000000,104.000000,280.000000,359.000000
1578.000000,87.000000,1650.000000,175.000000
843.000000,340.000000,700.000000,429.000000
1216.000000,546.000000,1228.000000,600.000000
250.000000,894.000000,98.000000,962.000000
1070.000000,461.000000,1122.000000,616.000000
1365.000000,1197.000000,1320.000000,1231.000000
98.000000,1523.000000,538.000000,1678.000000
832.000000,1021.000000,932.000000,1023.000000
577.000000,780.000000,464.000000,895.000000
1656.000000,1037.000000,1688.000000,1103.000000
261.000000,1003.000000,225.000000,1195.000000
623.000000,6.000000,124.000000,21.000000
869.000000,1606.000000,900.000000,1627.000000
563.000000,876.000000,688.000000,985.000000
1367.000000,794.000000,1346.000000,825.000000
1665.000000,514.000000,1539.000000,773.000000
703.000000,1140.000000,772.000000,1359.000000
567.000000,1121.000000,615.000000,1291.000000
1610.000000,439.000000,1424.000000,451.000000
881.000000,307.000000,923.000000,347.000000
900.000000,1627.000000,1021.000000,1659.000000
1365.000000,1197.000000,1113.000000,1604.000000
1415.000000,1249.000000,1530.000000,1441.000000
843.000000,340.000000,893.000000,476.000000
866.000000,910.000000,865.000000,973.000000
1635.000000,1350.000000,1688.000000,1499.000000
1185.000000,410.000000,1216.000000,546.000000
1171.000000,1458.000000,1177.000000,1460.000000
592.000000,160.000000,876.000000,260.000000
1635.000000,1350.000000,1530.000000,1355.000000
1539.000000,773.000000,1424.000000,929.000000
1196.000000,192.000000,1038.000000,269.000000
609.000000,1197.000000,615.000000,1291.000000
227.000000,455.000000,286.000000,474.000000
876.000000,260.000000,571.000000,387.000000
843.000000,340.000000,923.000000,347.000000
1556.000000,101.000000,1610.000000,439.000000
1376.000000,236.000000,1610.000000,439.000000
347.000000,536.000000,427.000000,591.000000
1351.000000,1141.000000,1320.000000,1231.000000
1228.000000,600.000000,1263.000000,642.000000
