POINTS
461.000000,7.000000
1495.000000,7.000000
168.000000,41.000000
1431.000000,55.000000
1173.000000,57.000000
1574.000000,68.000000
552.000000,90.000000
548.000000,96.000000
310.000000,97.000000
1330.000000,103.000000
1668.000000,111.000000
581.000000,114.000000
342.000000,120.000000
203.000000,129.000000
1957.000000,131.000000
935.000000,133.000000
99.000000,143.000000
317.000000,147.000000
1361.000000,174.000000
61.000000,183.000000
10.000000,188.000000
62.000000,204.000000
722.000000,215.000000
1624.000000,218.000000
288.000000,219.000000
1345.000000,232.000000
1027.000000,237.000000
331.000000,245.000000
1660.000000,250.000000
1565.000000,258.000000
1508.000000,270.000000
678.000000,279.000000
1344.000000,283.000000
1940.000000,300.000000
1360.000000,303.000000
201.000000,316.000000
1893.000000,317.000000
548.000000,324.000000
1373.000000,325.000000
1237.000000,342.000000
62.000000,348.000000
629.000000,355.000000
1029.000000,356.000000
801.000000,359.000000
209.000000,371.000000
377.000000,386.000000
528.000000,389.000000
530.000000,391.000000
21.000000,410.000000
1461.000000,422.000000
1740.000000,428.000000
1571.000000,439.000000
1911.000000,452.000000
1479.000000,454.000000
1395.000000,457.000000
392.000000,458.000000
195.000000,467.000000
1401.000000,486.000000
1417.000000,488.000000
1099.000000,521.000000
1967.000000,526.000000
325.000000,535.000000
1657.000000,539.000000
2007.000000,539.000000
1622.000000,544.000000
367.000000,557.000000
191.000000,563.000000
61.000000,575.000000
1878.000000,593.000000
1231.000000,595.000000
590.000000,601.000000
707.000000,642.000000
865.000000,661.000000
209.000000,695.000000
1273.000000,697.000000
790.000000,729.000000
683.000000,737.000000
1734.000000,752.000000
542.000000,758.000000
629.000000,771.000000
431.000000,774.000000
1968.000000,790.000000
1973.000000,791.000000
1751.000000,826.000000
596.000000,842.000000
1165.000000,846.000000
1104.000000,858.000000
1528.000000,862.000000
1513.000000,868.000000
587.000000,889.000000
169.000000,897.000000
645.000000,905.000000
1160.000000,909.000000
1807.000000,914.000000
1349.000000,939.000000
978.000000,954.000000
1052.000000,959.000000
1856.000000,971.000000
214.000000,983.000000
171.000000,984.000000
966.000000,991.000000
49.000000,995.000000
215.000000,996.000000
1236.000000,997.000000
479.000000,1021.000000
624.000000,1026.000000
1489.000000,1029.000000
2013.000000,1052.000000
421.000000,1056.000000
1817.000000,1057.000000
280.000000,1072.000000
654.000000,1114.000000
1404.000000,1114.000000
1932.000000,1121.000000
1084.000000,1146.000000
1056.000000,1147.000000
666.000000,1156.000000
1571.000000,1158.000000
1414.000000,1166.000000
34.000000,1174.000000
1327.000000,1178.000000
1793.000000,1196.000000
329.000000,1228.000000
414.000000,1231.000000
1651.000000,1233.000000
1090.000000,1268.000000
1881.000000,1286.000000
1277.000000,1299.000000
1532.000000,1308.000000
1619.000000,1319.000000
1624.000000,1338.000000
637.000000,1353.000000
393.000000,1358.000000
1425.000000,1379.000000
1810.000000,1384.000000
200.000000,1393.000000
402.000000,1403.000000
1235.000000,1407.000000
455.000000,1408.000000
673.000000,1413.000000
808.000000,1421.000000
976.000000,1433.000000
1762.000000,1434.000000
701.000000,1438.000000
530.000000,1475.000000
1327.000000,1506.000000
60.000000,1517.000000
1970.000000,1532.000000
1719.000000,1538.000000
94.000000,1545.000000
549.000000,1578.000000
762.000000,1588.000000
1057.000000,1592.000000
65.000000,1595.000000
489.000000,1595.000000
565.000000,1596.000000
1310.000000,1602.000000
1259.000000,1604.000000
367.000000,1634.000000
1364.000000,1650.000000
426.000000,1652.000000
1639.000000,1670.000000
662.000000,1671.000000
624.000000,1680.000000
1001.000000,1680.000000
597.000000,1689.000000
1917.000000,1693.000000
1041.000000,1715.000000
1557.000000,1718.000000
825.000000,1724.000000
115.000000,1727.000000
800.000000,1730.000000
184.000000,1735.000000
1229.000000,1739.000000
843.000000,1745.000000
1276.000000,1746.000000
1762.000000,1754.000000
1665.000000,1772.000000
838.000000,1773.000000
697.000000,1776.000000
1030.000000,1780.000000
1020.000000,1798.000000
1516.000000,1802.000000
344.000000,1820.000000
935.000000,1824.000000
1601.000000,1837.000000
1689.000000,1851.000000
595.000000,1858.000000
2015.000000,1877.000000
1562.000000,1884.000000
1964.000000,1894.000000
659.000000,1896.000000
477.000000,1902.000000
1278.000000,1906.000000
850.000000,1916.000000
1716.000000,1967.000000
814.000000,1975.000000
27.000000,1979.000000
522.000000,1980.000000
403.000000,1989.000000
814.000000,1995.000000
48.000000,2005.000000
LINES
1373.000000,325.000000,1461.000000,422.000000
1817.000000,1057.000000,1793.000000,1196.000000
637.000000,1353.000000,808.000000,1421.000000
808.000000,1421.000000,976.000000,1433.000000
367.000000,557.000000,590.000000,601.000000
1160.000000,909.000000,1236.000000,997.000000
1327.000000,1506.000000,1364.000000,1650.000000
1090.000000,1268.000000,1235.000000,1407.000000
548.000000,96.000000,581.000000,114.000000
1165.000000,846.000000,1236.000000,997.000000
1495.000000,7.000000,1431.000000,55.000000
431.000000,774.000000,624.000000,1026.000000
1657.000000,539.000000,1734.000000,752.000000
1528.000000,862.000000,1571.000000,1158.000000
1090.000000,1268.000000,1277.000000,1299.000000
1689.000000,1851.000000,1562.000000,1884.000000
581.000000,114.000000,722.000000,215.000000
1404.000000,1114.000000,1571.000000,1158.000000
1099.000000,521.000000,1231.000000,595.000000
1624.000000,1338.000000,1557.000000,1718.000000
209.000000,371.000000,21.000000,410.000000
1431.000000,55.000000,1574.000000,68.000000
865.000000,661.000000,645.000000,905.000000
808.000000,1421.000000,701.000000,1438.000000
697.000000,1776.000000,814.000000,1975.000000
865.000000,661.000000,1104.000000,858.000000
10.000000,188.000000,27.000000,1979.000000
701.000000,1438.000000,762.000000,1588.000000
707.000000,642.000000,629.000000,771.000000
1327.000000,1506.000000,1057.000000,1592.000000
1327.000000,1178.000000,1532.000000,1308.000000
27.000000,1979.000000,48.000000,2005.000000
629.000000,355.000000,801.000000,359.000000
1516.000000,1802.000000,1601.000000,1837.000000
169.000000,897.000000,171.000000,984.000000
552.000000,90.000000,548.000000,96.000000
200.000000,1393.000000,94.000000,1545.000000
624.000000,1680.000000,597.000000,1689.000000
329.000000,1228.000000,393.000000,1358.000000
414.000000,1231.000000,637.000000,1353.000000
455.000000,1408.000000,530.000000,1475.000000
1856.000000,971.000000,1932.000000,1121.000000
1957.000000,131.000000,1893.000000,317.000000
310.000000,97.000000,317.000000,147.000000
1027.000000,237.000000,1029.000000,356.000000
61.000000,183.000000,10.000000,188.000000
1404.000000,1114.000000,1414.000000,1166.000000
1911.000000,452.000000,1878.000000,593.000000
701.000000,1438.000000,530.000000,1475.000000
331.000000,245.000000,195.000000,467.000000
325.000000,535.000000,209.000000,695.000000
1668.000000,111.000000,1740.000000,428.000000
209.000000,695.000000,169.000000,897.000000
1041.000000,1715.000000,1276.000000,1746.000000
10.000000,188.000000,49.000000,995.000000
392.000000,458.000000,367.000000,557.000000
1349.000000,939.000000,1236.000000,997.000000
978.000000,954.000000,1052.000000,959.000000
2015.000000,1877.000000,1964.000000,1894.000000
65.000000,1595.000000,115.000000,1727.000000
662.000000,1671.000000,597.000000,1689.000000
377.000000,386.000000,530.000000,391.000000
1639.000000,1670.000000,1557.000000,1718.000000
654.000000,1114.000000,666.000000,1156.000000
629.000000,771.000000,587.000000,889.000000
1973.000000,791.000000,2013.000000,1052.000000
331.000000,245.000000,377.000000,386.000000
367.000000,1634.000000,426.000000,1652.000000
1957.000000,131.000000,2007.000000,539.000000
978.000000,954.000000,966.000000,991.000000
461.000000,7.000000,1173.000000,57.000000
367.000000,1634.000000,344.000000,1820.000000
542.000000,758.000000,629.000000,771.000000
1020.000000,1798.000000,935.000000,1824.000000
1273.000000,697.000000,1349.000000,939.000000
1360.000000,303.000000,1401.000000,486.000000
1932.000000,1121.000000,1793.000000,1196.000000
1327.000000,1506.000000,1557.000000,1718.000000
1360.000000,303.000000,1237.000000,342.000000
1964.000000,1894.000000,1716.000000,1967.000000
581.000000,114.000000,548.000000,324.000000
414.000000,1231.000000,393.000000,1358.000000
1973.000000,791.000000,1856.000000,971.000000
530.000000,1475.000000,549.000000,1578.000000
115.000000,1727.000000,184.000000,1735.000000
1881.000000,1286.000000,1810.000000,1384.000000
1624.000000,218.000000,1508.000000,270.000000
1810.000000,1384.000000,1719.000000,1538.000000
790.000000,729.000000,645.000000,905.000000
1084.000000,1146.000000,1327.000000,1178.000000
843.000000,1745.000000,838.000000,1773.000000
530.000000,391.000000,392.000000,458.000000
1235.000000,1407.000000,1057.000000,1592.000000
344.000000,1820.000000,595.000000,1858.000000
62.000000,204.000000,201.000000,316.000000
1020.000000,1798.000000,850.000000,1916.000000
1029.000000,356.000000,590.000000,601.000000
280.000000,1072.000000,200.000000,1393.000000
1027.000000,237.000000,1237.000000,342.000000
1165.000000,846.000000,1160.000000,909.000000
662.000000,1671.000000,800.000000,1730.000000
203.000000,129.000000,317.000000,147.000000
168.000000,41.000000,203.000000,129.000000
99.000000,143.000000,61.000000,183.000000
1278.000000,1906.000000,814.000000,1995.000000
479.000000,1021.000000,421.000000,1056.000000
1508.000000,270.000000,1461.000000,422.000000
565.000000,1596.000000,662.000000,1671.000000
707.000000,642.000000,683.000000,737.000000
168.000000,41.000000,317.000000,147.000000
214.000000,983.000000,280.000000,1072.000000
1940.000000,300.000000,2007.000000,539.000000
1030.000000,1780.000000,1278.000000,1906.000000
1364.000000,1650.000000,1557.000000,1718.000000
280.000000,1072.000000,414.000000,1231.000000
1404.000000,1114.000000,1619.000000,1319.000000
331.000000,245.000000,209.000000,371.000000
1639.000000,1670.000000,1917.000000,1693.000000
2013.000000,1052.000000,1932.000000,1121.000000
1734.000000,752.000000,1807.000000,914.000000
1639.000000,1670.000000,1665.000000,1772.000000
99.000000,143.000000,201.000000,316.000000
201.000000,316.000000,62.000000,348.000000
1489.000000,1029.000000,1404.000000,1114.000000
331.000000,245.000000,201.000000,316.000000
392.000000,458.000000,325.000000,535.000000
1029.000000,356.000000,1099.000000,521.000000
1810.000000,1384.000000,1970.000000,1532.000000
1856.000000,971.000000,2013.000000,1052.000000
329.000000,1228.000000,414.000000,1231.000000
581.000000,114.000000,935.000000,133.000000
344.000000,1820.000000,48.000000,2005.000000
200.000000,1393.000000,367.000000,1634.000000
1495.000000,7.000000,1574.000000,68.000000
637.000000,1353.000000,455.000000,1408.000000
280.000000,1072.000000,34.000000,1174.000000
762.000000,1588.000000,662.000000,1671.000000
329.000000,1228.000000,402.000000,1403.000000
1893.000000,317.000000,1740.000000,428.000000
1619.000000,1319.000000,1624.000000,1338.000000
34.000000,1174.000000,94.000000,1545.000000
310.000000,97.000000,342.000000,120.000000
654.000000,1114.000000,808.000000,1421.000000
392.000000,458.000000,590.000000,601.000000
707.000000,642.000000,542.000000,758.000000
1344.000000,283.000000,1360.000000,303.000000
683.000000,737.000000,629.000000,771.000000
1639.000000,1670.000000,1762.000000,1754.000000
565.000000,1596.000000,624.000000,1680.000000
421.000000,1056.000000,637.000000,1353.000000
431.000000,774.000000,214.000000,983.000000
367.000000,557.000000,431.000000,774.000000
1052.000000,959.000000,1327.000000,1178.000000
549.000000,1578.000000,762.000000,1588.000000
421.000000,1056.000000,666.000000,1156.000000
1751.000000,826.000000,1571.000000,1158.000000
587.000000,889.000000,645.000000,905.000000
1165.000000,846.000000,1104.000000,858.000000
461.000000,7.000000,342.000000,120.000000
629.000000,355.000000,392.000000,458.000000
801.000000,359.000000,590.000000,601.000000
1601.000000,1837.000000,1689.000000,1851.000000
1619.000000,1319.000000,1557.000000,1718.000000
461.000000,7.000000,168.000000,41.000000
1893.000000,317.000000,1911.000000,452.000000
1029.000000,356.000000,865.000000,661.000000
10.000000,188.000000,34.000000,1174.000000
1878.000000,593.000000,1734.000000,752.000000
426.000000,1652.000000,344.000000,1820.000000
115.000000,1727.000000,27.000000,1979.000000
1479.000000,454.000000,1417.000000,488.000000
590.000000,601.000000,707.000000,642.000000
325.000000,535.000000,61.000000,575.000000
1173.000000,57.000000,935.000000,133.000000
522.000000,1980.000000,403.000000,1989.000000
377.000000,386.000000,528.000000,389.000000
1273.000000,697.000000,1165.000000,846.000000
99.000000,143.000000,10.000000,188.000000
1940.000000,300.000000,1893.000000,317.000000
865.000000,661.000000,790.000000,729.000000
1104.000000,858.000000,1052.000000,959.000000
1734.000000,752.000000,1528.000000,862.000000
1057.000000,1592.000000,1001.000000,1680.000000
1528.000000,862.000000,1513.000000,868.000000
1719.000000,1538.000000,1917.000000,1693.000000
1689.000000,1851.000000,1716.000000,1967.000000
1165.000000,846.000000,1349.000000,939.000000
171.000000,984.000000,34.000000,1174.000000
825.000000,1724.000000,935.000000,1824.000000
1967.000000,526.000000,2007.000000,539.000000
1911.000000,452.000000,1967.000000,526.000000
489.000000,1595.000000,367.000000,1634.000000
1020.000000,1798.000000,814.000000,1995.000000
1461.000000,422.000000,1571.000000,439.000000
1361.000000,174.000000,1344.000000,283.000000
1395.000000,457.000000,1417.000000,488.000000
1740.000000,428.000000,1571.000000,439.000000
461.000000,7.000000,581.000000,114.000000
762.000000,1588.000000,800.000000,1730.000000
1807.000000,914.000000,1856.000000,971.000000
94.000000,1545.000000,65.000000,1595.000000
171.000000,984.000000,280.000000,1072.000000
976.000000,1433.000000,1057.000000,1592.000000
1624.000000,218.000000,1660.000000,250.000000
697.000000,1776.000000,595.000000,1858.000000
1932.000000,1121.000000,1881.000000,1286.000000
1165.000000,846.000000,1052.000000,959.000000
1932.000000,1121.000000,1970.000000,1532.000000
421.000000,1056.000000,280.000000,1072.000000
34.000000,1174.000000,60.000000,1517.000000
377.000000,386.000000,392.000000,458.000000
393.000000,1358.000000,402.000000,1403.000000
548.000000,324.000000,528.000000,389.000000
1364.000000,1650.000000,1276.000000,1746.000000
1513.000000,868.000000,1349.000000,939.000000
1090.000000,1268.000000,976.000000,1433.000000
587.000000,889.000000,624.000000,1026.000000
1401.000000,486.000000,1417.000000,488.000000
1665.000000,1772.000000,1516.000000,1802.000000
1104.000000,858.000000,978.000000,954.000000
1513.000000,868.000000,1489.000000,1029.000000
61.000000,575.000000,49.000000,995.000000
344.000000,1820.000000,477.000000,1902.000000
195.000000,467.000000,325.000000,535.000000
1277.000000,1299.000000,1425.000000,1379.000000
966.000000,991.000000,654.000000,1114.000000
200.000000,1393.000000,402.000000,1403.000000
1327.000000,1506.000000,1310.000000,1602.000000
662.000000,1671.000000,697.000000,1776.000000
169.000000,897.000000,214.000000,983.000000
1762.000000,1434.000000,1719.000000,1538.000000
1751.000000,826.000000,1793.000000,1196.000000
1651.000000,1233.000000,1619.000000,1319.000000
548.000000,96.000000,342.000000,120.000000
2007.000000,539.000000,1878.000000,593.000000
201.000000,316.000000,21.000000,410.000000
403.000000,1989.000000,48.000000,2005.000000
1793.000000,1196.000000,1651.000000,1233.000000
645.000000,905.000000,966.000000,991.000000
10.000000,188.000000,21.000000,410.000000
800.000000,1730.000000,838.000000,1773.000000
1090.000000,1268.000000,808.000000,1421.000000
1030.000000,1780.000000,1020.000000,1798.000000
814.000000,1995.000000,48.000000,2005.000000
34.000000,1174.000000,27.000000,1979.000000
1277.000000,1299.000000,1532.000000,1308.000000
1360.000000,303.000000,1373.000000,325.000000
624.000000,1026.000000,654.000000,1114.000000
1361.000000,174.000000,1345.000000,232.000000
1001.000000,1680.000000,825.000000,1724.000000
1327.000000,1178.000000,1277.000000,1299.000000
800.000000,1730.000000,843.000000,1745.000000
565.000000,1596.000000,367.000000,1634.000000
1345.000000,232.000000,1027.000000,237.000000
1881.000000,1286.000000,1970.000000,1532.000000
1660.000000,250.000000,1740.000000,428.000000
935.000000,1824.000000,850.000000,1916.000000
1571.000000,439.000000,1479.000000,454.000000
1508.000000,270.000000,1373.000000,325.000000
673.000000,1413.000000,530.000000,1475.000000
1041.000000,1715.000000,1030.000000,1780.000000
596.000000,842.000000,587.000000,889.000000
1967.000000,526.000000,1878.000000,593.000000
666.000000,1156.000000,637.000000,1353.000000
1052.000000,959.000000,1056.000000,1147.000000
1516.000000,1802.000000,1689.000000,1851.000000
637.000000,1353.000000,402.000000,1403.000000
935.000000,133.000000,1029.000000,356.000000
1001.000000,1680.000000,935.000000,1824.000000
935.000000,133.000000,801.000000,359.000000
666.000000,1156.000000,808.000000,1421.000000
697.000000,1776.000000,659.000000,1896.000000
624.000000,1026.000000,666.000000,1156.000000
637.000000,1353.000000,701.000000,1438.000000
678.000000,279.000000,548.000000,324.000000
530.000000,1475.000000,489.000000,1595.000000
1231.000000,595.000000,1528.000000,862.000000
1425.000000,1379.000000,1327.000000,1506.000000
21.000000,410.000000,49.000000,995.000000
431.000000,774.000000,587.000000,889.000000
549.000000,1578.000000,565.000000,1596.000000
1911.000000,452.000000,2007.000000,539.000000
1571.000000,439.000000,1417.000000,488.000000
1740.000000,428.000000,1657.000000,539.000000
367.000000,557.000000,542.000000,758.000000
426.000000,1652.000000,595.000000,1858.000000
528.000000,389.000000,530.000000,391.000000
542.000000,758.000000,596.000000,842.000000
1099.000000,521.000000,1273.000000,697.000000
1751.000000,826.000000,1817.000000,1057.000000
461.000000,7.000000,552.000000,90.000000
935.000000,133.000000,1027.000000,237.000000
214.000000,983.000000,215.000000,996.000000
414.000000,1231.000000,402.000000,1403.000000
215.000000,996.000000,280.000000,1072.000000
1401.000000,486.000000,1231.000000,595.000000
1622.000000,544.000000,1734.000000,752.000000
1932.000000,1121.000000,2015.000000,1877.000000
342.000000,120.000000,528.000000,389.000000
1495.000000,7.000000,1330.000000,103.000000
209.000000,695.000000,431.000000,774.000000
1344.000000,283.000000,1237.000000,342.000000
1807.000000,914.000000,1817.000000,1057.000000
683.000000,737.000000,645.000000,905.000000
1571.000000,1158.000000,1793.000000,1196.000000
1273.000000,697.000000,1104.000000,858.000000
1528.000000,862.000000,1489.000000,1029.000000
461.000000,7.000000,1495.000000,7.000000
1361.000000,174.000000,1624.000000,218.000000
1235.000000,1407.000000,1327.000000,1506.000000
800.000000,1730.000000,697.000000,1776.000000
850.000000,1916.000000,814.000000,1995.000000
479.000000,1021.000000,624.000000,1026.000000
629.000000,771.000000,645.000000,905.000000
549.000000,1578.000000,489.000000,1595.000000
191.000000,563.000000,209.000000,695.000000
1349.000000,939.000000,1404.000000,1114.000000
403.000000,1989.000000,814.000000,1995.000000
1310.000000,1602.000000,1364.000000,1650.000000
21.000000,410.000000,195.000000,467.000000
62.000000,204.000000,62.000000,348.000000
552.000000,90.000000,581.000000,114.000000
377.000000,386.000000,325.000000,535.000000
590.000000,601.000000,542.000000,758.000000
65.000000,1595.000000,27.000000,1979.000000
1052.000000,959.000000,1084.000000,1146.000000
195.000000,467.000000,61.000000,575.000000
935.000000,133.000000,722.000000,215.000000
1173.000000,57.000000,1345.000000,232.000000
1404.000000,1114.000000,1327.000000,1178.000000
2007.000000,539.000000,2013.000000,1052.000000
659.000000,1896.000000,477.000000,1902.000000
60.000000,1517.000000,94.000000,1545.000000
1029.000000,356.000000,801.000000,359.000000
629.000000,355.000000,590.000000,601.000000
1571.000000,1158.000000,1619.000000,1319.000000
1970.000000,1532.000000,1917.000000,1693.000000
659.000000,1896.000000,522.000000,1980.000000
597.000000,1689.000000,595.000000,1858.000000
1364.000000,1650.000000,1516.000000,1802.000000
325.000000,535.000000,367.000000,557.000000
1001.000000,1680.000000,1041.000000,1715.000000
1259.000000,1604.000000,1229.000000,1739.000000
1917.000000,1693.000000,1762.000000,1754.000000
825.000000,1724.000000,843.000000,1745.000000
1762.000000,1754.000000,1665.000000,1772.000000
477.000000,1902.000000,403.000000,1989.000000
707.000000,642.000000,865.000000,661.000000
21.000000,410.000000,61.000000,575.000000
169.000000,897.000000,49.000000,995.000000
168.000000,41.000000,10.000000,188.000000
402.000000,1403.000000,367.000000,1634.000000
214.000000,983.000000,624.000000,1026.000000
342.000000,120.000000,331.000000,245.000000
1414.000000,1166.000000,1619.000000,1319.000000
808.000000,1421.000000,762.000000,1588.000000
209.000000,371.000000,195.000000,467.000000
1431.000000,55.000000,1624.000000,218.000000
548.000000,324.000000,629.000000,355.000000
1237.000000,342.000000,1401.000000,486.000000
1917.000000,1693.000000,2015.000000,1877.000000
1668.000000,111.000000,1624.000000,218.000000
331.000000,245.000000,528.000000,389.000000
1276.000000,1746.000000,1278.000000,1906.000000
673.000000,1413.000000,701.000000,1438.000000
838.000000,1773.000000,935.000000,1824.000000
1751.000000,826.000000,1528.000000,862.000000
214.000000,983.000000,171.000000,984.000000
99.000000,143.000000,288.000000,219.000000
800.000000,1730.000000,850.000000,1916.000000
203.000000,129.000000,288.000000,219.000000
1734.000000,752.000000,1751.000000,826.000000
426.000000,1652.000000,597.000000,1689.000000
1029.000000,356.000000,707.000000,642.000000
565.000000,1596.000000,426.000000,1652.000000
966.000000,991.000000,1056.000000,1147.000000
377.000000,386.000000,195.000000,467.000000
1532.000000,1308.000000,1425.000000,1379.000000
659.000000,1896.000000,814.000000,1975.000000
65.000000,1595.000000,184.000000,1735.000000
329.000000,1228.000000,200.000000,1393.000000
678.000000,279.000000,629.000000,355.000000
1041.000000,1715.000000,1229.000000,1739.000000
865.000000,661.000000,1273.000000,697.000000
168.000000,41.000000,310.000000,97.000000
1856.000000,971.000000,1817.000000,1057.000000
1236.000000,997.000000,1327.000000,1178.000000
1395.000000,457.000000,1401.000000,486.000000
762.000000,1588.000000,825.000000,1724.000000
1052.000000,959.000000,1236.000000,997.000000
595.000000,1858.000000,477.000000,1902.000000
1259.000000,1604.000000,1364.000000,1650.000000
1160.000000,909.000000,1052.000000,959.000000
1461.000000,422.000000,1395.000000,457.000000
280.000000,1072.000000,94.000000,1545.000000
1495.000000,7.000000,1668.000000,111.000000
1364.000000,1650.000000,1562.000000,1884.000000
629.000000,355.000000,528.000000,389.000000
1461.000000,422.000000,1417.000000,488.000000
1030.000000,1780.000000,935.000000,1824.000000
662.000000,1671.000000,624.000000,1680.000000
2015.000000,1877.000000,1716.000000,1967.000000
344.000000,1820.000000,403.000000,1989.000000
1719.000000,1538.000000,1639.000000,1670.000000
288.000000,219.000000,201.000000,316.000000
1740.000000,428.000000,1734.000000,752.000000
344.000000,1820.000000,27.000000,1979.000000
1235.000000,1407.000000,976.000000,1433.000000
966.000000,991.000000,1090.000000,1268.000000
1231.000000,595.000000,1273.000000,697.000000
10.000000,188.000000,62.000000,348.000000
2007.000000,539.000000,1734.000000,752.000000
1793.000000,1196.000000,1881.000000,1286.000000
1970.000000,1532.000000,1719.000000,1538.000000
1793.000000,1196.000000,1624.000000,1338.000000
1401.000000,486.000000,1622.000000,544.000000
191.000000,563.000000,61.000000,575.000000
1041.000000,1715.000000,935.000000,1824.000000
814.000000,1975.000000,522.000000,1980.000000
1276.000000,1746.000000,1030.000000,1780.000000
61.000000,183.000000,62.000000,204.000000
865.000000,661.000000,966.000000,991.000000
595.000000,1858.000000,659.000000,1896.000000
1273.000000,697.000000,1513.000000,868.000000
1360.000000,303.000000,1395.000000,457.000000
1259.000000,1604.000000,1276.000000,1746.000000
1565.000000,258.000000,1508.000000,270.000000
1173.000000,57.000000,1330.000000,103.000000
200.000000,1393.000000,65.000000,1595.000000
60.000000,1517.000000,27.000000,1979.000000
1762.000000,1754.000000,1716.000000,1967.000000
1793.000000,1196.000000,1762.000000,1434.000000
1657.000000,539.000000,1622.000000,544.000000
1310.000000,1602.000000,1259.000000,1604.000000
1414.000000,1166.000000,1327.000000,1178.000000
1562.000000,1884.000000,814.000000,1995.000000
1968.000000,790.000000,1973.000000,791.000000
1557.000000,1718.000000,1665.000000,1772.000000
1052.000000,959.000000,966.000000,991.000000
1565.000000,258.000000,1571.000000,439.000000
171.000000,984.000000,49.000000,995.000000
1574.000000,68.000000,1668.000000,111.000000
1237.000000,342.000000,1099.000000,521.000000
201.000000,316.000000,209.000000,371.000000
402.000000,1403.000000,455.000000,1408.000000
280.000000,1072.000000,329.000000,1228.000000
1401.000000,486.000000,1099.000000,521.000000
1495.000000,7.000000,1957.000000,131.000000
1057.000000,1592.000000,1259.000000,1604.000000
530.000000,1475.000000,367.000000,1634.000000
1461.000000,422.000000,1479.000000,454.000000
203.000000,129.000000,99.000000,143.000000
1173.000000,57.000000,581.000000,114.000000
1020.000000,1798.000000,1278.000000,1906.000000
1619.000000,1319.000000,1425.000000,1379.000000
722.000000,215.000000,801.000000,359.000000
565.000000,1596.000000,597.000000,1689.000000
678.000000,279.000000,801.000000,359.000000
1532.000000,1308.000000,1619.000000,1319.000000
1327.000000,1506.000000,1259.000000,1604.000000
402.000000,1403.000000,530.000000,1475.000000
1762.000000,1754.000000,2015.000000,1877.000000
61.000000,575.000000,209.000000,695.000000
10.000000,188.000000,62.000000,204.000000
843.000000,1745.000000,935.000000,1824.000000
214.000000,983.000000,421.000000,1056.000000
49.000000,995.000000,34.000000,1174.000000
1277.000000,1299.000000,1235.000000,1407.000000
808.000000,1421.000000,825.000000,1724.000000
1237.000000,342.000000,1029.000000,356.000000
1571.000000,1158.000000,1651.000000,1233.000000
1431.000000,55.000000,1330.000000,103.000000
1508.000000,270.000000,1360.000000,303.000000
1173.000000,57.000000,1361.000000,174.000000
1345.000000,232.000000,1344.000000,283.000000
790.000000,729.000000,683.000000,737.000000
342.000000,120.000000,317.000000,147.000000
1229.000000,1739.000000,1276.000000,1746.000000
184.000000,1735.000000,27.000000,1979.000000
808.000000,1421.000000,1057.000000,1592.000000
1740.000000,428.000000,1911.000000,452.000000
1516.000000,1802.000000,1562.000000,1884.000000
1084.000000,1146.000000,1056.000000,1147.000000
701.000000,1438.000000,549.000000,1578.000000
214.000000,983.000000,479.000000,1021.000000
1622.000000,544.000000,1231.000000,595.000000
1099.000000,521.000000,865.000000,661.000000
1619.000000,1319.000000,1327.000000,1506.000000
1273.000000,697.000000,1528.000000,862.000000
168.000000,41.000000,99.000000,143.000000
800.000000,1730.000000,814.000000,1975.000000
542.000000,758.000000,431.000000,774.000000
2007.000000,539.000000,1973.000000,791.000000
1084.000000,1146.000000,1090.000000,1268.000000
209.000000,695.000000,49.000000,995.000000
1622.000000,544.000000,1528.000000,862.000000
62.000000,348.000000,21.000000,410.000000
1373.000000,325.000000,1395.000000,457.000000
850.000000,1916.000000,814.000000,1975.000000
1173.000000,57.000000,1027.000000,237.000000
707.000000,642.000000,790.000000,729.000000
1740.000000,428.000000,1878.000000,593.000000
1660.000000,250.000000,1565.000000,258.000000
461.000000,7.000000,548.000000,96.000000
1565.000000,258.000000,1461.000000,422.000000
522.000000,1980.000000,814.000000,1995.000000
1762.000000,1754.000000,1689.000000,1851.000000
629.000000,771.000000,596.000000,842.000000
1057.000000,1592.000000,1229.000000,1739.000000
549.000000,1578.000000,662.000000,1671.000000
1651.000000,1233.000000,1624.000000,1338.000000
1345.000000,232.000000,1237.000000,342.000000
1236.000000,997.000000,1404.000000,1114.000000
1660.000000,250.000000,1571.000000,439.000000
1056.000000,1147.000000,1090.000000,1268.000000
722.000000,215.000000,548.000000,324.000000
1361.000000,174.000000,1360.000000,303.000000
1810.000000,1384.000000,1762.000000,1434.000000
1562.000000,1884.000000,1278.000000,1906.000000
1970.000000,1532.000000,2015.000000,1877.000000
645.000000,905.000000,654.000000,1114.000000
1349.000000,939.000000,1489.000000,1029.000000
1571.000000,439.000000,1622.000000,544.000000
2007.000000,539.000000,1968.000000,790.000000
1957.000000,131.000000,1940.000000,300.000000
1431.000000,55.000000,1361.000000,174.000000
60.000000,1517.000000,65.000000,1595.000000
367.000000,557.000000,209.000000,695.000000
171.000000,984.000000,215.000000,996.000000
1327.000000,1178.000000,1090.000000,1268.000000
479.000000,1021.000000,666.000000,1156.000000
722.000000,215.000000,678.000000,279.000000
1417.000000,488.000000,1622.000000,544.000000
597.000000,1689.000000,697.000000,1776.000000
814.000000,1975.000000,814.000000,1995.000000
1330.000000,103.000000,1361.000000,174.000000
1495.000000,7.000000,1173.000000,57.000000
184.000000,1735.000000,344.000000,1820.000000
825.000000,1724.000000,800.000000,1730.000000
838.000000,1773.000000,850.000000,1916.000000
1364.000000,1650.000000,1278.000000,1906.000000
1734.000000,752.000000,1968.000000,790.000000
1557.000000,1718.000000,1516.000000,1802.000000
629.000000,355.000000,530.000000,391.000000
209.000000,695.000000,214.000000,983.000000
489.000000,1595.000000,565.000000,1596.000000
1489.000000,1029.000000,1571.000000,1158.000000
1668.000000,111.000000,1957.000000,131.000000
865.000000,661.000000,978.000000,954.000000
1734.000000,752.000000,1973.000000,791.000000
1624.000000,1338.000000,1762.000000,1434.000000
645.000000,905.000000,624.000000,1026.000000
637.000000,1353.000000,673.000000,1413.000000
1940.000000,300.000000,1911.000000,452.000000
317.000000,147.000000,331.000000,245.000000
1057.000000,1592.000000,1041.000000,1715.000000
581.000000,114.000000,528.000000,389.000000
1425.000000,1379.000000,1235.000000,1407.000000
1973.000000,791.000000,1807.000000,914.000000
1740.000000,428.000000,1622.000000,544.000000
637.000000,1353.000000,530.000000,1475.000000
1762.000000,1434.000000,1557.000000,1718.000000
461.000000,7.000000,310.000000,97.000000
1361.000000,174.000000,1508.000000,270.000000
288.000000,219.000000,331.000000,245.000000
1817.000000,1057.000000,1932.000000,1121.000000
1562.000000,1884.000000,1716.000000,1967.000000
325.000000,535.000000,191.000000,563.000000
1601.000000,1837.000000,1562.000000,1884.000000
1574.000000,68.000000,1624.000000,218.000000
1624.000000,218.000000,1565.000000,258.000000
1751.000000,826.000000,1807.000000,914.000000
431.000000,774.000000,596.000000,842.000000
2013.000000,1052.000000,2015.000000,1877.000000
1665.000000,1772.000000,1689.000000,1851.000000
367.000000,1634.000000,184.000000,1735.000000
421.000000,1056.000000,414.000000,1231.000000
317.000000,147.000000,288.000000,219.000000
1668.000000,111.000000,1660.000000,250.000000
477.000000,1902.000000,522.000000,1980.000000
1668.000000,111.000000,1893.000000,317.000000
99.000000,143.000000,62.000000,204.000000
1719.000000,1538.000000,1557.000000,1718.000000
1414.000000,1166.000000,1532.000000,1308.000000
1881.000000,1286.000000,1762.000000,1434.000000
65.000000,1595.000000,367.000000,1634.000000
1716.000000,1967.000000,814.000000,1995.000000
548.000000,96.000000,528.000000,389.000000
654.000000,1114.000000,1090.000000,1268.000000
1057.000000,1592.000000,825.000000,1724.000000
