POINTS
457.000000,4.000000
466.000000,8.000000
1120.000000,41.000000
733.000000,45.000000
709.000000,58.000000
1840.000000,62.000000
2004.000000,67.000000
1999.000000,75.000000
1136.000000,90.000000
1675.000000,101.000000
1004.000000,114.000000
1393.000000,114.000000
963.000000,117.000000
900.000000,145.000000
1253.000000,153.000000
700.000000,173.000000
790.000000,173.000000
559.000000,178.000000
783.000000,186.000000
908.000000,187.000000
945.000000,190.000000
756.000000,205.000000
336.000000,214.000000
560.000000,223.000000
354.000000,260.000000
751.000000,261.000000
1988.000000,277.000000
1864.000000,290.000000
1910.000000,294.000000
290.000000,295.000000
1154.000000,301.000000
1185.000000,319.000000
1933.000000,319.000000
37.000000,329.000000
1181.000000,347.000000
262.000000,397.000000
545.000000,399.000000
1318.000000,401.000000
652.000000,403.000000
1143.000000,423.000000
527.000000,424.000000
2090.000000,433.000000
390.000000,434.000000
1205.000000,449.000000
254.000000,465.000000
999.000000,484.000000
25.000000,487.000000
753.000000,491.000000
1082.000000,493.000000
1362.000000,496.000000
1196.000000,499.000000
873.000000,503.000000
754.000000,535.000000
87.000000,553.000000
1554.000000,562.000000
1218.000000,569.000000
1036.000000,582.000000
965.000000,587.000000
13.000000,616.000000
787.000000,616.000000
729.000000,619.000000
1300.000000,628.000000
2041.000000,636.000000
1393.000000,644.000000
664.000000,646.000000
911.000000,649.000000
1777.000000,667.000000
1618.000000,690.000000
634.000000,695.000000
1145.000000,697.000000
1149.000000,705.000000
1457.000000,715.000000
655.000000,726.000000
1479.000000,729.000000
1400.000000,737.000000
1130.000000,740.000000
399.000000,771.000000
945.000000,771.000000
1585.000000,798.000000
1949.000000,798.000000
733.000000,805.000000
1615.000000,805.000000
155.000000,811.000000
26.000000,816.000000
813.000000,816.000000
1106.000000,832.000000
4.000000,834.000000
1135.000000,835.000000
526.000000,836.000000
1226.000000,844.000000
1646.000000,849.000000
742.000000,864.000000
1199.000000,873.000000
546.000000,889.000000
2042.000000,891.000000
615.000000,893.000000
330.000000,900.000000
1867.000000,924.000000
805.000000,929.000000
1443.000000,933.000000
1254.000000,955.000000
762.000000,957.000000
1068.000000,960.000000
1633.000000,961.000000
107.000000,975.000000
622.000000,983.000000
1386.000000,999.000000
1104.000000,1000.000000
167.000000,1004.000000
1674.000000,1005.000000
1986.000000,1015.000000
434.000000,1023.000000
1154.000000,1023.000000
918.000000,1041.000000
226.000000,1066.000000
884.000000,1087.000000
1158.000000,1104.000000
577.000000,1109.000000
446.000000,1112.000000
1946.000000,1112.000000
1920.000000,1115.000000
1602.000000,1128.000000
1528.000000,1130.000000
372.000000,1136.000000
1486.000000,1138.000000
1608.000000,1143.000000
1841.000000,1144.000000
608.000000,1205.000000
1926.000000,1208.000000
950.000000,1214.000000
2092.000000,1221.000000
73.000000,1222.000000
8.000000,1241.000000
567.000000,1248.000000
1663.000000,1249.000000
728.000000,1272.000000
833.000000,1276.000000
1155.000000,1276.000000
148.000000,1277.000000
663.000000,1289.000000
581.000000,1293.000000
1161.000000,1298.000000
718.000000,1301.000000
415.000000,1321.000000
1931.000000,1326.000000
1943.000000,1396.000000
1765.000000,1437.000000
886.000000,1443.000000
1635.000000,1443.000000
1179.000000,1446.000000
1305.000000,1458.000000
852.000000,1473.000000
106.000000,1482.000000
1511.000000,1505.000000
1718.000000,1506.000000
1434.000000,1507.000000
1140.000000,1526.000000
337.000000,1547.000000
897.000000,1547.000000
1559.000000,1569.000000
279.000000,1578.000000
458.000000,1592.000000
842.000000,1593.000000
263.000000,1603.000000
794.000000,1620.000000
681.000000,1621.000000
777.000000,1622.000000
96.000000,1647.000000
913.000000,1658.000000
214.000000,1663.000000
775.000000,1663.000000
1077.000000,1673.000000
1638.000000,1690.000000
525.000000,1701.000000
762.000000,1706.000000
460.000000,1741.000000
2060.000000,1752.000000
134.000000,1766.000000
1619.000000,1775.000000
401.000000,1781.000000
367.000000,1794.000000
2064.000000,1806.000000
1513.000000,1826.000000
1110.000000,1835.000000
1034.000000,1840.000000
1715.000000,1866.000000
1605.000000,1881.000000
1245.000000,1891.000000
184.000000,1896.000000
1669.000000,1938.000000
1799.000000,1938.000000
966.000000,1948.000000
1547.000000,1952.000000
2104.000000,1959.000000
1098.000000,1974.000000
798.000000,2007.000000
1034.000000,2026.000000
669.000000,2030.000000
1351.000000,2034.000000
1913.000000,2037.000000
428.000000,2048.000000
1801.000000,2051.000000
1649.000000,2057.000000
1888.000000,2068.000000
1897.000000,2068.000000
280.000000,2076.000000
827.000000,2077.000000
142.000000,2078.000000
1246.000000,2078.000000
3.000000,2085.000000
603.000000,2101.000000
LINES
107.000000,975.000000,73.000000,1222.000000
337.000000,1547.000000,458.000000,1592.000000
950.000000,1214.000000,886.000000,1443.000000
842.000000,1593.000000,777.000000,1622.000000
1082.000000,493.000000,1196.000000,499.000000
1386.000000,999.000000,1674.000000,1005.000000
1646.000000,849.000000,1633.000000,961.000000
1120.000000,41.000000,1136.000000,90.000000
729.000000,619.000000,634.000000,695.000000
652.000000,403.000000,729.000000,619.000000
134.000000,1766.000000,3.000000,2085.000000
945.000000,190.000000,652.000000,403.000000
1443.000000,933.000000,1386.000000,999.000000
96.000000,1647.000000,214.000000,1663.000000
567.000000,1248.000000,581.000000,1293.000000
457.000000,4.000000,2004.000000,67.000000
608.000000,1205.000000,567.000000,1248.000000
1158.000000,1104.000000,1161.000000,1298.000000
1675.000000,101.000000,1864.000000,290.000000
1082.000000,493.000000,1036.000000,582.000000
567.000000,1248.000000,415.000000,1321.000000
783.000000,186.000000,756.000000,205.000000
1486.000000,1138.000000,1608.000000,1143.000000
87.000000,553.000000,26.000000,816.000000
1140.000000,1526.000000,1245.000000,1891.000000
1840.000000,62.000000,1864.000000,290.000000
142.000000,2078.000000,3.000000,2085.000000
718.000000,1301.000000,852.000000,1473.000000
1161.000000,1298.000000,1140.000000,1526.000000
1143.000000,423.000000,999.000000,484.000000
1154.000000,301.000000,1185.000000,319.000000
655.000000,726.000000,615.000000,893.000000
669.000000,2030.000000,428.000000,2048.000000
336.000000,214.000000,545.000000,399.000000
1718.000000,1506.000000,1715.000000,1866.000000
1120.000000,41.000000,963.000000,117.000000
1605.000000,1881.000000,1669.000000,1938.000000
999.000000,484.000000,873.000000,503.000000
945.000000,771.000000,805.000000,929.000000
1120.000000,41.000000,900.000000,145.000000
787.000000,616.000000,911.000000,649.000000
354.000000,260.000000,390.000000,434.000000
911.000000,649.000000,1106.000000,832.000000
1602.000000,1128.000000,1608.000000,1143.000000
1362.000000,496.000000,1300.000000,628.000000
1145.000000,697.000000,1149.000000,705.000000
945.000000,771.000000,1106.000000,832.000000
1136.000000,90.000000,1253.000000,153.000000
446.000000,1112.000000,372.000000,1136.000000
1513.000000,1826.000000,1547.000000,1952.000000
4.000000,834.000000,167.000000,1004.000000
1140.000000,1526.000000,1077.000000,1673.000000
87.000000,553.000000,13.000000,616.000000
1801.000000,2051.000000,1888.000000,2068.000000
1949.000000,798.000000,1867.000000,924.000000
950.000000,1214.000000,1161.000000,1298.000000
886.000000,1443.000000,897.000000,1547.000000
390.000000,434.000000,26.000000,816.000000
1199.000000,873.000000,1254.000000,955.000000
733.000000,45.000000,709.000000,58.000000
2042.000000,891.000000,1867.000000,924.000000
1943.000000,1396.000000,1718.000000,1506.000000
1618.000000,690.000000,1646.000000,849.000000
1513.000000,1826.000000,1351.000000,2034.000000
73.000000,1222.000000,415.000000,1321.000000
401.000000,1781.000000,428.000000,2048.000000
1618.000000,690.000000,1867.000000,924.000000
1149.000000,705.000000,1130.000000,740.000000
1649.000000,2057.000000,1246.000000,2078.000000
754.000000,535.000000,787.000000,616.000000
1034.000000,2026.000000,827.000000,2077.000000
3.000000,2085.000000,603.000000,2101.000000
1888.000000,2068.000000,1246.000000,2078.000000
4.000000,834.000000,73.000000,1222.000000
434.000000,1023.000000,577.000000,1109.000000
2064.000000,1806.000000,1913.000000,2037.000000
1864.000000,290.000000,1777.000000,667.000000
330.000000,900.000000,372.000000,1136.000000
2092.000000,1221.000000,2060.000000,1752.000000
1185.000000,319.000000,1318.000000,401.000000
1106.000000,832.000000,1135.000000,835.000000
1674.000000,1005.000000,1602.000000,1128.000000
1161.000000,1298.000000,1305.000000,1458.000000
1602.000000,1128.000000,1528.000000,1130.000000
428.000000,2048.000000,280.000000,2076.000000
280.000000,2076.000000,3.000000,2085.000000
1434.000000,1507.000000,1638.000000,1690.000000
1351.000000,2034.000000,1246.000000,2078.000000
999.000000,484.000000,1082.000000,493.000000
827.000000,2077.000000,1246.000000,2078.000000
37.000000,329.000000,25.000000,487.000000
1999.000000,75.000000,1933.000000,319.000000
1300.000000,628.000000,1393.000000,644.000000
700.000000,173.000000,783.000000,186.000000
1931.000000,1326.000000,1943.000000,1396.000000
652.000000,403.000000,753.000000,491.000000
1253.000000,153.000000,1864.000000,290.000000
842.000000,1593.000000,681.000000,1621.000000
2060.000000,1752.000000,1799.000000,1938.000000
663.000000,1289.000000,718.000000,1301.000000
527.000000,424.000000,390.000000,434.000000
753.000000,491.000000,873.000000,503.000000
581.000000,1293.000000,852.000000,1473.000000
805.000000,929.000000,762.000000,957.000000
913.000000,1658.000000,775.000000,1663.000000
1143.000000,423.000000,1205.000000,449.000000
742.000000,864.000000,615.000000,893.000000
354.000000,260.000000,527.000000,424.000000
1841.000000,1144.000000,1926.000000,1208.000000
106.000000,1482.000000,263.000000,1603.000000
794.000000,1620.000000,775.000000,1663.000000
655.000000,726.000000,733.000000,805.000000
1674.000000,1005.000000,1663.000000,1249.000000
1004.000000,114.000000,900.000000,145.000000
1154.000000,1023.000000,1158.000000,1104.000000
545.000000,399.000000,652.000000,403.000000
226.000000,1066.000000,73.000000,1222.000000
886.000000,1443.000000,913.000000,1658.000000
546.000000,889.000000,615.000000,893.000000
37.000000,329.000000,13.000000,616.000000
390.000000,434.000000,87.000000,553.000000
1155.000000,1276.000000,1161.000000,1298.000000
4.000000,834.000000,3.000000,2085.000000
1646.000000,849.000000,1986.000000,1015.000000
1434.000000,1507.000000,1559.000000,1569.000000
1554.000000,562.000000,1457.000000,715.000000
1120.000000,41.000000,733.000000,45.000000
1254.000000,955.000000,1158.000000,1104.000000
1245.000000,1891.000000,1098.000000,1974.000000
733.000000,45.000000,900.000000,145.000000
655.000000,726.000000,26.000000,816.000000
525.000000,1701.000000,669.000000,2030.000000
263.000000,1603.000000,525.000000,1701.000000
1986.000000,1015.000000,1946.000000,1112.000000
2090.000000,433.000000,2092.000000,1221.000000
2042.000000,891.000000,1986.000000,1015.000000
728.000000,1272.000000,833.000000,1276.000000
1120.000000,41.000000,1393.000000,114.000000
1106.000000,832.000000,1226.000000,844.000000
1619.000000,1775.000000,1715.000000,1866.000000
884.000000,1087.000000,833.000000,1276.000000
709.000000,58.000000,559.000000,178.000000
1098.000000,1974.000000,1246.000000,2078.000000
434.000000,1023.000000,372.000000,1136.000000
884.000000,1087.000000,663.000000,1289.000000
1136.000000,90.000000,1004.000000,114.000000
790.000000,173.000000,908.000000,187.000000
155.000000,811.000000,4.000000,834.000000
1511.000000,1505.000000,1434.000000,1507.000000
1362.000000,496.000000,1218.000000,569.000000
1585.000000,798.000000,1443.000000,933.000000
148.000000,1277.000000,106.000000,1482.000000
525.000000,1701.000000,762.000000,1706.000000
337.000000,1547.000000,263.000000,1603.000000
1635.000000,1443.000000,1511.000000,1505.000000
700.000000,173.000000,790.000000,173.000000
965.000000,587.000000,911.000000,649.000000
1777.000000,667.000000,1618.000000,690.000000
1646.000000,849.000000,1867.000000,924.000000
655.000000,726.000000,399.000000,771.000000
148.000000,1277.000000,279.000000,1578.000000
945.000000,190.000000,1154.000000,301.000000
1130.000000,740.000000,1106.000000,832.000000
945.000000,190.000000,999.000000,484.000000
73.000000,1222.000000,8.000000,1241.000000
2042.000000,891.000000,1946.000000,1112.000000
1104.000000,1000.000000,1155.000000,1276.000000
669.000000,2030.000000,603.000000,2101.000000
1931.000000,1326.000000,1765.000000,1437.000000
546.000000,889.000000,622.000000,983.000000
733.000000,45.000000,790.000000,173.000000
1158.000000,1104.000000,1486.000000,1138.000000
1143.000000,423.000000,1196.000000,499.000000
1674.000000,1005.000000,1986.000000,1015.000000
2104.000000,1959.000000,1913.000000,2037.000000
1943.000000,1396.000000,1715.000000,1866.000000
525.000000,1701.000000,428.000000,2048.000000
13.000000,616.000000,26.000000,816.000000
1004.000000,114.000000,1154.000000,301.000000
669.000000,2030.000000,827.000000,2077.000000
155.000000,811.000000,167.000000,1004.000000
1181.000000,347.000000,1205.000000,449.000000
655.000000,726.000000,526.000000,836.000000
1602.000000,1128.000000,1486.000000,1138.000000
214.000000,1663.000000,184.000000,1896.000000
1106.000000,832.000000,918.000000,1041.000000
709.000000,58.000000,790.000000,173.000000
1669.000000,1938.000000,1649.000000,2057.000000
652.000000,403.000000,999.000000,484.000000
852.000000,1473.000000,842.000000,1593.000000
527.000000,424.000000,634.000000,695.000000
2060.000000,1752.000000,2104.000000,1959.000000
401.000000,1781.000000,280.000000,2076.000000
1140.000000,1526.000000,913.000000,1658.000000
2092.000000,1221.000000,1799.000000,1938.000000
709.000000,58.000000,700.000000,173.000000
466.000000,8.000000,709.000000,58.000000
25.000000,487.000000,13.000000,616.000000
913.000000,1658.000000,1077.000000,1673.000000
1400.000000,737.000000,1443.000000,933.000000
280.000000,2076.000000,603.000000,2101.000000
762.000000,957.000000,884.000000,1087.000000
1106.000000,832.000000,1199.000000,873.000000
1154.000000,301.000000,1143.000000,423.000000
1638.000000,1690.000000,1513.000000,1826.000000
1888.000000,2068.000000,1897.000000,2068.000000
798.000000,2007.000000,1034.000000,2026.000000
842.000000,1593.000000,794.000000,1620.000000
1120.000000,41.000000,1004.000000,114.000000
945.000000,190.000000,1143.000000,423.000000
1036.000000,582.000000,1106.000000,832.000000
1999.000000,75.000000,1910.000000,294.000000
787.000000,616.000000,813.000000,816.000000
842.000000,1593.000000,913.000000,1658.000000
681.000000,1621.000000,525.000000,1701.000000
526.000000,836.000000,546.000000,889.000000
1218.000000,569.000000,1149.000000,705.000000
8.000000,1241.000000,3.000000,2085.000000
1988.000000,277.000000,1933.000000,319.000000
8.000000,1241.000000,106.000000,1482.000000
1999.000000,75.000000,1988.000000,277.000000
13.000000,616.000000,4.000000,834.000000
1635.000000,1443.000000,1718.000000,1506.000000
1618.000000,690.000000,1479.000000,729.000000
1386.000000,999.000000,1528.000000,1130.000000
372.000000,1136.000000,73.000000,1222.000000
1457.000000,715.000000,1479.000000,729.000000
615.000000,893.000000,762.000000,957.000000
262.000000,397.000000,87.000000,553.000000
1149.000000,705.000000,1400.000000,737.000000
833.000000,1276.000000,886.000000,1443.000000
1143.000000,423.000000,1082.000000,493.000000
466.000000,8.000000,1120.000000,41.000000
290.000000,295.000000,37.000000,329.000000
1513.000000,1826.000000,1605.000000,1881.000000
1077.000000,1673.000000,1110.000000,1835.000000
466.000000,8.000000,2004.000000,67.000000
167.000000,1004.000000,226.000000,1066.000000
336.000000,214.000000,354.000000,260.000000
1199.000000,873.000000,1154.000000,1023.000000
652.000000,403.000000,873.000000,503.000000
37.000000,329.000000,262.000000,397.000000
1199.000000,873.000000,1068.000000,960.000000
1226.000000,844.000000,1199.000000,873.000000
184.000000,1896.000000,142.000000,2078.000000
1004.000000,114.000000,945.000000,190.000000
805.000000,929.000000,918.000000,1041.000000
622.000000,983.000000,434.000000,1023.000000
754.000000,535.000000,965.000000,587.000000
1077.000000,1673.000000,1245.000000,1891.000000
279.000000,1578.000000,263.000000,1603.000000
330.000000,900.000000,434.000000,1023.000000
833.000000,1276.000000,718.000000,1301.000000
1864.000000,290.000000,1933.000000,319.000000
945.000000,771.000000,813.000000,816.000000
1245.000000,1891.000000,1246.000000,2078.000000
911.000000,649.000000,813.000000,816.000000
1585.000000,798.000000,1615.000000,805.000000
700.000000,173.000000,560.000000,223.000000
106.000000,1482.000000,96.000000,1647.000000
1946.000000,1112.000000,1926.000000,1208.000000
1253.000000,153.000000,1318.000000,401.000000
1443.000000,933.000000,1674.000000,1005.000000
1933.000000,319.000000,2041.000000,636.000000
1638.000000,1690.000000,1619.000000,1775.000000
8.000000,1241.000000,96.000000,1647.000000
790.000000,173.000000,783.000000,186.000000
634.000000,695.000000,733.000000,805.000000
615.000000,893.000000,622.000000,983.000000
762.000000,957.000000,622.000000,983.000000
775.000000,1663.000000,762.000000,1706.000000
1913.000000,2037.000000,1801.000000,2051.000000
733.000000,805.000000,615.000000,893.000000
2041.000000,636.000000,1949.000000,798.000000
1633.000000,961.000000,1674.000000,1005.000000
581.000000,1293.000000,718.000000,1301.000000
652.000000,403.000000,634.000000,695.000000
1393.000000,114.000000,1253.000000,153.000000
873.000000,503.000000,965.000000,587.000000
1300.000000,628.000000,1400.000000,737.000000
581.000000,1293.000000,681.000000,1621.000000
263.000000,1603.000000,96.000000,1647.000000
1104.000000,1000.000000,918.000000,1041.000000
1082.000000,493.000000,1218.000000,569.000000
1913.000000,2037.000000,1888.000000,2068.000000
908.000000,187.000000,945.000000,190.000000
2041.000000,636.000000,2042.000000,891.000000
1120.000000,41.000000,1253.000000,153.000000
886.000000,1443.000000,852.000000,1473.000000
1608.000000,1143.000000,1663.000000,1249.000000
1715.000000,1866.000000,1799.000000,1938.000000
873.000000,503.000000,754.000000,535.000000
1185.000000,319.000000,1205.000000,449.000000
1254.000000,955.000000,1386.000000,999.000000
1618.000000,690.000000,1615.000000,805.000000
756.000000,205.000000,751.000000,261.000000
700.000000,173.000000,559.000000,178.000000
663.000000,1289.000000,581.000000,1293.000000
1179.000000,1446.000000,1305.000000,1458.000000
966.000000,1948.000000,798.000000,2007.000000
4.000000,834.000000,8.000000,1241.000000
1318.000000,401.000000,1554.000000,562.000000
908.000000,187.000000,751.000000,261.000000
751.000000,261.000000,652.000000,403.000000
106.000000,1482.000000,279.000000,1578.000000
1205.000000,449.000000,1196.000000,499.000000
634.000000,695.000000,655.000000,726.000000
1840.000000,62.000000,1999.000000,75.000000
700.000000,173.000000,545.000000,399.000000
827.000000,2077.000000,603.000000,2101.000000
798.000000,2007.000000,669.000000,2030.000000
700.000000,173.000000,751.000000,261.000000
1036.000000,582.000000,1145.000000,697.000000
1801.000000,2051.000000,1649.000000,2057.000000
184.000000,1896.000000,280.000000,2076.000000
1718.000000,1506.000000,1638.000000,1690.000000
1635.000000,1443.000000,1305.000000,1458.000000
733.000000,805.000000,742.000000,864.000000
581.000000,1293.000000,337.000000,1547.000000
1253.000000,153.000000,1185.000000,319.000000
742.000000,864.000000,762.000000,957.000000
399.000000,771.000000,330.000000,900.000000
1110.000000,1835.000000,1098.000000,1974.000000
1393.000000,644.000000,1400.000000,737.000000
1926.000000,1208.000000,1931.000000,1326.000000
1205.000000,449.000000,1218.000000,569.000000
560.000000,223.000000,545.000000,399.000000
2092.000000,1221.000000,1943.000000,1396.000000
794.000000,1620.000000,777.000000,1622.000000
372.000000,1136.000000,567.000000,1248.000000
1864.000000,290.000000,1618.000000,690.000000
1457.000000,715.000000,1400.000000,737.000000
254.000000,465.000000,87.000000,553.000000
1913.000000,2037.000000,1897.000000,2068.000000
884.000000,1087.000000,728.000000,1272.000000
1511.000000,1505.000000,1559.000000,1569.000000
728.000000,1272.000000,663.000000,1289.000000
1004.000000,114.000000,963.000000,117.000000
434.000000,1023.000000,446.000000,1112.000000
262.000000,397.000000,390.000000,434.000000
852.000000,1473.000000,897.000000,1547.000000
842.000000,1593.000000,775.000000,1663.000000
1841.000000,1144.000000,1931.000000,1326.000000
1864.000000,290.000000,1554.000000,562.000000
1585.000000,798.000000,1633.000000,961.000000
1479.000000,729.000000,1400.000000,737.000000
546.000000,889.000000,434.000000,1023.000000
805.000000,929.000000,884.000000,1087.000000
1393.000000,644.000000,1457.000000,715.000000
1205.000000,449.000000,1362.000000,496.000000
1897.000000,2068.000000,603.000000,2101.000000
1253.000000,153.000000,1154.000000,301.000000
466.000000,8.000000,1840.000000,62.000000
1674.000000,1005.000000,1528.000000,1130.000000
1158.000000,1104.000000,1155.000000,1276.000000
1513.000000,1826.000000,1245.000000,1891.000000
1068.000000,960.000000,918.000000,1041.000000
581.000000,1293.000000,458.000000,1592.000000
622.000000,983.000000,577.000000,1109.000000
1765.000000,1437.000000,1718.000000,1506.000000
337.000000,1547.000000,525.000000,1701.000000
263.000000,1603.000000,214.000000,1663.000000
457.000000,4.000000,336.000000,214.000000
367.000000,1794.000000,184.000000,1896.000000
1434.000000,1507.000000,1513.000000,1826.000000
1675.000000,101.000000,1393.000000,114.000000
608.000000,1205.000000,581.000000,1293.000000
900.000000,145.000000,945.000000,190.000000
4.000000,834.000000,107.000000,975.000000
966.000000,1948.000000,1098.000000,1974.000000
1547.000000,1952.000000,1649.000000,2057.000000
900.000000,145.000000,908.000000,187.000000
900.000000,145.000000,790.000000,173.000000
226.000000,1066.000000,372.000000,1136.000000
999.000000,484.000000,1036.000000,582.000000
460.000000,1741.000000,401.000000,1781.000000
1318.000000,401.000000,1362.000000,496.000000
458.000000,1592.000000,681.000000,1621.000000
1554.000000,562.000000,1393.000000,644.000000
577.000000,1109.000000,446.000000,1112.000000
897.000000,1547.000000,842.000000,1593.000000
729.000000,619.000000,664.000000,646.000000
2004.000000,67.000000,1988.000000,277.000000
73.000000,1222.000000,567.000000,1248.000000
1777.000000,667.000000,1949.000000,798.000000
415.000000,1321.000000,279.000000,1578.000000
1034.000000,1840.000000,1098.000000,1974.000000
1253.000000,153.000000,1554.000000,562.000000
1946.000000,1112.000000,1920.000000,1115.000000
399.000000,771.000000,546.000000,889.000000
37.000000,329.000000,87.000000,553.000000
813.000000,816.000000,742.000000,864.000000
913.000000,1658.000000,762.000000,1706.000000
155.000000,811.000000,26.000000,816.000000
1638.000000,1690.000000,1715.000000,1866.000000
1933.000000,319.000000,1777.000000,667.000000
884.000000,1087.000000,950.000000,1214.000000
1799.000000,1938.000000,1649.000000,2057.000000
1400.000000,737.000000,1226.000000,844.000000
2041.000000,636.000000,1777.000000,667.000000
1034.000000,1840.000000,798.000000,2007.000000
1106.000000,832.000000,1068.000000,960.000000
290.000000,295.000000,390.000000,434.000000
546.000000,889.000000,330.000000,900.000000
1479.000000,729.000000,1443.000000,933.000000
1185.000000,319.000000,1181.000000,347.000000
2004.000000,67.000000,2090.000000,433.000000
1840.000000,62.000000,2004.000000,67.000000
950.000000,1214.000000,1155.000000,1276.000000
401.000000,1781.000000,367.000000,1794.000000
134.000000,1766.000000,184.000000,1896.000000
581.000000,1293.000000,415.000000,1321.000000
25.000000,487.000000,87.000000,553.000000
1615.000000,805.000000,1646.000000,849.000000
1864.000000,290.000000,1910.000000,294.000000
728.000000,1272.000000,718.000000,1301.000000
330.000000,900.000000,167.000000,1004.000000
1318.000000,401.000000,1205.000000,449.000000
1218.000000,569.000000,1145.000000,697.000000
1068.000000,960.000000,1154.000000,1023.000000
1547.000000,1952.000000,1351.000000,2034.000000
762.000000,1706.000000,1034.000000,1840.000000
1619.000000,1775.000000,1513.000000,1826.000000
783.000000,186.000000,751.000000,261.000000
1036.000000,582.000000,911.000000,649.000000
622.000000,983.000000,884.000000,1087.000000
1920.000000,1115.000000,1926.000000,1208.000000
1196.000000,499.000000,1218.000000,569.000000
466.000000,8.000000,733.000000,45.000000
1999.000000,75.000000,1864.000000,290.000000
1136.000000,90.000000,1154.000000,301.000000
336.000000,214.000000,37.000000,329.000000
1135.000000,835.000000,1226.000000,844.000000
1988.000000,277.000000,2090.000000,433.000000
681.000000,1621.000000,777.000000,1622.000000
1946.000000,1112.000000,2092.000000,1221.000000
884.000000,1087.000000,577.000000,1109.000000
1104.000000,1000.000000,884.000000,1087.000000
1554.000000,562.000000,1618.000000,690.000000
1110.000000,1835.000000,1245.000000,1891.000000
1559.000000,1569.000000,1638.000000,1690.000000
1362.000000,496.000000,1554.000000,562.000000
852.000000,1473.000000,681.000000,1621.000000
8.000000,1241.000000,148.000000,1277.000000
214.000000,1663.000000,367.000000,1794.000000
96.000000,1647.000000,134.000000,1766.000000
945.000000,771.000000,918.000000,1041.000000
2092.000000,1221.000000,1931.000000,1326.000000
184.000000,1896.000000,3.000000,2085.000000
262.000000,397.000000,254.000000,465.000000
1933.000000,319.000000,2090.000000,433.000000
428.000000,2048.000000,603.000000,2101.000000
700.000000,173.000000,652.000000,403.000000
525.000000,1701.000000,460.000000,1741.000000
1669.000000,1938.000000,1799.000000,1938.000000
290.000000,295.000000,262.000000,397.000000
1841.000000,1144.000000,1663.000000,1249.000000
1145.000000,697.000000,1130.000000,740.000000
460.000000,1741.000000,367.000000,1794.000000
390.000000,434.000000,254.000000,465.000000
1154.000000,301.000000,1181.000000,347.000000
1888.000000,2068.000000,603.000000,2101.000000
1245.000000,1891.000000,1351.000000,2034.000000
415.000000,1321.000000,337.000000,1547.000000
26.000000,816.000000,4.000000,834.000000
999.000000,484.000000,965.000000,587.000000
833.000000,1276.000000,852.000000,1473.000000
2004.000000,67.000000,1999.000000,75.000000
1082.000000,493.000000,1145.000000,697.000000
96.000000,1647.000000,3.000000,2085.000000
1226.000000,844.000000,1254.000000,955.000000
577.000000,1109.000000,663.000000,1289.000000
1098.000000,1974.000000,1034.000000,2026.000000
733.000000,805.000000,813.000000,816.000000
1305.000000,1458.000000,1513.000000,1826.000000
457.000000,4.000000,37.000000,329.000000
2064.000000,1806.000000,2104.000000,1959.000000
155.000000,811.000000,330.000000,900.000000
148.000000,1277.000000,415.000000,1321.000000
913.000000,1658.000000,1110.000000,1835.000000
777.000000,1622.000000,525.000000,1701.000000
790.000000,173.000000,751.000000,261.000000
2092.000000,1221.000000,2104.000000,1959.000000
1618.000000,690.000000,1443.000000,933.000000
966.000000,1948.000000,1034.000000,2026.000000
1486.000000,1138.000000,1161.000000,1298.000000
777.000000,1622.000000,775.000000,1663.000000
777.000000,1622.000000,762.000000,1706.000000
1840.000000,62.000000,1675.000000,101.000000
2090.000000,433.000000,2042.000000,891.000000
1254.000000,955.000000,1486.000000,1138.000000
798.000000,2007.000000,827.000000,2077.000000
1305.000000,1458.000000,1434.000000,1507.000000
446.000000,1112.000000,567.000000,1248.000000
1986.000000,1015.000000,1841.000000,1144.000000
1400.000000,737.000000,1254.000000,955.000000
2090.000000,433.000000,2041.000000,636.000000
330.000000,900.000000,226.000000,1066.000000
1135.000000,835.000000,1199.000000,873.000000
1305.000000,1458.000000,1140.000000,1526.000000
1305.000000,1458.000000,1511.000000,1505.000000
1104.000000,1000.000000,1154.000000,1023.000000
466.000000,8.000000,559.000000,178.000000
1585.000000,798.000000,1646.000000,849.000000
1034.000000,1840.000000,966.000000,1948.000000
918.000000,1041.000000,884.000000,1087.000000
2042.000000,891.000000,2092.000000,1221.000000
1986.000000,1015.000000,1920.000000,1115.000000
525.000000,1701.000000,401.000000,1781.000000
1036.000000,582.000000,1130.000000,740.000000
1663.000000,1249.000000,1931.000000,1326.000000
700.000000,173.000000,756.000000,205.000000
1605.000000,1881.000000,1649.000000,2057.000000
897.000000,1547.000000,913.000000,1658.000000
1554.000000,562.000000,1479.000000,729.000000
1149.000000,705.000000,1226.000000,844.000000
1910.000000,294.000000,1933.000000,319.000000
787.000000,616.000000,733.000000,805.000000
1486.000000,1138.000000,1305.000000,1458.000000
1104.000000,1000.000000,1158.000000,1104.000000
1799.000000,1938.000000,1801.000000,2051.000000
559.000000,178.000000,560.000000,223.000000
1619.000000,1775.000000,1669.000000,1938.000000
1246.000000,2078.000000,603.000000,2101.000000
1161.000000,1298.000000,1179.000000,1446.000000
1486.000000,1138.000000,1663.000000,1249.000000
1943.000000,1396.000000,1765.000000,1437.000000
1300.000000,628.000000,1149.000000,705.000000
2092.000000,1221.000000,1715.000000,1866.000000
1120.000000,41.000000,1840.000000,62.000000
652.000000,403.000000,664.000000,646.000000
1034.000000,2026.000000,1246.000000,2078.000000
652.000000,403.000000,527.000000,424.000000
762.000000,1706.000000,669.000000,2030.000000
1393.000000,114.000000,1864.000000,290.000000
457.000000,4.000000,559.000000,178.000000
457.000000,4.000000,560.000000,223.000000
762.000000,1706.000000,798.000000,2007.000000
787.000000,616.000000,634.000000,695.000000
336.000000,214.000000,527.000000,424.000000
1920.000000,1115.000000,1841.000000,1144.000000
525.000000,1701.000000,367.000000,1794.000000
754.000000,535.000000,729.000000,619.000000
336.000000,214.000000,290.000000,295.000000
1715.000000,1866.000000,1669.000000,1938.000000
1104.000000,1000.000000,950.000000,1214.000000
1633.000000,961.000000,1986.000000,1015.000000
1528.000000,1130.000000,1486.000000,1138.000000
634.000000,695.000000,26.000000,816.000000
1926.000000,1208.000000,2092.000000,1221.000000
399.000000,771.000000,155.000000,811.000000
1618.000000,690.000000,1949.000000,798.000000
1663.000000,1249.000000,1305.000000,1458.000000
2104.000000,1959.000000,1897.000000,2068.000000
1120.000000,41.000000,1675.000000,101.000000
963.000000,117.000000,900.000000,145.000000
399.000000,771.000000,526.000000,836.000000
1602.000000,1128.000000,1663.000000,1249.000000
1619.000000,1775.000000,1605.000000,1881.000000
399.000000,771.000000,26.000000,816.000000
813.000000,816.000000,805.000000,929.000000
1386.000000,999.000000,1486.000000,1138.000000
742.000000,864.000000,805.000000,929.000000
1799.000000,1938.000000,1913.000000,2037.000000
1149.000000,705.000000,1106.000000,832.000000
2060.000000,1752.000000,1913.000000,2037.000000
2060.000000,1752.000000,2064.000000,1806.000000
950.000000,1214.000000,833.000000,1276.000000
1605.000000,1881.000000,1547.000000,1952.000000
337.000000,1547.000000,279.000000,1578.000000
911.000000,649.000000,945.000000,771.000000
1674.000000,1005.000000,1841.000000,1144.000000
1511.000000,1505.000000,1718.000000,1506.000000
280.000000,2076.000000,142.000000,2078.000000
1140.000000,1526.000000,1513.000000,1826.000000
107.000000,975.000000,226.000000,1066.000000
608.000000,1205.000000,663.000000,1289.000000
107.000000,975.000000,167.000000,1004.000000
336.000000,214.000000,560.000000,223.000000
1218.000000,569.000000,1300.000000,628.000000
1254.000000,955.000000,1154.000000,1023.000000
1036.000000,582.000000,965.000000,587.000000
1110.000000,1835.000000,1034.000000,1840.000000
1179.000000,1446.000000,1140.000000,1526.000000
96.000000,1647.000000,184.000000,1896.000000
1663.000000,1249.000000,1765.000000,1437.000000
577.000000,1109.000000,608.000000,1205.000000
1618.000000,690.000000,1585.000000,798.000000
886.000000,1443.000000,1140.000000,1526.000000
458.000000,1592.000000,525.000000,1701.000000
913.000000,1658.000000,1034.000000,1840.000000
753.000000,491.000000,729.000000,619.000000
577.000000,1109.000000,567.000000,1248.000000
545.000000,399.000000,527.000000,424.000000
1547.000000,1952.000000,1246.000000,2078.000000
1161.000000,1298.000000,886.000000,1443.000000
73.000000,1222.000000,148.000000,1277.000000
527.000000,424.000000,26.000000,816.000000
354.000000,260.000000,290.000000,295.000000
1443.000000,933.000000,1633.000000,961.000000
1718.000000,1506.000000,1559.000000,1569.000000
1154.000000,301.000000,1205.000000,449.000000
945.000000,190.000000,751.000000,261.000000
664.000000,646.000000,634.000000,695.000000
1362.000000,496.000000,1393.000000,644.000000
1443.000000,933.000000,1254.000000,955.000000
401.000000,1781.000000,184.000000,1896.000000
753.000000,491.000000,754.000000,535.000000
754.000000,535.000000,911.000000,649.000000
1649.000000,2057.000000,1888.000000,2068.000000
1663.000000,1249.000000,1718.000000,1506.000000
2090.000000,433.000000,2104.000000,1959.000000
526.000000,836.000000,615.000000,893.000000
1949.000000,798.000000,2042.000000,891.000000
457.000000,4.000000,466.000000,8.000000
1068.000000,960.000000,1104.000000,1000.000000
1663.000000,1249.000000,1635.000000,1443.000000
1867.000000,924.000000,1986.000000,1015.000000
214.000000,1663.000000,525.000000,1701.000000
787.000000,616.000000,729.000000,619.000000
