POINTS
510.000000,5.000000
970.000000,6.000000
326.000000,27.000000
313.000000,28.000000
1121.000000,48.000000
1132.000000,54.000000
1374.000000,59.000000
43.000000,66.000000
936.000000,67.000000
805.000000,73.000000
278.000000,82.000000
1691.000000,84.000000
1045.000000,104.000000
563.000000,123.000000
1774.000000,138.000000
703.000000,166.000000
198.000000,173.000000
1552.000000,192.000000
177.000000,207.000000
572.000000,218.000000
1937.000000,221.000000
458.000000,224.000000
1331.000000,240.000000
1785.000000,275.000000
1757.000000,285.000000
884.000000,288.000000
936.000000,303.000000
713.000000,304.000000
325.000000,313.000000
1671.000000,313.000000
62.000000,321.000000
461.000000,322.000000
1661.000000,345.000000
2138.000000,357.000000
1097.000000,359.000000
1866.000000,367.000000
1150.000000,382.000000
895.000000,396.000000
410.000000,406.000000
889.000000,407.000000
1796.000000,418.000000
930.000000,420.000000
537.000000,439.000000
102.000000,443.000000
403.000000,499.000000
1431.000000,504.000000
811.000000,523.000000
1606.000000,528.000000
49.000000,530.000000
1497.000000,533.000000
35.000000,534.000000
395.000000,538.000000
1922.000000,554.000000
2041.000000,554.000000
1773.000000,558.000000
1601.000000,561.000000
185.000000,590.000000
1435.000000,591.000000
817.000000,611.000000
1931.000000,616.000000
1609.000000,630.000000
727.000000,652.000000
1055.000000,657.000000
1463.000000,664.000000
972.000000,668.000000
1835.000000,678.000000
1292.000000,687.000000
1069.000000,689.000000
740.000000,717.000000
1834.000000,732.000000
1651.000000,739.000000
872.000000,744.000000
446.000000,759.000000
1628.000000,760.000000
2022.000000,770.000000
632.000000,776.000000
244.000000,820.000000
1644.000000,825.000000
1793.000000,838.000000
746.000000,850.000000
2123.000000,852.000000
681.000000,857.000000
1153.000000,857.000000
1314.000000,857.000000
1496.000000,863.000000
237.000000,871.000000
471.000000,892.000000
1021.000000,920.000000
950.000000,937.000000
862.000000,942.000000
1932.000000,945.000000
646.000000,948.000000
2061.000000,957.000000
6.000000,973.000000
1104.000000,984.000000
1118.000000,984.000000
1827.000000,984.000000
686.000000,995.000000
1519.000000,1000.000000
1948.000000,1010.000000
566.000000,1013.000000
8.000000,1084.000000
1266.000000,1087.000000
78.000000,1091.000000
203.000000,1097.000000
386.000000,1105.000000
491.000000,1111.000000
865.000000,1113.000000
1129.000000,1115.000000
1917.000000,1121.000000
1892.000000,1136.000000
1893.000000,1151.000000
1641.000000,1157.000000
1607.000000,1166.000000
1257.000000,1178.000000
1678.000000,1183.000000
276.000000,1185.000000
830.000000,1192.000000
203.000000,1198.000000
413.000000,1201.000000
755.000000,1207.000000
1356.000000,1208.000000
184.000000,1262.000000
339.000000,1274.000000
575.000000,1274.000000
1272.000000,1282.000000
1627.000000,1295.000000
462.000000,1301.000000
237.000000,1312.000000
1955.000000,1313.000000
300.000000,1323.000000
1805.000000,1329.000000
1553.000000,1332.000000
1533.000000,1340.000000
454.000000,1349.000000
1047.000000,1350.000000
2094.000000,1350.000000
481.000000,1355.000000
581.000000,1355.000000
639.000000,1357.000000
1083.000000,1364.000000
390.000000,1366.000000
1384.000000,1394.000000
1723.000000,1394.000000
484.000000,1409.000000
1523.000000,1412.000000
194.000000,1446.000000
113.000000,1449.000000
220.000000,1450.000000
378.000000,1454.000000
468.000000,1461.000000
432.000000,1466.000000
70.000000,1478.000000
967.000000,1479.000000
1561.000000,1481.000000
297.000000,1487.000000
485.000000,1509.000000
1095.000000,1523.000000
2035.000000,1523.000000
1420.000000,1534.000000
1720.000000,1534.000000
732.000000,1555.000000
495.000000,1557.000000
1898.000000,1558.000000
1506.000000,1567.000000
332.000000,1570.000000
1035.000000,1577.000000
1251.000000,1578.000000
571.000000,1591.000000
1096.000000,1594.000000
1703.000000,1615.000000
109.000000,1619.000000
1122.000000,1620.000000
1686.000000,1639.000000
715.000000,1641.000000
1253.000000,1652.000000
1905.000000,1653.000000
1821.000000,1672.000000
1146.000000,1680.000000
1543.000000,1712.000000
1771.000000,1715.000000
940.000000,1722.000000
659.000000,1734.000000
1106.000000,1782.000000
207.000000,1791.000000
1753.000000,1794.000000
1802.000000,1797.000000
964.000000,1800.000000
1650.000000,1800.000000
1076.000000,1813.000000
1657.000000,1819.000000
841.000000,1844.000000
1406.000000,1850.000000
254.000000,1855.000000
1283.000000,1865.000000
536.000000,1872.000000
851.000000,1884.000000
171.000000,1902.000000
1703.000000,1944.000000
1517.000000,1945.000000
846.000000,1962.000000
1943.000000,1979.000000
950.000000,2024.000000
1385.000000,2053.000000
1891.000000,2059.000000
2089.000000,2060.000000
1222.000000,2081.000000
919.000000,2096.000000
944.000000,2096.000000
955.000000,2101.000000
1925.000000,2110.000000
1354.000000,2114.000000
244.000000,2124.000000
38.000000,2127.000000
LINES
537.000000,439.000000,727.000000,652.000000
715.000000,1641.000000,536.000000,1872.000000
1609.000000,630.000000,1496.000000,863.000000
1150.000000,382.000000,1606.000000,528.000000
1898.000000,1558.000000,1905.000000,1653.000000
1106.000000,1782.000000,1076.000000,1813.000000
1021.000000,920.000000,950.000000,937.000000
332.000000,1570.000000,254.000000,1855.000000
936.000000,67.000000,805.000000,73.000000
1644.000000,825.000000,1496.000000,863.000000
109.000000,1619.000000,38.000000,2127.000000
1943.000000,1979.000000,2089.000000,2060.000000
1356.000000,1208.000000,1384.000000,1394.000000
484.000000,1409.000000,485.000000,1509.000000
1517.000000,1945.000000,1354.000000,2114.000000
1121.000000,48.000000,1132.000000,54.000000
471.000000,892.000000,646.000000,948.000000
536.000000,1872.000000,846.000000,1962.000000
1095.000000,1523.000000,1035.000000,1577.000000
1827.000000,984.000000,1641.000000,1157.000000
1132.000000,54.000000,1331.000000,240.000000
727.000000,652.000000,746.000000,850.000000
964.000000,1800.000000,1076.000000,1813.000000
936.000000,67.000000,884.000000,288.000000
1253.000000,1652.000000,1146.000000,1680.000000
563.000000,123.000000,572.000000,218.000000
1496.000000,863.000000,1519.000000,1000.000000
35.000000,534.000000,185.000000,590.000000
2061.000000,957.000000,1893.000000,1151.000000
1106.000000,1782.000000,1283.000000,1865.000000
884.000000,288.000000,713.000000,304.000000
575.000000,1274.000000,639.000000,1357.000000
1069.000000,689.000000,872.000000,744.000000
510.000000,5.000000,970.000000,6.000000
491.000000,1111.000000,413.000000,1201.000000
830.000000,1192.000000,1047.000000,1350.000000
395.000000,538.000000,446.000000,759.000000
755.000000,1207.000000,575.000000,1274.000000
413.000000,1201.000000,462.000000,1301.000000
395.000000,538.000000,185.000000,590.000000
171.000000,1902.000000,244.000000,2124.000000
1552.000000,192.000000,1757.000000,285.000000
1703.000000,1944.000000,1891.000000,2059.000000
403.000000,499.000000,446.000000,759.000000
1356.000000,1208.000000,1272.000000,1282.000000
1723.000000,1394.000000,1561.000000,1481.000000
1785.000000,275.000000,2041.000000,554.000000
1827.000000,984.000000,1893.000000,1151.000000
378.000000,1454.000000,332.000000,1570.000000
1553.000000,1332.000000,1523.000000,1412.000000
1420.000000,1534.000000,1253.000000,1652.000000
78.000000,1091.000000,184.000000,1262.000000
1955.000000,1313.000000,2094.000000,1350.000000
510.000000,5.000000,326.000000,27.000000
177.000000,207.000000,325.000000,313.000000
462.000000,1301.000000,481.000000,1355.000000
2061.000000,957.000000,2094.000000,1350.000000
1374.000000,59.000000,1691.000000,84.000000
1771.000000,1715.000000,1753.000000,1794.000000
1686.000000,1639.000000,1543.000000,1712.000000
686.000000,995.000000,865.000000,1113.000000
1657.000000,1819.000000,1517.000000,1945.000000
485.000000,1509.000000,495.000000,1557.000000
940.000000,1722.000000,841.000000,1844.000000
2123.000000,852.000000,2061.000000,957.000000
1384.000000,1394.000000,1251.000000,1578.000000
194.000000,1446.000000,297.000000,1487.000000
410.000000,406.000000,185.000000,590.000000
220.000000,1450.000000,297.000000,1487.000000
572.000000,218.000000,458.000000,224.000000
1122.000000,1620.000000,940.000000,1722.000000
254.000000,1855.000000,536.000000,1872.000000
2138.000000,357.000000,2123.000000,852.000000
851.000000,1884.000000,846.000000,1962.000000
1703.000000,1615.000000,1686.000000,1639.000000
936.000000,303.000000,895.000000,396.000000
1021.000000,920.000000,1118.000000,984.000000
950.000000,937.000000,865.000000,1113.000000
2061.000000,957.000000,1917.000000,1121.000000
846.000000,1962.000000,944.000000,2096.000000
639.000000,1357.000000,571.000000,1591.000000
2035.000000,1523.000000,1898.000000,1558.000000
817.000000,611.000000,727.000000,652.000000
1497.000000,533.000000,1463.000000,664.000000
1257.000000,1178.000000,1272.000000,1282.000000
1266.000000,1087.000000,1356.000000,1208.000000
1773.000000,558.000000,1835.000000,678.000000
936.000000,67.000000,1045.000000,104.000000
1609.000000,630.000000,1628.000000,760.000000
713.000000,304.000000,811.000000,523.000000
1601.000000,561.000000,1609.000000,630.000000
1553.000000,1332.000000,1561.000000,1481.000000
1533.000000,1340.000000,1523.000000,1412.000000
458.000000,224.000000,713.000000,304.000000
43.000000,66.000000,6.000000,973.000000
1661.000000,345.000000,1796.000000,418.000000
1097.000000,359.000000,1150.000000,382.000000
1835.000000,678.000000,1834.000000,732.000000
1835.000000,678.000000,1651.000000,739.000000
841.000000,1844.000000,851.000000,1884.000000
1132.000000,54.000000,1374.000000,59.000000
537.000000,439.000000,646.000000,948.000000
1937.000000,221.000000,2138.000000,357.000000
1331.000000,240.000000,1097.000000,359.000000
468.000000,1461.000000,432.000000,1466.000000
2089.000000,2060.000000,1925.000000,2110.000000
659.000000,1734.000000,841.000000,1844.000000
639.000000,1357.000000,967.000000,1479.000000
1374.000000,59.000000,1331.000000,240.000000
1893.000000,1151.000000,1955.000000,1313.000000
1122.000000,1620.000000,1253.000000,1652.000000
1931.000000,616.000000,2022.000000,770.000000
2022.000000,770.000000,1932.000000,945.000000
194.000000,1446.000000,113.000000,1449.000000
1686.000000,1639.000000,1821.000000,1672.000000
1272.000000,1282.000000,1047.000000,1350.000000
1785.000000,275.000000,1866.000000,367.000000
703.000000,166.000000,572.000000,218.000000
432.000000,1466.000000,495.000000,1557.000000
1917.000000,1121.000000,1893.000000,1151.000000
889.000000,407.000000,1055.000000,657.000000
919.000000,2096.000000,955.000000,2101.000000
1431.000000,504.000000,1435.000000,591.000000
1222.000000,2081.000000,1354.000000,2114.000000
446.000000,759.000000,471.000000,892.000000
1686.000000,1639.000000,1753.000000,1794.000000
715.000000,1641.000000,841.000000,1844.000000
1866.000000,367.000000,2041.000000,554.000000
713.000000,304.000000,727.000000,652.000000
461.000000,322.000000,537.000000,439.000000
1651.000000,739.000000,1628.000000,760.000000
1802.000000,1797.000000,1943.000000,1979.000000
732.000000,1555.000000,715.000000,1641.000000
740.000000,717.000000,872.000000,744.000000
109.000000,1619.000000,254.000000,1855.000000
1055.000000,657.000000,972.000000,668.000000
410.000000,406.000000,395.000000,538.000000
936.000000,303.000000,930.000000,420.000000
1802.000000,1797.000000,2089.000000,2060.000000
1552.000000,192.000000,1606.000000,528.000000
1644.000000,825.000000,1641.000000,1157.000000
566.000000,1013.000000,386.000000,1105.000000
895.000000,396.000000,889.000000,407.000000
884.000000,288.000000,936.000000,303.000000
1431.000000,504.000000,1292.000000,687.000000
1035.000000,1577.000000,1096.000000,1594.000000
1627.000000,1295.000000,1723.000000,1394.000000
237.000000,1312.000000,194.000000,1446.000000
1251.000000,1578.000000,1096.000000,1594.000000
113.000000,1449.000000,70.000000,1478.000000
1607.000000,1166.000000,1356.000000,1208.000000
1720.000000,1534.000000,1821.000000,1672.000000
1129.000000,1115.000000,1272.000000,1282.000000
1773.000000,558.000000,1651.000000,739.000000
1905.000000,1653.000000,1802.000000,1797.000000
805.000000,73.000000,884.000000,288.000000
1385.000000,2053.000000,1222.000000,2081.000000
300.000000,1323.000000,220.000000,1450.000000
1796.000000,418.000000,1922.000000,554.000000
575.000000,1274.000000,481.000000,1355.000000
805.000000,73.000000,572.000000,218.000000
2022.000000,770.000000,1948.000000,1010.000000
207.000000,1791.000000,254.000000,1855.000000
1132.000000,54.000000,1045.000000,104.000000
1047.000000,1350.000000,967.000000,1479.000000
8.000000,1084.000000,184.000000,1262.000000
967.000000,1479.000000,940.000000,1722.000000
1757.000000,285.000000,1661.000000,345.000000
1925.000000,2110.000000,244.000000,2124.000000
1691.000000,84.000000,1552.000000,192.000000
1650.000000,1800.000000,1657.000000,1819.000000
1678.000000,1183.000000,1805.000000,1329.000000
1314.000000,857.000000,1519.000000,1000.000000
410.000000,406.000000,537.000000,439.000000
1146.000000,1680.000000,1106.000000,1782.000000
1796.000000,418.000000,1773.000000,558.000000
967.000000,1479.000000,1035.000000,1577.000000
872.000000,744.000000,1021.000000,920.000000
646.000000,948.000000,566.000000,1013.000000
300.000000,1323.000000,390.000000,1366.000000
884.000000,288.000000,895.000000,396.000000
1519.000000,1000.000000,1607.000000,1166.000000
732.000000,1555.000000,940.000000,1722.000000
1932.000000,945.000000,1948.000000,1010.000000
1753.000000,1794.000000,1703.000000,1944.000000
1463.000000,664.000000,1292.000000,687.000000
563.000000,123.000000,458.000000,224.000000
639.000000,1357.000000,732.000000,1555.000000
889.000000,407.000000,817.000000,611.000000
1543.000000,1712.000000,1650.000000,1800.000000
1153.000000,857.000000,1118.000000,984.000000
70.000000,1478.000000,109.000000,1619.000000
950.000000,2024.000000,944.000000,2096.000000
1805.000000,1329.000000,1723.000000,1394.000000
884.000000,288.000000,889.000000,407.000000
278.000000,82.000000,198.000000,173.000000
1644.000000,825.000000,1793.000000,838.000000
1096.000000,1594.000000,1122.000000,1620.000000
537.000000,439.000000,632.000000,776.000000
2041.000000,554.000000,1931.000000,616.000000
446.000000,759.000000,244.000000,820.000000
1931.000000,616.000000,1793.000000,838.000000
332.000000,1570.000000,536.000000,1872.000000
895.000000,396.000000,930.000000,420.000000
78.000000,1091.000000,203.000000,1198.000000
1627.000000,1295.000000,1384.000000,1394.000000
1678.000000,1183.000000,1723.000000,1394.000000
1644.000000,825.000000,1827.000000,984.000000
1519.000000,1000.000000,1266.000000,1087.000000
1384.000000,1394.000000,1523.000000,1412.000000
889.000000,407.000000,972.000000,668.000000
49.000000,530.000000,35.000000,534.000000
964.000000,1800.000000,950.000000,2024.000000
817.000000,611.000000,972.000000,668.000000
454.000000,1349.000000,390.000000,1366.000000
194.000000,1446.000000,220.000000,1450.000000
1925.000000,2110.000000,1354.000000,2114.000000
1606.000000,528.000000,1601.000000,561.000000
1517.000000,1945.000000,1385.000000,2053.000000
326.000000,27.000000,177.000000,207.000000
964.000000,1800.000000,955.000000,2101.000000
575.000000,1274.000000,462.000000,1301.000000
1607.000000,1166.000000,1627.000000,1295.000000
1132.000000,54.000000,1097.000000,359.000000
1553.000000,1332.000000,1723.000000,1394.000000
1753.000000,1794.000000,1802.000000,1797.000000
841.000000,1844.000000,536.000000,1872.000000
462.000000,1301.000000,454.000000,1349.000000
386.000000,1105.000000,413.000000,1201.000000
1523.000000,1412.000000,1420.000000,1534.000000
1651.000000,739.000000,1793.000000,838.000000
1021.000000,920.000000,862.000000,942.000000
1661.000000,345.000000,1606.000000,528.000000
1420.000000,1534.000000,1506.000000,1567.000000
811.000000,523.000000,727.000000,652.000000
1943.000000,1979.000000,1891.000000,2059.000000
1533.000000,1340.000000,1384.000000,1394.000000
1893.000000,1151.000000,1641.000000,1157.000000
1257.000000,1178.000000,1356.000000,1208.000000
1497.000000,533.000000,1601.000000,561.000000
872.000000,744.000000,746.000000,850.000000
254.000000,1855.000000,171.000000,1902.000000
1146.000000,1680.000000,1076.000000,1813.000000
432.000000,1466.000000,332.000000,1570.000000
1374.000000,59.000000,1552.000000,192.000000
817.000000,611.000000,740.000000,717.000000
194.000000,1446.000000,332.000000,1570.000000
865.000000,1113.000000,755.000000,1207.000000
1045.000000,104.000000,1097.000000,359.000000
830.000000,1192.000000,755.000000,1207.000000
2138.000000,357.000000,2041.000000,554.000000
185.000000,590.000000,244.000000,820.000000
1314.000000,857.000000,1118.000000,984.000000
830.000000,1192.000000,639.000000,1357.000000
919.000000,2096.000000,244.000000,2124.000000
6.000000,973.000000,78.000000,1091.000000
1406.000000,1850.000000,1385.000000,2053.000000
872.000000,744.000000,1153.000000,857.000000
2094.000000,1350.000000,2089.000000,2060.000000
102.000000,443.000000,49.000000,530.000000
1948.000000,1010.000000,1892.000000,1136.000000
1222.000000,2081.000000,955.000000,2101.000000
62.000000,321.000000,35.000000,534.000000
1948.000000,1010.000000,1917.000000,1121.000000
1266.000000,1087.000000,1257.000000,1178.000000
325.000000,313.000000,102.000000,443.000000
1891.000000,2059.000000,1925.000000,2110.000000
2022.000000,770.000000,2123.000000,852.000000
43.000000,66.000000,62.000000,321.000000
1047.000000,1350.000000,1095.000000,1523.000000
1506.000000,1567.000000,1253.000000,1652.000000
1406.000000,1850.000000,1283.000000,1865.000000
889.000000,407.000000,1292.000000,687.000000
325.000000,313.000000,62.000000,321.000000
955.000000,2101.000000,244.000000,2124.000000
495.000000,1557.000000,332.000000,1570.000000
936.000000,303.000000,1097.000000,359.000000
1601.000000,561.000000,1314.000000,857.000000
1055.000000,657.000000,1069.000000,689.000000
254.000000,1855.000000,244.000000,2124.000000
1035.000000,1577.000000,1122.000000,1620.000000
1925.000000,2110.000000,38.000000,2127.000000
1523.000000,1412.000000,1561.000000,1481.000000
2094.000000,1350.000000,2035.000000,1523.000000
510.000000,5.000000,458.000000,224.000000
1331.000000,240.000000,1150.000000,382.000000
1083.000000,1364.000000,1095.000000,1523.000000
940.000000,1722.000000,1076.000000,1813.000000
386.000000,1105.000000,491.000000,1111.000000
203.000000,1198.000000,184.000000,1262.000000
1793.000000,838.000000,1827.000000,984.000000
1671.000000,313.000000,1661.000000,345.000000
207.000000,1791.000000,171.000000,1902.000000
686.000000,995.000000,575.000000,1274.000000
1802.000000,1797.000000,1703.000000,1944.000000
1641.000000,1157.000000,1678.000000,1183.000000
300.000000,1323.000000,297.000000,1487.000000
1523.000000,1412.000000,1506.000000,1567.000000
1561.000000,1481.000000,1506.000000,1567.000000
2138.000000,357.000000,2089.000000,2060.000000
1543.000000,1712.000000,1657.000000,1819.000000
177.000000,207.000000,62.000000,321.000000
1497.000000,533.000000,1435.000000,591.000000
1150.000000,382.000000,1431.000000,504.000000
339.000000,1274.000000,300.000000,1323.000000
1893.000000,1151.000000,1678.000000,1183.000000
950.000000,937.000000,1129.000000,1115.000000
1720.000000,1534.000000,1898.000000,1558.000000
2035.000000,1523.000000,2089.000000,2060.000000
109.000000,1619.000000,207.000000,1791.000000
2035.000000,1523.000000,1905.000000,1653.000000
491.000000,1111.000000,575.000000,1274.000000
1937.000000,221.000000,1785.000000,275.000000
1463.000000,664.000000,1314.000000,857.000000
2041.000000,554.000000,2123.000000,852.000000
1720.000000,1534.000000,1703.000000,1615.000000
1076.000000,1813.000000,1222.000000,2081.000000
1385.000000,2053.000000,1354.000000,2114.000000
484.000000,1409.000000,432.000000,1466.000000
1686.000000,1639.000000,1771.000000,1715.000000
686.000000,995.000000,755.000000,1207.000000
313.000000,28.000000,43.000000,66.000000
1793.000000,838.000000,1932.000000,945.000000
1121.000000,48.000000,1045.000000,104.000000
1095.000000,1523.000000,1251.000000,1578.000000
454.000000,1349.000000,481.000000,1355.000000
811.000000,523.000000,817.000000,611.000000
713.000000,304.000000,537.000000,439.000000
1757.000000,285.000000,1796.000000,418.000000
403.000000,499.000000,395.000000,538.000000
326.000000,27.000000,313.000000,28.000000
386.000000,1105.000000,276.000000,1185.000000
817.000000,611.000000,872.000000,744.000000
471.000000,892.000000,276.000000,1185.000000
830.000000,1192.000000,967.000000,1479.000000
325.000000,313.000000,410.000000,406.000000
1757.000000,285.000000,1671.000000,313.000000
1931.000000,616.000000,1835.000000,678.000000
510.000000,5.000000,313.000000,28.000000
1121.000000,48.000000,936.000000,67.000000
468.000000,1461.000000,485.000000,1509.000000
639.000000,1357.000000,940.000000,1722.000000
237.000000,1312.000000,113.000000,1449.000000
715.000000,1641.000000,659.000000,1734.000000
244.000000,2124.000000,38.000000,2127.000000
1118.000000,984.000000,1129.000000,1115.000000
950.000000,937.000000,830.000000,1192.000000
862.000000,942.000000,686.000000,995.000000
70.000000,1478.000000,38.000000,2127.000000
1893.000000,1151.000000,2094.000000,1350.000000
936.000000,303.000000,1150.000000,382.000000
970.000000,6.000000,1121.000000,48.000000
184.000000,1262.000000,237.000000,1312.000000
537.000000,439.000000,403.000000,499.000000
276.000000,1185.000000,203.000000,1198.000000
727.000000,652.000000,681.000000,857.000000
8.000000,1084.000000,78.000000,1091.000000
703.000000,166.000000,884.000000,288.000000
1045.000000,104.000000,884.000000,288.000000
458.000000,224.000000,325.000000,313.000000
491.000000,1111.000000,462.000000,1301.000000
1150.000000,382.000000,1292.000000,687.000000
2035.000000,1523.000000,1720.000000,1534.000000
964.000000,1800.000000,851.000000,1884.000000
244.000000,820.000000,237.000000,871.000000
276.000000,1185.000000,339.000000,1274.000000
1435.000000,591.000000,1292.000000,687.000000
1827.000000,984.000000,1892.000000,1136.000000
1641.000000,1157.000000,1627.000000,1295.000000
1922.000000,554.000000,2041.000000,554.000000
1641.000000,1157.000000,1607.000000,1166.000000
1774.000000,138.000000,1937.000000,221.000000
1331.000000,240.000000,1606.000000,528.000000
1898.000000,1558.000000,1821.000000,1672.000000
1354.000000,2114.000000,244.000000,2124.000000
35.000000,534.000000,6.000000,973.000000
972.000000,668.000000,872.000000,744.000000
1055.000000,657.000000,872.000000,744.000000
964.000000,1800.000000,841.000000,1844.000000
1253.000000,1652.000000,1406.000000,1850.000000
1104.000000,984.000000,1118.000000,984.000000
378.000000,1454.000000,432.000000,1466.000000
805.000000,73.000000,703.000000,166.000000
1821.000000,1672.000000,1771.000000,1715.000000
194.000000,1446.000000,70.000000,1478.000000
1519.000000,1000.000000,1356.000000,1208.000000
746.000000,850.000000,686.000000,995.000000
1129.000000,1115.000000,1047.000000,1350.000000
1272.000000,1282.000000,1083.000000,1364.000000
2123.000000,852.000000,2094.000000,1350.000000
862.000000,942.000000,865.000000,1113.000000
1757.000000,285.000000,1866.000000,367.000000
2041.000000,554.000000,2022.000000,770.000000
632.000000,776.000000,646.000000,948.000000
1292.000000,687.000000,1314.000000,857.000000
1866.000000,367.000000,1922.000000,554.000000
713.000000,304.000000,889.000000,407.000000
1129.000000,1115.000000,1257.000000,1178.000000
1506.000000,1567.000000,1406.000000,1850.000000
184.000000,1262.000000,70.000000,1478.000000
237.000000,871.000000,203.000000,1097.000000
1834.000000,732.000000,1793.000000,838.000000
1691.000000,84.000000,1757.000000,285.000000
325.000000,313.000000,185.000000,590.000000
2123.000000,852.000000,2089.000000,2060.000000
970.000000,6.000000,805.000000,73.000000
1773.000000,558.000000,1609.000000,630.000000
1627.000000,1295.000000,1553.000000,1332.000000
1893.000000,1151.000000,1805.000000,1329.000000
1561.000000,1481.000000,1543.000000,1712.000000
1601.000000,561.000000,1496.000000,863.000000
1955.000000,1313.000000,1805.000000,1329.000000
8.000000,1084.000000,38.000000,2127.000000
8.000000,1084.000000,70.000000,1478.000000
686.000000,995.000000,566.000000,1013.000000
1561.000000,1481.000000,1720.000000,1534.000000
1076.000000,1813.000000,1283.000000,1865.000000
1609.000000,630.000000,1651.000000,739.000000
1691.000000,84.000000,1774.000000,138.000000
1118.000000,984.000000,1519.000000,1000.000000
1076.000000,1813.000000,955.000000,2101.000000
43.000000,66.000000,35.000000,534.000000
1651.000000,739.000000,1644.000000,825.000000
237.000000,1312.000000,220.000000,1450.000000
1657.000000,1819.000000,1406.000000,1850.000000
471.000000,892.000000,566.000000,1013.000000
390.000000,1366.000000,297.000000,1487.000000
2123.000000,852.000000,1948.000000,1010.000000
659.000000,1734.000000,536.000000,1872.000000
1691.000000,84.000000,1937.000000,221.000000
203.000000,1198.000000,237.000000,1312.000000
1703.000000,1615.000000,1821.000000,1672.000000
1917.000000,1121.000000,1892.000000,1136.000000
171.000000,1902.000000,38.000000,2127.000000
1931.000000,616.000000,1834.000000,732.000000
1104.000000,984.000000,1129.000000,1115.000000
950.000000,2024.000000,955.000000,2101.000000
278.000000,82.000000,177.000000,207.000000
35.000000,534.000000,244.000000,820.000000
454.000000,1349.000000,484.000000,1409.000000
1905.000000,1653.000000,2089.000000,2060.000000
49.000000,530.000000,185.000000,590.000000
1606.000000,528.000000,1773.000000,558.000000
1955.000000,1313.000000,2035.000000,1523.000000
930.000000,420.000000,1292.000000,687.000000
1785.000000,275.000000,2138.000000,357.000000
458.000000,224.000000,461.000000,322.000000
43.000000,66.000000,177.000000,207.000000
462.000000,1301.000000,390.000000,1366.000000
454.000000,1349.000000,378.000000,1454.000000
632.000000,776.000000,681.000000,857.000000
846.000000,1962.000000,919.000000,2096.000000
203.000000,1097.000000,276.000000,1185.000000
1543.000000,1712.000000,1406.000000,1850.000000
339.000000,1274.000000,237.000000,1312.000000
571.000000,1591.000000,715.000000,1641.000000
1150.000000,382.000000,930.000000,420.000000
575.000000,1274.000000,581.000000,1355.000000
1955.000000,1313.000000,1723.000000,1394.000000
846.000000,1962.000000,244.000000,2124.000000
194.000000,1446.000000,109.000000,1619.000000
944.000000,2096.000000,955.000000,2101.000000
970.000000,6.000000,563.000000,123.000000
1283.000000,1865.000000,1385.000000,2053.000000
1021.000000,920.000000,1104.000000,984.000000
1420.000000,1534.000000,1251.000000,1578.000000
237.000000,1312.000000,300.000000,1323.000000
78.000000,1091.000000,203.000000,1097.000000
940.000000,1722.000000,964.000000,1800.000000
395.000000,538.000000,244.000000,820.000000
1774.000000,138.000000,1757.000000,285.000000
207.000000,1791.000000,38.000000,2127.000000
339.000000,1274.000000,462.000000,1301.000000
746.000000,850.000000,862.000000,942.000000
1606.000000,528.000000,1609.000000,630.000000
1314.000000,857.000000,1496.000000,863.000000
446.000000,759.000000,646.000000,948.000000
1686.000000,1639.000000,1650.000000,1800.000000
746.000000,850.000000,681.000000,857.000000
237.000000,871.000000,471.000000,892.000000
1773.000000,558.000000,1931.000000,616.000000
1835.000000,678.000000,1793.000000,838.000000
378.000000,1454.000000,297.000000,1487.000000
313.000000,28.000000,278.000000,82.000000
461.000000,322.000000,410.000000,406.000000
1955.000000,1313.000000,1720.000000,1534.000000
102.000000,443.000000,185.000000,590.000000
970.000000,6.000000,936.000000,67.000000
1272.000000,1282.000000,1384.000000,1394.000000
326.000000,27.000000,278.000000,82.000000
1627.000000,1295.000000,1533.000000,1340.000000
432.000000,1466.000000,485.000000,1509.000000
1251.000000,1578.000000,1122.000000,1620.000000
43.000000,66.000000,198.000000,173.000000
313.000000,28.000000,198.000000,173.000000
62.000000,321.000000,102.000000,443.000000
572.000000,218.000000,713.000000,304.000000
1657.000000,1819.000000,1703.000000,1944.000000
1122.000000,1620.000000,1076.000000,1813.000000
1121.000000,48.000000,1374.000000,59.000000
727.000000,652.000000,632.000000,776.000000
727.000000,652.000000,740.000000,717.000000
1095.000000,1523.000000,1096.000000,1594.000000
1552.000000,192.000000,1671.000000,313.000000
1932.000000,945.000000,1827.000000,984.000000
1292.000000,687.000000,1153.000000,857.000000
1785.000000,275.000000,1757.000000,285.000000
276.000000,1185.000000,413.000000,1201.000000
6.000000,973.000000,8.000000,1084.000000
237.000000,1312.000000,70.000000,1478.000000
950.000000,937.000000,862.000000,942.000000
1118.000000,984.000000,1266.000000,1087.000000
1431.000000,504.000000,1497.000000,533.000000
413.000000,1201.000000,339.000000,1274.000000
581.000000,1355.000000,495.000000,1557.000000
1601.000000,561.000000,1463.000000,664.000000
1922.000000,554.000000,1773.000000,558.000000
326.000000,27.000000,458.000000,224.000000
1055.000000,657.000000,1292.000000,687.000000
1821.000000,1672.000000,1802.000000,1797.000000
1045.000000,104.000000,936.000000,303.000000
1866.000000,367.000000,1796.000000,418.000000
1506.000000,1567.000000,1543.000000,1712.000000
1552.000000,192.000000,1661.000000,345.000000
1703.000000,1944.000000,1354.000000,2114.000000
1384.000000,1394.000000,1095.000000,1523.000000
732.000000,1555.000000,841.000000,1844.000000
1753.000000,1794.000000,1650.000000,1800.000000
703.000000,166.000000,713.000000,304.000000
1431.000000,504.000000,1606.000000,528.000000
970.000000,6.000000,1691.000000,84.000000
681.000000,857.000000,686.000000,995.000000
481.000000,1355.000000,484.000000,1409.000000
746.000000,850.000000,1021.000000,920.000000
1253.000000,1652.000000,1106.000000,1782.000000
1055.000000,657.000000,1153.000000,857.000000
1047.000000,1350.000000,1083.000000,1364.000000
471.000000,892.000000,386.000000,1105.000000
1720.000000,1534.000000,1686.000000,1639.000000
740.000000,717.000000,746.000000,850.000000
403.000000,499.000000,646.000000,948.000000
639.000000,1357.000000,495.000000,1557.000000
244.000000,820.000000,471.000000,892.000000
581.000000,1355.000000,484.000000,1409.000000
950.000000,937.000000,1047.000000,1350.000000
1553.000000,1332.000000,1533.000000,1340.000000
1922.000000,554.000000,1931.000000,616.000000
1753.000000,1794.000000,1657.000000,1819.000000
1122.000000,1620.000000,1146.000000,1680.000000
1703.000000,1944.000000,1925.000000,2110.000000
919.000000,2096.000000,944.000000,2096.000000
2061.000000,957.000000,1948.000000,1010.000000
495.000000,1557.000000,571.000000,1591.000000
177.000000,207.000000,458.000000,224.000000
297.000000,1487.000000,332.000000,1570.000000
62.000000,321.000000,49.000000,530.000000
1035.000000,1577.000000,940.000000,1722.000000
1253.000000,1652.000000,1283.000000,1865.000000
1519.000000,1000.000000,1641.000000,1157.000000
332.000000,1570.000000,109.000000,1619.000000
1628.000000,760.000000,1644.000000,825.000000
841.000000,1844.000000,846.000000,1962.000000
1069.000000,689.000000,1153.000000,857.000000
339.000000,1274.000000,390.000000,1366.000000
1644.000000,825.000000,1519.000000,1000.000000
581.000000,1355.000000,639.000000,1357.000000
1356.000000,1208.000000,1627.000000,1295.000000
6.000000,973.000000,203.000000,1097.000000
1435.000000,591.000000,1463.000000,664.000000
681.000000,857.000000,646.000000,948.000000
410.000000,406.000000,403.000000,499.000000
276.000000,1185.000000,237.000000,1312.000000
1802.000000,1797.000000,1891.000000,2059.000000
1384.000000,1394.000000,1420.000000,1534.000000
955.000000,2101.000000,1354.000000,2114.000000
1606.000000,528.000000,1497.000000,533.000000
964.000000,1800.000000,846.000000,1962.000000
1628.000000,760.000000,1496.000000,863.000000
198.000000,173.000000,177.000000,207.000000
686.000000,995.000000,491.000000,1111.000000
325.000000,313.000000,461.000000,322.000000
566.000000,1013.000000,491.000000,1111.000000
495.000000,1557.000000,536.000000,1872.000000
1251.000000,1578.000000,1253.000000,1652.000000
1552.000000,192.000000,1331.000000,240.000000
454.000000,1349.000000,432.000000,1466.000000
1272.000000,1282.000000,1095.000000,1523.000000
1723.000000,1394.000000,1720.000000,1534.000000
510.000000,5.000000,563.000000,123.000000
1047.000000,1350.000000,1035.000000,1577.000000
1931.000000,616.000000,1932.000000,945.000000
830.000000,1192.000000,575.000000,1274.000000
237.000000,871.000000,276.000000,1185.000000
970.000000,6.000000,1374.000000,59.000000
889.000000,407.000000,930.000000,420.000000
390.000000,1366.000000,378.000000,1454.000000
1891.000000,2059.000000,2089.000000,2060.000000
1827.000000,984.000000,1948.000000,1010.000000
889.000000,407.000000,811.000000,523.000000
571.000000,1591.000000,536.000000,1872.000000
805.000000,73.000000,563.000000,123.000000
1266.000000,1087.000000,1129.000000,1115.000000
1283.000000,1865.000000,1222.000000,2081.000000
1905.000000,1653.000000,1821.000000,1672.000000
1561.000000,1481.000000,1686.000000,1639.000000
244.000000,820.000000,6.000000,973.000000
846.000000,1962.000000,950.000000,2024.000000
1406.000000,1850.000000,1517.000000,1945.000000
203.000000,1097.000000,203.000000,1198.000000
1771.000000,1715.000000,1802.000000,1797.000000
1153.000000,857.000000,1021.000000,920.000000
732.000000,1555.000000,571.000000,1591.000000
1703.000000,1944.000000,1517.000000,1945.000000
1774.000000,138.000000,1785.000000,275.000000
244.000000,820.000000,203.000000,1097.000000
1796.000000,418.000000,1606.000000,528.000000
484.000000,1409.000000,495.000000,1557.000000
1892.000000,1136.000000,1893.000000,1151.000000
865.000000,1113.000000,830.000000,1192.000000
646.000000,948.000000,686.000000,995.000000
713.000000,304.000000,461.000000,322.000000
950.000000,937.000000,1104.000000,984.000000
484.000000,1409.000000,468.000000,1461.000000
1678.000000,1183.000000,1627.000000,1295.000000
481.000000,1355.000000,581.000000,1355.000000
536.000000,1872.000000,244.000000,2124.000000
1153.000000,857.000000,1314.000000,857.000000
