POINTS
1155.000000,14.000000
687.000000,25.000000
749.000000,25.000000
1438.000000,43.000000
221.000000,44.000000
1126.000000,46.000000
491.000000,57.000000
650.000000,63.000000
1450.000000,75.000000
1077.000000,78.000000
2047.000000,84.000000
1013.000000,89.000000
1236.000000,89.000000
1350.000000,111.000000
282.000000,117.000000
225.000000,126.000000
810.000000,132.000000
1336.000000,136.000000
1513.000000,152.000000
304.000000,154.000000
1106.000000,165.000000
931.000000,175.000000
1810.000000,189.000000
1382.000000,194.000000
123.000000,244.000000
208.000000,254.000000
1242.000000,264.000000
1208.000000,267.000000
1470.000000,281.000000
711.000000,297.000000
1403.000000,305.000000
2171.000000,324.000000
729.000000,326.000000
1987.000000,334.000000
488.000000,348.000000
582.000000,351.000000
723.000000,352.000000
1678.000000,374.000000
379.000000,381.000000
1472.000000,382.000000
1934.000000,387.000000
93.000000,389.000000
1767.000000,401.000000
1556.000000,406.000000
233.000000,420.000000
1912.000000,423.000000
417.000000,429.000000
1897.000000,437.000000
1838.000000,444.000000
546.000000,457.000000
1552.000000,475.000000
332.000000,488.000000
106.000000,517.000000
1213.000000,529.000000
915.000000,548.000000
968.000000,549.000000
1413.000000,580.000000
959.000000,583.000000
108.000000,594.000000
1784.000000,600.000000
1763.000000,619.000000
1914.000000,628.000000
599.000000,650.000000
46.000000,658.000000
547.000000,678.000000
1196.000000,684.000000
225.000000,685.000000
670.000000,685.000000
947.000000,688.000000
101.000000,692.000000
291.000000,741.000000
1484.000000,759.000000
1171.000000,769.000000
1253.000000,772.000000
496.000000,775.000000
1524.000000,785.000000
432.000000,806.000000
706.000000,819.000000
729.000000,827.000000
3.000000,829.000000
1576.000000,840.000000
705.000000,909.000000
586.000000,922.000000
729.000000,924.000000
1228.000000,931.000000
763.000000,938.000000
25.000000,943.000000
1198.000000,944.000000
1185.000000,949.000000
1158.000000,950.000000
615.000000,951.000000
2064.000000,962.000000
1013.000000,967.000000
2285.000000,979.000000
2282.000000,990.000000
214.000000,998.000000
1297.000000,1027.000000
1180.000000,1028.000000
1404.000000,1052.000000
140.000000,1068.000000
753.000000,1073.000000
882.000000,1077.000000
1463.000000,1091.000000
1661.000000,1096.000000
415.000000,1155.000000
605.000000,1157.000000
862.000000,1157.000000
2280.000000,1171.000000
677.000000,1182.000000
719.000000,1182.000000
1355.000000,1190.000000
898.000000,1197.000000
1216.000000,1206.000000
130.000000,1220.000000
1910.000000,1222.000000
1685.000000,1226.000000
1115.000000,1233.000000
1699.000000,1235.000000
2122.000000,1247.000000
659.000000,1261.000000
194.000000,1275.000000
1148.000000,1276.000000
1564.000000,1280.000000
446.000000,1281.000000
2192.000000,1294.000000
1171.000000,1311.000000
1617.000000,1318.000000
480.000000,1319.000000
365.000000,1334.000000
1324.000000,1334.000000
647.000000,1336.000000
306.000000,1356.000000
527.000000,1373.000000
2272.000000,1380.000000
1868.000000,1382.000000
2046.000000,1388.000000
897.000000,1399.000000
2080.000000,1415.000000
507.000000,1434.000000
2118.000000,1439.000000
1714.000000,1447.000000
976.000000,1460.000000
108.000000,1467.000000
479.000000,1471.000000
1215.000000,1484.000000
229.000000,1498.000000
854.000000,1516.000000
1960.000000,1524.000000
1997.000000,1565.000000
1041.000000,1573.000000
1007.000000,1576.000000
1305.000000,1579.000000
988.000000,1608.000000
381.000000,1610.000000
10.000000,1611.000000
751.000000,1632.000000
821.000000,1633.000000
161.000000,1635.000000
941.000000,1635.000000
1320.000000,1641.000000
638.000000,1651.000000
423.000000,1670.000000
837.000000,1685.000000
167.000000,1689.000000
112.000000,1691.000000
345.000000,1700.000000
1016.000000,1700.000000
201.000000,1706.000000
614.000000,1715.000000
1105.000000,1716.000000
342.000000,1718.000000
773.000000,1723.000000
812.000000,1734.000000
1197.000000,1751.000000
596.000000,1753.000000
36.000000,1769.000000
1249.000000,1772.000000
1149.000000,1780.000000
1409.000000,1784.000000
1581.000000,1789.000000
1557.000000,1801.000000
318.000000,1805.000000
2073.000000,1808.000000
1946.000000,1810.000000
556.000000,1812.000000
955.000000,1826.000000
853.000000,1839.000000
112.000000,1845.000000
127.000000,1845.000000
1046.000000,1865.000000
1522.000000,1905.000000
433.000000,1917.000000
52.000000,1936.000000
1004.000000,1942.000000
112.000000,1945.000000
1995.000000,1949.000000
1420.000000,1968.000000
1722.000000,1976.000000
484.000000,2005.000000
1867.000000,2028.000000
1824.000000,2043.000000
1908.000000,2044.000000
958.000000,2046.000000
1207.000000,2046.000000
1030.000000,2050.000000
753.000000,2057.000000
1911.000000,2057.000000
193.000000,2066.000000
1547.000000,2077.000000
765.000000,2081.000000
451.000000,2085.000000
2100.000000,2087.000000
469.000000,2098.000000
1636.000000,2109.000000
1261.000000,2110.000000
146.000000,2124.000000
657.000000,2135.000000
816.000000,2138.000000
1351.000000,2146.000000
1174.000000,2148.000000
1532.000000,2159.000000
949.000000,2177.000000
315.000000,2192.000000
851.000000,2231.000000
129.000000,2242.000000
1759.000000,2248.000000
278.000000,2253.000000
377.000000,2255.000000
1139.000000,2255.000000
LINES
1576.000000,840.000000,1661.000000,1096.000000
1106.000000,165.000000,1208.000000,267.000000
753.000000,1073.000000,882.000000,1077.000000
194.000000,1275.000000,306.000000,1356.000000
332.000000,488.000000,225.000000,685.000000
112.000000,1845.000000,112.000000,1945.000000
1868.000000,1382.000000,2046.000000,1388.000000
1171.000000,769.000000,1013.000000,967.000000
479.000000,1471.000000,423.000000,1670.000000
1013.000000,89.000000,810.000000,132.000000
854.000000,1516.000000,1007.000000,1576.000000
130.000000,1220.000000,194.000000,1275.000000
1404.000000,1052.000000,1661.000000,1096.000000
140.000000,1068.000000,365.000000,1334.000000
1041.000000,1573.000000,1105.000000,1716.000000
2171.000000,324.000000,2064.000000,962.000000
810.000000,132.000000,931.000000,175.000000
201.000000,1706.000000,318.000000,1805.000000
1305.000000,1579.000000,1197.000000,1751.000000
221.000000,44.000000,491.000000,57.000000
446.000000,1281.000000,365.000000,1334.000000
233.000000,420.000000,332.000000,488.000000
1784.000000,600.000000,1914.000000,628.000000
415.000000,1155.000000,480.000000,1319.000000
1910.000000,1222.000000,2046.000000,1388.000000
496.000000,775.000000,586.000000,922.000000
1030.000000,2050.000000,1139.000000,2255.000000
968.000000,549.000000,947.000000,688.000000
1484.000000,759.000000,1576.000000,840.000000
1004.000000,1942.000000,1207.000000,2046.000000
52.000000,1936.000000,112.000000,1945.000000
381.000000,1610.000000,345.000000,1700.000000
749.000000,25.000000,1013.000000,89.000000
1714.000000,1447.000000,1581.000000,1789.000000
1355.000000,1190.000000,1216.000000,1206.000000
1213.000000,529.000000,1413.000000,580.000000
36.000000,1769.000000,112.000000,1845.000000
1216.000000,1206.000000,1171.000000,1311.000000
381.000000,1610.000000,161.000000,1635.000000
677.000000,1182.000000,480.000000,1319.000000
2122.000000,1247.000000,2118.000000,1439.000000
1784.000000,600.000000,1763.000000,619.000000
1261.000000,2110.000000,1174.000000,2148.000000
729.000000,827.000000,1013.000000,967.000000
719.000000,1182.000000,897.000000,1399.000000
1661.000000,1096.000000,1564.000000,1280.000000
10.000000,1611.000000,112.000000,1691.000000
1911.000000,2057.000000,2100.000000,2087.000000
1155.000000,14.000000,1013.000000,89.000000
1636.000000,2109.000000,1532.000000,2159.000000
1987.000000,334.000000,1934.000000,387.000000
377.000000,2255.000000,1139.000000,2255.000000
229.000000,1498.000000,381.000000,1610.000000
1249.000000,1772.000000,1557.000000,1801.000000
1155.000000,14.000000,687.000000,25.000000
225.000000,126.000000,208.000000,254.000000
1522.000000,1905.000000,1547.000000,2077.000000
719.000000,1182.000000,659.000000,1261.000000
93.000000,389.000000,233.000000,420.000000
816.000000,2138.000000,851.000000,2231.000000
1678.000000,374.000000,1472.000000,382.000000
1106.000000,165.000000,931.000000,175.000000
1912.000000,423.000000,1897.000000,437.000000
1207.000000,2046.000000,1261.000000,2110.000000
423.000000,1670.000000,318.000000,1805.000000
1522.000000,1905.000000,1420.000000,1968.000000
318.000000,1805.000000,556.000000,1812.000000
46.000000,658.000000,225.000000,685.000000
1355.000000,1190.000000,1324.000000,1334.000000
2122.000000,1247.000000,2046.000000,1388.000000
2171.000000,324.000000,2285.000000,979.000000
1934.000000,387.000000,1912.000000,423.000000
751.000000,1632.000000,638.000000,1651.000000
10.000000,1611.000000,36.000000,1769.000000
949.000000,2177.000000,851.000000,2231.000000
897.000000,1399.000000,854.000000,1516.000000
25.000000,943.000000,130.000000,1220.000000
677.000000,1182.000000,719.000000,1182.000000
1946.000000,1810.000000,1522.000000,1905.000000
556.000000,1812.000000,433.000000,1917.000000
193.000000,2066.000000,146.000000,2124.000000
2080.000000,1415.000000,2118.000000,1439.000000
1155.000000,14.000000,1236.000000,89.000000
1149.000000,1780.000000,1557.000000,1801.000000
2064.000000,962.000000,2282.000000,990.000000
1908.000000,2044.000000,2100.000000,2087.000000
2046.000000,1388.000000,2118.000000,1439.000000
1213.000000,529.000000,1196.000000,684.000000
1914.000000,628.000000,2064.000000,962.000000
1297.000000,1027.000000,1355.000000,1190.000000
1685.000000,1226.000000,1699.000000,1235.000000
451.000000,2085.000000,315.000000,2192.000000
365.000000,1334.000000,229.000000,1498.000000
582.000000,351.000000,723.000000,352.000000
1105.000000,1716.000000,1197.000000,1751.000000
547.000000,678.000000,706.000000,819.000000
1403.000000,305.000000,1552.000000,475.000000
2064.000000,962.000000,2280.000000,1171.000000
968.000000,549.000000,959.000000,583.000000
647.000000,1336.000000,897.000000,1399.000000
1249.000000,1772.000000,1149.000000,1780.000000
915.000000,548.000000,968.000000,549.000000
161.000000,1635.000000,345.000000,1700.000000
596.000000,1753.000000,753.000000,2057.000000
507.000000,1434.000000,479.000000,1471.000000
1404.000000,1052.000000,1355.000000,1190.000000
955.000000,1826.000000,1046.000000,1865.000000
1320.000000,1641.000000,1197.000000,1751.000000
193.000000,2066.000000,315.000000,2192.000000
586.000000,922.000000,605.000000,1157.000000
417.000000,429.000000,332.000000,488.000000
469.000000,2098.000000,657.000000,2135.000000
1413.000000,580.000000,1524.000000,785.000000
1046.000000,1865.000000,1004.000000,1942.000000
1403.000000,305.000000,1213.000000,529.000000
596.000000,1753.000000,556.000000,1812.000000
1174.000000,2148.000000,1139.000000,2255.000000
1106.000000,165.000000,1382.000000,194.000000
1463.000000,1091.000000,1320.000000,1641.000000
2073.000000,1808.000000,2100.000000,2087.000000
233.000000,420.000000,225.000000,685.000000
1198.000000,944.000000,1185.000000,949.000000
599.000000,650.000000,670.000000,685.000000
1228.000000,931.000000,1013.000000,967.000000
469.000000,2098.000000,377.000000,2255.000000
1013.000000,89.000000,931.000000,175.000000
127.000000,1845.000000,193.000000,2066.000000
1678.000000,374.000000,1838.000000,444.000000
765.000000,2081.000000,816.000000,2138.000000
208.000000,254.000000,488.000000,348.000000
1171.000000,1311.000000,1215.000000,1484.000000
1213.000000,529.000000,1253.000000,772.000000
753.000000,1073.000000,862.000000,1157.000000
2285.000000,979.000000,2280.000000,1171.000000
723.000000,352.000000,915.000000,548.000000
1207.000000,2046.000000,1030.000000,2050.000000
1463.000000,1091.000000,1324.000000,1334.000000
729.000000,827.000000,705.000000,909.000000
291.000000,741.000000,214.000000,998.000000
1197.000000,1751.000000,1249.000000,1772.000000
546.000000,457.000000,915.000000,548.000000
1767.000000,401.000000,1897.000000,437.000000
729.000000,924.000000,763.000000,938.000000
1810.000000,189.000000,1678.000000,374.000000
947.000000,688.000000,1171.000000,769.000000
2280.000000,1171.000000,2272.000000,1380.000000
208.000000,254.000000,233.000000,420.000000
417.000000,429.000000,546.000000,457.000000
931.000000,175.000000,1208.000000,267.000000
194.000000,1275.000000,108.000000,1467.000000
687.000000,25.000000,650.000000,63.000000
1552.000000,475.000000,1213.000000,529.000000
1413.000000,580.000000,1484.000000,759.000000
291.000000,741.000000,586.000000,922.000000
753.000000,2057.000000,816.000000,2138.000000
1077.000000,78.000000,1106.000000,165.000000
751.000000,1632.000000,821.000000,1633.000000
1463.000000,1091.000000,1661.000000,1096.000000
282.000000,117.000000,225.000000,126.000000
1185.000000,949.000000,1180.000000,1028.000000
161.000000,1635.000000,342.000000,1718.000000
1552.000000,475.000000,1576.000000,840.000000
1016.000000,1700.000000,1046.000000,1865.000000
1155.000000,14.000000,749.000000,25.000000
1763.000000,619.000000,1914.000000,628.000000
484.000000,2005.000000,469.000000,2098.000000
1661.000000,1096.000000,1685.000000,1226.000000
2047.000000,84.000000,1810.000000,189.000000
1438.000000,43.000000,1810.000000,189.000000
2171.000000,324.000000,1897.000000,437.000000
3.000000,829.000000,10.000000,1611.000000
763.000000,938.000000,615.000000,951.000000
225.000000,685.000000,291.000000,741.000000
1699.000000,1235.000000,1564.000000,1280.000000
46.000000,658.000000,101.000000,692.000000
484.000000,2005.000000,657.000000,2135.000000
112.000000,1845.000000,127.000000,1845.000000
1041.000000,1573.000000,1007.000000,1576.000000
1524.000000,785.000000,1576.000000,840.000000
1148.000000,1276.000000,1171.000000,1311.000000
605.000000,1157.000000,677.000000,1182.000000
1253.000000,772.000000,1228.000000,931.000000
2282.000000,990.000000,2280.000000,1171.000000
233.000000,420.000000,106.000000,517.000000
1207.000000,2046.000000,1351.000000,2146.000000
1838.000000,444.000000,1784.000000,600.000000
1242.000000,264.000000,1208.000000,267.000000
2272.000000,1380.000000,2073.000000,1808.000000
1180.000000,1028.000000,1115.000000,1233.000000
2272.000000,1380.000000,2118.000000,1439.000000
1997.000000,1565.000000,1946.000000,1810.000000
1995.000000,1949.000000,2100.000000,2087.000000
1763.000000,619.000000,1661.000000,1096.000000
1867.000000,2028.000000,1908.000000,2044.000000
706.000000,819.000000,586.000000,922.000000
2122.000000,1247.000000,2272.000000,1380.000000
225.000000,685.000000,25.000000,943.000000
705.000000,909.000000,615.000000,951.000000
282.000000,117.000000,304.000000,154.000000
491.000000,57.000000,225.000000,126.000000
2047.000000,84.000000,1912.000000,423.000000
1261.000000,2110.000000,1139.000000,2255.000000
488.000000,348.000000,417.000000,429.000000
2064.000000,962.000000,1661.000000,1096.000000
958.000000,2046.000000,753.000000,2057.000000
291.000000,741.000000,432.000000,806.000000
1350.000000,111.000000,1513.000000,152.000000
1699.000000,1235.000000,1868.000000,1382.000000
1484.000000,759.000000,1404.000000,1052.000000
711.000000,297.000000,582.000000,351.000000
446.000000,1281.000000,480.000000,1319.000000
854.000000,1516.000000,821.000000,1633.000000
1324.000000,1334.000000,1215.000000,1484.000000
1897.000000,437.000000,1784.000000,600.000000
1470.000000,281.000000,1403.000000,305.000000
729.000000,827.000000,763.000000,938.000000
749.000000,25.000000,711.000000,297.000000
1581.000000,1789.000000,1522.000000,1905.000000
729.000000,827.000000,615.000000,951.000000
677.000000,1182.000000,659.000000,1261.000000
108.000000,594.000000,46.000000,658.000000
496.000000,775.000000,706.000000,819.000000
1261.000000,2110.000000,1351.000000,2146.000000
931.000000,175.000000,968.000000,549.000000
1382.000000,194.000000,1242.000000,264.000000
1297.000000,1027.000000,1216.000000,1206.000000
837.000000,1685.000000,812.000000,1734.000000
1557.000000,1801.000000,1207.000000,2046.000000
304.000000,154.000000,208.000000,254.000000
1403.000000,305.000000,1472.000000,382.000000
931.000000,175.000000,915.000000,548.000000
1105.000000,1716.000000,1149.000000,1780.000000
10.000000,1611.000000,161.000000,1635.000000
1249.000000,1772.000000,1409.000000,1784.000000
1185.000000,949.000000,1404.000000,1052.000000
36.000000,1769.000000,127.000000,1845.000000
638.000000,1651.000000,423.000000,1670.000000
112.000000,1691.000000,36.000000,1769.000000
706.000000,819.000000,615.000000,951.000000
1004.000000,1942.000000,958.000000,2046.000000
976.000000,1460.000000,854.000000,1516.000000
208.000000,254.000000,379.000000,381.000000
381.000000,1610.000000,423.000000,1670.000000
821.000000,1633.000000,941.000000,1635.000000
1155.000000,14.000000,1126.000000,46.000000
1236.000000,89.000000,1336.000000,136.000000
1197.000000,1751.000000,1149.000000,1780.000000
1126.000000,46.000000,1106.000000,165.000000
1216.000000,1206.000000,1324.000000,1334.000000
596.000000,1753.000000,484.000000,2005.000000
955.000000,1826.000000,1004.000000,1942.000000
2118.000000,1439.000000,1997.000000,1565.000000
1484.000000,759.000000,1253.000000,772.000000
2171.000000,324.000000,1987.000000,334.000000
10.000000,1611.000000,52.000000,1936.000000
546.000000,457.000000,670.000000,685.000000
851.000000,2231.000000,377.000000,2255.000000
2047.000000,84.000000,2171.000000,324.000000
507.000000,1434.000000,638.000000,1651.000000
1714.000000,1447.000000,1320.000000,1641.000000
546.000000,457.000000,332.000000,488.000000
837.000000,1685.000000,1016.000000,1700.000000
491.000000,57.000000,488.000000,348.000000
1472.000000,382.000000,1556.000000,406.000000
1336.000000,136.000000,1382.000000,194.000000
201.000000,1706.000000,193.000000,2066.000000
225.000000,126.000000,123.000000,244.000000
527.000000,1373.000000,507.000000,1434.000000
1438.000000,43.000000,1236.000000,89.000000
1420.000000,1968.000000,1207.000000,2046.000000
1207.000000,2046.000000,1174.000000,2148.000000
2192.000000,1294.000000,2272.000000,1380.000000
1016.000000,1700.000000,955.000000,1826.000000
706.000000,819.000000,729.000000,827.000000
1305.000000,1579.000000,1105.000000,1716.000000
1463.000000,1091.000000,1355.000000,1190.000000
140.000000,1068.000000,415.000000,1155.000000
25.000000,943.000000,140.000000,1068.000000
488.000000,348.000000,582.000000,351.000000
1115.000000,1233.000000,1171.000000,1311.000000
915.000000,548.000000,670.000000,685.000000
423.000000,1670.000000,556.000000,1812.000000
1420.000000,1968.000000,1547.000000,2077.000000
582.000000,351.000000,546.000000,457.000000
2046.000000,1388.000000,1960.000000,1524.000000
1016.000000,1700.000000,812.000000,1734.000000
2122.000000,1247.000000,2192.000000,1294.000000
812.000000,1734.000000,955.000000,1826.000000
3.000000,829.000000,108.000000,1467.000000
763.000000,938.000000,882.000000,1077.000000
1547.000000,2077.000000,1636.000000,2109.000000
753.000000,1073.000000,898.000000,1197.000000
2171.000000,324.000000,1914.000000,628.000000
221.000000,44.000000,123.000000,244.000000
955.000000,1826.000000,853.000000,1839.000000
2047.000000,84.000000,1987.000000,334.000000
1213.000000,529.000000,1484.000000,759.000000
638.000000,1651.000000,614.000000,1715.000000
2272.000000,1380.000000,2100.000000,2087.000000
93.000000,389.000000,3.000000,829.000000
194.000000,1275.000000,229.000000,1498.000000
751.000000,1632.000000,773.000000,1723.000000
753.000000,2057.000000,949.000000,2177.000000
1297.000000,1027.000000,1404.000000,1052.000000
1824.000000,2043.000000,1908.000000,2044.000000
1213.000000,529.000000,968.000000,549.000000
1661.000000,1096.000000,1699.000000,1235.000000
1522.000000,1905.000000,1636.000000,2109.000000
1910.000000,1222.000000,1868.000000,1382.000000
1149.000000,1780.000000,1207.000000,2046.000000
1215.000000,1484.000000,1041.000000,1573.000000
140.000000,1068.000000,194.000000,1275.000000
507.000000,1434.000000,751.000000,1632.000000
480.000000,1319.000000,365.000000,1334.000000
547.000000,678.000000,291.000000,741.000000
1215.000000,1484.000000,1305.000000,1579.000000
1126.000000,46.000000,1013.000000,89.000000
1196.000000,684.000000,1171.000000,769.000000
106.000000,517.000000,46.000000,658.000000
1438.000000,43.000000,2047.000000,84.000000
1016.000000,1700.000000,1105.000000,1716.000000
433.000000,1917.000000,193.000000,2066.000000
1722.000000,1976.000000,1867.000000,2028.000000
2280.000000,1171.000000,2122.000000,1247.000000
318.000000,1805.000000,193.000000,2066.000000
599.000000,650.000000,547.000000,678.000000
432.000000,806.000000,586.000000,922.000000
1213.000000,529.000000,1171.000000,769.000000
1350.000000,111.000000,1470.000000,281.000000
488.000000,348.000000,546.000000,457.000000
729.000000,326.000000,723.000000,352.000000
749.000000,25.000000,810.000000,132.000000
1155.000000,14.000000,1438.000000,43.000000
2285.000000,979.000000,2282.000000,990.000000
365.000000,1334.000000,381.000000,1610.000000
1960.000000,1524.000000,1522.000000,1905.000000
365.000000,1334.000000,306.000000,1356.000000
647.000000,1336.000000,527.000000,1373.000000
1910.000000,1222.000000,1699.000000,1235.000000
1208.000000,267.000000,1403.000000,305.000000
1995.000000,1949.000000,1867.000000,2028.000000
1077.000000,78.000000,931.000000,175.000000
123.000000,244.000000,93.000000,389.000000
46.000000,658.000000,3.000000,829.000000
1678.000000,374.000000,1552.000000,475.000000
2073.000000,1808.000000,1946.000000,1810.000000
657.000000,2135.000000,851.000000,2231.000000
949.000000,2177.000000,1139.000000,2255.000000
687.000000,25.000000,749.000000,25.000000
1236.000000,89.000000,1350.000000,111.000000
146.000000,2124.000000,315.000000,2192.000000
596.000000,1753.000000,853.000000,1839.000000
484.000000,2005.000000,753.000000,2057.000000
112.000000,1691.000000,127.000000,1845.000000
1198.000000,944.000000,1404.000000,1052.000000
711.000000,297.000000,488.000000,348.000000
615.000000,951.000000,605.000000,1157.000000
379.000000,381.000000,233.000000,420.000000
1171.000000,1311.000000,897.000000,1399.000000
605.000000,1157.000000,719.000000,1182.000000
1564.000000,1280.000000,1714.000000,1447.000000
638.000000,1651.000000,773.000000,1723.000000
345.000000,1700.000000,342.000000,1718.000000
898.000000,1197.000000,1115.000000,1233.000000
812.000000,1734.000000,853.000000,1839.000000
638.000000,1651.000000,596.000000,1753.000000
1824.000000,2043.000000,1636.000000,2109.000000
1472.000000,382.000000,1552.000000,475.000000
1532.000000,2159.000000,1139.000000,2255.000000
1678.000000,374.000000,1767.000000,401.000000
491.000000,57.000000,650.000000,63.000000
1149.000000,1780.000000,1046.000000,1865.000000
127.000000,1845.000000,112.000000,1945.000000
1350.000000,111.000000,1336.000000,136.000000
342.000000,1718.000000,318.000000,1805.000000
1208.000000,267.000000,968.000000,549.000000
423.000000,1670.000000,345.000000,1700.000000
1763.000000,619.000000,2064.000000,962.000000
1552.000000,475.000000,1413.000000,580.000000
1077.000000,78.000000,1013.000000,89.000000
123.000000,244.000000,233.000000,420.000000
193.000000,2066.000000,451.000000,2085.000000
129.000000,2242.000000,278.000000,2253.000000
201.000000,1706.000000,127.000000,1845.000000
614.000000,1715.000000,773.000000,1723.000000
1228.000000,931.000000,1185.000000,949.000000
1946.000000,1810.000000,1867.000000,2028.000000
1908.000000,2044.000000,1911.000000,2057.000000
1685.000000,1226.000000,1564.000000,1280.000000
2171.000000,324.000000,1912.000000,423.000000
2064.000000,962.000000,2122.000000,1247.000000
705.000000,909.000000,763.000000,938.000000
1636.000000,2109.000000,1351.000000,2146.000000
1868.000000,1382.000000,1960.000000,1524.000000
291.000000,741.000000,415.000000,1155.000000
882.000000,1077.000000,862.000000,1157.000000
547.000000,678.000000,496.000000,775.000000
1767.000000,401.000000,1912.000000,423.000000
1824.000000,2043.000000,1759.000000,2248.000000
315.000000,2192.000000,278.000000,2253.000000
1007.000000,1576.000000,988.000000,1608.000000
810.000000,132.000000,723.000000,352.000000
332.000000,488.000000,547.000000,678.000000
415.000000,1155.000000,677.000000,1182.000000
1997.000000,1565.000000,2073.000000,1808.000000
1995.000000,1949.000000,1908.000000,2044.000000
1513.000000,152.000000,1810.000000,189.000000
1699.000000,1235.000000,1617.000000,1318.000000
1320.000000,1641.000000,1557.000000,1801.000000
1946.000000,1810.000000,1722.000000,1976.000000
763.000000,938.000000,1013.000000,967.000000
1910.000000,1222.000000,2122.000000,1247.000000
976.000000,1460.000000,1041.000000,1573.000000
108.000000,1467.000000,161.000000,1635.000000
647.000000,1336.000000,507.000000,1434.000000
810.000000,132.000000,711.000000,297.000000
1004.000000,1942.000000,1030.000000,2050.000000
1041.000000,1573.000000,988.000000,1608.000000
491.000000,57.000000,282.000000,117.000000
1868.000000,1382.000000,1714.000000,1447.000000
1185.000000,949.000000,1297.000000,1027.000000
1242.000000,264.000000,1403.000000,305.000000
332.000000,488.000000,291.000000,741.000000
1171.000000,769.000000,1253.000000,772.000000
1126.000000,46.000000,1077.000000,78.000000
52.000000,1936.000000,146.000000,2124.000000
108.000000,594.000000,225.000000,685.000000
1513.000000,152.000000,1472.000000,382.000000
659.000000,1261.000000,647.000000,1336.000000
1320.000000,1641.000000,1409.000000,1784.000000
711.000000,297.000000,729.000000,326.000000
10.000000,1611.000000,167.000000,1689.000000
161.000000,1635.000000,201.000000,1706.000000
1115.000000,1233.000000,897.000000,1399.000000
546.000000,457.000000,599.000000,650.000000
1867.000000,2028.000000,1824.000000,2043.000000
1007.000000,1576.000000,941.000000,1635.000000
106.000000,517.000000,108.000000,594.000000
729.000000,924.000000,615.000000,951.000000
36.000000,1769.000000,112.000000,1945.000000
1678.000000,374.000000,1784.000000,600.000000
433.000000,1917.000000,484.000000,2005.000000
146.000000,2124.000000,278.000000,2253.000000
1305.000000,1579.000000,1320.000000,1641.000000
161.000000,1635.000000,167.000000,1689.000000
1868.000000,1382.000000,1522.000000,1905.000000
1228.000000,931.000000,1404.000000,1052.000000
615.000000,951.000000,753.000000,1073.000000
25.000000,943.000000,214.000000,998.000000
1911.000000,2057.000000,1759.000000,2248.000000
2080.000000,1415.000000,1997.000000,1565.000000
976.000000,1460.000000,1215.000000,1484.000000
941.000000,1635.000000,1016.000000,1700.000000
167.000000,1689.000000,201.000000,1706.000000
101.000000,692.000000,3.000000,829.000000
1513.000000,152.000000,1470.000000,281.000000
547.000000,678.000000,670.000000,685.000000
278.000000,2253.000000,377.000000,2255.000000
1960.000000,1524.000000,1997.000000,1565.000000
2047.000000,84.000000,1934.000000,387.000000
897.000000,1399.000000,751.000000,1632.000000
1207.000000,2046.000000,1547.000000,2077.000000
130.000000,1220.000000,108.000000,1467.000000
496.000000,775.000000,432.000000,806.000000
1810.000000,189.000000,1472.000000,382.000000
1320.000000,1641.000000,1249.000000,1772.000000
488.000000,348.000000,379.000000,381.000000
480.000000,1319.000000,527.000000,1373.000000
941.000000,1635.000000,837.000000,1685.000000
988.000000,1608.000000,941.000000,1635.000000
1013.000000,967.000000,882.000000,1077.000000
546.000000,457.000000,547.000000,678.000000
1897.000000,437.000000,1838.000000,444.000000
765.000000,2081.000000,657.000000,2135.000000
291.000000,741.000000,25.000000,943.000000
988.000000,1608.000000,1016.000000,1700.000000
882.000000,1077.000000,1115.000000,1233.000000
194.000000,1275.000000,365.000000,1334.000000
2046.000000,1388.000000,2080.000000,1415.000000
670.000000,685.000000,706.000000,819.000000
1016.000000,1700.000000,1149.000000,1780.000000
753.000000,1073.000000,605.000000,1157.000000
1763.000000,619.000000,1576.000000,840.000000
1438.000000,43.000000,1450.000000,75.000000
36.000000,1769.000000,52.000000,1936.000000
749.000000,25.000000,650.000000,63.000000
897.000000,1399.000000,976.000000,1460.000000
1196.000000,684.000000,1253.000000,772.000000
1897.000000,437.000000,1914.000000,628.000000
1678.000000,374.000000,1556.000000,406.000000
853.000000,1839.000000,958.000000,2046.000000
10.000000,1611.000000,201.000000,1706.000000
723.000000,352.000000,546.000000,457.000000
821.000000,1633.000000,837.000000,1685.000000
1987.000000,334.000000,1912.000000,423.000000
1564.000000,1280.000000,1320.000000,1641.000000
484.000000,2005.000000,451.000000,2085.000000
851.000000,2231.000000,1139.000000,2255.000000
101.000000,692.000000,25.000000,943.000000
108.000000,1467.000000,10.000000,1611.000000
1522.000000,1905.000000,1722.000000,1976.000000
1564.000000,1280.000000,1617.000000,1318.000000
810.000000,132.000000,729.000000,326.000000
1180.000000,1028.000000,1216.000000,1206.000000
931.000000,175.000000,723.000000,352.000000
1463.000000,1091.000000,1564.000000,1280.000000
214.000000,998.000000,415.000000,1155.000000
1450.000000,75.000000,1350.000000,111.000000
898.000000,1197.000000,897.000000,1399.000000
112.000000,1691.000000,201.000000,1706.000000
491.000000,57.000000,304.000000,154.000000
556.000000,1812.000000,484.000000,2005.000000
1320.000000,1641.000000,1581.000000,1789.000000
480.000000,1319.000000,479.000000,1471.000000
93.000000,389.000000,46.000000,658.000000
821.000000,1633.000000,812.000000,1734.000000
1382.000000,194.000000,1403.000000,305.000000
1324.000000,1334.000000,1305.000000,1579.000000
915.000000,548.000000,959.000000,583.000000
479.000000,1471.000000,381.000000,1610.000000
773.000000,1723.000000,812.000000,1734.000000
958.000000,2046.000000,1030.000000,2050.000000
480.000000,1319.000000,647.000000,1336.000000
657.000000,2135.000000,377.000000,2255.000000
433.000000,1917.000000,451.000000,2085.000000
1297.000000,1027.000000,1180.000000,1028.000000
1185.000000,949.000000,1013.000000,967.000000
862.000000,1157.000000,898.000000,1197.000000
1552.000000,475.000000,1524.000000,785.000000
112.000000,1945.000000,193.000000,2066.000000
415.000000,1155.000000,365.000000,1334.000000
853.000000,1839.000000,753.000000,2057.000000
647.000000,1336.000000,751.000000,1632.000000
379.000000,381.000000,332.000000,488.000000
1115.000000,1233.000000,1148.000000,1276.000000
1216.000000,1206.000000,1148.000000,1276.000000
106.000000,517.000000,225.000000,685.000000
988.000000,1608.000000,1105.000000,1716.000000
958.000000,2046.000000,1139.000000,2255.000000
1228.000000,931.000000,1198.000000,944.000000
1185.000000,949.000000,1158.000000,950.000000
1041.000000,1573.000000,1305.000000,1579.000000
1636.000000,2109.000000,1759.000000,2248.000000
1013.000000,967.000000,1180.000000,1028.000000
711.000000,297.000000,723.000000,352.000000
1470.000000,281.000000,1472.000000,382.000000
108.000000,1467.000000,229.000000,1498.000000
670.000000,685.000000,947.000000,688.000000
225.000000,685.000000,101.000000,692.000000
315.000000,2192.000000,377.000000,2255.000000
1158.000000,950.000000,1013.000000,967.000000
650.000000,63.000000,488.000000,348.000000
415.000000,1155.000000,605.000000,1157.000000
1171.000000,1311.000000,1324.000000,1334.000000
1404.000000,1052.000000,1463.000000,1091.000000
947.000000,688.000000,729.000000,827.000000
1155.000000,14.000000,2047.000000,84.000000
614.000000,1715.000000,596.000000,1753.000000
854.000000,1516.000000,751.000000,1632.000000
3.000000,829.000000,25.000000,943.000000
705.000000,909.000000,729.000000,924.000000
52.000000,1936.000000,129.000000,2242.000000
2280.000000,1171.000000,2192.000000,1294.000000
1013.000000,967.000000,1115.000000,1233.000000
687.000000,25.000000,491.000000,57.000000
123.000000,244.000000,208.000000,254.000000
763.000000,938.000000,753.000000,1073.000000
146.000000,2124.000000,129.000000,2242.000000
1409.000000,1784.000000,1557.000000,1801.000000
365.000000,1334.000000,479.000000,1471.000000
214.000000,998.000000,140.000000,1068.000000
1438.000000,43.000000,1350.000000,111.000000
753.000000,1073.000000,719.000000,1182.000000
976.000000,1460.000000,1007.000000,1576.000000
2272.000000,1380.000000,1997.000000,1565.000000
1759.000000,2248.000000,1139.000000,2255.000000
1007.000000,1576.000000,821.000000,1633.000000
1484.000000,759.000000,1524.000000,785.000000
1532.000000,2159.000000,1759.000000,2248.000000
958.000000,2046.000000,949.000000,2177.000000
306.000000,1356.000000,229.000000,1498.000000
507.000000,1434.000000,423.000000,1670.000000
1149.000000,1780.000000,1004.000000,1942.000000
112.000000,1945.000000,146.000000,2124.000000
1350.000000,111.000000,1382.000000,194.000000
1997.000000,1565.000000,1522.000000,1905.000000
687.000000,25.000000,221.000000,44.000000
821.000000,1633.000000,773.000000,1723.000000
719.000000,1182.000000,898.000000,1197.000000
1484.000000,759.000000,1228.000000,931.000000
1228.000000,931.000000,1158.000000,950.000000
1207.000000,2046.000000,1636.000000,2109.000000
304.000000,154.000000,488.000000,348.000000
586.000000,922.000000,615.000000,951.000000
2064.000000,962.000000,1910.000000,1222.000000
1552.000000,475.000000,1763.000000,619.000000
379.000000,381.000000,417.000000,429.000000
2064.000000,962.000000,2285.000000,979.000000
1208.000000,267.000000,1213.000000,529.000000
93.000000,389.000000,106.000000,517.000000
915.000000,548.000000,947.000000,688.000000
1171.000000,1311.000000,976.000000,1460.000000
1767.000000,401.000000,1838.000000,444.000000
1810.000000,189.000000,1767.000000,401.000000
1126.000000,46.000000,1236.000000,89.000000
1438.000000,43.000000,1513.000000,152.000000
670.000000,685.000000,729.000000,827.000000
1678.000000,374.000000,1763.000000,619.000000
1617.000000,1318.000000,1714.000000,1447.000000
816.000000,2138.000000,949.000000,2177.000000
1661.000000,1096.000000,1910.000000,1222.000000
2073.000000,1808.000000,1995.000000,1949.000000
1576.000000,840.000000,1404.000000,1052.000000
968.000000,549.000000,1171.000000,769.000000
415.000000,1155.000000,446.000000,1281.000000
1207.000000,2046.000000,1139.000000,2255.000000
659.000000,1261.000000,480.000000,1319.000000
1450.000000,75.000000,1513.000000,152.000000
1946.000000,1810.000000,1995.000000,1949.000000
2080.000000,1415.000000,1960.000000,1524.000000
423.000000,1670.000000,342.000000,1718.000000
221.000000,44.000000,225.000000,126.000000
882.000000,1077.000000,898.000000,1197.000000
1722.000000,1976.000000,1824.000000,2043.000000
451.000000,2085.000000,469.000000,2098.000000
140.000000,1068.000000,130.000000,1220.000000
1699.000000,1235.000000,1714.000000,1447.000000
853.000000,1839.000000,1004.000000,1942.000000
1557.000000,1801.000000,1522.000000,1905.000000
719.000000,1182.000000,647.000000,1336.000000
2100.000000,2087.000000,1759.000000,2248.000000
318.000000,1805.000000,433.000000,1917.000000
1556.000000,406.000000,1552.000000,475.000000
1382.000000,194.000000,1470.000000,281.000000
753.000000,2057.000000,657.000000,2135.000000
1171.000000,769.000000,1228.000000,931.000000
586.000000,922.000000,415.000000,1155.000000
1824.000000,2043.000000,1911.000000,2057.000000
638.000000,1651.000000,556.000000,1812.000000
2047.000000,84.000000,1767.000000,401.000000
1868.000000,1382.000000,1581.000000,1789.000000
753.000000,2057.000000,765.000000,2081.000000
1351.000000,2146.000000,1139.000000,2255.000000
773.000000,1723.000000,596.000000,1753.000000
773.000000,1723.000000,853.000000,1839.000000
1126.000000,46.000000,1336.000000,136.000000
1216.000000,1206.000000,1115.000000,1233.000000
25.000000,943.000000,108.000000,1467.000000
1636.000000,2109.000000,1139.000000,2255.000000
765.000000,2081.000000,851.000000,2231.000000
1557.000000,1801.000000,1420.000000,1968.000000
1106.000000,165.000000,1242.000000,264.000000
959.000000,583.000000,947.000000,688.000000
1324.000000,1334.000000,1320.000000,1641.000000
749.000000,25.000000,488.000000,348.000000
947.000000,688.000000,1013.000000,967.000000
1336.000000,136.000000,1106.000000,165.000000
225.000000,126.000000,304.000000,154.000000
229.000000,1498.000000,161.000000,1635.000000
547.000000,678.000000,432.000000,806.000000
451.000000,2085.000000,377.000000,2255.000000
527.000000,1373.000000,479.000000,1471.000000
1722.000000,1976.000000,1636.000000,2109.000000
201.000000,1706.000000,342.000000,1718.000000
1581.000000,1789.000000,1557.000000,1801.000000
