POINTS
1331.000000,8.000000
1868.000000,8.000000
1625.000000,10.000000
1705.000000,25.000000
738.000000,34.000000
1209.000000,36.000000
228.000000,46.000000
272.000000,49.000000
929.000000,56.000000
1573.000000,56.000000
162.000000,68.000000
2275.000000,74.000000
1130.000000,104.000000
1679.000000,111.000000
1750.000000,129.000000
217.000000,133.000000
1645.000000,143.000000
1039.000000,151.000000
261.000000,156.000000
652.000000,163.000000
1125.000000,163.000000
2143.000000,169.000000
1496.000000,173.000000
2053.000000,177.000000
1809.000000,215.000000
2092.000000,236.000000
1194.000000,237.000000
874.000000,249.000000
687.000000,257.000000
159.000000,260.000000
154.000000,270.000000
842.000000,295.000000
911.000000,298.000000
280.000000,306.000000
1058.000000,308.000000
1599.000000,323.000000
301.000000,345.000000
2281.000000,378.000000
1967.000000,379.000000
882.000000,386.000000
1113.000000,389.000000
250.000000,400.000000
1810.000000,402.000000
1468.000000,406.000000
2066.000000,410.000000
732.000000,420.000000
2107.000000,421.000000
791.000000,468.000000
774.000000,475.000000
880.000000,476.000000
660.000000,480.000000
1048.000000,491.000000
202.000000,497.000000
2120.000000,505.000000
1094.000000,520.000000
1583.000000,520.000000
1628.000000,534.000000
114.000000,538.000000
1883.000000,540.000000
327.000000,543.000000
733.000000,543.000000
1932.000000,544.000000
1902.000000,548.000000
670.000000,597.000000
1749.000000,606.000000
1301.000000,623.000000
1945.000000,633.000000
709.000000,661.000000
1407.000000,665.000000
2289.000000,671.000000
2301.000000,674.000000
865.000000,678.000000
1659.000000,684.000000
381.000000,694.000000
700.000000,701.000000
2231.000000,719.000000
384.000000,727.000000
1018.000000,745.000000
161.000000,747.000000
1151.000000,756.000000
446.000000,766.000000
1812.000000,783.000000
86.000000,800.000000
451.000000,801.000000
1430.000000,801.000000
2149.000000,810.000000
1469.000000,815.000000
1596.000000,819.000000
2099.000000,842.000000
943.000000,849.000000
1414.000000,853.000000
1487.000000,861.000000
1011.000000,886.000000
465.000000,894.000000
1341.000000,896.000000
1187.000000,907.000000
522.000000,914.000000
656.000000,926.000000
113.000000,929.000000
540.000000,941.000000
1338.000000,945.000000
734.000000,955.000000
4.000000,990.000000
712.000000,990.000000
1836.000000,992.000000
1687.000000,1005.000000
12.000000,1006.000000
677.000000,1018.000000
563.000000,1024.000000
187.000000,1027.000000
1180.000000,1050.000000
1635.000000,1066.000000
1618.000000,1072.000000
1167.000000,1108.000000
1257.000000,1109.000000
2124.000000,1125.000000
455.000000,1136.000000
2152.000000,1138.000000
225.000000,1154.000000
435.000000,1167.000000
17.000000,1173.000000
1712.000000,1191.000000
1029.000000,1219.000000
1809.000000,1234.000000
2294.000000,1239.000000
1669.000000,1245.000000
1992.000000,1276.000000
31.000000,1279.000000
1065.000000,1294.000000
29.000000,1297.000000
533.000000,1299.000000
1173.000000,1299.000000
502.000000,1300.000000
1331.000000,1304.000000
1445.000000,1308.000000
782.000000,1312.000000
1585.000000,1335.000000
364.000000,1349.000000
1847.000000,1352.000000
1888.000000,1386.000000
1701.000000,1406.000000
692.000000,1408.000000
124.000000,1415.000000
1137.000000,1438.000000
1206.000000,1440.000000
205.000000,1450.000000
1200.000000,1464.000000
1087.000000,1465.000000
1058.000000,1468.000000
1482.000000,1468.000000
2271.000000,1469.000000
797.000000,1487.000000
241.000000,1490.000000
369.000000,1494.000000
1861.000000,1515.000000
115.000000,1528.000000
1958.000000,1534.000000
2037.000000,1545.000000
794.000000,1555.000000
1209.000000,1555.000000
109.000000,1568.000000
135.000000,1582.000000
119.000000,1583.000000
254.000000,1593.000000
412.000000,1601.000000
257.000000,1602.000000
1478.000000,1605.000000
116.000000,1608.000000
102.000000,1620.000000
218.000000,1629.000000
1739.000000,1710.000000
55.000000,1723.000000
360.000000,1730.000000
301.000000,1732.000000
2200.000000,1742.000000
473.000000,1759.000000
66.000000,1794.000000
1972.000000,1807.000000
1581.000000,1808.000000
194.000000,1813.000000
1270.000000,1878.000000
1200.000000,1883.000000
999.000000,1884.000000
1042.000000,1892.000000
749.000000,1904.000000
360.000000,1905.000000
69.000000,1912.000000
2183.000000,1914.000000
2308.000000,1915.000000
1114.000000,1917.000000
886.000000,1928.000000
511.000000,1930.000000
9.000000,1934.000000
761.000000,1951.000000
1376.000000,1991.000000
1679.000000,1994.000000
2041.000000,2012.000000
1220.000000,2017.000000
895.000000,2020.000000
1537.000000,2041.000000
177.000000,2044.000000
814.000000,2045.000000
576.000000,2053.000000
897.000000,2053.000000
1372.000000,2058.000000
2229.000000,2070.000000
230.000000,2085.000000
2158.000000,2104.000000
1621.000000,2107.000000
568.000000,2109.000000
2074.000000,2128.000000
619.000000,2151.000000
1054.000000,2177.000000
1013.000000,2178.000000
1043.000000,2178.000000
2212.000000,2187.000000
1354.000000,2191.000000
1696.000000,2193.000000
1815.000000,2199.000000
1904.000000,2199.000000
257.000000,2200.000000
116.000000,2222.000000
853.000000,2239.000000
816.000000,2241.000000
2210.000000,2253.000000
2268.000000,2259.000000
1323.000000,2269.000000
1638.000000,2271.000000
1073.000000,2280.000000
583.000000,2282.000000
424.000000,2289.000000
LINES
1094.000000,520.000000,1151.000000,756.000000
865.000000,678.000000,1018.000000,745.000000
1206.000000,1440.000000,1200.000000,1464.000000
66.000000,1794.000000,9.000000,1934.000000
911.000000,298.000000,1058.000000,308.000000
2066.000000,410.000000,2107.000000,421.000000
814.000000,2045.000000,816.000000,2241.000000
895.000000,2020.000000,814.000000,2045.000000
113.000000,929.000000,12.000000,1006.000000
794.000000,1555.000000,886.000000,1928.000000
794.000000,1555.000000,473.000000,1759.000000
102.000000,1620.000000,194.000000,1813.000000
660.000000,480.000000,670.000000,597.000000
301.000000,345.000000,732.000000,420.000000
1270.000000,1878.000000,1220.000000,2017.000000
842.000000,295.000000,882.000000,386.000000
1599.000000,323.000000,1583.000000,520.000000
1635.000000,1066.000000,1669.000000,1245.000000
250.000000,400.000000,114.000000,538.000000
886.000000,1928.000000,814.000000,2045.000000
2183.000000,1914.000000,2041.000000,2012.000000
1270.000000,1878.000000,1376.000000,1991.000000
250.000000,400.000000,202.000000,497.000000
895.000000,2020.000000,897.000000,2053.000000
652.000000,163.000000,301.000000,345.000000
563.000000,1024.000000,502.000000,1300.000000
1200.000000,1883.000000,999.000000,1884.000000
301.000000,1732.000000,194.000000,1813.000000
712.000000,990.000000,1029.000000,1219.000000
272.000000,49.000000,301.000000,345.000000
1958.000000,1534.000000,1739.000000,1710.000000
670.000000,597.000000,709.000000,661.000000
241.000000,1490.000000,135.000000,1582.000000
882.000000,386.000000,732.000000,420.000000
1013.000000,2178.000000,1073.000000,2280.000000
187.000000,1027.000000,17.000000,1173.000000
465.000000,894.000000,455.000000,1136.000000
2053.000000,177.000000,1809.000000,215.000000
1815.000000,2199.000000,2210.000000,2253.000000
360.000000,1905.000000,568.000000,2109.000000
2294.000000,1239.000000,1992.000000,1276.000000
2041.000000,2012.000000,2158.000000,2104.000000
816.000000,2241.000000,583.000000,2282.000000
384.000000,727.000000,161.000000,747.000000
1749.000000,606.000000,1812.000000,783.000000
1445.000000,1308.000000,1482.000000,1468.000000
1585.000000,1335.000000,1701.000000,1406.000000
1331.000000,8.000000,1625.000000,10.000000
455.000000,1136.000000,225.000000,1154.000000
113.000000,929.000000,187.000000,1027.000000
1810.000000,402.000000,1883.000000,540.000000
1011.000000,886.000000,712.000000,990.000000
1635.000000,1066.000000,1618.000000,1072.000000
943.000000,849.000000,712.000000,990.000000
1810.000000,402.000000,1932.000000,544.000000
1073.000000,2280.000000,424.000000,2289.000000
568.000000,2109.000000,619.000000,2151.000000
677.000000,1018.000000,533.000000,1299.000000
2124.000000,1125.000000,1992.000000,1276.000000
1407.000000,665.000000,1430.000000,801.000000
738.000000,34.000000,1209.000000,36.000000
12.000000,1006.000000,17.000000,1173.000000
1331.000000,8.000000,1868.000000,8.000000
2301.000000,674.000000,2294.000000,1239.000000
1583.000000,520.000000,1628.000000,534.000000
749.000000,1904.000000,886.000000,1928.000000
2120.000000,505.000000,1945.000000,633.000000
1301.000000,623.000000,1407.000000,665.000000
1301.000000,623.000000,1430.000000,801.000000
2271.000000,1469.000000,2200.000000,1742.000000
29.000000,1297.000000,55.000000,1723.000000
853.000000,2239.000000,816.000000,2241.000000
1645.000000,143.000000,1809.000000,215.000000
880.000000,476.000000,865.000000,678.000000
446.000000,766.000000,656.000000,926.000000
865.000000,678.000000,700.000000,701.000000
4.000000,990.000000,12.000000,1006.000000
177.000000,2044.000000,230.000000,2085.000000
732.000000,420.000000,791.000000,468.000000
1696.000000,2193.000000,1815.000000,2199.000000
1301.000000,623.000000,1151.000000,756.000000
301.000000,345.000000,327.000000,543.000000
619.000000,2151.000000,583.000000,2282.000000
2281.000000,378.000000,2107.000000,421.000000
1130.000000,104.000000,1039.000000,151.000000
1220.000000,2017.000000,1372.000000,2058.000000
124.000000,1415.000000,109.000000,1568.000000
1338.000000,945.000000,1257.000000,1109.000000
360.000000,1730.000000,511.000000,1930.000000
159.000000,260.000000,280.000000,306.000000
1537.000000,2041.000000,1621.000000,2107.000000
2143.000000,169.000000,2053.000000,177.000000
1810.000000,402.000000,1583.000000,520.000000
1206.000000,1440.000000,1482.000000,1468.000000
1125.000000,163.000000,1058.000000,308.000000
1039.000000,151.000000,1125.000000,163.000000
465.000000,894.000000,563.000000,1024.000000
895.000000,2020.000000,1054.000000,2177.000000
652.000000,163.000000,687.000000,257.000000
218.000000,1629.000000,301.000000,1732.000000
1687.000000,1005.000000,1635.000000,1066.000000
1187.000000,907.000000,1180.000000,1050.000000
1883.000000,540.000000,1749.000000,606.000000
1967.000000,379.000000,2066.000000,410.000000
1445.000000,1308.000000,1585.000000,1335.000000
124.000000,1415.000000,241.000000,1490.000000
254.000000,1593.000000,218.000000,1629.000000
1836.000000,992.000000,1992.000000,1276.000000
1809.000000,1234.000000,1847.000000,1352.000000
162.000000,68.000000,217.000000,133.000000
473.000000,1759.000000,886.000000,1928.000000
1209.000000,1555.000000,1478.000000,1605.000000
880.000000,476.000000,1048.000000,491.000000
1376.000000,1991.000000,1537.000000,2041.000000
194.000000,1813.000000,230.000000,2085.000000
563.000000,1024.000000,455.000000,1136.000000
241.000000,1490.000000,412.000000,1601.000000
1087.000000,1465.000000,1270.000000,1878.000000
1194.000000,237.000000,1113.000000,389.000000
1868.000000,8.000000,1625.000000,10.000000
455.000000,1136.000000,502.000000,1300.000000
2275.000000,74.000000,2289.000000,671.000000
656.000000,926.000000,563.000000,1024.000000
1868.000000,8.000000,1705.000000,25.000000
465.000000,894.000000,113.000000,929.000000
124.000000,1415.000000,115.000000,1528.000000
1194.000000,237.000000,1058.000000,308.000000
135.000000,1582.000000,119.000000,1583.000000
1487.000000,861.000000,1338.000000,945.000000
1847.000000,1352.000000,1888.000000,1386.000000
161.000000,747.000000,86.000000,800.000000
2200.000000,1742.000000,2183.000000,1914.000000
774.000000,475.000000,660.000000,480.000000
2143.000000,169.000000,2107.000000,421.000000
1167.000000,1108.000000,1029.000000,1219.000000
1972.000000,1807.000000,2041.000000,2012.000000
522.000000,914.000000,656.000000,926.000000
999.000000,1884.000000,895.000000,2020.000000
1042.000000,1892.000000,1114.000000,1917.000000
1815.000000,2199.000000,1638.000000,2271.000000
1054.000000,2177.000000,1073.000000,2280.000000
1065.000000,1294.000000,797.000000,1487.000000
257.000000,2200.000000,116.000000,2222.000000
1583.000000,520.000000,1301.000000,623.000000
1341.000000,896.000000,1338.000000,945.000000
1621.000000,2107.000000,1638.000000,2271.000000
929.000000,56.000000,1130.000000,104.000000
656.000000,926.000000,712.000000,990.000000
1151.000000,756.000000,1011.000000,886.000000
1323.000000,2269.000000,1638.000000,2271.000000
384.000000,727.000000,446.000000,766.000000
1659.000000,684.000000,1596.000000,819.000000
257.000000,1602.000000,360.000000,1730.000000
1011.000000,886.000000,1187.000000,907.000000
1679.000000,111.000000,1645.000000,143.000000
774.000000,475.000000,865.000000,678.000000
1739.000000,1710.000000,1679.000000,1994.000000
814.000000,2045.000000,853.000000,2239.000000
576.000000,2053.000000,568.000000,2109.000000
576.000000,2053.000000,619.000000,2151.000000
1701.000000,1406.000000,1478.000000,1605.000000
17.000000,1173.000000,31.000000,1279.000000
1581.000000,1808.000000,1537.000000,2041.000000
102.000000,1620.000000,55.000000,1723.000000
162.000000,68.000000,86.000000,800.000000
230.000000,2085.000000,116.000000,2222.000000
882.000000,386.000000,880.000000,476.000000
1749.000000,606.000000,1659.000000,684.000000
109.000000,1568.000000,135.000000,1582.000000
1094.000000,520.000000,865.000000,678.000000
446.000000,766.000000,451.000000,801.000000
1058.000000,1468.000000,794.000000,1555.000000
1331.000000,8.000000,1468.000000,406.000000
1173.000000,1299.000000,1445.000000,1308.000000
882.000000,386.000000,791.000000,468.000000
1414.000000,853.000000,1338.000000,945.000000
1701.000000,1406.000000,1861.000000,1515.000000
1482.000000,1468.000000,1209.000000,1555.000000
502.000000,1300.000000,412.000000,1601.000000
1583.000000,520.000000,1659.000000,684.000000
761.000000,1951.000000,619.000000,2151.000000
774.000000,475.000000,880.000000,476.000000
2092.000000,236.000000,2107.000000,421.000000
1354.000000,2191.000000,1638.000000,2271.000000
1958.000000,1534.000000,2200.000000,1742.000000
225.000000,1154.000000,435.000000,1167.000000
1200.000000,1883.000000,1114.000000,1917.000000
2124.000000,1125.000000,2294.000000,1239.000000
86.000000,800.000000,113.000000,929.000000
241.000000,1490.000000,115.000000,1528.000000
1883.000000,540.000000,1945.000000,633.000000
874.000000,249.000000,1058.000000,308.000000
794.000000,1555.000000,999.000000,1884.000000
568.000000,2109.000000,257.000000,2200.000000
1883.000000,540.000000,1932.000000,544.000000
217.000000,133.000000,280.000000,306.000000
261.000000,156.000000,280.000000,306.000000
1958.000000,1534.000000,2183.000000,1914.000000
384.000000,727.000000,451.000000,801.000000
2120.000000,505.000000,2289.000000,671.000000
1058.000000,1468.000000,797.000000,1487.000000
2053.000000,177.000000,2107.000000,421.000000
154.000000,270.000000,114.000000,538.000000
135.000000,1582.000000,254.000000,1593.000000
1468.000000,406.000000,1301.000000,623.000000
17.000000,1173.000000,9.000000,1934.000000
816.000000,2241.000000,1073.000000,2280.000000
1812.000000,783.000000,2099.000000,842.000000
69.000000,1912.000000,230.000000,2085.000000
327.000000,543.000000,446.000000,766.000000
814.000000,2045.000000,897.000000,2053.000000
114.000000,538.000000,327.000000,543.000000
700.000000,701.000000,656.000000,926.000000
1054.000000,2177.000000,1013.000000,2178.000000
55.000000,1723.000000,9.000000,1934.000000
1065.000000,1294.000000,782.000000,1312.000000
1039.000000,151.000000,652.000000,163.000000
2053.000000,177.000000,1967.000000,379.000000
1257.000000,1109.000000,1173.000000,1299.000000
272.000000,49.000000,261.000000,156.000000
2308.000000,1915.000000,2268.000000,2259.000000
2231.000000,719.000000,2099.000000,842.000000
2281.000000,378.000000,2289.000000,671.000000
1679.000000,111.000000,1809.000000,215.000000
1972.000000,1807.000000,2183.000000,1914.000000
31.000000,1279.000000,205.000000,1450.000000
1137.000000,1438.000000,1058.000000,1468.000000
1478.000000,1605.000000,1537.000000,2041.000000
1200.000000,1883.000000,1220.000000,2017.000000
1659.000000,684.000000,1812.000000,783.000000
2158.000000,2104.000000,2212.000000,2187.000000
1847.000000,1352.000000,1861.000000,1515.000000
162.000000,68.000000,154.000000,270.000000
29.000000,1297.000000,205.000000,1450.000000
1029.000000,1219.000000,782.000000,1312.000000
9.000000,1934.000000,177.000000,2044.000000
1338.000000,945.000000,1669.000000,1245.000000
327.000000,543.000000,384.000000,727.000000
102.000000,1620.000000,66.000000,1794.000000
761.000000,1951.000000,814.000000,2045.000000
202.000000,497.000000,327.000000,543.000000
473.000000,1759.000000,511.000000,1930.000000
511.000000,1930.000000,576.000000,2053.000000
1679.000000,1994.000000,1621.000000,2107.000000
1669.000000,1245.000000,1847.000000,1352.000000
1137.000000,1438.000000,1087.000000,1465.000000
1635.000000,1066.000000,1712.000000,1191.000000
2231.000000,719.000000,2149.000000,810.000000
1200.000000,1464.000000,1209.000000,1555.000000
2210.000000,2253.000000,1638.000000,2271.000000
2183.000000,1914.000000,2308.000000,1915.000000
1659.000000,684.000000,1487.000000,861.000000
1058.000000,308.000000,882.000000,386.000000
1338.000000,945.000000,1445.000000,1308.000000
119.000000,1583.000000,116.000000,1608.000000
1018.000000,745.000000,943.000000,849.000000
712.000000,990.000000,782.000000,1312.000000
225.000000,1154.000000,31.000000,1279.000000
66.000000,1794.000000,230.000000,2085.000000
880.000000,476.000000,1094.000000,520.000000
1341.000000,896.000000,1187.000000,907.000000
1087.000000,1465.000000,1537.000000,2041.000000
1445.000000,1308.000000,1206.000000,1440.000000
656.000000,926.000000,540.000000,941.000000
1679.000000,1994.000000,1815.000000,2199.000000
1679.000000,111.000000,1750.000000,129.000000
162.000000,68.000000,4.000000,990.000000
1958.000000,1534.000000,2037.000000,1545.000000
712.000000,990.000000,563.000000,1024.000000
1992.000000,1276.000000,1847.000000,1352.000000
1967.000000,379.000000,2120.000000,505.000000
1073.000000,2280.000000,583.000000,2282.000000
2301.000000,674.000000,2149.000000,810.000000
712.000000,990.000000,533.000000,1299.000000
2294.000000,1239.000000,1888.000000,1386.000000
732.000000,420.000000,660.000000,480.000000
1537.000000,2041.000000,1372.000000,2058.000000
2289.000000,671.000000,2231.000000,719.000000
1270.000000,1878.000000,1372.000000,2058.000000
327.000000,543.000000,656.000000,926.000000
1669.000000,1245.000000,1701.000000,1406.000000
1323.000000,2269.000000,1073.000000,2280.000000
1573.000000,56.000000,1645.000000,143.000000
1958.000000,1534.000000,1679.000000,1994.000000
228.000000,46.000000,272.000000,49.000000
159.000000,260.000000,301.000000,345.000000
2143.000000,169.000000,2092.000000,236.000000
2149.000000,810.000000,2294.000000,1239.000000
874.000000,249.000000,687.000000,257.000000
102.000000,1620.000000,218.000000,1629.000000
2271.000000,1469.000000,2037.000000,1545.000000
1058.000000,308.000000,1113.000000,389.000000
1220.000000,2017.000000,1323.000000,2269.000000
1173.000000,1299.000000,1058.000000,1468.000000
205.000000,1450.000000,241.000000,1490.000000
187.000000,1027.000000,225.000000,1154.000000
2099.000000,842.000000,1687.000000,1005.000000
1354.000000,2191.000000,1323.000000,2269.000000
761.000000,1951.000000,576.000000,2053.000000
2229.000000,2070.000000,2268.000000,2259.000000
1180.000000,1050.000000,1167.000000,1108.000000
709.000000,661.000000,700.000000,701.000000
1414.000000,853.000000,1341.000000,896.000000
533.000000,1299.000000,692.000000,1408.000000
1888.000000,1386.000000,2037.000000,1545.000000
119.000000,1583.000000,102.000000,1620.000000
1469.000000,815.000000,1487.000000,861.000000
455.000000,1136.000000,435.000000,1167.000000
1331.000000,8.000000,1194.000000,237.000000
272.000000,49.000000,162.000000,68.000000
12.000000,1006.000000,187.000000,1027.000000
1883.000000,540.000000,1902.000000,548.000000
1967.000000,379.000000,1810.000000,402.000000
1094.000000,520.000000,1018.000000,745.000000
360.000000,1730.000000,360.000000,1905.000000
1087.000000,1465.000000,1209.000000,1555.000000
1065.000000,1294.000000,1058.000000,1468.000000
217.000000,133.000000,261.000000,156.000000
1809.000000,215.000000,1583.000000,520.000000
814.000000,2045.000000,619.000000,2151.000000
2041.000000,2012.000000,2074.000000,2128.000000
897.000000,2053.000000,1054.000000,2177.000000
1932.000000,544.000000,1945.000000,633.000000
2158.000000,2104.000000,1904.000000,2199.000000
660.000000,480.000000,327.000000,543.000000
66.000000,1794.000000,194.000000,1813.000000
228.000000,46.000000,929.000000,56.000000
733.000000,543.000000,670.000000,597.000000
1888.000000,1386.000000,2271.000000,1469.000000
660.000000,480.000000,733.000000,543.000000
360.000000,1730.000000,473.000000,1759.000000
1809.000000,215.000000,1810.000000,402.000000
2099.000000,842.000000,1836.000000,992.000000
1130.000000,104.000000,1125.000000,163.000000
1167.000000,1108.000000,1173.000000,1299.000000
2294.000000,1239.000000,2271.000000,1469.000000
1331.000000,8.000000,1573.000000,56.000000
69.000000,1912.000000,9.000000,1934.000000
2149.000000,810.000000,2152.000000,1138.000000
709.000000,661.000000,865.000000,678.000000
116.000000,2222.000000,424.000000,2289.000000
1013.000000,2178.000000,1043.000000,2178.000000
412.000000,1601.000000,257.000000,1602.000000
1331.000000,8.000000,1130.000000,104.000000
2301.000000,674.000000,2308.000000,1915.000000
1687.000000,1005.000000,1618.000000,1072.000000
2275.000000,74.000000,2301.000000,674.000000
225.000000,1154.000000,369.000000,1494.000000
670.000000,597.000000,700.000000,701.000000
1487.000000,861.000000,1669.000000,1245.000000
1087.000000,1465.000000,1200.000000,1883.000000
2143.000000,169.000000,2281.000000,378.000000
2158.000000,2104.000000,2210.000000,2253.000000
1669.000000,1245.000000,1585.000000,1335.000000
1945.000000,633.000000,1812.000000,783.000000
412.000000,1601.000000,360.000000,1730.000000
1469.000000,815.000000,1414.000000,853.000000
2120.000000,505.000000,1932.000000,544.000000
1058.000000,308.000000,1094.000000,520.000000
124.000000,1415.000000,102.000000,1620.000000
2275.000000,74.000000,2053.000000,177.000000
1888.000000,1386.000000,1861.000000,1515.000000
202.000000,497.000000,114.000000,538.000000
1482.000000,1468.000000,1478.000000,1605.000000
1487.000000,861.000000,1687.000000,1005.000000
1151.000000,756.000000,1187.000000,907.000000
1836.000000,992.000000,1687.000000,1005.000000
1659.000000,684.000000,1469.000000,815.000000
1468.000000,406.000000,1583.000000,520.000000
1341.000000,896.000000,1180.000000,1050.000000
446.000000,766.000000,522.000000,914.000000
1583.000000,520.000000,1407.000000,665.000000
1376.000000,1991.000000,1372.000000,2058.000000
1430.000000,801.000000,1187.000000,907.000000
619.000000,2151.000000,816.000000,2241.000000
1257.000000,1109.000000,1331.000000,1304.000000
135.000000,1582.000000,218.000000,1629.000000
1130.000000,104.000000,652.000000,163.000000
119.000000,1583.000000,218.000000,1629.000000
1861.000000,1515.000000,1739.000000,1710.000000
999.000000,1884.000000,1054.000000,2177.000000
55.000000,1723.000000,66.000000,1794.000000
882.000000,386.000000,1048.000000,491.000000
2158.000000,2104.000000,2074.000000,2128.000000
749.000000,1904.000000,761.000000,1951.000000
865.000000,678.000000,943.000000,849.000000
874.000000,249.000000,842.000000,295.000000
502.000000,1300.000000,364.000000,1349.000000
2289.000000,671.000000,2301.000000,674.000000
1054.000000,2177.000000,1043.000000,2178.000000
1200.000000,1883.000000,1042.000000,1892.000000
1621.000000,2107.000000,1354.000000,2191.000000
2275.000000,74.000000,2143.000000,169.000000
465.000000,894.000000,187.000000,1027.000000
1972.000000,1807.000000,1904.000000,2199.000000
568.000000,2109.000000,424.000000,2289.000000
2229.000000,2070.000000,2158.000000,2104.000000
712.000000,990.000000,677.000000,1018.000000
1618.000000,1072.000000,1669.000000,1245.000000
1809.000000,1234.000000,1669.000000,1245.000000
999.000000,1884.000000,886.000000,1928.000000
228.000000,46.000000,1130.000000,104.000000
652.000000,163.000000,732.000000,420.000000
1029.000000,1219.000000,1065.000000,1294.000000
1331.000000,8.000000,228.000000,46.000000
159.000000,260.000000,154.000000,270.000000
1372.000000,2058.000000,1323.000000,2269.000000
2271.000000,1469.000000,2308.000000,1915.000000
583.000000,2282.000000,424.000000,2289.000000
4.000000,990.000000,9.000000,1934.000000
1270.000000,1878.000000,1537.000000,2041.000000
540.000000,941.000000,563.000000,1024.000000
1932.000000,544.000000,1902.000000,548.000000
228.000000,46.000000,162.000000,68.000000
1372.000000,2058.000000,1354.000000,2191.000000
12.000000,1006.000000,9.000000,1934.000000
2099.000000,842.000000,2124.000000,1125.000000
412.000000,1601.000000,473.000000,1759.000000
230.000000,2085.000000,257.000000,2200.000000
692.000000,1408.000000,794.000000,1555.000000
1137.000000,1438.000000,1209.000000,1555.000000
1209.000000,36.000000,929.000000,56.000000
241.000000,1490.000000,254.000000,1593.000000
261.000000,156.000000,301.000000,345.000000
116.000000,1608.000000,102.000000,1620.000000
364.000000,1349.000000,412.000000,1601.000000
774.000000,475.000000,709.000000,661.000000
124.000000,1415.000000,205.000000,1450.000000
1596.000000,819.000000,1487.000000,861.000000
1209.000000,1555.000000,1537.000000,2041.000000
999.000000,1884.000000,1220.000000,2017.000000
511.000000,1930.000000,568.000000,2109.000000
205.000000,1450.000000,369.000000,1494.000000
109.000000,1568.000000,119.000000,1583.000000
29.000000,1297.000000,102.000000,1620.000000
1487.000000,861.000000,1618.000000,1072.000000
656.000000,926.000000,734.000000,955.000000
17.000000,1173.000000,55.000000,1723.000000
1861.000000,1515.000000,1478.000000,1605.000000
86.000000,800.000000,4.000000,990.000000
2041.000000,2012.000000,1904.000000,2199.000000
69.000000,1912.000000,177.000000,2044.000000
1705.000000,25.000000,1679.000000,111.000000
109.000000,1568.000000,102.000000,1620.000000
943.000000,849.000000,734.000000,955.000000
1338.000000,945.000000,1180.000000,1050.000000
1628.000000,534.000000,1749.000000,606.000000
749.000000,1904.000000,814.000000,2045.000000
272.000000,49.000000,652.000000,163.000000
1018.000000,745.000000,1151.000000,756.000000
943.000000,849.000000,1011.000000,886.000000
1331.000000,1304.000000,1445.000000,1308.000000
225.000000,1154.000000,17.000000,1173.000000
1967.000000,379.000000,2107.000000,421.000000
782.000000,1312.000000,797.000000,1487.000000
660.000000,480.000000,656.000000,926.000000
115.000000,1528.000000,135.000000,1582.000000
1585.000000,1335.000000,1478.000000,1605.000000
114.000000,538.000000,86.000000,800.000000
794.000000,1555.000000,412.000000,1601.000000
1958.000000,1534.000000,1972.000000,1807.000000
9.000000,1934.000000,116.000000,2222.000000
797.000000,1487.000000,794.000000,1555.000000
1645.000000,143.000000,1583.000000,520.000000
364.000000,1349.000000,369.000000,1494.000000
2183.000000,1914.000000,2229.000000,2070.000000
2275.000000,74.000000,2281.000000,378.000000
327.000000,543.000000,381.000000,694.000000
29.000000,1297.000000,124.000000,1415.000000
2301.000000,674.000000,2231.000000,719.000000
154.000000,270.000000,301.000000,345.000000
473.000000,1759.000000,576.000000,2053.000000
257.000000,1602.000000,301.000000,1732.000000
301.000000,1732.000000,360.000000,1905.000000
1712.000000,1191.000000,1992.000000,1276.000000
1011.000000,886.000000,1029.000000,1219.000000
154.000000,270.000000,250.000000,400.000000
301.000000,345.000000,250.000000,400.000000
1958.000000,1534.000000,1904.000000,2199.000000
2212.000000,2187.000000,2268.000000,2259.000000
1430.000000,801.000000,1341.000000,896.000000
1209.000000,36.000000,1130.000000,104.000000
451.000000,801.000000,465.000000,894.000000
1809.000000,1234.000000,1992.000000,1276.000000
692.000000,1408.000000,412.000000,1601.000000
446.000000,766.000000,465.000000,894.000000
1868.000000,8.000000,1809.000000,215.000000
791.000000,468.000000,774.000000,475.000000
1815.000000,2199.000000,1904.000000,2199.000000
1750.000000,129.000000,1809.000000,215.000000
2066.000000,410.000000,2120.000000,505.000000
502.000000,1300.000000,692.000000,1408.000000
1058.000000,308.000000,1048.000000,491.000000
1257.000000,1109.000000,1445.000000,1308.000000
465.000000,894.000000,522.000000,914.000000
568.000000,2109.000000,583.000000,2282.000000
1645.000000,143.000000,1599.000000,323.000000
1868.000000,8.000000,2275.000000,74.000000
1883.000000,540.000000,1812.000000,783.000000
1496.000000,173.000000,1468.000000,406.000000
66.000000,1794.000000,69.000000,1912.000000
1739.000000,1710.000000,1581.000000,1808.000000
1712.000000,1191.000000,1669.000000,1245.000000
327.000000,543.000000,161.000000,747.000000
435.000000,1167.000000,502.000000,1300.000000
473.000000,1759.000000,749.000000,1904.000000
522.000000,914.000000,540.000000,941.000000
381.000000,694.000000,446.000000,766.000000
2074.000000,2128.000000,1904.000000,2199.000000
225.000000,1154.000000,364.000000,1349.000000
2099.000000,842.000000,1992.000000,1276.000000
217.000000,133.000000,159.000000,260.000000
732.000000,420.000000,774.000000,475.000000
1599.000000,323.000000,1468.000000,406.000000
1810.000000,402.000000,1749.000000,606.000000
733.000000,543.000000,709.000000,661.000000
1113.000000,389.000000,1301.000000,623.000000
1013.000000,2178.000000,853.000000,2239.000000
738.000000,34.000000,929.000000,56.000000
187.000000,1027.000000,455.000000,1136.000000
911.000000,298.000000,882.000000,386.000000
465.000000,894.000000,540.000000,941.000000
272.000000,49.000000,1130.000000,104.000000
897.000000,2053.000000,853.000000,2239.000000
1585.000000,1335.000000,1482.000000,1468.000000
2120.000000,505.000000,2231.000000,719.000000
1039.000000,151.000000,1058.000000,308.000000
1113.000000,389.000000,1094.000000,520.000000
360.000000,1905.000000,230.000000,2085.000000
1167.000000,1108.000000,1257.000000,1109.000000
1836.000000,992.000000,1635.000000,1066.000000
254.000000,1593.000000,257.000000,1602.000000
1628.000000,534.000000,1659.000000,684.000000
853.000000,2239.000000,1073.000000,2280.000000
1173.000000,1299.000000,1206.000000,1440.000000
1902.000000,548.000000,1945.000000,633.000000
2281.000000,378.000000,2120.000000,505.000000
1137.000000,1438.000000,1200.000000,1464.000000
1847.000000,1352.000000,1701.000000,1406.000000
1430.000000,801.000000,1414.000000,853.000000
2158.000000,2104.000000,2268.000000,2259.000000
1270.000000,1878.000000,1200.000000,1883.000000
1904.000000,2199.000000,2210.000000,2253.000000
874.000000,249.000000,911.000000,298.000000
2037.000000,1545.000000,2200.000000,1742.000000
791.000000,468.000000,880.000000,476.000000
384.000000,727.000000,113.000000,929.000000
886.000000,1928.000000,895.000000,2020.000000
2124.000000,1125.000000,2152.000000,1138.000000
1125.000000,163.000000,1194.000000,237.000000
734.000000,955.000000,712.000000,990.000000
2041.000000,2012.000000,2229.000000,2070.000000
1206.000000,1440.000000,1209.000000,1555.000000
1596.000000,819.000000,2099.000000,842.000000
1573.000000,56.000000,1679.000000,111.000000
700.000000,701.000000,943.000000,849.000000
1039.000000,151.000000,874.000000,249.000000
1407.000000,665.000000,1469.000000,815.000000
2152.000000,1138.000000,2294.000000,1239.000000
563.000000,1024.000000,533.000000,1299.000000
999.000000,1884.000000,1042.000000,1892.000000
1094.000000,520.000000,1301.000000,623.000000
1861.000000,1515.000000,1581.000000,1808.000000
1696.000000,2193.000000,1638.000000,2271.000000
2149.000000,810.000000,2099.000000,842.000000
1705.000000,25.000000,1750.000000,129.000000
301.000000,1732.000000,230.000000,2085.000000
1430.000000,801.000000,1469.000000,815.000000
700.000000,701.000000,734.000000,955.000000
225.000000,1154.000000,502.000000,1300.000000
1048.000000,491.000000,1094.000000,520.000000
874.000000,249.000000,882.000000,386.000000
1809.000000,215.000000,1967.000000,379.000000
1496.000000,173.000000,1599.000000,323.000000
1331.000000,8.000000,738.000000,34.000000
162.000000,68.000000,114.000000,538.000000
1187.000000,907.000000,1029.000000,1219.000000
1836.000000,992.000000,1712.000000,1191.000000
1130.000000,104.000000,1194.000000,237.000000
1414.000000,853.000000,1487.000000,861.000000
1173.000000,1299.000000,1331.000000,1304.000000
1054.000000,2177.000000,1323.000000,2269.000000
1331.000000,8.000000,1209.000000,36.000000
115.000000,1528.000000,109.000000,1568.000000
1114.000000,1917.000000,1220.000000,2017.000000
1638.000000,2271.000000,1073.000000,2280.000000
1621.000000,2107.000000,1696.000000,2193.000000
2294.000000,1239.000000,2308.000000,1915.000000
1573.000000,56.000000,1496.000000,173.000000
1621.000000,2107.000000,1815.000000,2199.000000
732.000000,420.000000,327.000000,543.000000
2149.000000,810.000000,2124.000000,1125.000000
2107.000000,421.000000,2120.000000,505.000000
1331.000000,8.000000,1496.000000,173.000000
31.000000,1279.000000,369.000000,1494.000000
360.000000,1905.000000,511.000000,1930.000000
161.000000,747.000000,113.000000,929.000000
1087.000000,1465.000000,999.000000,1884.000000
677.000000,1018.000000,563.000000,1024.000000
1625.000000,10.000000,1573.000000,56.000000
217.000000,133.000000,154.000000,270.000000
369.000000,1494.000000,412.000000,1601.000000
280.000000,306.000000,301.000000,345.000000
2053.000000,177.000000,2092.000000,236.000000
17.000000,1173.000000,29.000000,1297.000000
1625.000000,10.000000,1705.000000,25.000000
218.000000,1629.000000,194.000000,1813.000000
241.000000,1490.000000,257.000000,1602.000000
327.000000,543.000000,86.000000,800.000000
384.000000,727.000000,465.000000,894.000000
1679.000000,1994.000000,1537.000000,2041.000000
533.000000,1299.000000,502.000000,1300.000000
116.000000,1608.000000,218.000000,1629.000000
1810.000000,402.000000,1628.000000,534.000000
842.000000,295.000000,732.000000,420.000000
1645.000000,143.000000,1496.000000,173.000000
687.000000,257.000000,842.000000,295.000000
1018.000000,745.000000,1011.000000,886.000000
1945.000000,633.000000,2099.000000,842.000000
738.000000,34.000000,228.000000,46.000000
1581.000000,1808.000000,1679.000000,1994.000000
999.000000,1884.000000,1114.000000,1917.000000
1478.000000,1605.000000,1581.000000,1808.000000
687.000000,257.000000,732.000000,420.000000
1861.000000,1515.000000,2037.000000,1545.000000
1958.000000,1534.000000,1815.000000,2199.000000
1537.000000,2041.000000,1354.000000,2191.000000
1868.000000,8.000000,1750.000000,129.000000
31.000000,1279.000000,29.000000,1297.000000
1187.000000,907.000000,1167.000000,1108.000000
749.000000,1904.000000,576.000000,2053.000000
1583.000000,520.000000,1469.000000,815.000000
177.000000,2044.000000,116.000000,2222.000000
1173.000000,1299.000000,1137.000000,1438.000000
1812.000000,783.000000,1596.000000,819.000000
1712.000000,1191.000000,1809.000000,1234.000000
1992.000000,1276.000000,1888.000000,1386.000000
1967.000000,379.000000,1932.000000,544.000000
241.000000,1490.000000,369.000000,1494.000000
1065.000000,1294.000000,1173.000000,1299.000000
1087.000000,1465.000000,794.000000,1555.000000
1029.000000,1219.000000,1173.000000,1299.000000
1043.000000,2178.000000,1073.000000,2280.000000
381.000000,694.000000,384.000000,727.000000
774.000000,475.000000,733.000000,543.000000
1669.000000,1245.000000,1445.000000,1308.000000
257.000000,1602.000000,218.000000,1629.000000
257.000000,2200.000000,424.000000,2289.000000
1868.000000,8.000000,2053.000000,177.000000
1137.000000,1438.000000,1206.000000,1440.000000
2120.000000,505.000000,2099.000000,842.000000
782.000000,1312.000000,692.000000,1408.000000
1861.000000,1515.000000,1958.000000,1534.000000
360.000000,1730.000000,301.000000,1732.000000
1113.000000,389.000000,1468.000000,406.000000
533.000000,1299.000000,782.000000,1312.000000
1180.000000,1050.000000,1257.000000,1109.000000
1596.000000,819.000000,1687.000000,1005.000000
2200.000000,1742.000000,2308.000000,1915.000000
670.000000,597.000000,656.000000,926.000000
2308.000000,1915.000000,2229.000000,2070.000000
2212.000000,2187.000000,2210.000000,2253.000000
301.000000,345.000000,202.000000,497.000000
272.000000,49.000000,217.000000,133.000000
1220.000000,2017.000000,1054.000000,2177.000000
2210.000000,2253.000000,2268.000000,2259.000000
652.000000,163.000000,874.000000,249.000000
1087.000000,1465.000000,1058.000000,1468.000000
2268.000000,2259.000000,1638.000000,2271.000000
360.000000,1905.000000,257.000000,2200.000000
897.000000,2053.000000,1013.000000,2178.000000
113.000000,929.000000,4.000000,990.000000
1625.000000,10.000000,1679.000000,111.000000
1151.000000,756.000000,1430.000000,801.000000
1194.000000,237.000000,1468.000000,406.000000
692.000000,1408.000000,797.000000,1487.000000
