POINTS
2269.000000,3.000000
910.000000,7.000000
1041.000000,12.000000
284.000000,17.000000
778.000000,19.000000
2088.000000,27.000000
590.000000,30.000000
2208.000000,36.000000
1791.000000,59.000000
1146.000000,78.000000
450.000000,80.000000
1205.000000,129.000000
1106.000000,134.000000
417.000000,157.000000
700.000000,172.000000
1811.000000,173.000000
598.000000,181.000000
950.000000,184.000000
2287.000000,204.000000
741.000000,207.000000
1981.000000,208.000000
430.000000,213.000000
986.000000,222.000000
1972.000000,229.000000
1155.000000,238.000000
1637.000000,248.000000
2034.000000,254.000000
1909.000000,261.000000
938.000000,265.000000
1997.000000,287.000000
553.000000,309.000000
1066.000000,316.000000
1678.000000,325.000000
19.000000,330.000000
1862.000000,337.000000
206.000000,340.000000
1941.000000,344.000000
776.000000,369.000000
873.000000,377.000000
2295.000000,390.000000
1324.000000,392.000000
187.000000,412.000000
1275.000000,414.000000
104.000000,419.000000
600.000000,422.000000
1899.000000,429.000000
2191.000000,439.000000
1380.000000,449.000000
1150.000000,461.000000
979.000000,465.000000
1172.000000,475.000000
1501.000000,482.000000
278.000000,502.000000
724.000000,509.000000
814.000000,511.000000
711.000000,538.000000
1602.000000,552.000000
2141.000000,560.000000
716.000000,561.000000
2120.000000,561.000000
1526.000000,566.000000
2305.000000,572.000000
1550.000000,582.000000
2060.000000,599.000000
1669.000000,600.000000
2003.000000,625.000000
284.000000,627.000000
555.000000,636.000000
1102.000000,646.000000
283.000000,651.000000
1704.000000,655.000000
977.000000,663.000000
1813.000000,674.000000
2137.000000,685.000000
1210.000000,698.000000
84.000000,720.000000
1243.000000,723.000000
1632.000000,726.000000
1098.000000,727.000000
2110.000000,765.000000
1455.000000,770.000000
1128.000000,785.000000
1952.000000,803.000000
1978.000000,816.000000
506.000000,848.000000
1854.000000,852.000000
43.000000,858.000000
1057.000000,868.000000
1282.000000,886.000000
1955.000000,916.000000
347.000000,919.000000
270.000000,921.000000
398.000000,930.000000
810.000000,935.000000
2055.000000,962.000000
2199.000000,976.000000
1008.000000,978.000000
454.000000,985.000000
394.000000,988.000000
1933.000000,991.000000
106.000000,995.000000
100.000000,998.000000
1227.000000,1006.000000
2246.000000,1015.000000
1235.000000,1021.000000
167.000000,1042.000000
432.000000,1049.000000
698.000000,1059.000000
5.000000,1069.000000
266.000000,1074.000000
1516.000000,1117.000000
604.000000,1122.000000
2020.000000,1128.000000
1183.000000,1129.000000
227.000000,1132.000000
1443.000000,1141.000000
1435.000000,1153.000000
2010.000000,1179.000000
314.000000,1196.000000
1410.000000,1210.000000
2081.000000,1221.000000
198.000000,1227.000000
2061.000000,1235.000000
423.000000,1240.000000
1388.000000,1258.000000
1258.000000,1270.000000
1540.000000,1278.000000
287.000000,1281.000000
1826.000000,1311.000000
498.000000,1321.000000
701.000000,1333.000000
1202.000000,1359.000000
1177.000000,1361.000000
1066.000000,1374.000000
29.000000,1384.000000
1599.000000,1416.000000
1568.000000,1420.000000
197.000000,1422.000000
1418.000000,1423.000000
969.000000,1428.000000
1648.000000,1437.000000
1236.000000,1457.000000
2306.000000,1461.000000
1225.000000,1474.000000
1437.000000,1490.000000
254.000000,1493.000000
1135.000000,1522.000000
1418.000000,1523.000000
1424.000000,1527.000000
2274.000000,1528.000000
569.000000,1531.000000
73.000000,1533.000000
320.000000,1558.000000
1186.000000,1564.000000
46.000000,1565.000000
1389.000000,1582.000000
780.000000,1610.000000
1561.000000,1622.000000
2060.000000,1634.000000
319.000000,1638.000000
2141.000000,1641.000000
184.000000,1657.000000
1239.000000,1664.000000
152.000000,1674.000000
805.000000,1677.000000
2123.000000,1678.000000
1896.000000,1703.000000
905.000000,1710.000000
1179.000000,1718.000000
576.000000,1726.000000
1960.000000,1748.000000
1342.000000,1775.000000
979.000000,1781.000000
1875.000000,1795.000000
1152.000000,1801.000000
2244.000000,1803.000000
2104.000000,1805.000000
273.000000,1810.000000
1455.000000,1815.000000
436.000000,1831.000000
389.000000,1842.000000
2035.000000,1846.000000
1574.000000,1857.000000
485.000000,1881.000000
1065.000000,1886.000000
394.000000,1887.000000
1003.000000,1900.000000
521.000000,1905.000000
925.000000,1912.000000
941.000000,1912.000000
96.000000,1940.000000
556.000000,1962.000000
906.000000,1968.000000
298.000000,1980.000000
1696.000000,1984.000000
973.000000,1997.000000
971.000000,2021.000000
1682.000000,2023.000000
1401.000000,2026.000000
201.000000,2034.000000
1885.000000,2044.000000
1422.000000,2049.000000
44.000000,2064.000000
1080.000000,2064.000000
741.000000,2066.000000
2117.000000,2067.000000
415.000000,2082.000000
186.000000,2104.000000
1281.000000,2110.000000
225.000000,2127.000000
1523.000000,2134.000000
1836.000000,2140.000000
1549.000000,2141.000000
511.000000,2146.000000
544.000000,2162.000000
482.000000,2169.000000
1936.000000,2169.000000
837.000000,2174.000000
117.000000,2195.000000
1787.000000,2215.000000
1104.000000,2219.000000
1744.000000,2223.000000
728.000000,2228.000000
44.000000,2256.000000
708.000000,2258.000000
693.000000,2263.000000
2235.000000,2266.000000
1277.000000,2282.000000
1304.000000,2290.000000
1756.000000,2297.000000
1679.000000,2301.000000
1289.000000,2306.000000
LINES
2035.000000,1846.000000,1574.000000,1857.000000
1418.000000,1523.000000,1342.000000,1775.000000
454.000000,985.000000,432.000000,1049.000000
2055.000000,962.000000,2246.000000,1015.000000
2137.000000,685.000000,2199.000000,976.000000
1568.000000,1420.000000,1648.000000,1437.000000
198.000000,1227.000000,287.000000,1281.000000
2010.000000,1179.000000,1599.000000,1416.000000
1150.000000,461.000000,1172.000000,475.000000
1941.000000,344.000000,2120.000000,561.000000
1899.000000,429.000000,2120.000000,561.000000
2287.000000,204.000000,2295.000000,390.000000
1516.000000,1117.000000,1435.000000,1153.000000
1225.000000,1474.000000,1186.000000,1564.000000
701.000000,1333.000000,1066.000000,1374.000000
1972.000000,229.000000,1909.000000,261.000000
1854.000000,852.000000,1599.000000,1416.000000
104.000000,419.000000,84.000000,720.000000
1972.000000,229.000000,1941.000000,344.000000
2305.000000,572.000000,2246.000000,1015.000000
1787.000000,2215.000000,1756.000000,2297.000000
1235.000000,1021.000000,1443.000000,1141.000000
44.000000,2064.000000,117.000000,2195.000000
1066.000000,1374.000000,969.000000,1428.000000
971.000000,2021.000000,837.000000,2174.000000
1972.000000,229.000000,1997.000000,287.000000
805.000000,1677.000000,905.000000,1710.000000
1183.000000,1129.000000,1258.000000,1270.000000
553.000000,309.000000,600.000000,422.000000
1602.000000,552.000000,1526.000000,566.000000
278.000000,502.000000,283.000000,651.000000
2110.000000,765.000000,2055.000000,962.000000
44.000000,2064.000000,225.000000,2127.000000
2269.000000,3.000000,2287.000000,204.000000
1146.000000,78.000000,986.000000,222.000000
2137.000000,685.000000,2246.000000,1015.000000
284.000000,627.000000,347.000000,919.000000
1540.000000,1278.000000,1568.000000,1420.000000
1080.000000,2064.000000,1104.000000,2219.000000
284.000000,627.000000,506.000000,848.000000
2269.000000,3.000000,910.000000,7.000000
1437.000000,1490.000000,1424.000000,1527.000000
1422.000000,2049.000000,1281.000000,2110.000000
1098.000000,727.000000,1008.000000,978.000000
950.000000,184.000000,741.000000,207.000000
1003.000000,1900.000000,941.000000,1912.000000
1549.000000,2141.000000,1679.000000,2301.000000
810.000000,935.000000,698.000000,1059.000000
1275.000000,414.000000,1380.000000,449.000000
1791.000000,59.000000,1637.000000,248.000000
2244.000000,1803.000000,2117.000000,2067.000000
2269.000000,3.000000,1041.000000,12.000000
741.000000,207.000000,776.000000,369.000000
590.000000,30.000000,430.000000,213.000000
905.000000,1710.000000,979.000000,1781.000000
2110.000000,765.000000,1952.000000,803.000000
29.000000,1384.000000,46.000000,1565.000000
432.000000,1049.000000,314.000000,1196.000000
1744.000000,2223.000000,1756.000000,2297.000000
2010.000000,1179.000000,1826.000000,1311.000000
1098.000000,727.000000,1128.000000,785.000000
29.000000,1384.000000,44.000000,2064.000000
432.000000,1049.000000,423.000000,1240.000000
43.000000,858.000000,100.000000,998.000000
2287.000000,204.000000,2191.000000,439.000000
298.000000,1980.000000,201.000000,2034.000000
2010.000000,1179.000000,2061.000000,1235.000000
1637.000000,248.000000,1324.000000,392.000000
1235.000000,1021.000000,1516.000000,1117.000000
46.000000,1565.000000,152.000000,1674.000000
600.000000,422.000000,278.000000,502.000000
555.000000,636.000000,506.000000,848.000000
73.000000,1533.000000,184.000000,1657.000000
1787.000000,2215.000000,1744.000000,2223.000000
287.000000,1281.000000,320.000000,1558.000000
810.000000,935.000000,701.000000,1333.000000
19.000000,330.000000,206.000000,340.000000
1574.000000,1857.000000,1401.000000,2026.000000
29.000000,1384.000000,73.000000,1533.000000
5.000000,1069.000000,44.000000,2256.000000
741.000000,2066.000000,728.000000,2228.000000
1235.000000,1021.000000,1258.000000,1270.000000
1388.000000,1258.000000,1202.000000,1359.000000
1952.000000,803.000000,1978.000000,816.000000
314.000000,1196.000000,198.000000,1227.000000
1696.000000,1984.000000,1885.000000,2044.000000
506.000000,848.000000,398.000000,930.000000
1836.000000,2140.000000,1787.000000,2215.000000
1540.000000,1278.000000,1599.000000,1416.000000
2060.000000,599.000000,2003.000000,625.000000
693.000000,2263.000000,1289.000000,2306.000000
1106.000000,134.000000,1066.000000,316.000000
1941.000000,344.000000,1899.000000,429.000000
266.000000,1074.000000,227.000000,1132.000000
398.000000,930.000000,454.000000,985.000000
1704.000000,655.000000,1813.000000,674.000000
576.000000,1726.000000,521.000000,1905.000000
1978.000000,816.000000,1955.000000,916.000000
1885.000000,2044.000000,2117.000000,2067.000000
1550.000000,582.000000,1669.000000,600.000000
415.000000,2082.000000,511.000000,2146.000000
977.000000,663.000000,1008.000000,978.000000
1258.000000,1270.000000,1177.000000,1361.000000
1526.000000,566.000000,1550.000000,582.000000
1862.000000,337.000000,1941.000000,344.000000
1183.000000,1129.000000,1066.000000,1374.000000
84.000000,720.000000,270.000000,921.000000
1106.000000,134.000000,1155.000000,238.000000
1389.000000,1582.000000,1342.000000,1775.000000
283.000000,651.000000,270.000000,921.000000
270.000000,921.000000,106.000000,995.000000
284.000000,17.000000,417.000000,157.000000
319.000000,1638.000000,184.000000,1657.000000
430.000000,213.000000,187.000000,412.000000
1057.000000,868.000000,1227.000000,1006.000000
1380.000000,449.000000,1526.000000,566.000000
1146.000000,78.000000,1637.000000,248.000000
46.000000,1565.000000,96.000000,1940.000000
701.000000,1333.000000,969.000000,1428.000000
485.000000,1881.000000,298.000000,1980.000000
1236.000000,1457.000000,1437.000000,1490.000000
96.000000,1940.000000,186.000000,2104.000000
184.000000,1657.000000,152.000000,1674.000000
394.000000,1887.000000,298.000000,1980.000000
2141.000000,1641.000000,2104.000000,1805.000000
780.000000,1610.000000,576.000000,1726.000000
598.000000,181.000000,430.000000,213.000000
450.000000,80.000000,417.000000,157.000000
1210.000000,698.000000,1243.000000,723.000000
44.000000,2256.000000,1289.000000,2306.000000
273.000000,1810.000000,298.000000,1980.000000
227.000000,1132.000000,198.000000,1227.000000
2020.000000,1128.000000,1599.000000,1416.000000
19.000000,330.000000,5.000000,1069.000000
1909.000000,261.000000,1941.000000,344.000000
1066.000000,316.000000,979.000000,465.000000
2055.000000,962.000000,2020.000000,1128.000000
1258.000000,1270.000000,1066.000000,1374.000000
1550.000000,582.000000,1455.000000,770.000000
511.000000,2146.000000,482.000000,2169.000000
700.000000,172.000000,598.000000,181.000000
46.000000,1565.000000,273.000000,1810.000000
167.000000,1042.000000,5.000000,1069.000000
1836.000000,2140.000000,1756.000000,2297.000000
436.000000,1831.000000,389.000000,1842.000000
973.000000,1997.000000,971.000000,2021.000000
1648.000000,1437.000000,1561.000000,1622.000000
873.000000,377.000000,979.000000,465.000000
724.000000,509.000000,711.000000,538.000000
1177.000000,1361.000000,1066.000000,1374.000000
741.000000,2066.000000,837.000000,2174.000000
2246.000000,1015.000000,2306.000000,1461.000000
1179.000000,1718.000000,1152.000000,1801.000000
1155.000000,238.000000,1637.000000,248.000000
1104.000000,2219.000000,693.000000,2263.000000
44.000000,2256.000000,693.000000,2263.000000
1057.000000,868.000000,1008.000000,978.000000
2274.000000,1528.000000,2104.000000,1805.000000
2088.000000,27.000000,1981.000000,208.000000
778.000000,19.000000,700.000000,172.000000
1899.000000,429.000000,1669.000000,600.000000
2306.000000,1461.000000,2141.000000,1641.000000
1455.000000,1815.000000,1574.000000,1857.000000
1324.000000,392.000000,1501.000000,482.000000
225.000000,2127.000000,693.000000,2263.000000
187.000000,412.000000,104.000000,419.000000
1135.000000,1522.000000,1239.000000,1664.000000
2060.000000,1634.000000,2123.000000,1678.000000
1008.000000,978.000000,1183.000000,1129.000000
1225.000000,1474.000000,1389.000000,1582.000000
278.000000,502.000000,555.000000,636.000000
225.000000,2127.000000,117.000000,2195.000000
1146.000000,78.000000,1106.000000,134.000000
1791.000000,59.000000,1811.000000,173.000000
778.000000,19.000000,741.000000,207.000000
2020.000000,1128.000000,2081.000000,1221.000000
2305.000000,572.000000,2306.000000,1461.000000
1455.000000,770.000000,1128.000000,785.000000
227.000000,1132.000000,314.000000,1196.000000
1080.000000,2064.000000,1281.000000,2110.000000
417.000000,157.000000,187.000000,412.000000
2269.000000,3.000000,2208.000000,36.000000
1574.000000,1857.000000,1682.000000,2023.000000
436.000000,1831.000000,485.000000,1881.000000
711.000000,538.000000,716.000000,561.000000
1066.000000,316.000000,1324.000000,392.000000
776.000000,369.000000,814.000000,511.000000
389.000000,1842.000000,298.000000,1980.000000
84.000000,720.000000,43.000000,858.000000
2306.000000,1461.000000,2060.000000,1634.000000
2020.000000,1128.000000,2061.000000,1235.000000
5.000000,1069.000000,29.000000,1384.000000
201.000000,2034.000000,225.000000,2127.000000
1008.000000,978.000000,1227.000000,1006.000000
910.000000,7.000000,590.000000,30.000000
1568.000000,1420.000000,1424.000000,1527.000000
2035.000000,1846.000000,1696.000000,1984.000000
197.000000,1422.000000,254.000000,1493.000000
1418.000000,1423.000000,1437.000000,1490.000000
906.000000,1968.000000,973.000000,1997.000000
1152.000000,1801.000000,1065.000000,1886.000000
278.000000,502.000000,84.000000,720.000000
1909.000000,261.000000,1862.000000,337.000000
979.000000,465.000000,977.000000,663.000000
1896.000000,1703.000000,1960.000000,1748.000000
314.000000,1196.000000,287.000000,1281.000000
906.000000,1968.000000,971.000000,2021.000000
2274.000000,1528.000000,2244.000000,1803.000000
708.000000,2258.000000,693.000000,2263.000000
1836.000000,2140.000000,2235.000000,2266.000000
553.000000,309.000000,187.000000,412.000000
1275.000000,414.000000,1455.000000,770.000000
1602.000000,552.000000,1669.000000,600.000000
1523.000000,2134.000000,1679.000000,2301.000000
417.000000,157.000000,206.000000,340.000000
1324.000000,392.000000,1275.000000,414.000000
29.000000,1384.000000,44.000000,2256.000000
1435.000000,1153.000000,1258.000000,1270.000000
167.000000,1042.000000,29.000000,1384.000000
498.000000,1321.000000,569.000000,1531.000000
1281.000000,2110.000000,1104.000000,2219.000000
701.000000,1333.000000,569.000000,1531.000000
1568.000000,1420.000000,1437.000000,1490.000000
152.000000,1674.000000,273.000000,1810.000000
776.000000,369.000000,724.000000,509.000000
556.000000,1962.000000,415.000000,2082.000000
1281.000000,2110.000000,1277.000000,2282.000000
284.000000,17.000000,19.000000,330.000000
2003.000000,625.000000,2110.000000,765.000000
284.000000,627.000000,283.000000,651.000000
1669.000000,600.000000,2003.000000,625.000000
805.000000,1677.000000,741.000000,2066.000000
1568.000000,1420.000000,1418.000000,1423.000000
227.000000,1132.000000,29.000000,1384.000000
698.000000,1059.000000,604.000000,1122.000000
485.000000,1881.000000,521.000000,1905.000000
2246.000000,1015.000000,2020.000000,1128.000000
1550.000000,582.000000,1632.000000,726.000000
273.000000,1810.000000,96.000000,1940.000000
1632.000000,726.000000,1455.000000,770.000000
225.000000,2127.000000,44.000000,2256.000000
186.000000,2104.000000,225.000000,2127.000000
590.000000,30.000000,450.000000,80.000000
287.000000,1281.000000,498.000000,1321.000000
398.000000,930.000000,394.000000,988.000000
1179.000000,1718.000000,1342.000000,1775.000000
46.000000,1565.000000,44.000000,2064.000000
284.000000,17.000000,206.000000,340.000000
979.000000,465.000000,1172.000000,475.000000
556.000000,1962.000000,741.000000,2066.000000
576.000000,1726.000000,556.000000,1962.000000
1041.000000,12.000000,950.000000,184.000000
1826.000000,1311.000000,1648.000000,1437.000000
432.000000,1049.000000,604.000000,1122.000000
1210.000000,698.000000,1098.000000,727.000000
2191.000000,439.000000,2305.000000,572.000000
1146.000000,78.000000,950.000000,184.000000
1388.000000,1258.000000,1418.000000,1423.000000
1282.000000,886.000000,1227.000000,1006.000000
100.000000,998.000000,167.000000,1042.000000
1826.000000,1311.000000,1599.000000,1416.000000
698.000000,1059.000000,701.000000,1333.000000
284.000000,627.000000,555.000000,636.000000
1981.000000,208.000000,1972.000000,229.000000
423.000000,1240.000000,498.000000,1321.000000
1210.000000,698.000000,1455.000000,770.000000
1443.000000,1141.000000,1435.000000,1153.000000
1435.000000,1153.000000,1410.000000,1210.000000
96.000000,1940.000000,201.000000,2034.000000
423.000000,1240.000000,287.000000,1281.000000
1202.000000,1359.000000,1418.000000,1423.000000
298.000000,1980.000000,415.000000,2082.000000
837.000000,2174.000000,708.000000,2258.000000
1205.000000,129.000000,1637.000000,248.000000
43.000000,858.000000,5.000000,1069.000000
19.000000,330.000000,104.000000,419.000000
600.000000,422.000000,711.000000,538.000000
2060.000000,1634.000000,1960.000000,1748.000000
415.000000,2082.000000,544.000000,2162.000000
1324.000000,392.000000,1150.000000,461.000000
1682.000000,2023.000000,1549.000000,2141.000000
1679.000000,2301.000000,1289.000000,2306.000000
283.000000,651.000000,347.000000,919.000000
1978.000000,816.000000,1933.000000,991.000000
1756.000000,2297.000000,1679.000000,2301.000000
117.000000,2195.000000,44.000000,2256.000000
1981.000000,208.000000,1997.000000,287.000000
2060.000000,599.000000,2137.000000,685.000000
1041.000000,12.000000,1146.000000,78.000000
1637.000000,248.000000,1678.000000,325.000000
716.000000,561.000000,506.000000,848.000000
1210.000000,698.000000,1128.000000,785.000000
278.000000,502.000000,284.000000,627.000000
84.000000,720.000000,106.000000,995.000000
415.000000,2082.000000,225.000000,2127.000000
2295.000000,390.000000,2305.000000,572.000000
1960.000000,1748.000000,1875.000000,1795.000000
1342.000000,1775.000000,1152.000000,1801.000000
1899.000000,429.000000,2003.000000,625.000000
417.000000,157.000000,430.000000,213.000000
167.000000,1042.000000,227.000000,1132.000000
1225.000000,1474.000000,1239.000000,1664.000000
810.000000,935.000000,1008.000000,978.000000
2104.000000,1805.000000,2035.000000,1846.000000
776.000000,369.000000,873.000000,377.000000
1304.000000,2290.000000,1289.000000,2306.000000
598.000000,181.000000,553.000000,309.000000
873.000000,377.000000,814.000000,511.000000
287.000000,1281.000000,197.000000,1422.000000
1342.000000,1775.000000,1065.000000,1886.000000
1455.000000,1815.000000,1401.000000,2026.000000
1205.000000,129.000000,1155.000000,238.000000
2055.000000,962.000000,2199.000000,976.000000
1041.000000,12.000000,1791.000000,59.000000
1066.000000,316.000000,1150.000000,461.000000
2208.000000,36.000000,2287.000000,204.000000
1648.000000,1437.000000,1896.000000,1703.000000
1135.000000,1522.000000,780.000000,1610.000000
969.000000,1428.000000,1135.000000,1522.000000
2235.000000,2266.000000,1756.000000,2297.000000
1282.000000,886.000000,1235.000000,1021.000000
2137.000000,685.000000,2055.000000,962.000000
986.000000,222.000000,938.000000,265.000000
1239.000000,1664.000000,1179.000000,1718.000000
254.000000,1493.000000,320.000000,1558.000000
266.000000,1074.000000,314.000000,1196.000000
910.000000,7.000000,778.000000,19.000000
1826.000000,1311.000000,2060.000000,1634.000000
1561.000000,1622.000000,1896.000000,1703.000000
1065.000000,1886.000000,1080.000000,2064.000000
1003.000000,1900.000000,1080.000000,2064.000000
1324.000000,392.000000,1380.000000,449.000000
1854.000000,852.000000,1933.000000,991.000000
1875.000000,1795.000000,2035.000000,1846.000000
1704.000000,655.000000,1632.000000,726.000000
1418.000000,1523.000000,1561.000000,1622.000000
1813.000000,674.000000,1632.000000,726.000000
1065.000000,1886.000000,1003.000000,1900.000000
1080.000000,2064.000000,837.000000,2174.000000
925.000000,1912.000000,941.000000,1912.000000
1669.000000,600.000000,1632.000000,726.000000
1275.000000,414.000000,1150.000000,461.000000
2141.000000,560.000000,2305.000000,572.000000
1933.000000,991.000000,2020.000000,1128.000000
1637.000000,248.000000,1862.000000,337.000000
1516.000000,1117.000000,1443.000000,1141.000000
198.000000,1227.000000,29.000000,1384.000000
254.000000,1493.000000,73.000000,1533.000000
837.000000,2174.000000,1104.000000,2219.000000
1549.000000,2141.000000,1744.000000,2223.000000
273.000000,1810.000000,436.000000,1831.000000
2117.000000,2067.000000,1936.000000,2169.000000
805.000000,1677.000000,925.000000,1912.000000
1648.000000,1437.000000,1424.000000,1527.000000
576.000000,1726.000000,741.000000,2066.000000
910.000000,7.000000,1041.000000,12.000000
347.000000,919.000000,270.000000,921.000000
506.000000,848.000000,347.000000,919.000000
569.000000,1531.000000,320.000000,1558.000000
837.000000,2174.000000,728.000000,2228.000000
1418.000000,1523.000000,1424.000000,1527.000000
810.000000,935.000000,604.000000,1122.000000
1455.000000,770.000000,1235.000000,1021.000000
728.000000,2228.000000,708.000000,2258.000000
298.000000,1980.000000,225.000000,2127.000000
780.000000,1610.000000,905.000000,1710.000000
553.000000,309.000000,776.000000,369.000000
511.000000,2146.000000,544.000000,2162.000000
1599.000000,1416.000000,1568.000000,1420.000000
167.000000,1042.000000,266.000000,1074.000000
1150.000000,461.000000,979.000000,465.000000
1128.000000,785.000000,1282.000000,886.000000
1836.000000,2140.000000,1744.000000,2223.000000
394.000000,988.000000,266.000000,1074.000000
73.000000,1533.000000,46.000000,1565.000000
1066.000000,1374.000000,1135.000000,1522.000000
206.000000,340.000000,104.000000,419.000000
814.000000,511.000000,716.000000,561.000000
1875.000000,1795.000000,1574.000000,1857.000000
1152.000000,1801.000000,1003.000000,1900.000000
2117.000000,2067.000000,2235.000000,2266.000000
780.000000,1610.000000,805.000000,1677.000000
910.000000,7.000000,741.000000,207.000000
284.000000,17.000000,590.000000,30.000000
314.000000,1196.000000,423.000000,1240.000000
950.000000,184.000000,873.000000,377.000000
2120.000000,561.000000,2003.000000,625.000000
1225.000000,1474.000000,1135.000000,1522.000000
1602.000000,552.000000,1550.000000,582.000000
1501.000000,482.000000,1602.000000,552.000000
1811.000000,173.000000,1862.000000,337.000000
1401.000000,2026.000000,1549.000000,2141.000000
950.000000,184.000000,776.000000,369.000000
2003.000000,625.000000,1952.000000,803.000000
319.000000,1638.000000,152.000000,1674.000000
1104.000000,2219.000000,1277.000000,2282.000000
1388.000000,1258.000000,1258.000000,1270.000000
319.000000,1638.000000,576.000000,1726.000000
1678.000000,325.000000,1941.000000,344.000000
2003.000000,625.000000,1813.000000,674.000000
283.000000,651.000000,84.000000,720.000000
2061.000000,1235.000000,2060.000000,1634.000000
1678.000000,325.000000,1602.000000,552.000000
2305.000000,572.000000,2137.000000,685.000000
2088.000000,27.000000,1791.000000,59.000000
1275.000000,414.000000,1210.000000,698.000000
1455.000000,770.000000,1516.000000,1117.000000
938.000000,265.000000,1066.000000,316.000000
1135.000000,1522.000000,1179.000000,1718.000000
415.000000,2082.000000,482.000000,2169.000000
201.000000,2034.000000,186.000000,2104.000000
2061.000000,1235.000000,2306.000000,1461.000000
1177.000000,1361.000000,1236.000000,1457.000000
2274.000000,1528.000000,2141.000000,1641.000000
728.000000,2228.000000,693.000000,2263.000000
805.000000,1677.000000,906.000000,1968.000000
44.000000,2064.000000,186.000000,2104.000000
44.000000,2064.000000,44.000000,2256.000000
1102.000000,646.000000,1098.000000,727.000000
1205.000000,129.000000,1106.000000,134.000000
106.000000,995.000000,266.000000,1074.000000
1003.000000,1900.000000,925.000000,1912.000000
910.000000,7.000000,284.000000,17.000000
950.000000,184.000000,938.000000,265.000000
569.000000,1531.000000,780.000000,1610.000000
2199.000000,976.000000,2246.000000,1015.000000
1128.000000,785.000000,1227.000000,1006.000000
2244.000000,1803.000000,2235.000000,2266.000000
485.000000,1881.000000,415.000000,2082.000000
1003.000000,1900.000000,973.000000,1997.000000
278.000000,502.000000,711.000000,538.000000
206.000000,340.000000,187.000000,412.000000
971.000000,2021.000000,741.000000,2066.000000
1885.000000,2044.000000,1836.000000,2140.000000
1202.000000,1359.000000,1437.000000,1490.000000
1933.000000,991.000000,1599.000000,1416.000000
1561.000000,1622.000000,1875.000000,1795.000000
906.000000,1968.000000,741.000000,2066.000000
2269.000000,3.000000,2088.000000,27.000000
1275.000000,414.000000,1526.000000,566.000000
436.000000,1831.000000,394.000000,1887.000000
2137.000000,685.000000,2110.000000,765.000000
2191.000000,439.000000,2120.000000,561.000000
1422.000000,2049.000000,1523.000000,2134.000000
320.000000,1558.000000,319.000000,1638.000000
778.000000,19.000000,598.000000,181.000000
1632.000000,726.000000,1854.000000,852.000000
1978.000000,816.000000,2055.000000,962.000000
1225.000000,1474.000000,1437.000000,1490.000000
2110.000000,765.000000,1978.000000,816.000000
941.000000,1912.000000,906.000000,1968.000000
432.000000,1049.000000,266.000000,1074.000000
1523.000000,2134.000000,1549.000000,2141.000000
2035.000000,1846.000000,1885.000000,2044.000000
544.000000,2162.000000,693.000000,2263.000000
1098.000000,727.000000,1057.000000,868.000000
969.000000,1428.000000,780.000000,1610.000000
2088.000000,27.000000,2034.000000,254.000000
600.000000,422.000000,724.000000,509.000000
716.000000,561.000000,555.000000,636.000000
187.000000,412.000000,600.000000,422.000000
43.000000,858.000000,106.000000,995.000000
979.000000,1781.000000,1003.000000,1900.000000
482.000000,2169.000000,693.000000,2263.000000
1632.000000,726.000000,1516.000000,1117.000000
254.000000,1493.000000,184.000000,1657.000000
2035.000000,1846.000000,2117.000000,2067.000000
2287.000000,204.000000,2305.000000,572.000000
1418.000000,1523.000000,1389.000000,1582.000000
1678.000000,325.000000,1899.000000,429.000000
347.000000,919.000000,398.000000,930.000000
187.000000,412.000000,278.000000,502.000000
973.000000,1997.000000,1080.000000,2064.000000
394.000000,988.000000,432.000000,1049.000000
1836.000000,2140.000000,1936.000000,2169.000000
454.000000,985.000000,604.000000,1122.000000
1516.000000,1117.000000,1599.000000,1416.000000
1227.000000,1006.000000,1235.000000,1021.000000
1981.000000,208.000000,2034.000000,254.000000
287.000000,1281.000000,29.000000,1384.000000
1202.000000,1359.000000,1177.000000,1361.000000
977.000000,663.000000,810.000000,935.000000
2120.000000,561.000000,2060.000000,599.000000
1342.000000,1775.000000,1281.000000,2110.000000
1102.000000,646.000000,1210.000000,698.000000
2123.000000,1678.000000,2035.000000,1846.000000
1813.000000,674.000000,1854.000000,852.000000
2123.000000,1678.000000,2104.000000,1805.000000
1455.000000,1815.000000,1281.000000,2110.000000
1678.000000,325.000000,1862.000000,337.000000
1239.000000,1664.000000,1342.000000,1775.000000
104.000000,419.000000,278.000000,502.000000
389.000000,1842.000000,394.000000,1887.000000
319.000000,1638.000000,273.000000,1810.000000
2060.000000,1634.000000,1896.000000,1703.000000
104.000000,419.000000,5.000000,1069.000000
977.000000,663.000000,1098.000000,727.000000
2306.000000,1461.000000,2274.000000,1528.000000
1104.000000,2219.000000,1289.000000,2306.000000
701.000000,1333.000000,780.000000,1610.000000
270.000000,921.000000,398.000000,930.000000
1342.000000,1775.000000,1574.000000,1857.000000
1435.000000,1153.000000,1388.000000,1258.000000
1978.000000,816.000000,1854.000000,852.000000
1410.000000,1210.000000,1388.000000,1258.000000
1669.000000,600.000000,1704.000000,655.000000
287.000000,1281.000000,254.000000,1493.000000
700.000000,172.000000,553.000000,309.000000
1836.000000,2140.000000,1549.000000,2141.000000
1997.000000,287.000000,1941.000000,344.000000
2244.000000,1803.000000,2035.000000,1846.000000
905.000000,1710.000000,1152.000000,1801.000000
938.000000,265.000000,979.000000,465.000000
498.000000,1321.000000,320.000000,1558.000000
1202.000000,1359.000000,1236.000000,1457.000000
1540.000000,1278.000000,1418.000000,1423.000000
1177.000000,1361.000000,1135.000000,1522.000000
805.000000,1677.000000,979.000000,1781.000000
2123.000000,1678.000000,1960.000000,1748.000000
485.000000,1881.000000,556.000000,1962.000000
2306.000000,1461.000000,2235.000000,2266.000000
971.000000,2021.000000,1080.000000,2064.000000
711.000000,538.000000,555.000000,636.000000
1561.000000,1622.000000,1574.000000,1857.000000
1936.000000,2169.000000,2235.000000,2266.000000
2060.000000,1634.000000,2141.000000,1641.000000
1516.000000,1117.000000,1540.000000,1278.000000
284.000000,17.000000,450.000000,80.000000
1104.000000,2219.000000,708.000000,2258.000000
1243.000000,723.000000,1128.000000,785.000000
741.000000,2066.000000,693.000000,2263.000000
1380.000000,449.000000,1501.000000,482.000000
1236.000000,1457.000000,1135.000000,1522.000000
576.000000,1726.000000,273.000000,1810.000000
950.000000,184.000000,986.000000,222.000000
1155.000000,238.000000,1066.000000,316.000000
544.000000,2162.000000,482.000000,2169.000000
1744.000000,2223.000000,1679.000000,2301.000000
506.000000,848.000000,604.000000,1122.000000
29.000000,1384.000000,197.000000,1422.000000
905.000000,1710.000000,1179.000000,1718.000000
2191.000000,439.000000,2141.000000,560.000000
1146.000000,78.000000,1205.000000,129.000000
96.000000,1940.000000,44.000000,2064.000000
2020.000000,1128.000000,2010.000000,1179.000000
724.000000,509.000000,814.000000,511.000000
1981.000000,208.000000,1909.000000,261.000000
1041.000000,12.000000,1637.000000,248.000000
450.000000,80.000000,430.000000,213.000000
2141.000000,560.000000,2137.000000,685.000000
430.000000,213.000000,553.000000,309.000000
1678.000000,325.000000,1669.000000,600.000000
1574.000000,1857.000000,1549.000000,2141.000000
778.000000,19.000000,430.000000,213.000000
2081.000000,1221.000000,2306.000000,1461.000000
197.000000,1422.000000,73.000000,1533.000000
1455.000000,770.000000,1282.000000,886.000000
2034.000000,254.000000,1941.000000,344.000000
2020.000000,1128.000000,2306.000000,1461.000000
2141.000000,560.000000,2120.000000,561.000000
1955.000000,916.000000,2055.000000,962.000000
979.000000,1781.000000,1152.000000,1801.000000
1155.000000,238.000000,1324.000000,392.000000
2034.000000,254.000000,2191.000000,439.000000
569.000000,1531.000000,576.000000,1726.000000
1304.000000,2290.000000,1679.000000,2301.000000
1401.000000,2026.000000,1422.000000,2049.000000
1008.000000,978.000000,701.000000,1333.000000
432.000000,1049.000000,701.000000,1333.000000
700.000000,172.000000,741.000000,207.000000
1388.000000,1258.000000,1540.000000,1278.000000
2244.000000,1803.000000,2104.000000,1805.000000
454.000000,985.000000,394.000000,988.000000
1401.000000,2026.000000,1523.000000,2134.000000
1275.000000,414.000000,1172.000000,475.000000
1008.000000,978.000000,1066.000000,1374.000000
1422.000000,2049.000000,1304.000000,2290.000000
521.000000,1905.000000,556.000000,1962.000000
2141.000000,560.000000,2060.000000,599.000000
254.000000,1493.000000,319.000000,1638.000000
1696.000000,1984.000000,1682.000000,2023.000000
96.000000,1940.000000,298.000000,1980.000000
1516.000000,1117.000000,1410.000000,1210.000000
1599.000000,1416.000000,1648.000000,1437.000000
1106.000000,134.000000,986.000000,222.000000
1813.000000,674.000000,1952.000000,803.000000
1896.000000,1703.000000,1875.000000,1795.000000
1065.000000,1886.000000,1281.000000,2110.000000
1960.000000,1748.000000,2035.000000,1846.000000
778.000000,19.000000,590.000000,30.000000
106.000000,995.000000,167.000000,1042.000000
1186.000000,1564.000000,1239.000000,1664.000000
1410.000000,1210.000000,1540.000000,1278.000000
1277.000000,2282.000000,1304.000000,2290.000000
2287.000000,204.000000,2034.000000,254.000000
1225.000000,1474.000000,1418.000000,1523.000000
910.000000,7.000000,950.000000,184.000000
805.000000,1677.000000,576.000000,1726.000000
1243.000000,723.000000,1455.000000,770.000000
1885.000000,2044.000000,1936.000000,2169.000000
2274.000000,1528.000000,2235.000000,2266.000000
604.000000,1122.000000,701.000000,1333.000000
498.000000,1321.000000,701.000000,1333.000000
1128.000000,785.000000,1057.000000,868.000000
716.000000,561.000000,604.000000,1122.000000
556.000000,1962.000000,693.000000,2263.000000
1941.000000,344.000000,2191.000000,439.000000
270.000000,921.000000,266.000000,1074.000000
1418.000000,1523.000000,1574.000000,1857.000000
776.000000,369.000000,600.000000,422.000000
423.000000,1240.000000,701.000000,1333.000000
1523.000000,2134.000000,1304.000000,2290.000000
1811.000000,173.000000,1909.000000,261.000000
2061.000000,1235.000000,1826.000000,1311.000000
1003.000000,1900.000000,906.000000,1968.000000
2141.000000,1641.000000,2123.000000,1678.000000
979.000000,465.000000,814.000000,511.000000
716.000000,561.000000,977.000000,663.000000
2088.000000,27.000000,2208.000000,36.000000
986.000000,222.000000,1066.000000,316.000000
1401.000000,2026.000000,1281.000000,2110.000000
1637.000000,248.000000,1501.000000,482.000000
556.000000,1962.000000,544.000000,2162.000000
273.000000,1810.000000,389.000000,1842.000000
104.000000,419.000000,43.000000,858.000000
2081.000000,1221.000000,2061.000000,1235.000000
1172.000000,475.000000,977.000000,663.000000
506.000000,848.000000,454.000000,985.000000
814.000000,511.000000,711.000000,538.000000
1437.000000,1490.000000,1418.000000,1523.000000
225.000000,2127.000000,482.000000,2169.000000
1235.000000,1021.000000,1183.000000,1129.000000
2003.000000,625.000000,2137.000000,685.000000
1682.000000,2023.000000,1885.000000,2044.000000
2208.000000,36.000000,2034.000000,254.000000
1526.000000,566.000000,1455.000000,770.000000
2088.000000,27.000000,1811.000000,173.000000
2269.000000,3.000000,1791.000000,59.000000
979.000000,465.000000,716.000000,561.000000
1952.000000,803.000000,1854.000000,852.000000
1281.000000,2110.000000,1304.000000,2290.000000
1811.000000,173.000000,1637.000000,248.000000
1277.000000,2282.000000,1289.000000,2306.000000
1172.000000,475.000000,1210.000000,698.000000
979.000000,1781.000000,925.000000,1912.000000
1811.000000,173.000000,1981.000000,208.000000
436.000000,1831.000000,521.000000,1905.000000
2295.000000,390.000000,2191.000000,439.000000
1669.000000,600.000000,1813.000000,674.000000
1955.000000,916.000000,1933.000000,991.000000
1574.000000,1857.000000,1696.000000,1984.000000
1501.000000,482.000000,1526.000000,566.000000
1389.000000,1582.000000,1239.000000,1664.000000
1135.000000,1522.000000,1186.000000,1564.000000
977.000000,663.000000,604.000000,1122.000000
925.000000,1912.000000,906.000000,1968.000000
576.000000,1726.000000,436.000000,1831.000000
741.000000,207.000000,553.000000,309.000000
1424.000000,1527.000000,1561.000000,1622.000000
1682.000000,2023.000000,1836.000000,2140.000000
1172.000000,475.000000,1102.000000,646.000000
1102.000000,646.000000,977.000000,663.000000
1678.000000,325.000000,1501.000000,482.000000
1342.000000,1775.000000,1455.000000,1815.000000
100.000000,998.000000,5.000000,1069.000000
1443.000000,1141.000000,1258.000000,1270.000000
106.000000,995.000000,100.000000,998.000000
1135.000000,1522.000000,905.000000,1710.000000
485.000000,1881.000000,394.000000,1887.000000
320.000000,1558.000000,576.000000,1726.000000
398.000000,930.000000,266.000000,1074.000000
938.000000,265.000000,873.000000,377.000000
1854.000000,852.000000,1516.000000,1117.000000
1648.000000,1437.000000,2060.000000,1634.000000
2034.000000,254.000000,1997.000000,287.000000
1236.000000,1457.000000,1225.000000,1474.000000
1227.000000,1006.000000,1183.000000,1129.000000
2055.000000,962.000000,1933.000000,991.000000
73.000000,1533.000000,152.000000,1674.000000
1258.000000,1270.000000,1202.000000,1359.000000
