POINTS
624.000000,1.000000
2300.000000,5.000000
1565.000000,13.000000
1585.000000,21.000000
1073.000000,22.000000
1520.000000,49.000000
822.000000,52.000000
825.000000,60.000000
1530.000000,82.000000
192.000000,86.000000
18.000000,109.000000
68.000000,118.000000
948.000000,129.000000
1405.000000,133.000000
1590.000000,134.000000
195.000000,138.000000
1105.000000,173.000000
1844.000000,173.000000
1987.000000,180.000000
484.000000,192.000000
632.000000,210.000000
2083.000000,227.000000
1538.000000,231.000000
1977.000000,234.000000
646.000000,242.000000
1754.000000,244.000000
2320.000000,244.000000
576.000000,251.000000
1426.000000,251.000000
832.000000,254.000000
1816.000000,260.000000
770.000000,273.000000
1723.000000,278.000000
2144.000000,279.000000
1179.000000,292.000000
557.000000,305.000000
403.000000,317.000000
554.000000,336.000000
1128.000000,341.000000
2078.000000,356.000000
768.000000,360.000000
1943.000000,371.000000
691.000000,378.000000
1196.000000,389.000000
1348.000000,389.000000
1731.000000,414.000000
1423.000000,422.000000
395.000000,435.000000
1691.000000,435.000000
493.000000,437.000000
1571.000000,446.000000
1120.000000,447.000000
1330.000000,507.000000
2239.000000,521.000000
2033.000000,526.000000
2035.000000,539.000000
444.000000,552.000000
262.000000,559.000000
1450.000000,567.000000
495.000000,582.000000
1070.000000,591.000000
2068.000000,595.000000
1840.000000,596.000000
2311.000000,611.000000
1433.000000,613.000000
1602.000000,615.000000
294.000000,617.000000
1042.000000,628.000000
2288.000000,652.000000
717.000000,656.000000
399.000000,675.000000
1771.000000,676.000000
2126.000000,676.000000
1112.000000,721.000000
1127.000000,785.000000
1916.000000,791.000000
113.000000,794.000000
2272.000000,827.000000
195.000000,828.000000
396.000000,854.000000
2272.000000,854.000000
1445.000000,868.000000
300.000000,883.000000
512.000000,897.000000
396.000000,898.000000
2096.000000,907.000000
1624.000000,908.000000
1974.000000,912.000000
2061.000000,915.000000
1278.000000,936.000000
1293.000000,944.000000
1255.000000,951.000000
1618.000000,991.000000
448.000000,1001.000000
1679.000000,1027.000000
2177.000000,1028.000000
1524.000000,1048.000000
1052.000000,1062.000000
987.000000,1077.000000
2349.000000,1092.000000
1552.000000,1095.000000
1157.000000,1105.000000
2172.000000,1116.000000
205.000000,1123.000000
389.000000,1139.000000
454.000000,1160.000000
2322.000000,1171.000000
462.000000,1173.000000
2188.000000,1184.000000
240.000000,1186.000000
321.000000,1201.000000
492.000000,1206.000000
1736.000000,1206.000000
774.000000,1225.000000
1022.000000,1239.000000
2011.000000,1240.000000
1604.000000,1242.000000
42.000000,1243.000000
412.000000,1249.000000
1293.000000,1251.000000
413.000000,1264.000000
275.000000,1265.000000
2001.000000,1270.000000
615.000000,1283.000000
925.000000,1287.000000
2210.000000,1306.000000
1949.000000,1315.000000
1632.000000,1317.000000
1684.000000,1325.000000
1790.000000,1329.000000
2268.000000,1330.000000
1527.000000,1332.000000
354.000000,1335.000000
1962.000000,1347.000000
2307.000000,1384.000000
992.000000,1388.000000
813.000000,1397.000000
2286.000000,1397.000000
29.000000,1411.000000
1564.000000,1422.000000
231.000000,1433.000000
1744.000000,1440.000000
52.000000,1465.000000
1753.000000,1469.000000
1293.000000,1485.000000
1108.000000,1499.000000
1425.000000,1502.000000
1884.000000,1511.000000
1612.000000,1525.000000
757.000000,1534.000000
1586.000000,1535.000000
2097.000000,1548.000000
178.000000,1551.000000
550.000000,1564.000000
1576.000000,1566.000000
2067.000000,1570.000000
110.000000,1585.000000
566.000000,1621.000000
1764.000000,1627.000000
2234.000000,1639.000000
28.000000,1646.000000
302.000000,1663.000000
1935.000000,1664.000000
1585.000000,1675.000000
1193.000000,1680.000000
1954.000000,1704.000000
76.000000,1728.000000
536.000000,1731.000000
1846.000000,1751.000000
843.000000,1755.000000
1736.000000,1755.000000
159.000000,1781.000000
1951.000000,1788.000000
1649.000000,1803.000000
1541.000000,1838.000000
1577.000000,1841.000000
226.000000,1857.000000
1104.000000,1861.000000
1237.000000,1871.000000
27.000000,1877.000000
516.000000,1897.000000
2172.000000,1900.000000
1699.000000,1907.000000
885.000000,1916.000000
1366.000000,1919.000000
340.000000,1928.000000
1246.000000,1931.000000
1332.000000,1936.000000
1724.000000,1941.000000
1733.000000,1960.000000
118.000000,1964.000000
1382.000000,1973.000000
2042.000000,2048.000000
500.000000,2054.000000
2040.000000,2055.000000
234.000000,2070.000000
2325.000000,2071.000000
168.000000,2074.000000
2128.000000,2074.000000
1306.000000,2082.000000
2132.000000,2092.000000
1339.000000,2099.000000
1812.000000,2101.000000
451.000000,2106.000000
233.000000,2114.000000
692.000000,2115.000000
462.000000,2122.000000
892.000000,2146.000000
2216.000000,2151.000000
1977.000000,2158.000000
1547.000000,2162.000000
1041.000000,2208.000000
1119.000000,2210.000000
1464.000000,2228.000000
1225.000000,2233.000000
1233.000000,2237.000000
1285.000000,2243.000000
1343.000000,2255.000000
1464.000000,2255.000000
1058.000000,2262.000000
529.000000,2265.000000
653.000000,2270.000000
75.000000,2271.000000
175.000000,2282.000000
298.000000,2283.000000
263.000000,2288.000000
1028.000000,2290.000000
759.000000,2329.000000
622.000000,2332.000000
740.000000,2332.000000
2231.000000,2334.000000
945.000000,2343.000000
850.000000,2350.000000
2288.000000,2353.000000
1060.000000,2355.000000
2184.000000,2356.000000
LINES
1233.000000,2237.000000,1343.000000,2255.000000
1771.000000,676.000000,1624.000000,908.000000
1753.000000,1469.000000,1612.000000,1525.000000
168.000000,2074.000000,263.000000,2288.000000
396.000000,854.000000,396.000000,898.000000
1105.000000,173.000000,832.000000,254.000000
1179.000000,292.000000,1128.000000,341.000000
1585.000000,1675.000000,1541.000000,1838.000000
1552.000000,1095.000000,1736.000000,1206.000000
2239.000000,521.000000,2311.000000,611.000000
1884.000000,1511.000000,2097.000000,1548.000000
1585.000000,21.000000,1987.000000,180.000000
18.000000,109.000000,27.000000,1877.000000
68.000000,118.000000,395.000000,435.000000
554.000000,336.000000,691.000000,378.000000
1816.000000,260.000000,1723.000000,278.000000
550.000000,1564.000000,536.000000,1731.000000
2040.000000,2055.000000,2128.000000,2074.000000
1070.000000,591.000000,1112.000000,721.000000
1565.000000,13.000000,1520.000000,49.000000
2078.000000,356.000000,2239.000000,521.000000
113.000000,794.000000,205.000000,1123.000000
624.000000,1.000000,822.000000,52.000000
205.000000,1123.000000,42.000000,1243.000000
692.000000,2115.000000,653.000000,2270.000000
275.000000,1265.000000,29.000000,1411.000000
2011.000000,1240.000000,1949.000000,1315.000000
1951.000000,1788.000000,1577.000000,1841.000000
850.000000,2350.000000,1060.000000,2355.000000
113.000000,794.000000,42.000000,1243.000000
1987.000000,180.000000,1816.000000,260.000000
340.000000,1928.000000,233.000000,2114.000000
1951.000000,1788.000000,1733.000000,1960.000000
1520.000000,49.000000,1530.000000,82.000000
18.000000,109.000000,42.000000,1243.000000
118.000000,1964.000000,75.000000,2271.000000
1951.000000,1788.000000,1724.000000,1941.000000
27.000000,1877.000000,118.000000,1964.000000
624.000000,1.000000,2300.000000,5.000000
1425.000000,1502.000000,1541.000000,1838.000000
692.000000,2115.000000,945.000000,2343.000000
2239.000000,521.000000,2288.000000,652.000000
1041.000000,2208.000000,1119.000000,2210.000000
1339.000000,2099.000000,1464.000000,2228.000000
18.000000,109.000000,262.000000,559.000000
1104.000000,1861.000000,1306.000000,2082.000000
2068.000000,595.000000,2288.000000,652.000000
1565.000000,13.000000,1987.000000,180.000000
1042.000000,628.000000,717.000000,656.000000
2322.000000,1171.000000,2268.000000,1330.000000
691.000000,378.000000,717.000000,656.000000
945.000000,2343.000000,1060.000000,2355.000000
28.000000,1646.000000,76.000000,1728.000000
399.000000,675.000000,195.000000,828.000000
2097.000000,1548.000000,1935.000000,1664.000000
1812.000000,2101.000000,1464.000000,2255.000000
1343.000000,2255.000000,1060.000000,2355.000000
1771.000000,676.000000,1916.000000,791.000000
75.000000,2271.000000,263.000000,2288.000000
192.000000,86.000000,68.000000,118.000000
2061.000000,915.000000,2172.000000,1116.000000
2307.000000,1384.000000,2234.000000,1639.000000
992.000000,1388.000000,813.000000,1397.000000
1624.000000,908.000000,1618.000000,991.000000
632.000000,210.000000,576.000000,251.000000
389.000000,1139.000000,462.000000,1173.000000
774.000000,1225.000000,925.000000,1287.000000
1425.000000,1502.000000,1576.000000,1566.000000
1604.000000,1242.000000,1684.000000,1325.000000
624.000000,1.000000,1565.000000,13.000000
2231.000000,2334.000000,2288.000000,2353.000000
1699.000000,1907.000000,1724.000000,1941.000000
340.000000,1928.000000,298.000000,2283.000000
195.000000,138.000000,403.000000,317.000000
1618.000000,991.000000,1552.000000,1095.000000
395.000000,435.000000,444.000000,552.000000
1736.000000,1206.000000,1684.000000,1325.000000
2188.000000,1184.000000,2210.000000,1306.000000
1565.000000,13.000000,1073.000000,22.000000
2322.000000,1171.000000,2188.000000,1184.000000
1624.000000,908.000000,1524.000000,1048.000000
646.000000,242.000000,576.000000,251.000000
413.000000,1264.000000,354.000000,1335.000000
1530.000000,82.000000,1405.000000,133.000000
1585.000000,1675.000000,1649.000000,1803.000000
1632.000000,1317.000000,1527.000000,1332.000000
2061.000000,915.000000,2177.000000,1028.000000
2286.000000,1397.000000,2234.000000,1639.000000
500.000000,2054.000000,692.000000,2115.000000
1237.000000,1871.000000,1332.000000,1936.000000
240.000000,1186.000000,42.000000,1243.000000
2061.000000,915.000000,1679.000000,1027.000000
2035.000000,539.000000,2068.000000,595.000000
1846.000000,1751.000000,1951.000000,1788.000000
1127.000000,785.000000,987.000000,1077.000000
1128.000000,341.000000,1042.000000,628.000000
1679.000000,1027.000000,1552.000000,1095.000000
492.000000,1206.000000,615.000000,1283.000000
1649.000000,1803.000000,1577.000000,1841.000000
1590.000000,134.000000,1723.000000,278.000000
1604.000000,1242.000000,1632.000000,1317.000000
925.000000,1287.000000,813.000000,1397.000000
1382.000000,1973.000000,1306.000000,2082.000000
759.000000,2329.000000,850.000000,2350.000000
2040.000000,2055.000000,2132.000000,2092.000000
454.000000,1160.000000,492.000000,1206.000000
1731.000000,414.000000,1571.000000,446.000000
1691.000000,435.000000,1840.000000,596.000000
691.000000,378.000000,495.000000,582.000000
1524.000000,1048.000000,1604.000000,1242.000000
1196.000000,389.000000,1330.000000,507.000000
2288.000000,652.000000,2272.000000,827.000000
1382.000000,1973.000000,1547.000000,2162.000000
2177.000000,1028.000000,2172.000000,1116.000000
1564.000000,1422.000000,1612.000000,1525.000000
1736.000000,1755.000000,1649.000000,1803.000000
195.000000,828.000000,396.000000,854.000000
992.000000,1388.000000,1108.000000,1499.000000
413.000000,1264.000000,302.000000,1663.000000
1058.000000,2262.000000,1028.000000,2290.000000
1330.000000,507.000000,1450.000000,567.000000
1733.000000,1960.000000,1812.000000,2101.000000
1366.000000,1919.000000,1306.000000,2082.000000
1157.000000,1105.000000,1293.000000,1251.000000
1816.000000,260.000000,1943.000000,371.000000
495.000000,582.000000,512.000000,897.000000
1987.000000,180.000000,2083.000000,227.000000
2172.000000,1116.000000,2322.000000,1171.000000
624.000000,1.000000,192.000000,86.000000
29.000000,1411.000000,52.000000,1465.000000
1464.000000,2228.000000,1464.000000,2255.000000
1128.000000,341.000000,1120.000000,447.000000
2126.000000,676.000000,2096.000000,907.000000
624.000000,1.000000,770.000000,273.000000
1771.000000,676.000000,1974.000000,912.000000
2216.000000,2151.000000,2288.000000,2353.000000
76.000000,1728.000000,159.000000,1781.000000
275.000000,1265.000000,231.000000,1433.000000
1884.000000,1511.000000,1764.000000,1627.000000
234.000000,2070.000000,168.000000,2074.000000
1179.000000,292.000000,1348.000000,389.000000
2172.000000,1900.000000,2042.000000,2048.000000
516.000000,1897.000000,885.000000,1916.000000
2083.000000,227.000000,2320.000000,244.000000
885.000000,1916.000000,692.000000,2115.000000
1724.000000,1941.000000,1733.000000,1960.000000
1977.000000,234.000000,1816.000000,260.000000
1157.000000,1105.000000,1022.000000,1239.000000
1604.000000,1242.000000,1527.000000,1332.000000
1977.000000,2158.000000,2184.000000,2356.000000
118.000000,1964.000000,234.000000,2070.000000
1196.000000,389.000000,1445.000000,868.000000
1691.000000,435.000000,1571.000000,446.000000
2061.000000,915.000000,2011.000000,1240.000000
1306.000000,2082.000000,1119.000000,2210.000000
1790.000000,1329.000000,1753.000000,1469.000000
1585.000000,21.000000,1590.000000,134.000000
2349.000000,1092.000000,2172.000000,1116.000000
1764.000000,1627.000000,1736.000000,1755.000000
1699.000000,1907.000000,1382.000000,1973.000000
28.000000,1646.000000,27.000000,1877.000000
2320.000000,244.000000,2078.000000,356.000000
195.000000,828.000000,300.000000,883.000000
1564.000000,1422.000000,1576.000000,1566.000000
1193.000000,1680.000000,1237.000000,1871.000000
892.000000,2146.000000,945.000000,2343.000000
717.000000,656.000000,512.000000,897.000000
1916.000000,791.000000,1974.000000,912.000000
1042.000000,628.000000,987.000000,1077.000000
1530.000000,82.000000,1590.000000,134.000000
1987.000000,180.000000,1977.000000,234.000000
2011.000000,1240.000000,2001.000000,1270.000000
1104.000000,1861.000000,1246.000000,1931.000000
1754.000000,244.000000,1816.000000,260.000000
2322.000000,1171.000000,2286.000000,1397.000000
262.000000,559.000000,113.000000,794.000000
1433.000000,613.000000,1602.000000,615.000000
774.000000,1225.000000,757.000000,1534.000000
192.000000,86.000000,18.000000,109.000000
825.000000,60.000000,948.000000,129.000000
2268.000000,1330.000000,2286.000000,1397.000000
692.000000,2115.000000,892.000000,2146.000000
18.000000,109.000000,395.000000,435.000000
1916.000000,791.000000,2096.000000,907.000000
29.000000,1411.000000,28.000000,1646.000000
484.000000,192.000000,403.000000,317.000000
192.000000,86.000000,484.000000,192.000000
1105.000000,173.000000,1128.000000,341.000000
2188.000000,1184.000000,1884.000000,1511.000000
1104.000000,1861.000000,885.000000,1916.000000
576.000000,251.000000,554.000000,336.000000
1073.000000,22.000000,822.000000,52.000000
832.000000,254.000000,1128.000000,341.000000
843.000000,1755.000000,516.000000,1897.000000
412.000000,1249.000000,413.000000,1264.000000
321.000000,1201.000000,275.000000,1265.000000
178.000000,1551.000000,110.000000,1585.000000
1951.000000,1788.000000,2172.000000,1900.000000
948.000000,129.000000,832.000000,254.000000
1844.000000,173.000000,1816.000000,260.000000
2172.000000,1900.000000,2132.000000,2092.000000
159.000000,1781.000000,27.000000,1877.000000
1736.000000,1206.000000,2011.000000,1240.000000
1632.000000,1317.000000,1744.000000,1440.000000
1744.000000,1440.000000,1753.000000,1469.000000
1343.000000,2255.000000,2184.000000,2356.000000
1974.000000,912.000000,1679.000000,1027.000000
1196.000000,389.000000,1433.000000,613.000000
516.000000,1897.000000,340.000000,1928.000000
294.000000,617.000000,113.000000,794.000000
454.000000,1160.000000,462.000000,1173.000000
2311.000000,611.000000,2349.000000,1092.000000
2172.000000,1900.000000,2128.000000,2074.000000
1028.000000,2290.000000,1060.000000,2355.000000
512.000000,897.000000,448.000000,1001.000000
68.000000,118.000000,403.000000,317.000000
2349.000000,1092.000000,2325.000000,2071.000000
1425.000000,1502.000000,1585.000000,1675.000000
1699.000000,1907.000000,1812.000000,2101.000000
2210.000000,1306.000000,1884.000000,1511.000000
2067.000000,1570.000000,1935.000000,1664.000000
2288.000000,2353.000000,2184.000000,2356.000000
2068.000000,595.000000,1916.000000,791.000000
1120.000000,447.000000,1070.000000,591.000000
18.000000,109.000000,113.000000,794.000000
492.000000,1206.000000,412.000000,1249.000000
1445.000000,868.000000,1157.000000,1105.000000
389.000000,1139.000000,492.000000,1206.000000
2144.000000,279.000000,2078.000000,356.000000
948.000000,129.000000,1105.000000,173.000000
2067.000000,1570.000000,1954.000000,1704.000000
1790.000000,1329.000000,1744.000000,1440.000000
42.000000,1243.000000,29.000000,1411.000000
2300.000000,5.000000,1987.000000,180.000000
2234.000000,1639.000000,2325.000000,2071.000000
2067.000000,1570.000000,2172.000000,1900.000000
759.000000,2329.000000,945.000000,2343.000000
2300.000000,5.000000,2083.000000,227.000000
2083.000000,227.000000,1977.000000,234.000000
653.000000,2270.000000,740.000000,2332.000000
1073.000000,22.000000,1179.000000,292.000000
2272.000000,827.000000,2096.000000,907.000000
1565.000000,13.000000,1179.000000,292.000000
2325.000000,2071.000000,2216.000000,2151.000000
1464.000000,2228.000000,1343.000000,2255.000000
1812.000000,2101.000000,1547.000000,2162.000000
615.000000,1283.000000,550.000000,1564.000000
2042.000000,2048.000000,2128.000000,2074.000000
389.000000,1139.000000,321.000000,1201.000000
1691.000000,435.000000,1602.000000,615.000000
76.000000,1728.000000,27.000000,1877.000000
395.000000,435.000000,262.000000,559.000000
113.000000,794.000000,300.000000,883.000000
1974.000000,912.000000,2061.000000,915.000000
1731.000000,414.000000,1691.000000,435.000000
529.000000,2265.000000,298.000000,2283.000000
451.000000,2106.000000,529.000000,2265.000000
1445.000000,868.000000,1524.000000,1048.000000
451.000000,2106.000000,462.000000,2122.000000
566.000000,1621.000000,536.000000,1731.000000
500.000000,2054.000000,451.000000,2106.000000
1112.000000,721.000000,1278.000000,936.000000
2042.000000,2048.000000,1977.000000,2158.000000
554.000000,336.000000,493.000000,437.000000
2097.000000,1548.000000,2234.000000,1639.000000
1193.000000,1680.000000,1366.000000,1919.000000
1196.000000,389.000000,1112.000000,721.000000
1691.000000,435.000000,1771.000000,676.000000
113.000000,794.000000,389.000000,1139.000000
2061.000000,915.000000,1736.000000,1206.000000
1278.000000,936.000000,1255.000000,951.000000
240.000000,1186.000000,275.000000,1265.000000
1565.000000,13.000000,1585.000000,21.000000
75.000000,2271.000000,622.000000,2332.000000
1547.000000,2162.000000,1464.000000,2228.000000
2307.000000,1384.000000,2286.000000,1397.000000
1119.000000,2210.000000,1285.000000,2243.000000
624.000000,1.000000,632.000000,210.000000
395.000000,435.000000,493.000000,437.000000
298.000000,2283.000000,263.000000,2288.000000
1527.000000,1332.000000,1564.000000,1422.000000
2083.000000,227.000000,2144.000000,279.000000
1343.000000,2255.000000,1464.000000,2255.000000
484.000000,192.000000,576.000000,251.000000
1042.000000,628.000000,774.000000,1225.000000
454.000000,1160.000000,615.000000,1283.000000
413.000000,1264.000000,550.000000,1564.000000
178.000000,1551.000000,302.000000,1663.000000
768.000000,360.000000,717.000000,656.000000
1423.000000,422.000000,1450.000000,567.000000
1330.000000,507.000000,1433.000000,613.000000
550.000000,1564.000000,302.000000,1663.000000
2126.000000,676.000000,2272.000000,827.000000
462.000000,1173.000000,492.000000,1206.000000
1541.000000,1838.000000,1699.000000,1907.000000
1423.000000,422.000000,1571.000000,446.000000
1225.000000,2233.000000,1343.000000,2255.000000
1464.000000,2228.000000,1285.000000,2243.000000
1840.000000,596.000000,1916.000000,791.000000
1699.000000,1907.000000,1547.000000,2162.000000
321.000000,1201.000000,492.000000,1206.000000
1119.000000,2210.000000,1058.000000,2262.000000
18.000000,109.000000,28.000000,1646.000000
2286.000000,1397.000000,2097.000000,1548.000000
1585.000000,21.000000,1530.000000,82.000000
1445.000000,868.000000,1278.000000,936.000000
275.000000,1265.000000,354.000000,1335.000000
1524.000000,1048.000000,1157.000000,1105.000000
2311.000000,611.000000,2288.000000,652.000000
1128.000000,341.000000,768.000000,360.000000
1293.000000,944.000000,1157.000000,1105.000000
240.000000,1186.000000,321.000000,1201.000000
1425.000000,1502.000000,1193.000000,1680.000000
2300.000000,5.000000,1565.000000,13.000000
1618.000000,991.000000,1679.000000,1027.000000
399.000000,675.000000,512.000000,897.000000
2035.000000,539.000000,1840.000000,596.000000
2320.000000,244.000000,2349.000000,1092.000000
632.000000,210.000000,770.000000,273.000000
1538.000000,231.000000,1571.000000,446.000000
1332.000000,1936.000000,1306.000000,2082.000000
2067.000000,1570.000000,2325.000000,2071.000000
1753.000000,1469.000000,1764.000000,1627.000000
2096.000000,907.000000,2177.000000,1028.000000
1943.000000,371.000000,2033.000000,526.000000
825.000000,60.000000,770.000000,273.000000
1445.000000,868.000000,1624.000000,908.000000
1058.000000,2262.000000,1060.000000,2355.000000
68.000000,118.000000,195.000000,138.000000
1196.000000,389.000000,1348.000000,389.000000
2188.000000,1184.000000,2286.000000,1397.000000
1684.000000,1325.000000,1790.000000,1329.000000
1366.000000,1919.000000,1382.000000,1973.000000
340.000000,1928.000000,234.000000,2070.000000
195.000000,828.000000,396.000000,898.000000
1348.000000,389.000000,1423.000000,422.000000
1541.000000,1838.000000,1577.000000,1841.000000
205.000000,1123.000000,389.000000,1139.000000
399.000000,675.000000,396.000000,898.000000
566.000000,1621.000000,843.000000,1755.000000
2177.000000,1028.000000,2349.000000,1092.000000
2325.000000,2071.000000,2288.000000,2353.000000
624.000000,1.000000,825.000000,60.000000
448.000000,1001.000000,454.000000,1160.000000
1541.000000,1838.000000,1366.000000,1919.000000
262.000000,559.000000,294.000000,617.000000
1255.000000,951.000000,1052.000000,1062.000000
52.000000,1465.000000,28.000000,1646.000000
1699.000000,1907.000000,1733.000000,1960.000000
233.000000,2114.000000,298.000000,2283.000000
1042.000000,628.000000,512.000000,897.000000
1450.000000,567.000000,1602.000000,615.000000
1233.000000,2237.000000,1060.000000,2355.000000
646.000000,242.000000,691.000000,378.000000
885.000000,1916.000000,892.000000,2146.000000
1278.000000,936.000000,1293.000000,944.000000
462.000000,2122.000000,529.000000,2265.000000
1193.000000,1680.000000,1332.000000,1936.000000
768.000000,360.000000,691.000000,378.000000
624.000000,1.000000,576.000000,251.000000
1754.000000,244.000000,1723.000000,278.000000
1293.000000,1485.000000,1108.000000,1499.000000
892.000000,2146.000000,1041.000000,2208.000000
1196.000000,389.000000,1120.000000,447.000000
632.000000,210.000000,646.000000,242.000000
2096.000000,907.000000,1974.000000,912.000000
1602.000000,615.000000,1624.000000,908.000000
1108.000000,1499.000000,843.000000,1755.000000
1816.000000,260.000000,1731.000000,414.000000
774.000000,1225.000000,813.000000,1397.000000
1884.000000,1511.000000,1935.000000,1664.000000
1733.000000,1960.000000,2042.000000,2048.000000
843.000000,1755.000000,1104.000000,1861.000000
226.000000,1857.000000,118.000000,1964.000000
396.000000,898.000000,454.000000,1160.000000
168.000000,2074.000000,75.000000,2271.000000
413.000000,1264.000000,275.000000,1265.000000
399.000000,675.000000,396.000000,854.000000
1577.000000,1841.000000,1699.000000,1907.000000
1052.000000,1062.000000,987.000000,1077.000000
622.000000,2332.000000,850.000000,2350.000000
2033.000000,526.000000,2035.000000,539.000000
1977.000000,234.000000,2078.000000,356.000000
1736.000000,1755.000000,1951.000000,1788.000000
1464.000000,2255.000000,2184.000000,2356.000000
2042.000000,2048.000000,1812.000000,2101.000000
516.000000,1897.000000,692.000000,2115.000000
2096.000000,907.000000,2061.000000,915.000000
1293.000000,1485.000000,1425.000000,1502.000000
118.000000,1964.000000,168.000000,2074.000000
1306.000000,2082.000000,1041.000000,2208.000000
2216.000000,2151.000000,1977.000000,2158.000000
1405.000000,133.000000,1348.000000,389.000000
550.000000,1564.000000,566.000000,1621.000000
770.000000,273.000000,768.000000,360.000000
2210.000000,1306.000000,2286.000000,1397.000000
1306.000000,2082.000000,1339.000000,2099.000000
557.000000,305.000000,554.000000,336.000000
1935.000000,1664.000000,1954.000000,1704.000000
1524.000000,1048.000000,1552.000000,1095.000000
770.000000,273.000000,691.000000,378.000000
2322.000000,1171.000000,2325.000000,2071.000000
1590.000000,134.000000,1538.000000,231.000000
1840.000000,596.000000,1771.000000,676.000000
1846.000000,1751.000000,1736.000000,1755.000000
1193.000000,1680.000000,1541.000000,1838.000000
1104.000000,1861.000000,1041.000000,2208.000000
1348.000000,389.000000,1330.000000,507.000000
512.000000,897.000000,615.000000,1283.000000
2272.000000,827.000000,2272.000000,854.000000
1586.000000,1535.000000,1764.000000,1627.000000
1127.000000,785.000000,1255.000000,951.000000
987.000000,1077.000000,774.000000,1225.000000
1293.000000,1251.000000,1527.000000,1332.000000
1306.000000,2082.000000,1464.000000,2228.000000
205.000000,1123.000000,240.000000,1186.000000
1736.000000,1206.000000,1790.000000,1329.000000
2188.000000,1184.000000,2001.000000,1270.000000
2231.000000,2334.000000,2184.000000,2356.000000
1073.000000,22.000000,1105.000000,173.000000
566.000000,1621.000000,516.000000,1897.000000
622.000000,2332.000000,740.000000,2332.000000
1382.000000,1973.000000,1339.000000,2099.000000
1590.000000,134.000000,1754.000000,244.000000
646.000000,242.000000,770.000000,273.000000
226.000000,1857.000000,234.000000,2070.000000
2300.000000,5.000000,2320.000000,244.000000
1041.000000,2208.000000,1058.000000,2262.000000
1844.000000,173.000000,1754.000000,244.000000
653.000000,2270.000000,759.000000,2329.000000
1193.000000,1680.000000,843.000000,1755.000000
1128.000000,341.000000,1196.000000,389.000000
2001.000000,1270.000000,1962.000000,1347.000000
175.000000,2282.000000,622.000000,2332.000000
1193.000000,1680.000000,1104.000000,1861.000000
340.000000,1928.000000,529.000000,2265.000000
1246.000000,1931.000000,1306.000000,2082.000000
2067.000000,1570.000000,2234.000000,1639.000000
1112.000000,721.000000,1127.000000,785.000000
110.000000,1585.000000,76.000000,1728.000000
262.000000,559.000000,399.000000,675.000000
1104.000000,1861.000000,1237.000000,1871.000000
1052.000000,1062.000000,1022.000000,1239.000000
1237.000000,1871.000000,1246.000000,1931.000000
29.000000,1411.000000,231.000000,1433.000000
740.000000,2332.000000,850.000000,2350.000000
1816.000000,260.000000,1840.000000,596.000000
2311.000000,611.000000,2272.000000,827.000000
175.000000,2282.000000,263.000000,2288.000000
354.000000,1335.000000,231.000000,1433.000000
554.000000,336.000000,495.000000,582.000000
2172.000000,1116.000000,2188.000000,1184.000000
1684.000000,1325.000000,1744.000000,1440.000000
1586.000000,1535.000000,1585.000000,1675.000000
1585.000000,21.000000,1520.000000,49.000000
396.000000,898.000000,448.000000,1001.000000
1935.000000,1664.000000,1846.000000,1751.000000
1604.000000,1242.000000,1293.000000,1251.000000
1951.000000,1788.000000,1649.000000,1803.000000
822.000000,52.000000,825.000000,60.000000
2288.000000,652.000000,2126.000000,676.000000
512.000000,897.000000,396.000000,898.000000
444.000000,552.000000,399.000000,675.000000
653.000000,2270.000000,622.000000,2332.000000
495.000000,582.000000,717.000000,656.000000
2320.000000,244.000000,2239.000000,521.000000
1949.000000,1315.000000,1962.000000,1347.000000
2042.000000,2048.000000,2040.000000,2055.000000
1225.000000,2233.000000,1058.000000,2262.000000
2320.000000,244.000000,2144.000000,279.000000
113.000000,794.000000,195.000000,828.000000
1585.000000,21.000000,1844.000000,173.000000
576.000000,251.000000,557.000000,305.000000
1293.000000,1485.000000,1193.000000,1680.000000
2216.000000,2151.000000,2231.000000,2334.000000
1022.000000,1239.000000,1108.000000,1499.000000
1520.000000,49.000000,1179.000000,292.000000
1255.000000,951.000000,1157.000000,1105.000000
2078.000000,356.000000,2068.000000,595.000000
1585.000000,21.000000,1754.000000,244.000000
516.000000,1897.000000,500.000000,2054.000000
1450.000000,567.000000,1433.000000,613.000000
1764.000000,1627.000000,1935.000000,1664.000000
1736.000000,1206.000000,1604.000000,1242.000000
825.000000,60.000000,832.000000,254.000000
512.000000,897.000000,454.000000,1160.000000
843.000000,1755.000000,885.000000,1916.000000
1527.000000,1332.000000,1425.000000,1502.000000
234.000000,2070.000000,233.000000,2114.000000
615.000000,1283.000000,757.000000,1534.000000
492.000000,1206.000000,413.000000,1264.000000
52.000000,1465.000000,110.000000,1585.000000
1405.000000,133.000000,1179.000000,292.000000
945.000000,2343.000000,850.000000,2350.000000
1632.000000,1317.000000,1564.000000,1422.000000
1426.000000,251.000000,1423.000000,422.000000
1527.000000,1332.000000,1293.000000,1485.000000
757.000000,1534.000000,843.000000,1755.000000
1699.000000,1907.000000,1366.000000,1919.000000
892.000000,2146.000000,1060.000000,2355.000000
1538.000000,231.000000,1426.000000,251.000000
529.000000,2265.000000,263.000000,2288.000000
1022.000000,1239.000000,1293.000000,1251.000000
52.000000,1465.000000,178.000000,1551.000000
516.000000,1897.000000,451.000000,2106.000000
493.000000,437.000000,495.000000,582.000000
2272.000000,854.000000,2096.000000,907.000000
1520.000000,49.000000,1405.000000,133.000000
1812.000000,2101.000000,1977.000000,2158.000000
168.000000,2074.000000,233.000000,2114.000000
195.000000,138.000000,484.000000,192.000000
484.000000,192.000000,557.000000,305.000000
885.000000,1916.000000,1041.000000,2208.000000
302.000000,1663.000000,536.000000,1731.000000
1426.000000,251.000000,1571.000000,446.000000
1073.000000,22.000000,948.000000,129.000000
1632.000000,1317.000000,1684.000000,1325.000000
231.000000,1433.000000,178.000000,1551.000000
692.000000,2115.000000,759.000000,2329.000000
1571.000000,446.000000,1450.000000,567.000000
2035.000000,539.000000,1916.000000,791.000000
1530.000000,82.000000,1538.000000,231.000000
1022.000000,1239.000000,925.000000,1287.000000
42.000000,1243.000000,275.000000,1265.000000
300.000000,883.000000,389.000000,1139.000000
1649.000000,1803.000000,1541.000000,1838.000000
1951.000000,1788.000000,2042.000000,2048.000000
757.000000,1534.000000,550.000000,1564.000000
1790.000000,1329.000000,1884.000000,1511.000000
992.000000,1388.000000,757.000000,1534.000000
2078.000000,356.000000,2033.000000,526.000000
1962.000000,1347.000000,1884.000000,1511.000000
536.000000,1731.000000,226.000000,1857.000000
18.000000,109.000000,68.000000,118.000000
302.000000,1663.000000,226.000000,1857.000000
1552.000000,1095.000000,1604.000000,1242.000000
2011.000000,1240.000000,1790.000000,1329.000000
302.000000,1663.000000,76.000000,1728.000000
493.000000,437.000000,444.000000,552.000000
1426.000000,251.000000,1348.000000,389.000000
302.000000,1663.000000,159.000000,1781.000000
500.000000,2054.000000,529.000000,2265.000000
413.000000,1264.000000,615.000000,1283.000000
2078.000000,356.000000,1943.000000,371.000000
300.000000,883.000000,396.000000,898.000000
495.000000,582.000000,399.000000,675.000000
226.000000,1857.000000,516.000000,1897.000000
1586.000000,1535.000000,1576.000000,1566.000000
1564.000000,1422.000000,1425.000000,1502.000000
27.000000,1877.000000,75.000000,2271.000000
768.000000,360.000000,1042.000000,628.000000
159.000000,1781.000000,226.000000,1857.000000
987.000000,1077.000000,925.000000,1287.000000
205.000000,1123.000000,321.000000,1201.000000
340.000000,1928.000000,451.000000,2106.000000
774.000000,1225.000000,615.000000,1283.000000
1602.000000,615.000000,1445.000000,868.000000
2126.000000,676.000000,1916.000000,791.000000
1127.000000,785.000000,1052.000000,1062.000000
757.000000,1534.000000,566.000000,1621.000000
354.000000,1335.000000,178.000000,1551.000000
1632.000000,1317.000000,1612.000000,1525.000000
1764.000000,1627.000000,1585.000000,1675.000000
1954.000000,1704.000000,1951.000000,1788.000000
492.000000,1206.000000,275.000000,1265.000000
2040.000000,2055.000000,1977.000000,2158.000000
1723.000000,278.000000,1731.000000,414.000000
1105.000000,173.000000,1179.000000,292.000000
412.000000,1249.000000,275.000000,1265.000000
557.000000,305.000000,493.000000,437.000000
294.000000,617.000000,195.000000,828.000000
1108.000000,1499.000000,1193.000000,1680.000000
1225.000000,2233.000000,1233.000000,2237.000000
624.000000,1.000000,1073.000000,22.000000
444.000000,552.000000,495.000000,582.000000
2216.000000,2151.000000,2184.000000,2356.000000
354.000000,1335.000000,302.000000,1663.000000
2128.000000,2074.000000,2132.000000,2092.000000
1943.000000,371.000000,1840.000000,596.000000
403.000000,317.000000,395.000000,435.000000
1547.000000,2162.000000,1464.000000,2255.000000
1954.000000,1704.000000,1846.000000,1751.000000
1790.000000,1329.000000,1962.000000,1347.000000
484.000000,192.000000,493.000000,437.000000
2067.000000,1570.000000,1951.000000,1788.000000
2286.000000,1397.000000,1884.000000,1511.000000
2068.000000,595.000000,2126.000000,676.000000
2083.000000,227.000000,2078.000000,356.000000
1233.000000,2237.000000,1058.000000,2262.000000
2033.000000,526.000000,2068.000000,595.000000
1285.000000,2243.000000,1343.000000,2255.000000
1339.000000,2099.000000,1547.000000,2162.000000
2349.000000,1092.000000,2322.000000,1171.000000
1612.000000,1525.000000,1764.000000,1627.000000
300.000000,883.000000,454.000000,1160.000000
1624.000000,908.000000,1974.000000,912.000000
1764.000000,1627.000000,1649.000000,1803.000000
1042.000000,628.000000,1127.000000,785.000000
813.000000,1397.000000,757.000000,1534.000000
646.000000,242.000000,554.000000,336.000000
1293.000000,944.000000,1255.000000,951.000000
2172.000000,1900.000000,2325.000000,2071.000000
1445.000000,868.000000,1293.000000,944.000000
18.000000,109.000000,29.000000,1411.000000
2272.000000,854.000000,2349.000000,1092.000000
1070.000000,591.000000,1042.000000,628.000000
1119.000000,2210.000000,1225.000000,2233.000000
2320.000000,244.000000,2311.000000,611.000000
1306.000000,2082.000000,1285.000000,2243.000000
529.000000,2265.000000,622.000000,2332.000000
1246.000000,1931.000000,1332.000000,1936.000000
1753.000000,1469.000000,1884.000000,1511.000000
263.000000,2288.000000,622.000000,2332.000000
1052.000000,1062.000000,1157.000000,1105.000000
1433.000000,613.000000,1445.000000,868.000000
1366.000000,1919.000000,1332.000000,1936.000000
1564.000000,1422.000000,1586.000000,1535.000000
1128.000000,341.000000,1070.000000,591.000000
624.000000,1.000000,484.000000,192.000000
1624.000000,908.000000,1552.000000,1095.000000
500.000000,2054.000000,462.000000,2122.000000
1624.000000,908.000000,1679.000000,1027.000000
1524.000000,1048.000000,1293.000000,1251.000000
1844.000000,173.000000,1987.000000,180.000000
1943.000000,371.000000,2035.000000,539.000000
2132.000000,2092.000000,2216.000000,2151.000000
1041.000000,2208.000000,1028.000000,2290.000000
925.000000,1287.000000,992.000000,1388.000000
1612.000000,1525.000000,1586.000000,1535.000000
2239.000000,521.000000,2068.000000,595.000000
192.000000,86.000000,195.000000,138.000000
822.000000,52.000000,948.000000,129.000000
1060.000000,2355.000000,2184.000000,2356.000000
178.000000,1551.000000,76.000000,1728.000000
2325.000000,2071.000000,2132.000000,2092.000000
231.000000,1433.000000,52.000000,1465.000000
925.000000,1287.000000,1108.000000,1499.000000
529.000000,2265.000000,653.000000,2270.000000
110.000000,1585.000000,28.000000,1646.000000
1576.000000,1566.000000,1585.000000,1675.000000
2097.000000,1548.000000,2067.000000,1570.000000
1196.000000,389.000000,1278.000000,936.000000
1293.000000,1251.000000,1108.000000,1499.000000
1405.000000,133.000000,1538.000000,231.000000
2001.000000,1270.000000,1884.000000,1511.000000
1602.000000,615.000000,1771.000000,676.000000
1571.000000,446.000000,1602.000000,615.000000
692.000000,2115.000000,529.000000,2265.000000
1405.000000,133.000000,1426.000000,251.000000
226.000000,1857.000000,27.000000,1877.000000
2188.000000,1184.000000,2268.000000,1330.000000
2322.000000,1171.000000,2307.000000,1384.000000
233.000000,2114.000000,263.000000,2288.000000
512.000000,897.000000,774.000000,1225.000000
403.000000,317.000000,493.000000,437.000000
2272.000000,854.000000,2177.000000,1028.000000
1196.000000,389.000000,1070.000000,591.000000
832.000000,254.000000,770.000000,273.000000
1293.000000,1251.000000,1293.000000,1485.000000
1042.000000,628.000000,1112.000000,721.000000
892.000000,2146.000000,1028.000000,2290.000000
1723.000000,278.000000,1571.000000,446.000000
759.000000,2329.000000,740.000000,2332.000000
1977.000000,2158.000000,1464.000000,2255.000000
1179.000000,292.000000,1196.000000,389.000000
294.000000,617.000000,399.000000,675.000000
389.000000,1139.000000,454.000000,1160.000000
1632.000000,1317.000000,1753.000000,1469.000000
2311.000000,611.000000,2272.000000,854.000000
444.000000,552.000000,262.000000,559.000000
1951.000000,1788.000000,1699.000000,1907.000000
624.000000,1.000000,18.000000,109.000000
2188.000000,1184.000000,2011.000000,1240.000000
2001.000000,1270.000000,1949.000000,1315.000000
2040.000000,2055.000000,2216.000000,2151.000000
2307.000000,1384.000000,2325.000000,2071.000000
1108.000000,1499.000000,757.000000,1534.000000
536.000000,1731.000000,516.000000,1897.000000
1764.000000,1627.000000,1846.000000,1751.000000
987.000000,1077.000000,1022.000000,1239.000000
1423.000000,422.000000,1330.000000,507.000000
226.000000,1857.000000,340.000000,1928.000000
1977.000000,234.000000,1943.000000,371.000000
1679.000000,1027.000000,1736.000000,1206.000000
1127.000000,785.000000,1278.000000,936.000000
1538.000000,231.000000,1723.000000,278.000000
832.000000,254.000000,768.000000,360.000000
1949.000000,1315.000000,1790.000000,1329.000000
1731.000000,414.000000,1840.000000,596.000000
2061.000000,915.000000,2188.000000,1184.000000
1225.000000,2233.000000,1285.000000,2243.000000
75.000000,2271.000000,175.000000,2282.000000
