POINTS
455.000000,2.000000
882.000000,6.000000
1979.000000,17.000000
2176.000000,17.000000
2254.000000,18.000000
1794.000000,21.000000
1758.000000,24.000000
1935.000000,28.000000
687.000000,30.000000
396.000000,66.000000
893.000000,77.000000
2145.000000,80.000000
1658.000000,91.000000
1208.000000,106.000000
1639.000000,111.000000
670.000000,115.000000
2388.000000,123.000000
1140.000000,184.000000
2146.000000,193.000000
1370.000000,232.000000
1455.000000,234.000000
1705.000000,250.000000
305.000000,256.000000
2279.000000,279.000000
2249.000000,285.000000
557.000000,289.000000
2502.000000,293.000000
545.000000,297.000000
2429.000000,298.000000
1963.000000,301.000000
1492.000000,308.000000
1477.000000,324.000000
509.000000,343.000000
853.000000,363.000000
2559.000000,405.000000
721.000000,412.000000
1117.000000,419.000000
146.000000,451.000000
2253.000000,451.000000
1873.000000,453.000000
1441.000000,454.000000
121.000000,456.000000
1181.000000,473.000000
235.000000,475.000000
2032.000000,475.000000
1965.000000,512.000000
328.000000,544.000000
1781.000000,566.000000
1478.000000,572.000000
2013.000000,573.000000
1369.000000,575.000000
1193.000000,579.000000
2505.000000,580.000000
918.000000,597.000000
2506.000000,605.000000
640.000000,606.000000
20.000000,615.000000
2110.000000,616.000000
658.000000,627.000000
1553.000000,630.000000
2194.000000,637.000000
1056.000000,638.000000
1716.000000,670.000000
877.000000,676.000000
2304.000000,676.000000
1844.000000,683.000000
1320.000000,685.000000
1621.000000,685.000000
754.000000,689.000000
1472.000000,702.000000
1887.000000,705.000000
2285.000000,709.000000
767.000000,713.000000
1623.000000,715.000000
325.000000,731.000000
1237.000000,733.000000
296.000000,760.000000
2470.000000,763.000000
782.000000,765.000000
2138.000000,790.000000
1951.000000,794.000000
1520.000000,839.000000
1518.000000,841.000000
1675.000000,857.000000
2207.000000,858.000000
1271.000000,868.000000
360.000000,871.000000
780.000000,878.000000
196.000000,881.000000
1324.000000,897.000000
1714.000000,898.000000
463.000000,906.000000
326.000000,909.000000
528.000000,920.000000
1644.000000,976.000000
603.000000,991.000000
780.000000,998.000000
419.000000,999.000000
349.000000,1005.000000
1219.000000,1013.000000
414.000000,1014.000000
2323.000000,1031.000000
180.000000,1042.000000
1634.000000,1045.000000
690.000000,1056.000000
2175.000000,1057.000000
250.000000,1062.000000
2575.000000,1062.000000
19.000000,1067.000000
2465.000000,1076.000000
2080.000000,1086.000000
1790.000000,1090.000000
1538.000000,1096.000000
1254.000000,1101.000000
2527.000000,1101.000000
1631.000000,1118.000000
1492.000000,1121.000000
1292.000000,1123.000000
658.000000,1128.000000
1186.000000,1171.000000
246.000000,1174.000000
205.000000,1176.000000
1533.000000,1194.000000
1523.000000,1214.000000
2278.000000,1226.000000
2554.000000,1229.000000
1318.000000,1248.000000
647.000000,1250.000000
407.000000,1256.000000
1449.000000,1257.000000
15.000000,1259.000000
461.000000,1282.000000
1629.000000,1312.000000
2248.000000,1316.000000
2056.000000,1317.000000
1056.000000,1320.000000
1939.000000,1324.000000
1027.000000,1336.000000
1035.000000,1345.000000
362.000000,1346.000000
915.000000,1350.000000
372.000000,1353.000000
1526.000000,1362.000000
32.000000,1365.000000
984.000000,1367.000000
1473.000000,1379.000000
1464.000000,1383.000000
1318.000000,1385.000000
1588.000000,1401.000000
572.000000,1413.000000
1520.000000,1418.000000
419.000000,1431.000000
166.000000,1437.000000
234.000000,1447.000000
2171.000000,1449.000000
236.000000,1457.000000
53.000000,1463.000000
1477.000000,1472.000000
428.000000,1474.000000
918.000000,1486.000000
372.000000,1487.000000
2294.000000,1496.000000
547.000000,1522.000000
441.000000,1529.000000
2021.000000,1545.000000
1331.000000,1556.000000
534.000000,1628.000000
312.000000,1642.000000
284.000000,1651.000000
642.000000,1664.000000
461.000000,1665.000000
1749.000000,1675.000000
2222.000000,1678.000000
1640.000000,1681.000000
2349.000000,1693.000000
650.000000,1714.000000
1906.000000,1744.000000
676.000000,1756.000000
1485.000000,1774.000000
2253.000000,1778.000000
1469.000000,1786.000000
1609.000000,1795.000000
2523.000000,1803.000000
1393.000000,1807.000000
840.000000,1810.000000
1697.000000,1813.000000
710.000000,1828.000000
1617.000000,1829.000000
1702.000000,1831.000000
1187.000000,1845.000000
17.000000,1885.000000
2000.000000,1890.000000
2403.000000,1892.000000
230.000000,1894.000000
892.000000,1895.000000
556.000000,1917.000000
281.000000,1965.000000
638.000000,1979.000000
1074.000000,1981.000000
1540.000000,1988.000000
903.000000,2000.000000
2063.000000,2030.000000
2362.000000,2036.000000
2269.000000,2038.000000
2384.000000,2069.000000
2299.000000,2070.000000
2028.000000,2073.000000
2321.000000,2076.000000
2350.000000,2087.000000
623.000000,2090.000000
506.000000,2094.000000
1695.000000,2104.000000
397.000000,2106.000000
2501.000000,2112.000000
1240.000000,2121.000000
732.000000,2124.000000
1677.000000,2124.000000
1036.000000,2137.000000
1566.000000,2137.000000
155.000000,2144.000000
1138.000000,2155.000000
688.000000,2156.000000
1200.000000,2160.000000
2337.000000,2164.000000
32.000000,2179.000000
1198.000000,2192.000000
712.000000,2203.000000
1941.000000,2207.000000
754.000000,2210.000000
1757.000000,2215.000000
2339.000000,2217.000000
152.000000,2248.000000
1342.000000,2248.000000
2250.000000,2253.000000
171.000000,2267.000000
1366.000000,2269.000000
571.000000,2271.000000
1459.000000,2275.000000
600.000000,2279.000000
60.000000,2286.000000
2024.000000,2291.000000
236.000000,2292.000000
1743.000000,2300.000000
180.000000,2329.000000
1495.000000,2336.000000
1770.000000,2336.000000
2120.000000,2364.000000
1456.000000,2386.000000
2008.000000,2398.000000
2478.000000,2401.000000
1970.000000,2417.000000
716.000000,2438.000000
741.000000,2459.000000
2185.000000,2468.000000
1265.000000,2505.000000
1252.000000,2523.000000
962.000000,2526.000000
266.000000,2557.000000
LINES
2253.000000,1778.000000,2299.000000,2070.000000
782.000000,765.000000,780.000000,878.000000
1965.000000,512.000000,2013.000000,573.000000
463.000000,906.000000,419.000000,999.000000
1456.000000,2386.000000,1252.000000,2523.000000
1181.000000,473.000000,1369.000000,575.000000
455.000000,2.000000,882.000000,6.000000
15.000000,1259.000000,32.000000,1365.000000
328.000000,544.000000,20.000000,615.000000
2362.000000,2036.000000,2299.000000,2070.000000
2171.000000,1449.000000,2222.000000,1678.000000
1187.000000,1845.000000,1074.000000,1981.000000
710.000000,1828.000000,732.000000,2124.000000
1617.000000,1829.000000,1695.000000,2104.000000
1695.000000,2104.000000,1566.000000,2137.000000
1393.000000,1807.000000,1617.000000,1829.000000
1553.000000,630.000000,1621.000000,685.000000
2000.000000,1890.000000,1677.000000,2124.000000
2575.000000,1062.000000,2554.000000,1229.000000
1485.000000,1774.000000,1469.000000,1786.000000
1677.000000,2124.000000,1941.000000,2207.000000
2024.000000,2291.000000,2120.000000,2364.000000
1074.000000,1981.000000,903.000000,2000.000000
853.000000,363.000000,721.000000,412.000000
32.000000,1365.000000,166.000000,1437.000000
236.000000,2292.000000,266.000000,2557.000000
647.000000,1250.000000,407.000000,1256.000000
1492.000000,1121.000000,1533.000000,1194.000000
1473.000000,1379.000000,1520.000000,1418.000000
534.000000,1628.000000,461.000000,1665.000000
236.000000,1457.000000,372.000000,1487.000000
2250.000000,2253.000000,2185.000000,2468.000000
2554.000000,1229.000000,2349.000000,1693.000000
281.000000,1965.000000,506.000000,2094.000000
155.000000,2144.000000,171.000000,2267.000000
1790.000000,1090.000000,2021.000000,1545.000000
1441.000000,454.000000,1478.000000,572.000000
2478.000000,2401.000000,2185.000000,2468.000000
2171.000000,1449.000000,2021.000000,1545.000000
2056.000000,1317.000000,2171.000000,1449.000000
1617.000000,1829.000000,1702.000000,1831.000000
349.000000,1005.000000,246.000000,1174.000000
1540.000000,1988.000000,1566.000000,2137.000000
1187.000000,1845.000000,1138.000000,2155.000000
687.000000,30.000000,670.000000,115.000000
1538.000000,1096.000000,1492.000000,1121.000000
1941.000000,2207.000000,1970.000000,2417.000000
893.000000,77.000000,1208.000000,106.000000
1219.000000,1013.000000,690.000000,1056.000000
2028.000000,2073.000000,1941.000000,2207.000000
305.000000,256.000000,509.000000,343.000000
53.000000,1463.000000,17.000000,1885.000000
638.000000,1979.000000,732.000000,2124.000000
640.000000,606.000000,658.000000,627.000000
1292.000000,1123.000000,1318.000000,1248.000000
1588.000000,1401.000000,1477.000000,1472.000000
2554.000000,1229.000000,2523.000000,1803.000000
372.000000,1353.000000,572.000000,1413.000000
1702.000000,1831.000000,2000.000000,1890.000000
296.000000,760.000000,528.000000,920.000000
1318.000000,1385.000000,1187.000000,1845.000000
2559.000000,405.000000,2575.000000,1062.000000
2253.000000,1778.000000,2063.000000,2030.000000
15.000000,1259.000000,166.000000,1437.000000
1320.000000,685.000000,1237.000000,733.000000
647.000000,1250.000000,572.000000,1413.000000
1553.000000,630.000000,1716.000000,670.000000
1036.000000,2137.000000,1138.000000,2155.000000
1441.000000,454.000000,1369.000000,575.000000
2350.000000,2087.000000,2339.000000,2217.000000
2575.000000,1062.000000,2523.000000,1803.000000
650.000000,1714.000000,556.000000,1917.000000
146.000000,451.000000,328.000000,544.000000
419.000000,1431.000000,428.000000,1474.000000
17.000000,1885.000000,281.000000,1965.000000
650.000000,1714.000000,710.000000,1828.000000
754.000000,689.000000,780.000000,878.000000
603.000000,991.000000,780.000000,998.000000
121.000000,456.000000,328.000000,544.000000
1781.000000,566.000000,1716.000000,670.000000
1449.000000,1257.000000,1629.000000,1312.000000
903.000000,2000.000000,732.000000,2124.000000
2575.000000,1062.000000,2527.000000,1101.000000
1027.000000,1336.000000,915.000000,1350.000000
1906.000000,1744.000000,2000.000000,1890.000000
2248.000000,1316.000000,2056.000000,1317.000000
305.000000,256.000000,146.000000,451.000000
246.000000,1174.000000,362.000000,1346.000000
1138.000000,2155.000000,1198.000000,2192.000000
1705.000000,250.000000,1441.000000,454.000000
603.000000,991.000000,414.000000,1014.000000
326.000000,909.000000,349.000000,1005.000000
780.000000,878.000000,1219.000000,1013.000000
2120.000000,2364.000000,2008.000000,2398.000000
1873.000000,453.000000,2013.000000,573.000000
32.000000,2179.000000,152.000000,2248.000000
1714.000000,898.000000,1790.000000,1090.000000
1644.000000,976.000000,1634.000000,1045.000000
2254.000000,18.000000,2388.000000,123.000000
2194.000000,637.000000,2304.000000,676.000000
721.000000,412.000000,754.000000,689.000000
1138.000000,2155.000000,1265.000000,2505.000000
2021.000000,1545.000000,2253.000000,1778.000000
623.000000,2090.000000,506.000000,2094.000000
642.000000,1664.000000,676.000000,1756.000000
1369.000000,575.000000,1472.000000,702.000000
1873.000000,453.000000,1781.000000,566.000000
1714.000000,898.000000,2080.000000,1086.000000
1370.000000,232.000000,1369.000000,575.000000
60.000000,2286.000000,266.000000,2557.000000
1526.000000,1362.000000,1588.000000,1401.000000
2502.000000,293.000000,2559.000000,405.000000
2279.000000,279.000000,2249.000000,285.000000
1677.000000,2124.000000,1757.000000,2215.000000
2323.000000,1031.000000,2527.000000,1101.000000
1634.000000,1045.000000,1631.000000,1118.000000
1538.000000,1096.000000,1631.000000,1118.000000
1566.000000,2137.000000,1366.000000,2269.000000
2299.000000,2070.000000,2350.000000,2087.000000
2350.000000,2087.000000,2478.000000,2401.000000
461.000000,1665.000000,556.000000,1917.000000
918.000000,1486.000000,642.000000,1664.000000
710.000000,1828.000000,556.000000,1917.000000
557.000000,289.000000,545.000000,297.000000
1449.000000,1257.000000,1473.000000,1379.000000
670.000000,115.000000,721.000000,412.000000
328.000000,544.000000,296.000000,760.000000
1675.000000,857.000000,1644.000000,976.000000
455.000000,2.000000,670.000000,115.000000
196.000000,881.000000,326.000000,909.000000
396.000000,66.000000,305.000000,256.000000
349.000000,1005.000000,250.000000,1062.000000
1455.000000,234.000000,1705.000000,250.000000
1318.000000,1248.000000,1056.000000,1320.000000
171.000000,2267.000000,180.000000,2329.000000
360.000000,871.000000,419.000000,999.000000
1979.000000,17.000000,1794.000000,21.000000
180.000000,1042.000000,205.000000,1176.000000
1538.000000,1096.000000,1533.000000,1194.000000
152.000000,2248.000000,60.000000,2286.000000
2207.000000,858.000000,2080.000000,1086.000000
2559.000000,405.000000,2253.000000,451.000000
915.000000,1350.000000,547.000000,1522.000000
767.000000,713.000000,782.000000,765.000000
2110.000000,616.000000,2194.000000,637.000000
754.000000,2210.000000,600.000000,2279.000000
1265.000000,2505.000000,1252.000000,2523.000000
1553.000000,630.000000,1472.000000,702.000000
414.000000,1014.000000,407.000000,1256.000000
892.000000,1895.000000,1074.000000,1981.000000
1629.000000,1312.000000,1588.000000,1401.000000
15.000000,1259.000000,17.000000,1885.000000
1675.000000,857.000000,1714.000000,898.000000
1441.000000,454.000000,1781.000000,566.000000
1056.000000,638.000000,877.000000,676.000000
721.000000,412.000000,1056.000000,638.000000
754.000000,689.000000,782.000000,765.000000
670.000000,115.000000,545.000000,297.000000
2253.000000,1778.000000,2523.000000,1803.000000
1472.000000,702.000000,1324.000000,897.000000
918.000000,597.000000,1056.000000,638.000000
1749.000000,1675.000000,1640.000000,1681.000000
1472.000000,702.000000,1538.000000,1096.000000
2554.000000,1229.000000,2248.000000,1316.000000
1716.000000,670.000000,1675.000000,857.000000
230.000000,1894.000000,281.000000,1965.000000
1951.000000,794.000000,1714.000000,898.000000
1138.000000,2155.000000,962.000000,2526.000000
2429.000000,298.000000,2559.000000,405.000000
2175.000000,1057.000000,2080.000000,1086.000000
419.000000,1431.000000,441.000000,1529.000000
1520.000000,839.000000,1675.000000,857.000000
690.000000,1056.000000,915.000000,1350.000000
419.000000,1431.000000,547.000000,1522.000000
296.000000,760.000000,463.000000,906.000000
647.000000,1250.000000,915.000000,1350.000000
1520.000000,1418.000000,1477.000000,1472.000000
1970.000000,2417.000000,2185.000000,2468.000000
1939.000000,1324.000000,2171.000000,1449.000000
1609.000000,1795.000000,1617.000000,1829.000000
1951.000000,794.000000,1675.000000,857.000000
853.000000,363.000000,1117.000000,419.000000
2505.000000,580.000000,2304.000000,676.000000
1758.000000,24.000000,1370.000000,232.000000
2000.000000,1890.000000,1695.000000,2104.000000
2388.000000,123.000000,2502.000000,293.000000
2384.000000,2069.000000,2350.000000,2087.000000
1629.000000,1312.000000,1526.000000,1362.000000
250.000000,1062.000000,205.000000,1176.000000
545.000000,297.000000,509.000000,343.000000
2362.000000,2036.000000,2321.000000,2076.000000
1639.000000,111.000000,1455.000000,234.000000
2403.000000,1892.000000,2299.000000,2070.000000
234.000000,1447.000000,236.000000,1457.000000
155.000000,2144.000000,152.000000,2248.000000
2505.000000,580.000000,2506.000000,605.000000
642.000000,1664.000000,840.000000,1810.000000
1906.000000,1744.000000,1697.000000,1813.000000
1271.000000,868.000000,1219.000000,1013.000000
1743.000000,2300.000000,1456.000000,2386.000000
284.000000,1651.000000,281.000000,1965.000000
640.000000,606.000000,754.000000,689.000000
2146.000000,193.000000,1963.000000,301.000000
1318.000000,1248.000000,892.000000,1895.000000
246.000000,1174.000000,407.000000,1256.000000
1644.000000,976.000000,1631.000000,1118.000000
1027.000000,1336.000000,1035.000000,1345.000000
1844.000000,683.000000,1951.000000,794.000000
20.000000,615.000000,15.000000,1259.000000
1140.000000,184.000000,1369.000000,575.000000
1074.000000,1981.000000,1138.000000,2155.000000
1252.000000,2523.000000,266.000000,2557.000000
603.000000,991.000000,658.000000,1128.000000
372.000000,1487.000000,441.000000,1529.000000
463.000000,906.000000,528.000000,920.000000
455.000000,2.000000,687.000000,30.000000
1758.000000,24.000000,1639.000000,111.000000
1979.000000,17.000000,2176.000000,17.000000
1464.000000,1383.000000,1477.000000,1472.000000
650.000000,1714.000000,676.000000,1756.000000
1716.000000,670.000000,1844.000000,683.000000
2250.000000,2253.000000,2120.000000,2364.000000
571.000000,2271.000000,266.000000,2557.000000
640.000000,606.000000,296.000000,760.000000
1320.000000,685.000000,1472.000000,702.000000
305.000000,256.000000,235.000000,475.000000
1456.000000,2386.000000,1265.000000,2505.000000
1794.000000,21.000000,1935.000000,28.000000
2194.000000,637.000000,2138.000000,790.000000
741.000000,2459.000000,266.000000,2557.000000
1758.000000,24.000000,1658.000000,91.000000
1844.000000,683.000000,1675.000000,857.000000
623.000000,2090.000000,712.000000,2203.000000
1472.000000,702.000000,1237.000000,733.000000
2470.000000,763.000000,2575.000000,1062.000000
1951.000000,794.000000,2207.000000,858.000000
1518.000000,841.000000,1675.000000,857.000000
166.000000,1437.000000,234.000000,1447.000000
166.000000,1437.000000,236.000000,1457.000000
2362.000000,2036.000000,2501.000000,2112.000000
1714.000000,898.000000,1939.000000,1324.000000
2013.000000,573.000000,1844.000000,683.000000
2176.000000,17.000000,2145.000000,80.000000
1292.000000,1123.000000,1449.000000,1257.000000
2278.000000,1226.000000,2248.000000,1316.000000
166.000000,1437.000000,53.000000,1463.000000
1056.000000,1320.000000,918.000000,1486.000000
716.000000,2438.000000,962.000000,2526.000000
2021.000000,1545.000000,2000.000000,1890.000000
1716.000000,670.000000,1621.000000,685.000000
623.000000,2090.000000,571.000000,2271.000000
528.000000,920.000000,603.000000,991.000000
603.000000,991.000000,690.000000,1056.000000
2028.000000,2073.000000,1677.000000,2124.000000
1193.000000,579.000000,1320.000000,685.000000
2175.000000,1057.000000,2278.000000,1226.000000
1526.000000,1362.000000,1520.000000,1418.000000
328.000000,544.000000,325.000000,731.000000
732.000000,2124.000000,1036.000000,2137.000000
2403.000000,1892.000000,2362.000000,2036.000000
1951.000000,794.000000,2080.000000,1086.000000
428.000000,1474.000000,441.000000,1529.000000
1477.000000,1472.000000,1749.000000,1675.000000
235.000000,475.000000,328.000000,544.000000
1477.000000,324.000000,1441.000000,454.000000
1979.000000,17.000000,2145.000000,80.000000
1634.000000,1045.000000,1538.000000,1096.000000
1138.000000,2155.000000,1200.000000,2160.000000
2032.000000,475.000000,1965.000000,512.000000
547.000000,1522.000000,441.000000,1529.000000
461.000000,1665.000000,650.000000,1714.000000
1455.000000,234.000000,1477.000000,324.000000
461.000000,1282.000000,362.000000,1346.000000
640.000000,606.000000,325.000000,731.000000
2279.000000,279.000000,2502.000000,293.000000
1252.000000,2523.000000,962.000000,2526.000000
1941.000000,2207.000000,2024.000000,2291.000000
2000.000000,1890.000000,2063.000000,2030.000000
1254.000000,1101.000000,1292.000000,1123.000000
1393.000000,1807.000000,1187.000000,1845.000000
893.000000,77.000000,670.000000,115.000000
325.000000,731.000000,296.000000,760.000000
2384.000000,2069.000000,2321.000000,2076.000000
2146.000000,193.000000,2249.000000,285.000000
155.000000,2144.000000,236.000000,2292.000000
1469.000000,1786.000000,1617.000000,1829.000000
712.000000,2203.000000,754.000000,2210.000000
556.000000,1917.000000,638.000000,1979.000000
362.000000,1346.000000,372.000000,1353.000000
2110.000000,616.000000,2138.000000,790.000000
640.000000,606.000000,780.000000,998.000000
1492.000000,308.000000,1477.000000,324.000000
17.000000,1885.000000,230.000000,1894.000000
1492.000000,1121.000000,1292.000000,1123.000000
642.000000,1664.000000,650.000000,1714.000000
1117.000000,419.000000,1193.000000,579.000000
780.000000,998.000000,1219.000000,1013.000000
1036.000000,2137.000000,962.000000,2526.000000
196.000000,881.000000,250.000000,1062.000000
688.000000,2156.000000,712.000000,2203.000000
754.000000,689.000000,767.000000,713.000000
2523.000000,1803.000000,2501.000000,2112.000000
1240.000000,2121.000000,1200.000000,2160.000000
419.000000,1431.000000,372.000000,1487.000000
32.000000,2179.000000,60.000000,2286.000000
2013.000000,573.000000,1716.000000,670.000000
509.000000,343.000000,640.000000,606.000000
196.000000,881.000000,180.000000,1042.000000
1758.000000,24.000000,893.000000,77.000000
557.000000,289.000000,509.000000,343.000000
509.000000,343.000000,328.000000,544.000000
1702.000000,1831.000000,1695.000000,2104.000000
2013.000000,573.000000,1887.000000,705.000000
246.000000,1174.000000,205.000000,1176.000000
882.000000,6.000000,1758.000000,24.000000
1758.000000,24.000000,1208.000000,106.000000
2146.000000,193.000000,2253.000000,451.000000
1640.000000,1681.000000,1697.000000,1813.000000
840.000000,1810.000000,892.000000,1895.000000
2080.000000,1086.000000,1939.000000,1324.000000
1485.000000,1774.000000,1609.000000,1795.000000
441.000000,1529.000000,312.000000,1642.000000
882.000000,6.000000,2176.000000,17.000000
2501.000000,2112.000000,2478.000000,2401.000000
1449.000000,1257.000000,1318.000000,1385.000000
1757.000000,2215.000000,1770.000000,2336.000000
1705.000000,250.000000,1963.000000,301.000000
2253.000000,1778.000000,2000.000000,1890.000000
1873.000000,453.000000,1965.000000,512.000000
1369.000000,575.000000,1193.000000,579.000000
2249.000000,285.000000,2429.000000,298.000000
918.000000,597.000000,754.000000,689.000000
305.000000,256.000000,121.000000,456.000000
1208.000000,106.000000,670.000000,115.000000
710.000000,1828.000000,638.000000,1979.000000
372.000000,1487.000000,284.000000,1651.000000
882.000000,6.000000,687.000000,30.000000
1455.000000,234.000000,1492.000000,308.000000
1342.000000,2248.000000,1366.000000,2269.000000
712.000000,2203.000000,571.000000,2271.000000
915.000000,1350.000000,984.000000,1367.000000
1873.000000,453.000000,2032.000000,475.000000
1629.000000,1312.000000,2021.000000,1545.000000
2304.000000,676.000000,2285.000000,709.000000
556.000000,1917.000000,281.000000,1965.000000
2248.000000,1316.000000,2171.000000,1449.000000
1370.000000,232.000000,1477.000000,324.000000
1393.000000,1807.000000,1240.000000,2121.000000
1492.000000,1121.000000,1449.000000,1257.000000
1056.000000,1320.000000,1035.000000,1345.000000
1181.000000,473.000000,1193.000000,579.000000
1970.000000,2417.000000,1252.000000,2523.000000
1456.000000,2386.000000,1970.000000,2417.000000
419.000000,999.000000,414.000000,1014.000000
732.000000,2124.000000,754.000000,2210.000000
915.000000,1350.000000,642.000000,1664.000000
2032.000000,475.000000,2110.000000,616.000000
305.000000,256.000000,328.000000,544.000000
741.000000,2459.000000,962.000000,2526.000000
1366.000000,2269.000000,1265.000000,2505.000000
658.000000,627.000000,754.000000,689.000000
2429.000000,298.000000,2253.000000,451.000000
1677.000000,2124.000000,1566.000000,2137.000000
2559.000000,405.000000,2505.000000,580.000000
360.000000,871.000000,326.000000,909.000000
2505.000000,580.000000,2470.000000,763.000000
296.000000,760.000000,326.000000,909.000000
840.000000,1810.000000,710.000000,1828.000000
1056.000000,1320.000000,1027.000000,1336.000000
1193.000000,579.000000,1056.000000,638.000000
2362.000000,2036.000000,2384.000000,2069.000000
962.000000,2526.000000,266.000000,2557.000000
1140.000000,184.000000,853.000000,363.000000
32.000000,1365.000000,17.000000,1885.000000
1935.000000,28.000000,2145.000000,80.000000
2207.000000,858.000000,2575.000000,1062.000000
623.000000,2090.000000,397.000000,2106.000000
2321.000000,2076.000000,2350.000000,2087.000000
349.000000,1005.000000,414.000000,1014.000000
1794.000000,21.000000,1758.000000,24.000000
2013.000000,573.000000,1951.000000,794.000000
2285.000000,709.000000,2575.000000,1062.000000
1370.000000,232.000000,1455.000000,234.000000
509.000000,343.000000,721.000000,412.000000
547.000000,1522.000000,534.000000,1628.000000
2559.000000,405.000000,2506.000000,605.000000
600.000000,2279.000000,716.000000,2438.000000
984.000000,1367.000000,918.000000,1486.000000
1887.000000,705.000000,1951.000000,794.000000
428.000000,1474.000000,372.000000,1487.000000
1588.000000,1401.000000,1520.000000,1418.000000
1533.000000,1194.000000,1449.000000,1257.000000
1844.000000,683.000000,1887.000000,705.000000
296.000000,760.000000,196.000000,881.000000
1520.000000,839.000000,1518.000000,841.000000
180.000000,2329.000000,266.000000,2557.000000
2146.000000,193.000000,2032.000000,475.000000
1318.000000,1248.000000,1449.000000,1257.000000
1478.000000,572.000000,1472.000000,702.000000
2575.000000,1062.000000,2465.000000,1076.000000
712.000000,2203.000000,600.000000,2279.000000
1036.000000,2137.000000,754.000000,2210.000000
1254.000000,1101.000000,1186.000000,1171.000000
1790.000000,1090.000000,1631.000000,1118.000000
721.000000,412.000000,640.000000,606.000000
780.000000,878.000000,780.000000,998.000000
918.000000,1486.000000,892.000000,1895.000000
780.000000,998.000000,690.000000,1056.000000
407.000000,1256.000000,461.000000,1282.000000
877.000000,676.000000,1271.000000,868.000000
1237.000000,733.000000,1271.000000,868.000000
362.000000,1346.000000,419.000000,1431.000000
2285.000000,709.000000,2207.000000,858.000000
171.000000,2267.000000,236.000000,2292.000000
1873.000000,453.000000,1716.000000,670.000000
903.000000,2000.000000,1036.000000,2137.000000
461.000000,1282.000000,372.000000,1353.000000
918.000000,597.000000,877.000000,676.000000
414.000000,1014.000000,658.000000,1128.000000
1117.000000,419.000000,1181.000000,473.000000
1459.000000,2275.000000,1495.000000,2336.000000
1198.000000,2192.000000,1366.000000,2269.000000
1464.000000,1383.000000,1520.000000,1418.000000
1540.000000,1988.000000,1695.000000,2104.000000
2024.000000,2291.000000,2008.000000,2398.000000
572.000000,1413.000000,419.000000,1431.000000
1056.000000,1320.000000,915.000000,1350.000000
1035.000000,1345.000000,984.000000,1367.000000
180.000000,1042.000000,250.000000,1062.000000
312.000000,1642.000000,284.000000,1651.000000
882.000000,6.000000,893.000000,77.000000
441.000000,1529.000000,534.000000,1628.000000
690.000000,1056.000000,658.000000,1128.000000
419.000000,999.000000,349.000000,1005.000000
2554.000000,1229.000000,2294.000000,1496.000000
1770.000000,2336.000000,1456.000000,2386.000000
155.000000,2144.000000,32.000000,2179.000000
2250.000000,2253.000000,2024.000000,2291.000000
2171.000000,1449.000000,2294.000000,1496.000000
2253.000000,451.000000,2110.000000,616.000000
690.000000,1056.000000,1186.000000,1171.000000
1324.000000,897.000000,1219.000000,1013.000000
2021.000000,1545.000000,2222.000000,1678.000000
2024.000000,2291.000000,1970.000000,2417.000000
1366.000000,2269.000000,1459.000000,2275.000000
2250.000000,2253.000000,2478.000000,2401.000000
571.000000,2271.000000,600.000000,2279.000000
2254.000000,18.000000,2249.000000,285.000000
640.000000,606.000000,528.000000,920.000000
2339.000000,2217.000000,2250.000000,2253.000000
2138.000000,790.000000,2207.000000,858.000000
455.000000,2.000000,2176.000000,17.000000
2559.000000,405.000000,2304.000000,676.000000
1318.000000,1385.000000,1331.000000,1556.000000
716.000000,2438.000000,741.000000,2459.000000
328.000000,544.000000,640.000000,606.000000
572.000000,1413.000000,547.000000,1522.000000
2013.000000,573.000000,2138.000000,790.000000
670.000000,115.000000,509.000000,343.000000
721.000000,412.000000,918.000000,597.000000
534.000000,1628.000000,650.000000,1714.000000
1459.000000,2275.000000,1743.000000,2300.000000
1324.000000,897.000000,1292.000000,1123.000000
2056.000000,1317.000000,1939.000000,1324.000000
1198.000000,2192.000000,1265.000000,2505.000000
15.000000,1259.000000,234.000000,1447.000000
721.000000,412.000000,1117.000000,419.000000
2278.000000,1226.000000,2554.000000,1229.000000
1639.000000,111.000000,1705.000000,250.000000
1318.000000,1248.000000,1187.000000,1845.000000
2248.000000,1316.000000,2294.000000,1496.000000
2145.000000,80.000000,2249.000000,285.000000
658.000000,627.000000,780.000000,878.000000
2323.000000,1031.000000,2175.000000,1057.000000
1794.000000,21.000000,1963.000000,301.000000
2350.000000,2087.000000,2337.000000,2164.000000
2554.000000,1229.000000,2222.000000,1678.000000
2194.000000,637.000000,2285.000000,709.000000
19.000000,1067.000000,15.000000,1259.000000
1492.000000,308.000000,1441.000000,454.000000
2269.000000,2038.000000,2299.000000,2070.000000
1477.000000,1472.000000,1485.000000,1774.000000
1540.000000,1988.000000,1240.000000,2121.000000
2523.000000,1803.000000,2362.000000,2036.000000
180.000000,1042.000000,19.000000,1067.000000
250.000000,1062.000000,246.000000,1174.000000
236.000000,2292.000000,180.000000,2329.000000
1237.000000,733.000000,1324.000000,897.000000
1240.000000,2121.000000,1342.000000,2248.000000
1449.000000,1257.000000,1464.000000,1383.000000
414.000000,1014.000000,246.000000,1174.000000
284.000000,1651.000000,461.000000,1665.000000
1473.000000,1379.000000,1464.000000,1383.000000
1629.000000,1312.000000,1749.000000,1675.000000
32.000000,1365.000000,53.000000,1463.000000
20.000000,615.000000,196.000000,881.000000
414.000000,1014.000000,647.000000,1250.000000
1469.000000,1786.000000,1393.000000,1807.000000
2000.000000,1890.000000,2028.000000,2073.000000
396.000000,66.000000,509.000000,343.000000
1906.000000,1744.000000,1702.000000,1831.000000
1056.000000,638.000000,1271.000000,868.000000
1523.000000,1214.000000,1449.000000,1257.000000
2249.000000,285.000000,2253.000000,451.000000
638.000000,1979.000000,506.000000,2094.000000
2145.000000,80.000000,2146.000000,193.000000
710.000000,1828.000000,892.000000,1895.000000
1523.000000,1214.000000,1629.000000,1312.000000
362.000000,1346.000000,372.000000,1487.000000
1935.000000,28.000000,1963.000000,301.000000
1518.000000,841.000000,1538.000000,1096.000000
1609.000000,1795.000000,1702.000000,1831.000000
1324.000000,897.000000,1254.000000,1101.000000
1478.000000,572.000000,1553.000000,630.000000
1240.000000,2121.000000,1566.000000,2137.000000
2253.000000,451.000000,2304.000000,676.000000
2506.000000,605.000000,2470.000000,763.000000
688.000000,2156.000000,754.000000,2210.000000
2021.000000,1545.000000,1749.000000,1675.000000
312.000000,1642.000000,461.000000,1665.000000
196.000000,881.000000,19.000000,1067.000000
1208.000000,106.000000,853.000000,363.000000
687.000000,30.000000,893.000000,77.000000
547.000000,1522.000000,642.000000,1664.000000
1117.000000,419.000000,1369.000000,575.000000
1770.000000,2336.000000,1970.000000,2417.000000
1781.000000,566.000000,1553.000000,630.000000
1658.000000,91.000000,1455.000000,234.000000
2253.000000,1778.000000,2403.000000,1892.000000
1757.000000,2215.000000,1970.000000,2417.000000
882.000000,6.000000,1794.000000,21.000000
1518.000000,841.000000,1644.000000,976.000000
1677.000000,2124.000000,1459.000000,2275.000000
1640.000000,1681.000000,1609.000000,1795.000000
2008.000000,2398.000000,2185.000000,2468.000000
152.000000,2248.000000,180.000000,2329.000000
1240.000000,2121.000000,1198.000000,2192.000000
455.000000,2.000000,396.000000,66.000000
1566.000000,2137.000000,1459.000000,2275.000000
1366.000000,2269.000000,1495.000000,2336.000000
1208.000000,106.000000,721.000000,412.000000
2253.000000,1778.000000,2269.000000,2038.000000
2253.000000,451.000000,2194.000000,637.000000
2502.000000,293.000000,2429.000000,298.000000
20.000000,615.000000,296.000000,760.000000
1318.000000,1248.000000,1318.000000,1385.000000
1393.000000,1807.000000,1540.000000,1988.000000
2384.000000,2069.000000,2501.000000,2112.000000
1366.000000,2269.000000,1456.000000,2386.000000
2253.000000,451.000000,2032.000000,475.000000
676.000000,1756.000000,710.000000,1828.000000
1472.000000,702.000000,1520.000000,839.000000
1208.000000,106.000000,1140.000000,184.000000
2207.000000,858.000000,2323.000000,1031.000000
1979.000000,17.000000,1935.000000,28.000000
557.000000,289.000000,721.000000,412.000000
2063.000000,2030.000000,2269.000000,2038.000000
205.000000,1176.000000,372.000000,1487.000000
2350.000000,2087.000000,2501.000000,2112.000000
205.000000,1176.000000,15.000000,1259.000000
1533.000000,1194.000000,1523.000000,1214.000000
1187.000000,1845.000000,1240.000000,2121.000000
754.000000,2210.000000,716.000000,2438.000000
152.000000,2248.000000,171.000000,2267.000000
2506.000000,605.000000,2575.000000,1062.000000
2388.000000,123.000000,2249.000000,285.000000
1187.000000,1845.000000,892.000000,1895.000000
918.000000,1486.000000,840.000000,1810.000000
1186.000000,1171.000000,915.000000,1350.000000
623.000000,2090.000000,688.000000,2156.000000
915.000000,1350.000000,572.000000,1413.000000
1794.000000,21.000000,1639.000000,111.000000
1464.000000,1383.000000,1331.000000,1556.000000
1056.000000,638.000000,1237.000000,733.000000
146.000000,451.000000,121.000000,456.000000
1331.000000,1556.000000,1485.000000,1774.000000
2349.000000,1693.000000,2523.000000,1803.000000
732.000000,2124.000000,688.000000,2156.000000
2337.000000,2164.000000,2339.000000,2217.000000
1697.000000,1813.000000,1702.000000,1831.000000
397.000000,2106.000000,236.000000,2292.000000
146.000000,451.000000,235.000000,475.000000
236.000000,1457.000000,284.000000,1651.000000
2185.000000,2468.000000,1252.000000,2523.000000
1240.000000,2121.000000,1138.000000,2155.000000
372.000000,1487.000000,312.000000,1642.000000
2279.000000,279.000000,2429.000000,298.000000
407.000000,1256.000000,362.000000,1346.000000
1477.000000,1472.000000,1331.000000,1556.000000
1219.000000,1013.000000,1254.000000,1101.000000
1644.000000,976.000000,1538.000000,1096.000000
281.000000,1965.000000,236.000000,2292.000000
396.000000,66.000000,121.000000,456.000000
1939.000000,1324.000000,2021.000000,1545.000000
2323.000000,1031.000000,2575.000000,1062.000000
2304.000000,676.000000,2470.000000,763.000000
281.000000,1965.000000,397.000000,2106.000000
2323.000000,1031.000000,2278.000000,1226.000000
528.000000,920.000000,414.000000,1014.000000
121.000000,456.000000,20.000000,615.000000
1790.000000,1090.000000,1629.000000,1312.000000
60.000000,2286.000000,180.000000,2329.000000
877.000000,676.000000,782.000000,765.000000
1265.000000,2505.000000,962.000000,2526.000000
2120.000000,2364.000000,2185.000000,2468.000000
1658.000000,91.000000,1639.000000,111.000000
1271.000000,868.000000,1324.000000,897.000000
281.000000,1965.000000,155.000000,2144.000000
372.000000,1353.000000,419.000000,1431.000000
690.000000,1056.000000,647.000000,1250.000000
1716.000000,670.000000,1623.000000,715.000000
20.000000,615.000000,19.000000,1067.000000
1749.000000,1675.000000,1697.000000,1813.000000
1331.000000,1556.000000,1393.000000,1807.000000
710.000000,1828.000000,903.000000,2000.000000
2269.000000,2038.000000,2337.000000,2164.000000
2222.000000,1678.000000,2349.000000,1693.000000
2299.000000,2070.000000,2337.000000,2164.000000
281.000000,1965.000000,32.000000,2179.000000
1324.000000,897.000000,1492.000000,1121.000000
754.000000,2210.000000,962.000000,2526.000000
2269.000000,2038.000000,2250.000000,2253.000000
1478.000000,572.000000,1369.000000,575.000000
396.000000,66.000000,670.000000,115.000000
2080.000000,1086.000000,2056.000000,1317.000000
1331.000000,1556.000000,1187.000000,1845.000000
1186.000000,1171.000000,1318.000000,1248.000000
877.000000,676.000000,767.000000,713.000000
1449.000000,1257.000000,1526.000000,1362.000000
1526.000000,1362.000000,1473.000000,1379.000000
670.000000,115.000000,557.000000,289.000000
2388.000000,123.000000,2279.000000,279.000000
2339.000000,2217.000000,2478.000000,2401.000000
2138.000000,790.000000,1951.000000,794.000000
1208.000000,106.000000,1370.000000,232.000000
1631.000000,1118.000000,1629.000000,1312.000000
1495.000000,2336.000000,1456.000000,2386.000000
1441.000000,454.000000,1553.000000,630.000000
2063.000000,2030.000000,2028.000000,2073.000000
234.000000,1447.000000,372.000000,1487.000000
2207.000000,858.000000,2175.000000,1057.000000
1658.000000,91.000000,1370.000000,232.000000
1743.000000,2300.000000,1495.000000,2336.000000
638.000000,1979.000000,688.000000,2156.000000
716.000000,2438.000000,266.000000,2557.000000
528.000000,920.000000,780.000000,998.000000
556.000000,1917.000000,506.000000,2094.000000
397.000000,2106.000000,571.000000,2271.000000
2176.000000,17.000000,2254.000000,18.000000
2337.000000,2164.000000,2250.000000,2253.000000
296.000000,760.000000,360.000000,871.000000
1695.000000,2104.000000,1677.000000,2124.000000
360.000000,871.000000,349.000000,1005.000000
882.000000,6.000000,1979.000000,17.000000
1623.000000,715.000000,1675.000000,857.000000
1193.000000,579.000000,1237.000000,733.000000
1588.000000,1401.000000,1749.000000,1675.000000
461.000000,1665.000000,281.000000,1965.000000
1219.000000,1013.000000,1186.000000,1171.000000
236.000000,1457.000000,230.000000,1894.000000
1644.000000,976.000000,1790.000000,1090.000000
1553.000000,630.000000,1520.000000,839.000000
1705.000000,250.000000,1492.000000,308.000000
1794.000000,21.000000,1705.000000,250.000000
2222.000000,1678.000000,2253.000000,1778.000000
2175.000000,1057.000000,2056.000000,1317.000000
1677.000000,2124.000000,1743.000000,2300.000000
1477.000000,1472.000000,1640.000000,1681.000000
1140.000000,184.000000,1370.000000,232.000000
658.000000,1128.000000,647.000000,1250.000000
1631.000000,1118.000000,1533.000000,1194.000000
1240.000000,2121.000000,1366.000000,2269.000000
1749.000000,1675.000000,1906.000000,1744.000000
180.000000,1042.000000,15.000000,1259.000000
1609.000000,1795.000000,1697.000000,1813.000000
1631.000000,1118.000000,1523.000000,1214.000000
326.000000,909.000000,250.000000,1062.000000
1477.000000,324.000000,1369.000000,575.000000
2527.000000,1101.000000,2554.000000,1229.000000
1790.000000,1090.000000,1939.000000,1324.000000
2063.000000,2030.000000,2250.000000,2253.000000
2021.000000,1545.000000,1906.000000,1744.000000
2285.000000,709.000000,2138.000000,790.000000
1935.000000,28.000000,2146.000000,193.000000
892.000000,1895.000000,903.000000,2000.000000
1198.000000,2192.000000,1342.000000,2248.000000
1963.000000,301.000000,2032.000000,475.000000
638.000000,1979.000000,623.000000,2090.000000
1292.000000,1123.000000,1186.000000,1171.000000
2063.000000,2030.000000,2024.000000,2291.000000
1140.000000,184.000000,1117.000000,419.000000
1941.000000,2207.000000,1757.000000,2215.000000
2254.000000,18.000000,2145.000000,80.000000
2299.000000,2070.000000,2321.000000,2076.000000
1472.000000,702.000000,1518.000000,841.000000
2008.000000,2398.000000,1970.000000,2417.000000
205.000000,1176.000000,234.000000,1447.000000
17.000000,1885.000000,32.000000,2179.000000
1553.000000,630.000000,1623.000000,715.000000
1035.000000,1345.000000,918.000000,1486.000000
1027.000000,1336.000000,984.000000,1367.000000
642.000000,1664.000000,710.000000,1828.000000
441.000000,1529.000000,461.000000,1665.000000
647.000000,1250.000000,461.000000,1282.000000
528.000000,920.000000,419.000000,999.000000
547.000000,1522.000000,650.000000,1714.000000
1369.000000,575.000000,1320.000000,685.000000
360.000000,871.000000,463.000000,906.000000
1074.000000,1981.000000,1036.000000,2137.000000
1324.000000,897.000000,1538.000000,1096.000000
2527.000000,1101.000000,2278.000000,1226.000000
246.000000,1174.000000,372.000000,1487.000000
1617.000000,1829.000000,1540.000000,1988.000000
1623.000000,715.000000,1520.000000,839.000000
640.000000,606.000000,780.000000,878.000000
1485.000000,1774.000000,1617.000000,1829.000000
1318.000000,1248.000000,918.000000,1486.000000
915.000000,1350.000000,918.000000,1486.000000
2294.000000,1496.000000,2222.000000,1678.000000
877.000000,676.000000,780.000000,878.000000
1621.000000,685.000000,1623.000000,715.000000
2028.000000,2073.000000,2024.000000,2291.000000
1705.000000,250.000000,1781.000000,566.000000
918.000000,597.000000,767.000000,713.000000
236.000000,1457.000000,17.000000,1885.000000
1640.000000,1681.000000,1485.000000,1774.000000
2465.000000,1076.000000,2527.000000,1101.000000
1743.000000,2300.000000,1770.000000,2336.000000
571.000000,2271.000000,716.000000,2438.000000
1757.000000,2215.000000,1743.000000,2300.000000
2032.000000,475.000000,2013.000000,573.000000
2323.000000,1031.000000,2465.000000,1076.000000
236.000000,1457.000000,281.000000,1965.000000
2523.000000,1803.000000,2403.000000,1892.000000
1963.000000,301.000000,1873.000000,453.000000
2285.000000,709.000000,2470.000000,763.000000
236.000000,1457.000000,53.000000,1463.000000
1714.000000,898.000000,1644.000000,976.000000
2013.000000,573.000000,2110.000000,616.000000
1271.000000,868.000000,780.000000,878.000000
1200.000000,2160.000000,1198.000000,2192.000000
506.000000,2094.000000,397.000000,2106.000000
1186.000000,1171.000000,1056.000000,1320.000000
1485.000000,1774.000000,1393.000000,1807.000000
1449.000000,1257.000000,1331.000000,1556.000000
397.000000,2106.000000,266.000000,2557.000000
2175.000000,1057.000000,2248.000000,1316.000000
1117.000000,419.000000,1056.000000,638.000000
461.000000,1282.000000,572.000000,1413.000000
2349.000000,1693.000000,2253.000000,1778.000000
1705.000000,250.000000,1873.000000,453.000000
