POINTS
1713.000000,12.000000
47.000000,18.000000
1355.000000,21.000000
436.000000,23.000000
1591.000000,42.000000
894.000000,44.000000
595.000000,46.000000
900.000000,65.000000
900.000000,86.000000
204.000000,88.000000
1530.000000,91.000000
1632.000000,97.000000
82.000000,103.000000
2201.000000,116.000000
1162.000000,119.000000
961.000000,162.000000
2350.000000,196.000000
2255.000000,202.000000
560.000000,203.000000
1555.000000,210.000000
407.000000,212.000000
1055.000000,215.000000
2228.000000,228.000000
822.000000,230.000000
703.000000,300.000000
2387.000000,333.000000
403.000000,346.000000
1119.000000,350.000000
798.000000,368.000000
1837.000000,369.000000
229.000000,382.000000
814.000000,396.000000
1206.000000,400.000000
1234.000000,405.000000
330.000000,425.000000
1843.000000,429.000000
1547.000000,433.000000
2012.000000,441.000000
382.000000,443.000000
1548.000000,455.000000
1658.000000,455.000000
1533.000000,461.000000
2123.000000,482.000000
2346.000000,483.000000
2126.000000,497.000000
772.000000,504.000000
1649.000000,516.000000
2571.000000,521.000000
1337.000000,525.000000
2546.000000,552.000000
531.000000,572.000000
228.000000,575.000000
1027.000000,591.000000
393.000000,597.000000
1692.000000,597.000000
2228.000000,598.000000
997.000000,600.000000
596.000000,602.000000
1250.000000,615.000000
2084.000000,620.000000
229.000000,626.000000
505.000000,632.000000
369.000000,647.000000
2031.000000,653.000000
31.000000,668.000000
1519.000000,694.000000
180.000000,703.000000
37.000000,709.000000
1104.000000,713.000000
761.000000,715.000000
860.000000,718.000000
744.000000,731.000000
2303.000000,753.000000
2264.000000,772.000000
1582.000000,777.000000
2064.000000,788.000000
428.000000,808.000000
302.000000,845.000000
1776.000000,847.000000
2037.000000,864.000000
433.000000,881.000000
2183.000000,888.000000
1429.000000,892.000000
2497.000000,929.000000
1778.000000,936.000000
2294.000000,951.000000
1768.000000,963.000000
1565.000000,973.000000
1296.000000,981.000000
1617.000000,981.000000
1381.000000,1003.000000
908.000000,1034.000000
1857.000000,1038.000000
1615.000000,1064.000000
1281.000000,1068.000000
2548.000000,1075.000000
466.000000,1076.000000
1150.000000,1085.000000
1462.000000,1090.000000
1548.000000,1112.000000
1280.000000,1120.000000
652.000000,1123.000000
988.000000,1126.000000
2054.000000,1132.000000
2284.000000,1141.000000
88.000000,1149.000000
2007.000000,1151.000000
405.000000,1158.000000
537.000000,1168.000000
2401.000000,1173.000000
328.000000,1190.000000
1828.000000,1207.000000
1884.000000,1208.000000
696.000000,1222.000000
569.000000,1232.000000
105.000000,1248.000000
647.000000,1250.000000
803.000000,1265.000000
1331.000000,1277.000000
1116.000000,1285.000000
752.000000,1295.000000
1870.000000,1303.000000
2494.000000,1310.000000
2331.000000,1320.000000
2018.000000,1322.000000
2533.000000,1332.000000
117.000000,1344.000000
1263.000000,1350.000000
1840.000000,1370.000000
612.000000,1375.000000
1134.000000,1381.000000
1889.000000,1386.000000
1655.000000,1438.000000
21.000000,1444.000000
1944.000000,1450.000000
1605.000000,1459.000000
374.000000,1466.000000
1161.000000,1467.000000
148.000000,1469.000000
150.000000,1492.000000
2130.000000,1509.000000
1431.000000,1517.000000
2183.000000,1519.000000
219.000000,1523.000000
1332.000000,1524.000000
1322.000000,1525.000000
1863.000000,1529.000000
533.000000,1533.000000
1867.000000,1539.000000
1641.000000,1548.000000
165.000000,1550.000000
999.000000,1561.000000
1771.000000,1561.000000
2433.000000,1571.000000
1871.000000,1577.000000
2224.000000,1587.000000
1151.000000,1593.000000
494.000000,1600.000000
164.000000,1608.000000
1401.000000,1618.000000
2042.000000,1627.000000
2.000000,1636.000000
1694.000000,1647.000000
568.000000,1648.000000
2115.000000,1665.000000
1131.000000,1666.000000
209.000000,1674.000000
1700.000000,1691.000000
1457.000000,1692.000000
1113.000000,1698.000000
1639.000000,1710.000000
2442.000000,1722.000000
1895.000000,1724.000000
2339.000000,1764.000000
1027.000000,1765.000000
2232.000000,1766.000000
1187.000000,1771.000000
1373.000000,1772.000000
2080.000000,1775.000000
15.000000,1779.000000
2092.000000,1798.000000
1112.000000,1802.000000
383.000000,1807.000000
538.000000,1827.000000
1499.000000,1828.000000
905.000000,1834.000000
681.000000,1840.000000
1041.000000,1852.000000
1464.000000,1896.000000
905.000000,1904.000000
2476.000000,1912.000000
907.000000,1914.000000
2000.000000,1924.000000
2063.000000,1955.000000
2256.000000,1960.000000
176.000000,1963.000000
383.000000,1978.000000
928.000000,1983.000000
1373.000000,1983.000000
194.000000,1984.000000
1783.000000,1989.000000
1345.000000,1999.000000
1479.000000,2002.000000
693.000000,2005.000000
809.000000,2007.000000
6.000000,2031.000000
2130.000000,2050.000000
1716.000000,2062.000000
1290.000000,2064.000000
1147.000000,2067.000000
1046.000000,2072.000000
2155.000000,2116.000000
1818.000000,2134.000000
1439.000000,2140.000000
2419.000000,2142.000000
357.000000,2144.000000
1725.000000,2151.000000
1411.000000,2168.000000
148.000000,2172.000000
45.000000,2208.000000
475.000000,2225.000000
2000.000000,2236.000000
881.000000,2241.000000
1413.000000,2248.000000
2345.000000,2279.000000
88.000000,2290.000000
2498.000000,2300.000000
1401.000000,2309.000000
1843.000000,2313.000000
2430.000000,2314.000000
617.000000,2316.000000
620.000000,2329.000000
1357.000000,2352.000000
745.000000,2355.000000
761.000000,2362.000000
1105.000000,2366.000000
1245.000000,2370.000000
95.000000,2380.000000
1948.000000,2396.000000
2508.000000,2396.000000
348.000000,2397.000000
575.000000,2400.000000
1068.000000,2411.000000
653.000000,2413.000000
2158.000000,2421.000000
559.000000,2431.000000
1400.000000,2435.000000
533.000000,2440.000000
1770.000000,2462.000000
1856.000000,2471.000000
849.000000,2503.000000
850.000000,2512.000000
439.000000,2518.000000
2288.000000,2518.000000
200.000000,2536.000000
434.000000,2542.000000
459.000000,2548.000000
1974.000000,2558.000000
493.000000,2584.000000
1612.000000,2584.000000
LINES
772.000000,504.000000,596.000000,602.000000
1771.000000,1561.000000,1700.000000,1691.000000
2007.000000,1151.000000,1884.000000,1208.000000
436.000000,23.000000,595.000000,46.000000
2158.000000,2421.000000,2288.000000,2518.000000
1870.000000,1303.000000,1889.000000,1386.000000
1401.000000,1618.000000,1373.000000,1772.000000
393.000000,597.000000,505.000000,632.000000
617.000000,2316.000000,620.000000,2329.000000
822.000000,230.000000,997.000000,600.000000
374.000000,1466.000000,165.000000,1550.000000
2345.000000,2279.000000,2508.000000,2396.000000
2346.000000,483.000000,2303.000000,753.000000
1413.000000,2248.000000,1401.000000,2309.000000
1113.000000,1698.000000,1112.000000,1802.000000
2476.000000,1912.000000,2508.000000,2396.000000
531.000000,572.000000,393.000000,597.000000
798.000000,368.000000,596.000000,602.000000
1431.000000,1517.000000,1457.000000,1692.000000
2123.000000,482.000000,2346.000000,483.000000
596.000000,602.000000,428.000000,808.000000
1401.000000,2309.000000,1400.000000,2435.000000
2201.000000,116.000000,2228.000000,228.000000
1655.000000,1438.000000,1641.000000,1548.000000
383.000000,1807.000000,383.000000,1978.000000
798.000000,368.000000,814.000000,396.000000
653.000000,2413.000000,559.000000,2431.000000
150.000000,1492.000000,165.000000,1550.000000
2497.000000,929.000000,2294.000000,951.000000
2232.000000,1766.000000,2092.000000,1798.000000
1401.000000,2309.000000,1357.000000,2352.000000
681.000000,1840.000000,809.000000,2007.000000
1296.000000,981.000000,1381.000000,1003.000000
1105.000000,2366.000000,1245.000000,2370.000000
1027.000000,591.000000,1104.000000,713.000000
1713.000000,12.000000,2201.000000,116.000000
761.000000,2362.000000,849.000000,2503.000000
505.000000,632.000000,428.000000,808.000000
1373.000000,1772.000000,1499.000000,1828.000000
1263.000000,1350.000000,1161.000000,1467.000000
228.000000,575.000000,393.000000,597.000000
1134.000000,1381.000000,1161.000000,1467.000000
559.000000,2431.000000,533.000000,2440.000000
900.000000,65.000000,961.000000,162.000000
538.000000,1827.000000,681.000000,1840.000000
369.000000,647.000000,428.000000,808.000000
2000.000000,2236.000000,2288.000000,2518.000000
2130.000000,2050.000000,2155.000000,2116.000000
814.000000,396.000000,772.000000,504.000000
752.000000,1295.000000,1161.000000,1467.000000
1565.000000,973.000000,1617.000000,981.000000
434.000000,2542.000000,459.000000,2548.000000
752.000000,1295.000000,612.000000,1375.000000
1373.000000,1983.000000,1290.000000,2064.000000
403.000000,346.000000,229.000000,382.000000
537.000000,1168.000000,533.000000,1533.000000
1206.000000,400.000000,1250.000000,615.000000
2442.000000,1722.000000,2339.000000,1764.000000
1400.000000,2435.000000,493.000000,2584.000000
2155.000000,2116.000000,2000.000000,2236.000000
1692.000000,597.000000,1776.000000,847.000000
907.000000,1914.000000,809.000000,2007.000000
575.000000,2400.000000,533.000000,2440.000000
31.000000,668.000000,37.000000,709.000000
1837.000000,369.000000,1548.000000,455.000000
961.000000,162.000000,1055.000000,215.000000
1411.000000,2168.000000,1401.000000,2309.000000
2548.000000,1075.000000,2494.000000,1310.000000
1843.000000,429.000000,2126.000000,497.000000
405.000000,1158.000000,328.000000,1190.000000
1457.000000,1692.000000,1783.000000,1989.000000
1499.000000,1828.000000,1716.000000,2062.000000
403.000000,346.000000,382.000000,443.000000
405.000000,1158.000000,537.000000,1168.000000
2401.000000,1173.000000,2494.000000,1310.000000
928.000000,1983.000000,809.000000,2007.000000
2284.000000,1141.000000,2331.000000,1320.000000
2494.000000,1310.000000,2533.000000,1332.000000
612.000000,1375.000000,1161.000000,1467.000000
1863.000000,1529.000000,1641.000000,1548.000000
1871.000000,1577.000000,1895.000000,1724.000000
1692.000000,597.000000,1519.000000,694.000000
466.000000,1076.000000,405.000000,1158.000000
761.000000,715.000000,860.000000,718.000000
466.000000,1076.000000,328.000000,1190.000000
1655.000000,1438.000000,1605.000000,1459.000000
1457.000000,1692.000000,1639.000000,1710.000000
383.000000,1807.000000,538.000000,1827.000000
88.000000,1149.000000,117.000000,1344.000000
1555.000000,210.000000,1548.000000,455.000000
1884.000000,1208.000000,2018.000000,1322.000000
2018.000000,1322.000000,1944.000000,1450.000000
1840.000000,1370.000000,1655.000000,1438.000000
900.000000,65.000000,900.000000,86.000000
1863.000000,1529.000000,1895.000000,1724.000000
999.000000,1561.000000,1113.000000,1698.000000
47.000000,18.000000,436.000000,23.000000
1548.000000,455.000000,1533.000000,461.000000
617.000000,2316.000000,653.000000,2413.000000
1373.000000,1772.000000,1345.000000,1999.000000
105.000000,1248.000000,117.000000,1344.000000
1401.000000,1618.000000,1187.000000,1771.000000
1027.000000,1765.000000,1112.000000,1802.000000
1027.000000,591.000000,1250.000000,615.000000
176.000000,1963.000000,383.000000,1978.000000
1499.000000,1828.000000,1464.000000,1896.000000
1355.000000,21.000000,1530.000000,91.000000
2494.000000,1310.000000,2331.000000,1320.000000
1439.000000,2140.000000,1413.000000,2248.000000
1046.000000,2072.000000,1245.000000,2370.000000
37.000000,709.000000,88.000000,1149.000000
1840.000000,1370.000000,1944.000000,1450.000000
1104.000000,713.000000,1281.000000,1068.000000
1837.000000,369.000000,1692.000000,597.000000
2476.000000,1912.000000,2155.000000,2116.000000
693.000000,2005.000000,745.000000,2355.000000
1565.000000,973.000000,1381.000000,1003.000000
905.000000,1904.000000,907.000000,1914.000000
180.000000,703.000000,466.000000,1076.000000
652.000000,1123.000000,696.000000,1222.000000
2345.000000,2279.000000,2288.000000,2518.000000
1263.000000,1350.000000,1332.000000,1524.000000
2031.000000,653.000000,2064.000000,788.000000
2224.000000,1587.000000,2042.000000,1627.000000
596.000000,602.000000,761.000000,715.000000
95.000000,2380.000000,200.000000,2536.000000
176.000000,1963.000000,6.000000,2031.000000
88.000000,1149.000000,21.000000,1444.000000
1296.000000,981.000000,1281.000000,1068.000000
47.000000,18.000000,204.000000,88.000000
328.000000,1190.000000,374.000000,1466.000000
1944.000000,1450.000000,1863.000000,1529.000000
505.000000,632.000000,369.000000,647.000000
2294.000000,951.000000,1857.000000,1038.000000
907.000000,1914.000000,928.000000,1983.000000
2294.000000,951.000000,2054.000000,1132.000000
2224.000000,1587.000000,2232.000000,1766.000000
533.000000,2440.000000,439.000000,2518.000000
2201.000000,116.000000,2123.000000,482.000000
1027.000000,1765.000000,905.000000,1834.000000
908.000000,1034.000000,1150.000000,1085.000000
357.000000,2144.000000,148.000000,2172.000000
383.000000,1978.000000,475.000000,2225.000000
1591.000000,42.000000,1632.000000,97.000000
575.000000,2400.000000,653.000000,2413.000000
194.000000,1984.000000,6.000000,2031.000000
302.000000,845.000000,433.000000,881.000000
383.000000,1807.000000,176.000000,1963.000000
428.000000,808.000000,908.000000,1034.000000
1373.000000,1983.000000,1479.000000,2002.000000
459.000000,2548.000000,493.000000,2584.000000
1713.000000,12.000000,1355.000000,21.000000
2476.000000,1912.000000,2498.000000,2300.000000
1843.000000,2313.000000,1856.000000,2471.000000
2183.000000,1519.000000,2433.000000,1571.000000
1519.000000,694.000000,1582.000000,777.000000
1867.000000,1539.000000,1871.000000,1577.000000
2228.000000,228.000000,2387.000000,333.000000
439.000000,2518.000000,434.000000,2542.000000
1457.000000,1692.000000,1499.000000,1828.000000
1104.000000,713.000000,860.000000,718.000000
357.000000,2144.000000,348.000000,2397.000000
439.000000,2518.000000,200.000000,2536.000000
559.000000,2431.000000,849.000000,2503.000000
1499.000000,1828.000000,1345.000000,1999.000000
928.000000,1983.000000,1046.000000,2072.000000
466.000000,1076.000000,88.000000,1149.000000
2497.000000,929.000000,2548.000000,1075.000000
559.000000,2431.000000,459.000000,2548.000000
1112.000000,1802.000000,928.000000,1983.000000
2288.000000,2518.000000,1974.000000,2558.000000
647.000000,1250.000000,533.000000,1533.000000
1778.000000,936.000000,1768.000000,963.000000
1234.000000,405.000000,1250.000000,615.000000
1373.000000,1983.000000,1439.000000,2140.000000
1046.000000,2072.000000,881.000000,2241.000000
21.000000,1444.000000,165.000000,1550.000000
1119.000000,350.000000,1234.000000,405.000000
1837.000000,369.000000,1658.000000,455.000000
2224.000000,1587.000000,2442.000000,1722.000000
2000.000000,2236.000000,1948.000000,2396.000000
860.000000,718.000000,1281.000000,1068.000000
1856.000000,2471.000000,1974.000000,2558.000000
1700.000000,1691.000000,1639.000000,1710.000000
2255.000000,202.000000,2228.000000,228.000000
47.000000,18.000000,1355.000000,21.000000
2.000000,1636.000000,6.000000,2031.000000
2080.000000,1775.000000,2000.000000,1924.000000
88.000000,1149.000000,328.000000,1190.000000
88.000000,1149.000000,105.000000,1248.000000
1234.000000,405.000000,1547.000000,433.000000
1381.000000,1003.000000,1462.000000,1090.000000
560.000000,203.000000,822.000000,230.000000
47.000000,18.000000,31.000000,668.000000
1479.000000,2002.000000,1716.000000,2062.000000
1457.000000,1692.000000,1373.000000,1772.000000
2387.000000,333.000000,2346.000000,483.000000
164.000000,1608.000000,15.000000,1779.000000
2284.000000,1141.000000,2401.000000,1173.000000
1206.000000,400.000000,1234.000000,405.000000
2000.000000,2236.000000,2158.000000,2421.000000
1245.000000,2370.000000,850.000000,2512.000000
1151.000000,1593.000000,1113.000000,1698.000000
348.000000,2397.000000,200.000000,2536.000000
1530.000000,91.000000,1555.000000,210.000000
148.000000,2172.000000,88.000000,2290.000000
2476.000000,1912.000000,2256.000000,1960.000000
82.000000,103.000000,229.000000,382.000000
1162.000000,119.000000,961.000000,162.000000
2084.000000,620.000000,2031.000000,653.000000
2546.000000,552.000000,2548.000000,1075.000000
302.000000,845.000000,652.000000,1123.000000
696.000000,1222.000000,647.000000,1250.000000
1355.000000,21.000000,1162.000000,119.000000
1400.000000,2435.000000,1612.000000,2584.000000
328.000000,1190.000000,533.000000,1533.000000
434.000000,2542.000000,493.000000,2584.000000
881.000000,2241.000000,761.000000,2362.000000
1245.000000,2370.000000,1400.000000,2435.000000
538.000000,1827.000000,693.000000,2005.000000
1828.000000,1207.000000,1884.000000,1208.000000
2042.000000,1627.000000,2115.000000,1665.000000
2387.000000,333.000000,2546.000000,552.000000
494.000000,1600.000000,538.000000,1827.000000
2433.000000,1571.000000,2442.000000,1722.000000
1296.000000,981.000000,1462.000000,1090.000000
1046.000000,2072.000000,1105.000000,2366.000000
988.000000,1126.000000,803.000000,1265.000000
999.000000,1561.000000,905.000000,1834.000000
2155.000000,2116.000000,2419.000000,2142.000000
1187.000000,1771.000000,1373.000000,1772.000000
1355.000000,21.000000,595.000000,46.000000
595.000000,46.000000,560.000000,203.000000
596.000000,602.000000,505.000000,632.000000
1617.000000,981.000000,1615.000000,1064.000000
2430.000000,2314.000000,2508.000000,2396.000000
894.000000,44.000000,1162.000000,119.000000
560.000000,203.000000,596.000000,602.000000
2346.000000,483.000000,2546.000000,552.000000
2232.000000,1766.000000,2130.000000,2050.000000
595.000000,46.000000,407.000000,212.000000
88.000000,2290.000000,200.000000,2536.000000
928.000000,1983.000000,1147.000000,2067.000000
533.000000,2440.000000,459.000000,2548.000000
1837.000000,369.000000,1649.000000,516.000000
822.000000,230.000000,703.000000,300.000000
1431.000000,1517.000000,1639.000000,1710.000000
475.000000,2225.000000,745.000000,2355.000000
2130.000000,1509.000000,2224.000000,1587.000000
1716.000000,2062.000000,1725.000000,2151.000000
999.000000,1561.000000,1027.000000,1765.000000
1401.000000,2309.000000,1245.000000,2370.000000
531.000000,572.000000,596.000000,602.000000
537.000000,1168.000000,569.000000,1232.000000
1331.000000,1277.000000,1605.000000,1459.000000
696.000000,1222.000000,803.000000,1265.000000
2063.000000,1955.000000,2155.000000,2116.000000
1725.000000,2151.000000,1401.000000,2309.000000
647.000000,1250.000000,752.000000,1295.000000
88.000000,2290.000000,95.000000,2380.000000
2256.000000,1960.000000,2155.000000,2116.000000
2548.000000,1075.000000,2401.000000,1173.000000
6.000000,2031.000000,148.000000,2172.000000
1263.000000,1350.000000,1134.000000,1381.000000
1462.000000,1090.000000,1548.000000,1112.000000
2228.000000,598.000000,2303.000000,753.000000
475.000000,2225.000000,620.000000,2329.000000
165.000000,1550.000000,164.000000,1608.000000
1884.000000,1208.000000,1870.000000,1303.000000
1331.000000,1277.000000,1116.000000,1285.000000
860.000000,718.000000,908.000000,1034.000000
1400.000000,2435.000000,850.000000,2512.000000
1245.000000,2370.000000,1068.000000,2411.000000
1863.000000,1529.000000,1771.000000,1561.000000
1479.000000,2002.000000,1725.000000,2151.000000
1641.000000,1548.000000,1694.000000,1647.000000
1713.000000,12.000000,1555.000000,210.000000
466.000000,1076.000000,537.000000,1168.000000
1116.000000,1285.000000,1263.000000,1350.000000
905.000000,1834.000000,681.000000,1840.000000
2064.000000,788.000000,2183.000000,888.000000
961.000000,162.000000,822.000000,230.000000
809.000000,2007.000000,881.000000,2241.000000
2419.000000,2142.000000,2498.000000,2300.000000
1431.000000,1517.000000,1641.000000,1548.000000
2018.000000,1322.000000,1889.000000,1386.000000
1771.000000,1561.000000,1694.000000,1647.000000
2.000000,1636.000000,15.000000,1779.000000
229.000000,626.000000,428.000000,808.000000
745.000000,2355.000000,849.000000,2503.000000
1357.000000,2352.000000,1400.000000,2435.000000
1837.000000,369.000000,1843.000000,429.000000
1632.000000,97.000000,1555.000000,210.000000
2064.000000,788.000000,2037.000000,864.000000
2130.000000,1509.000000,1863.000000,1529.000000
538.000000,1827.000000,383.000000,1978.000000
494.000000,1600.000000,209.000000,1674.000000
1332.000000,1524.000000,1322.000000,1525.000000
894.000000,44.000000,900.000000,65.000000
569.000000,1232.000000,647.000000,1250.000000
15.000000,1779.000000,383.000000,1807.000000
1519.000000,694.000000,1429.000000,892.000000
999.000000,1561.000000,568.000000,1648.000000
1843.000000,429.000000,2031.000000,653.000000
1206.000000,400.000000,1027.000000,591.000000
703.000000,300.000000,798.000000,368.000000
575.000000,2400.000000,439.000000,2518.000000
1112.000000,1802.000000,1345.000000,1999.000000
1641.000000,1548.000000,1639.000000,1710.000000
1948.000000,2396.000000,2158.000000,2421.000000
209.000000,1674.000000,383.000000,1807.000000
1889.000000,1386.000000,1944.000000,1450.000000
407.000000,212.000000,229.000000,382.000000
2419.000000,2142.000000,2345.000000,2279.000000
1462.000000,1090.000000,1280.000000,1120.000000
1290.000000,2064.000000,1401.000000,2309.000000
393.000000,597.000000,369.000000,647.000000
900.000000,86.000000,560.000000,203.000000
1112.000000,1802.000000,1041.000000,1852.000000
1895.000000,1724.000000,2080.000000,1775.000000
693.000000,2005.000000,809.000000,2007.000000
1161.000000,1467.000000,1332.000000,1524.000000
475.000000,2225.000000,348.000000,2397.000000
1768.000000,963.000000,1617.000000,981.000000
988.000000,1126.000000,1116.000000,1285.000000
2031.000000,653.000000,2037.000000,864.000000
348.000000,2397.000000,439.000000,2518.000000
1605.000000,1459.000000,1641.000000,1548.000000
1783.000000,1989.000000,1818.000000,2134.000000
1783.000000,1989.000000,1716.000000,2062.000000
2018.000000,1322.000000,2183.000000,1519.000000
1776.000000,847.000000,1617.000000,981.000000
693.000000,2005.000000,881.000000,2241.000000
117.000000,1344.000000,21.000000,1444.000000
164.000000,1608.000000,2.000000,1636.000000
1401.000000,2309.000000,1612.000000,2584.000000
1974.000000,2558.000000,1612.000000,2584.000000
1457.000000,1692.000000,1716.000000,2062.000000
1530.000000,91.000000,1547.000000,433.000000
2345.000000,2279.000000,2430.000000,2314.000000
1533.000000,461.000000,1337.000000,525.000000
1187.000000,1771.000000,1345.000000,1999.000000
229.000000,382.000000,330.000000,425.000000
2155.000000,2116.000000,2345.000000,2279.000000
2256.000000,1960.000000,2130.000000,2050.000000
1439.000000,2140.000000,1411.000000,2168.000000
1431.000000,1517.000000,1332.000000,1524.000000
47.000000,18.000000,228.000000,575.000000
2571.000000,521.000000,2546.000000,552.000000
860.000000,718.000000,744.000000,731.000000
1641.000000,1548.000000,1771.000000,1561.000000
2401.000000,1173.000000,2331.000000,1320.000000
1116.000000,1285.000000,1134.000000,1381.000000
302.000000,845.000000,466.000000,1076.000000
2350.000000,196.000000,2228.000000,228.000000
1828.000000,1207.000000,1655.000000,1438.000000
2224.000000,1587.000000,2092.000000,1798.000000
200.000000,2536.000000,493.000000,2584.000000
2037.000000,864.000000,1857.000000,1038.000000
1863.000000,1529.000000,1867.000000,1539.000000
1041.000000,1852.000000,905.000000,1904.000000
2012.000000,441.000000,2126.000000,497.000000
180.000000,703.000000,302.000000,845.000000
1641.000000,1548.000000,1700.000000,1691.000000
1863.000000,1529.000000,1700.000000,1691.000000
1867.000000,1539.000000,2042.000000,1627.000000
2476.000000,1912.000000,2419.000000,2142.000000
900.000000,86.000000,822.000000,230.000000
229.000000,626.000000,302.000000,845.000000
1692.000000,597.000000,2031.000000,653.000000
537.000000,1168.000000,328.000000,1190.000000
2303.000000,753.000000,2497.000000,929.000000
228.000000,575.000000,229.000000,626.000000
2115.000000,1665.000000,2080.000000,1775.000000
1281.000000,1068.000000,1150.000000,1085.000000
2084.000000,620.000000,2064.000000,788.000000
1692.000000,597.000000,1582.000000,777.000000
2331.000000,1320.000000,2183.000000,1519.000000
2201.000000,116.000000,2012.000000,441.000000
2000.000000,1924.000000,1783.000000,1989.000000
2126.000000,497.000000,2031.000000,653.000000
894.000000,44.000000,595.000000,46.000000
1401.000000,2309.000000,1770.000000,2462.000000
1112.000000,1802.000000,1147.000000,2067.000000
1150.000000,1085.000000,988.000000,1126.000000
988.000000,1126.000000,1161.000000,1467.000000
2080.000000,1775.000000,2092.000000,1798.000000
2339.000000,1764.000000,2232.000000,1766.000000
1649.000000,516.000000,1519.000000,694.000000
1843.000000,2313.000000,1770.000000,2462.000000
45.000000,2208.000000,88.000000,2290.000000
1776.000000,847.000000,1857.000000,1038.000000
1322.000000,1525.000000,1151.000000,1593.000000
2294.000000,951.000000,2548.000000,1075.000000
1533.000000,461.000000,1519.000000,694.000000
1429.000000,892.000000,1381.000000,1003.000000
176.000000,1963.000000,194.000000,1984.000000
1700.000000,1691.000000,1783.000000,1989.000000
596.000000,602.000000,860.000000,718.000000
1234.000000,405.000000,1337.000000,525.000000
1119.000000,350.000000,1027.000000,591.000000
2054.000000,1132.000000,2284.000000,1141.000000
194.000000,1984.000000,357.000000,2144.000000
228.000000,575.000000,31.000000,668.000000
1411.000000,2168.000000,1413.000000,2248.000000
1547.000000,433.000000,1337.000000,525.000000
403.000000,346.000000,330.000000,425.000000
1547.000000,433.000000,1533.000000,461.000000
575.000000,2400.000000,559.000000,2431.000000
1843.000000,429.000000,1692.000000,597.000000
881.000000,2241.000000,745.000000,2355.000000
1104.000000,713.000000,1296.000000,981.000000
560.000000,203.000000,403.000000,346.000000
1296.000000,981.000000,1280.000000,1120.000000
2183.000000,888.000000,2294.000000,951.000000
822.000000,230.000000,798.000000,368.000000
772.000000,504.000000,860.000000,718.000000
1725.000000,2151.000000,1843.000000,2313.000000
1658.000000,455.000000,1533.000000,461.000000
2387.000000,333.000000,2571.000000,521.000000
2442.000000,1722.000000,2232.000000,1766.000000
2042.000000,1627.000000,2080.000000,1775.000000
357.000000,2144.000000,475.000000,2225.000000
620.000000,2329.000000,653.000000,2413.000000
2303.000000,753.000000,2264.000000,772.000000
612.000000,1375.000000,533.000000,1533.000000
1250.000000,615.000000,1104.000000,713.000000
1373.000000,1983.000000,1345.000000,1999.000000
2054.000000,1132.000000,2018.000000,1322.000000
47.000000,18.000000,82.000000,103.000000
2228.000000,228.000000,2123.000000,482.000000
1055.000000,215.000000,1119.000000,350.000000
537.000000,1168.000000,696.000000,1222.000000
1840.000000,1370.000000,1863.000000,1529.000000
2054.000000,1132.000000,1884.000000,1208.000000
1401.000000,1618.000000,1457.000000,1692.000000
1131.000000,1666.000000,1113.000000,1698.000000
2548.000000,1075.000000,2508.000000,2396.000000
1281.000000,1068.000000,1280.000000,1120.000000
1530.000000,91.000000,1162.000000,119.000000
1778.000000,936.000000,1857.000000,1038.000000
1131.000000,1666.000000,1187.000000,1771.000000
1429.000000,892.000000,1296.000000,981.000000
2130.000000,1509.000000,2183.000000,1519.000000
1857.000000,1038.000000,2054.000000,1132.000000
229.000000,626.000000,180.000000,703.000000
436.000000,23.000000,204.000000,88.000000
1818.000000,2134.000000,1843.000000,2313.000000
560.000000,203.000000,703.000000,300.000000
908.000000,1034.000000,803.000000,1265.000000
2031.000000,653.000000,1776.000000,847.000000
2433.000000,1571.000000,2224.000000,1587.000000
229.000000,626.000000,369.000000,647.000000
2264.000000,772.000000,2183.000000,888.000000
2092.000000,1798.000000,2130.000000,2050.000000
1565.000000,973.000000,1462.000000,1090.000000
905.000000,1904.000000,809.000000,2007.000000
82.000000,103.000000,228.000000,575.000000
21.000000,1444.000000,150.000000,1492.000000
2063.000000,1955.000000,2130.000000,2050.000000
1857.000000,1038.000000,1828.000000,1207.000000
761.000000,715.000000,744.000000,731.000000
681.000000,1840.000000,693.000000,2005.000000
1828.000000,1207.000000,1331.000000,1277.000000
204.000000,88.000000,82.000000,103.000000
1150.000000,1085.000000,1116.000000,1285.000000
1162.000000,119.000000,1234.000000,405.000000
2228.000000,228.000000,2346.000000,483.000000
1150.000000,1085.000000,1280.000000,1120.000000
1605.000000,1459.000000,1332.000000,1524.000000
1649.000000,516.000000,1692.000000,597.000000
1591.000000,42.000000,1530.000000,91.000000
1113.000000,1698.000000,1187.000000,1771.000000
2350.000000,196.000000,2255.000000,202.000000
2201.000000,116.000000,2350.000000,196.000000
2331.000000,1320.000000,2433.000000,1571.000000
2092.000000,1798.000000,2000.000000,1924.000000
2303.000000,753.000000,2294.000000,951.000000
328.000000,1190.000000,105.000000,1248.000000
1828.000000,1207.000000,1870.000000,1303.000000
1548.000000,455.000000,1658.000000,455.000000
1582.000000,777.000000,1776.000000,847.000000
2000.000000,2236.000000,2345.000000,2279.000000
2294.000000,951.000000,2284.000000,1141.000000
1655.000000,1438.000000,1863.000000,1529.000000
2000.000000,2236.000000,1843.000000,2313.000000
1290.000000,2064.000000,1147.000000,2067.000000
148.000000,1469.000000,150.000000,1492.000000
1337.000000,525.000000,1250.000000,615.000000
330.000000,425.000000,393.000000,597.000000
905.000000,1834.000000,809.000000,2007.000000
383.000000,1978.000000,194.000000,1984.000000
2303.000000,753.000000,2064.000000,788.000000
908.000000,1034.000000,652.000000,1123.000000
1439.000000,2140.000000,1725.000000,2151.000000
568.000000,1648.000000,538.000000,1827.000000
803.000000,1265.000000,1161.000000,1467.000000
439.000000,2518.000000,459.000000,2548.000000
2000.000000,1924.000000,2155.000000,2116.000000
428.000000,808.000000,433.000000,881.000000
1547.000000,433.000000,1548.000000,455.000000
1355.000000,21.000000,1591.000000,42.000000
1331.000000,1277.000000,1332.000000,1524.000000
1357.000000,2352.000000,1245.000000,2370.000000
1355.000000,21.000000,436.000000,23.000000
1250.000000,615.000000,1296.000000,981.000000
383.000000,1978.000000,693.000000,2005.000000
533.000000,1533.000000,568.000000,1648.000000
2201.000000,116.000000,2255.000000,202.000000
2533.000000,1332.000000,2476.000000,1912.000000
374.000000,1466.000000,533.000000,1533.000000
204.000000,88.000000,407.000000,212.000000
31.000000,668.000000,21.000000,1444.000000
696.000000,1222.000000,752.000000,1295.000000
1770.000000,2462.000000,1856.000000,2471.000000
568.000000,1648.000000,905.000000,1834.000000
849.000000,2503.000000,493.000000,2584.000000
814.000000,396.000000,997.000000,600.000000
1027.000000,591.000000,997.000000,600.000000
31.000000,668.000000,180.000000,703.000000
204.000000,88.000000,229.000000,382.000000
2183.000000,1519.000000,2224.000000,1587.000000
2224.000000,1587.000000,2115.000000,1665.000000
1591.000000,42.000000,1555.000000,210.000000
2042.000000,1627.000000,1895.000000,1724.000000
1151.000000,1593.000000,1187.000000,1771.000000
1290.000000,2064.000000,1411.000000,2168.000000
1345.000000,1999.000000,1147.000000,2067.000000
2508.000000,2396.000000,2288.000000,2518.000000
1770.000000,2462.000000,1974.000000,2558.000000
88.000000,2290.000000,348.000000,2397.000000
436.000000,23.000000,407.000000,212.000000
209.000000,1674.000000,538.000000,1827.000000
612.000000,1375.000000,1332.000000,1524.000000
475.000000,2225.000000,617.000000,2316.000000
2331.000000,1320.000000,2018.000000,1322.000000
850.000000,2512.000000,493.000000,2584.000000
2498.000000,2300.000000,2430.000000,2314.000000
1533.000000,461.000000,1649.000000,516.000000
2000.000000,1924.000000,2063.000000,1955.000000
1150.000000,1085.000000,1331.000000,1277.000000
330.000000,425.000000,228.000000,575.000000
1055.000000,215.000000,1234.000000,405.000000
1280.000000,1120.000000,1331.000000,1277.000000
433.000000,881.000000,908.000000,1034.000000
1332.000000,1524.000000,533.000000,1533.000000
2126.000000,497.000000,2084.000000,620.000000
1373.000000,1983.000000,1411.000000,2168.000000
466.000000,1076.000000,652.000000,1123.000000
328.000000,1190.000000,148.000000,1469.000000
1464.000000,1896.000000,1373.000000,1983.000000
1055.000000,215.000000,997.000000,600.000000
475.000000,2225.000000,439.000000,2518.000000
2548.000000,1075.000000,2533.000000,1332.000000
1151.000000,1593.000000,1131.000000,1666.000000
403.000000,346.000000,531.000000,572.000000
1725.000000,2151.000000,1770.000000,2462.000000
1322.000000,1525.000000,1401.000000,1618.000000
1548.000000,1112.000000,1828.000000,1207.000000
1322.000000,1525.000000,533.000000,1533.000000
772.000000,504.000000,997.000000,600.000000
1337.000000,525.000000,1519.000000,694.000000
596.000000,602.000000,744.000000,731.000000
2037.000000,864.000000,2294.000000,951.000000
2115.000000,1665.000000,2092.000000,1798.000000
2350.000000,196.000000,2571.000000,521.000000
1615.000000,1064.000000,1548.000000,1112.000000
1776.000000,847.000000,1768.000000,963.000000
21.000000,1444.000000,2.000000,1636.000000
693.000000,2005.000000,475.000000,2225.000000
1555.000000,210.000000,2012.000000,441.000000
2130.000000,1509.000000,2042.000000,1627.000000
164.000000,1608.000000,209.000000,1674.000000
900.000000,86.000000,961.000000,162.000000
894.000000,44.000000,961.000000,162.000000
1162.000000,119.000000,1055.000000,215.000000
229.000000,382.000000,228.000000,575.000000
2546.000000,552.000000,2303.000000,753.000000
1639.000000,1710.000000,1783.000000,1989.000000
31.000000,668.000000,2.000000,1636.000000
2339.000000,1764.000000,2256.000000,1960.000000
997.000000,600.000000,1104.000000,713.000000
803.000000,1265.000000,752.000000,1295.000000
2084.000000,620.000000,2303.000000,753.000000
761.000000,2362.000000,1068.000000,2411.000000
2533.000000,1332.000000,2508.000000,2396.000000
905.000000,1834.000000,905.000000,1904.000000
165.000000,1550.000000,2.000000,1636.000000
560.000000,203.000000,407.000000,212.000000
1355.000000,21.000000,894.000000,44.000000
1658.000000,455.000000,1649.000000,516.000000
1462.000000,1090.000000,1331.000000,1277.000000
2433.000000,1571.000000,2476.000000,1912.000000
1948.000000,2396.000000,1856.000000,2471.000000
2158.000000,2421.000000,1974.000000,2558.000000
997.000000,600.000000,860.000000,718.000000
1828.000000,1207.000000,1840.000000,1370.000000
1055.000000,215.000000,822.000000,230.000000
1290.000000,2064.000000,1245.000000,2370.000000
180.000000,703.000000,88.000000,1149.000000
744.000000,731.000000,908.000000,1034.000000
1617.000000,981.000000,1548.000000,1112.000000
849.000000,2503.000000,850.000000,2512.000000
2000.000000,1924.000000,1818.000000,2134.000000
2126.000000,497.000000,2228.000000,598.000000
1530.000000,91.000000,1234.000000,405.000000
2345.000000,2279.000000,2498.000000,2300.000000
2331.000000,1320.000000,2533.000000,1332.000000
617.000000,2316.000000,745.000000,2355.000000
652.000000,1123.000000,803.000000,1265.000000
1041.000000,1852.000000,907.000000,1914.000000
1113.000000,1698.000000,1027.000000,1765.000000
15.000000,1779.000000,6.000000,2031.000000
1431.000000,1517.000000,1401.000000,1618.000000
1519.000000,694.000000,1296.000000,981.000000
908.000000,1034.000000,1281.000000,1068.000000
1770.000000,2462.000000,1612.000000,2584.000000
999.000000,1561.000000,1151.000000,1593.000000
2533.000000,1332.000000,2433.000000,1571.000000
1818.000000,2134.000000,1725.000000,2151.000000
1713.000000,12.000000,1591.000000,42.000000
2264.000000,772.000000,2064.000000,788.000000
1027.000000,1765.000000,1041.000000,1852.000000
1479.000000,2002.000000,1439.000000,2140.000000
148.000000,1469.000000,165.000000,1550.000000
117.000000,1344.000000,148.000000,1469.000000
31.000000,668.000000,88.000000,1149.000000
148.000000,1469.000000,219.000000,1523.000000
1119.000000,350.000000,997.000000,600.000000
560.000000,203.000000,531.000000,572.000000
2092.000000,1798.000000,2063.000000,1955.000000
2442.000000,1722.000000,2476.000000,1912.000000
357.000000,2144.000000,88.000000,2290.000000
1857.000000,1038.000000,1615.000000,1064.000000
21.000000,1444.000000,148.000000,1469.000000
2571.000000,521.000000,2548.000000,1075.000000
569.000000,1232.000000,533.000000,1533.000000
1464.000000,1896.000000,1479.000000,2002.000000
2130.000000,1509.000000,1867.000000,1539.000000
374.000000,1466.000000,219.000000,1523.000000
1863.000000,1529.000000,1871.000000,1577.000000
1582.000000,777.000000,1429.000000,892.000000
894.000000,44.000000,900.000000,86.000000
533.000000,1533.000000,494.000000,1600.000000
1187.000000,1771.000000,1112.000000,1802.000000
2155.000000,2116.000000,1818.000000,2134.000000
2155.000000,2116.000000,1843.000000,2313.000000
559.000000,2431.000000,493.000000,2584.000000
988.000000,1126.000000,1134.000000,1381.000000
1332.000000,1524.000000,1401.000000,1618.000000
209.000000,1674.000000,15.000000,1779.000000
1555.000000,210.000000,1837.000000,369.000000
148.000000,2172.000000,45.000000,2208.000000
45.000000,2208.000000,95.000000,2380.000000
1694.000000,1647.000000,1700.000000,1691.000000
1499.000000,1828.000000,1479.000000,2002.000000
2571.000000,521.000000,2508.000000,2396.000000
2123.000000,482.000000,2126.000000,497.000000
908.000000,1034.000000,988.000000,1126.000000
374.000000,1466.000000,209.000000,1674.000000
1713.000000,12.000000,1632.000000,97.000000
1147.000000,2067.000000,1046.000000,2072.000000
2232.000000,1766.000000,2256.000000,1960.000000
1464.000000,1896.000000,1345.000000,1999.000000
1713.000000,12.000000,47.000000,18.000000
1245.000000,2370.000000,849.000000,2503.000000
2303.000000,753.000000,2183.000000,888.000000
194.000000,1984.000000,148.000000,2172.000000
2080.000000,1775.000000,1783.000000,1989.000000
228.000000,575.000000,180.000000,703.000000
881.000000,2241.000000,1105.000000,2366.000000
15.000000,1779.000000,176.000000,1963.000000
1713.000000,12.000000,2012.000000,441.000000
1290.000000,2064.000000,1046.000000,2072.000000
1429.000000,892.000000,1565.000000,973.000000
1337.000000,525.000000,1296.000000,981.000000
761.000000,2362.000000,1105.000000,2366.000000
1105.000000,2366.000000,1068.000000,2411.000000
374.000000,1466.000000,148.000000,1469.000000
475.000000,2225.000000,575.000000,2400.000000
2498.000000,2300.000000,2508.000000,2396.000000
382.000000,443.000000,393.000000,597.000000
47.000000,18.000000,2.000000,1636.000000
894.000000,44.000000,560.000000,203.000000
2123.000000,482.000000,2228.000000,598.000000
2339.000000,1764.000000,2476.000000,1912.000000
2054.000000,1132.000000,1828.000000,1207.000000
393.000000,597.000000,229.000000,626.000000
1555.000000,210.000000,1547.000000,433.000000
1331.000000,1277.000000,1263.000000,1350.000000
165.000000,1550.000000,209.000000,1674.000000
428.000000,808.000000,302.000000,845.000000
219.000000,1523.000000,165.000000,1550.000000
1439.000000,2140.000000,1401.000000,2309.000000
1322.000000,1525.000000,999.000000,1561.000000
822.000000,230.000000,814.000000,396.000000
1768.000000,963.000000,1857.000000,1038.000000
2546.000000,552.000000,2497.000000,929.000000
6.000000,2031.000000,45.000000,2208.000000
653.000000,2413.000000,849.000000,2503.000000
1837.000000,369.000000,2012.000000,441.000000
2007.000000,1151.000000,1828.000000,1207.000000
1776.000000,847.000000,2037.000000,864.000000
647.000000,1250.000000,612.000000,1375.000000
1462.000000,1090.000000,1828.000000,1207.000000
1870.000000,1303.000000,1840.000000,1370.000000
1840.000000,1370.000000,1889.000000,1386.000000
1582.000000,777.000000,1565.000000,973.000000
533.000000,1533.000000,999.000000,1561.000000
1776.000000,847.000000,1778.000000,936.000000
374.000000,1466.000000,494.000000,1600.000000
1944.000000,1450.000000,2183.000000,1519.000000
1345.000000,1999.000000,1290.000000,2064.000000
2350.000000,196.000000,2387.000000,333.000000
1119.000000,350.000000,1206.000000,400.000000
383.000000,1978.000000,357.000000,2144.000000
1867.000000,1539.000000,1895.000000,1724.000000
2294.000000,951.000000,2401.000000,1173.000000
407.000000,212.000000,403.000000,346.000000
1828.000000,1207.000000,1605.000000,1459.000000
1700.000000,1691.000000,1895.000000,1724.000000
1768.000000,963.000000,1615.000000,1064.000000
745.000000,2355.000000,653.000000,2413.000000
560.000000,203.000000,798.000000,368.000000
2037.000000,864.000000,2183.000000,888.000000
2346.000000,483.000000,2228.000000,598.000000
2228.000000,598.000000,2084.000000,620.000000
493.000000,2584.000000,1612.000000,2584.000000
1565.000000,973.000000,1548.000000,1112.000000
1843.000000,2313.000000,1948.000000,2396.000000
798.000000,368.000000,772.000000,504.000000
403.000000,346.000000,393.000000,597.000000
1948.000000,2396.000000,1974.000000,2558.000000
330.000000,425.000000,382.000000,443.000000
1884.000000,1208.000000,1889.000000,1386.000000
928.000000,1983.000000,881.000000,2241.000000
2054.000000,1132.000000,2007.000000,1151.000000
2284.000000,1141.000000,2018.000000,1322.000000
180.000000,703.000000,37.000000,709.000000
1041.000000,1852.000000,928.000000,1983.000000
1944.000000,1450.000000,2130.000000,1509.000000
745.000000,2355.000000,761.000000,2362.000000
1151.000000,1593.000000,1401.000000,1618.000000
568.000000,1648.000000,681.000000,1840.000000
1700.000000,1691.000000,2080.000000,1775.000000
1582.000000,777.000000,1617.000000,981.000000
1605.000000,1459.000000,1431.000000,1517.000000
1068.000000,2411.000000,849.000000,2503.000000
696.000000,1222.000000,569.000000,1232.000000
433.000000,881.000000,652.000000,1123.000000
1615.000000,1064.000000,1828.000000,1207.000000
652.000000,1123.000000,537.000000,1168.000000
2012.000000,441.000000,2123.000000,482.000000
494.000000,1600.000000,568.000000,1648.000000
620.000000,2329.000000,575.000000,2400.000000
1843.000000,429.000000,2012.000000,441.000000
105.000000,1248.000000,148.000000,1469.000000
905.000000,1834.000000,1041.000000,1852.000000
200.000000,2536.000000,434.000000,2542.000000
531.000000,572.000000,505.000000,632.000000
744.000000,731.000000,428.000000,808.000000
1716.000000,2062.000000,1818.000000,2134.000000
