POINTS
1990.000000,4.000000
1853.000000,51.000000
1958.000000,59.000000
1802.000000,77.000000
2423.000000,90.000000
1555.000000,100.000000
231.000000,108.000000
1184.000000,108.000000
900.000000,118.000000
682.000000,128.000000
1131.000000,140.000000
854.000000,154.000000
1813.000000,176.000000
2639.000000,177.000000
2015.000000,178.000000
2649.000000,187.000000
1124.000000,213.000000
2490.000000,220.000000
1180.000000,242.000000
1288.000000,259.000000
1707.000000,271.000000
122.000000,278.000000
1128.000000,286.000000
317.000000,294.000000
2060.000000,308.000000
2583.000000,315.000000
2425.000000,324.000000
196.000000,327.000000
1688.000000,330.000000
1163.000000,344.000000
2573.000000,361.000000
2798.000000,364.000000
1519.000000,366.000000
2326.000000,383.000000
1804.000000,386.000000
269.000000,396.000000
2343.000000,406.000000
2579.000000,409.000000
2644.000000,413.000000
2188.000000,431.000000
1673.000000,438.000000
641.000000,451.000000
2135.000000,452.000000
545.000000,466.000000
158.000000,467.000000
1698.000000,470.000000
2498.000000,480.000000
89.000000,482.000000
1713.000000,509.000000
2748.000000,518.000000
2221.000000,547.000000
2407.000000,550.000000
1929.000000,552.000000
939.000000,589.000000
690.000000,591.000000
804.000000,600.000000
2081.000000,612.000000
2232.000000,636.000000
939.000000,638.000000
1175.000000,645.000000
2129.000000,656.000000
2374.000000,661.000000
1891.000000,666.000000
2760.000000,666.000000
341.000000,690.000000
1853.000000,692.000000
2569.000000,704.000000
350.000000,714.000000
2601.000000,728.000000
1724.000000,742.000000
1339.000000,746.000000
1316.000000,763.000000
2321.000000,763.000000
1211.000000,771.000000
295.000000,784.000000
301.000000,786.000000
923.000000,800.000000
104.000000,839.000000
2663.000000,851.000000
1013.000000,853.000000
1295.000000,861.000000
1405.000000,874.000000
376.000000,878.000000
2066.000000,884.000000
1352.000000,896.000000
131.000000,897.000000
835.000000,897.000000
2580.000000,900.000000
2367.000000,908.000000
278.000000,941.000000
2222.000000,950.000000
1602.000000,958.000000
2122.000000,958.000000
889.000000,964.000000
2432.000000,968.000000
1941.000000,998.000000
1518.000000,1007.000000
2637.000000,1026.000000
150.000000,1039.000000
15.000000,1040.000000
1756.000000,1046.000000
121.000000,1053.000000
1927.000000,1060.000000
2408.000000,1083.000000
767.000000,1088.000000
1878.000000,1098.000000
124.000000,1111.000000
2192.000000,1122.000000
1388.000000,1123.000000
1676.000000,1132.000000
1567.000000,1134.000000
1080.000000,1144.000000
2691.000000,1146.000000
1007.000000,1153.000000
1509.000000,1157.000000
1891.000000,1184.000000
861.000000,1200.000000
2745.000000,1200.000000
2522.000000,1207.000000
779.000000,1210.000000
1498.000000,1211.000000
189.000000,1218.000000
303.000000,1235.000000
2678.000000,1244.000000
341.000000,1247.000000
628.000000,1248.000000
1704.000000,1263.000000
1593.000000,1264.000000
1141.000000,1267.000000
2524.000000,1293.000000
1480.000000,1309.000000
2041.000000,1322.000000
1339.000000,1331.000000
1441.000000,1345.000000
2629.000000,1356.000000
2495.000000,1364.000000
1738.000000,1368.000000
2382.000000,1371.000000
471.000000,1382.000000
2299.000000,1397.000000
2221.000000,1421.000000
1099.000000,1424.000000
947.000000,1445.000000
2164.000000,1445.000000
1043.000000,1447.000000
17.000000,1449.000000
192.000000,1463.000000
1062.000000,1476.000000
1731.000000,1479.000000
375.000000,1480.000000
2645.000000,1489.000000
2114.000000,1493.000000
2777.000000,1524.000000
2715.000000,1527.000000
2699.000000,1553.000000
1778.000000,1566.000000
1056.000000,1570.000000
2289.000000,1570.000000
65.000000,1586.000000
69.000000,1590.000000
1864.000000,1596.000000
743.000000,1605.000000
1502.000000,1609.000000
1959.000000,1627.000000
300.000000,1647.000000
695.000000,1654.000000
1697.000000,1668.000000
2678.000000,1677.000000
47.000000,1678.000000
2496.000000,1682.000000
804.000000,1702.000000
883.000000,1707.000000
73.000000,1708.000000
977.000000,1724.000000
542.000000,1725.000000
1277.000000,1725.000000
1733.000000,1725.000000
1198.000000,1742.000000
1446.000000,1743.000000
248.000000,1753.000000
2787.000000,1774.000000
1486.000000,1775.000000
1306.000000,1785.000000
514.000000,1787.000000
415.000000,1790.000000
617.000000,1792.000000
187.000000,1804.000000
979.000000,1813.000000
2167.000000,1816.000000
1950.000000,1818.000000
2708.000000,1823.000000
874.000000,1824.000000
2150.000000,1829.000000
2373.000000,1842.000000
2087.000000,1862.000000
791.000000,1866.000000
644.000000,1873.000000
368.000000,1876.000000
1297.000000,1876.000000
1609.000000,1890.000000
582.000000,1893.000000
2113.000000,1936.000000
1375.000000,1944.000000
11.000000,1960.000000
2303.000000,1973.000000
968.000000,1974.000000
2089.000000,1975.000000
680.000000,1976.000000
1928.000000,1981.000000
2704.000000,1993.000000
704.000000,1996.000000
2410.000000,2009.000000
80.000000,2012.000000
665.000000,2039.000000
1560.000000,2042.000000
1206.000000,2046.000000
1459.000000,2061.000000
1169.000000,2105.000000
2552.000000,2105.000000
134.000000,2135.000000
1961.000000,2139.000000
2004.000000,2147.000000
588.000000,2150.000000
593.000000,2155.000000
848.000000,2169.000000
2490.000000,2176.000000
639.000000,2178.000000
2024.000000,2182.000000
2712.000000,2184.000000
2485.000000,2188.000000
1943.000000,2191.000000
2515.000000,2207.000000
2692.000000,2217.000000
1662.000000,2246.000000
132.000000,2258.000000
2259.000000,2297.000000
872.000000,2322.000000
2138.000000,2324.000000
78.000000,2339.000000
2732.000000,2351.000000
271.000000,2378.000000
2150.000000,2381.000000
1366.000000,2389.000000
310.000000,2411.000000
2578.000000,2417.000000
2299.000000,2437.000000
140.000000,2451.000000
1106.000000,2472.000000
2400.000000,2489.000000
1256.000000,2494.000000
1479.000000,2505.000000
882.000000,2511.000000
111.000000,2520.000000
858.000000,2526.000000
265.000000,2535.000000
340.000000,2569.000000
1235.000000,2573.000000
1777.000000,2573.000000
1512.000000,2582.000000
1429.000000,2585.000000
1135.000000,2590.000000
2110.000000,2591.000000
795.000000,2601.000000
2585.000000,2611.000000
1393.000000,2613.000000
1541.000000,2615.000000
2568.000000,2657.000000
2325.000000,2658.000000
1860.000000,2668.000000
1717.000000,2680.000000
1990.000000,2680.000000
2471.000000,2726.000000
1445.000000,2732.000000
1089.000000,2736.000000
2707.000000,2746.000000
1722.000000,2747.000000
2665.000000,2766.000000
1233.000000,2768.000000
1834.000000,2777.000000
1233.000000,2805.000000
1574.000000,2807.000000
LINES
2524.000000,1293.000000,2678.000000,1677.000000
665.000000,2039.000000,639.000000,2178.000000
2015.000000,178.000000,1707.000000,271.000000
1445.000000,2732.000000,1574.000000,2807.000000
17.000000,1449.000000,65.000000,1586.000000
2649.000000,187.000000,2798.000000,364.000000
2691.000000,1146.000000,2522.000000,1207.000000
1777.000000,2573.000000,1717.000000,2680.000000
1339.000000,746.000000,1316.000000,763.000000
2485.000000,2188.000000,2515.000000,2207.000000
682.000000,128.000000,854.000000,154.000000
317.000000,294.000000,269.000000,396.000000
1593.000000,1264.000000,1502.000000,1609.000000
1446.000000,1743.000000,1306.000000,1785.000000
2748.000000,518.000000,2569.000000,704.000000
73.000000,1708.000000,187.000000,1804.000000
2787.000000,1774.000000,2732.000000,2351.000000
2299.000000,2437.000000,2110.000000,2591.000000
2299.000000,1397.000000,2164.000000,1445.000000
1891.000000,666.000000,2066.000000,884.000000
2524.000000,1293.000000,2645.000000,1489.000000
680.000000,1976.000000,704.000000,1996.000000
900.000000,118.000000,682.000000,128.000000
514.000000,1787.000000,134.000000,2135.000000
2135.000000,452.000000,1929.000000,552.000000
1756.000000,1046.000000,1891.000000,1184.000000
2259.000000,2297.000000,2299.000000,2437.000000
690.000000,591.000000,376.000000,878.000000
2573.000000,361.000000,2644.000000,413.000000
1756.000000,1046.000000,1927.000000,1060.000000
2798.000000,364.000000,2760.000000,666.000000
2798.000000,364.000000,2748.000000,518.000000
682.000000,128.000000,641.000000,451.000000
1339.000000,1331.000000,1441.000000,1345.000000
593.000000,2155.000000,858.000000,2526.000000
248.000000,1753.000000,368.000000,1876.000000
1804.000000,386.000000,1713.000000,509.000000
542.000000,1725.000000,617.000000,1792.000000
1056.000000,1570.000000,977.000000,1724.000000
1131.000000,140.000000,1124.000000,213.000000
187.000000,1804.000000,80.000000,2012.000000
1927.000000,1060.000000,2114.000000,1493.000000
1339.000000,746.000000,1405.000000,874.000000
1235.000000,2573.000000,1089.000000,2736.000000
1124.000000,213.000000,1180.000000,242.000000
1295.000000,861.000000,1405.000000,874.000000
617.000000,1792.000000,644.000000,1873.000000
2303.000000,1973.000000,2485.000000,2188.000000
1388.000000,1123.000000,1498.000000,1211.000000
134.000000,2135.000000,132.000000,2258.000000
295.000000,784.000000,131.000000,897.000000
2568.000000,2657.000000,2707.000000,2746.000000
1990.000000,4.000000,682.000000,128.000000
124.000000,1111.000000,303.000000,1235.000000
1502.000000,1609.000000,1697.000000,1668.000000
2569.000000,704.000000,2663.000000,851.000000
1316.000000,763.000000,1405.000000,874.000000
2289.000000,1570.000000,2167.000000,1816.000000
300.000000,1647.000000,187.000000,1804.000000
376.000000,878.000000,278.000000,941.000000
2110.000000,2591.000000,2471.000000,2726.000000
2490.000000,2176.000000,2485.000000,2188.000000
2150.000000,1829.000000,2089.000000,1975.000000
1124.000000,213.000000,1288.000000,259.000000
2496.000000,1682.000000,2373.000000,1842.000000
1722.000000,2747.000000,1574.000000,2807.000000
1990.000000,4.000000,1853.000000,51.000000
695.000000,1654.000000,644.000000,1873.000000
2167.000000,1816.000000,2113.000000,1936.000000
1990.000000,2680.000000,1834.000000,2777.000000
947.000000,1445.000000,1043.000000,1447.000000
1256.000000,2494.000000,1429.000000,2585.000000
1062.000000,1476.000000,1277.000000,1725.000000
2495.000000,1364.000000,2382.000000,1371.000000
2259.000000,2297.000000,2138.000000,2324.000000
2798.000000,364.000000,2644.000000,413.000000
301.000000,786.000000,376.000000,878.000000
2732.000000,2351.000000,2585.000000,2611.000000
1459.000000,2061.000000,1169.000000,2105.000000
1733.000000,1725.000000,1950.000000,1818.000000
2423.000000,90.000000,2326.000000,383.000000
1288.000000,259.000000,1339.000000,746.000000
1990.000000,4.000000,231.000000,108.000000
1235.000000,2573.000000,1233.000000,2768.000000
2760.000000,666.000000,2569.000000,704.000000
514.000000,1787.000000,415.000000,1790.000000
1375.000000,1944.000000,1169.000000,2105.000000
1929.000000,552.000000,1891.000000,666.000000
804.000000,600.000000,1013.000000,853.000000
1297.000000,1876.000000,1206.000000,2046.000000
680.000000,1976.000000,588.000000,2150.000000
2579.000000,409.000000,2644.000000,413.000000
1277.000000,1725.000000,1297.000000,1876.000000
628.000000,1248.000000,375.000000,1480.000000
968.000000,1974.000000,1206.000000,2046.000000
1950.000000,1818.000000,2087.000000,1862.000000
2135.000000,452.000000,2081.000000,612.000000
140.000000,2451.000000,111.000000,2520.000000
1738.000000,1368.000000,2114.000000,1493.000000
791.000000,1866.000000,680.000000,1976.000000
415.000000,1790.000000,368.000000,1876.000000
350.000000,714.000000,376.000000,878.000000
2712.000000,2184.000000,2515.000000,2207.000000
15.000000,1040.000000,11.000000,1960.000000
2221.000000,1421.000000,2164.000000,1445.000000
269.000000,396.000000,545.000000,466.000000
2113.000000,1936.000000,2004.000000,2147.000000
542.000000,1725.000000,514.000000,1787.000000
1163.000000,344.000000,1175.000000,645.000000
2569.000000,704.000000,2367.000000,908.000000
2495.000000,1364.000000,2496.000000,1682.000000
1891.000000,666.000000,1853.000000,692.000000
2678.000000,1677.000000,2496.000000,1682.000000
2585.000000,2611.000000,2471.000000,2726.000000
1738.000000,1368.000000,1731.000000,1479.000000
1673.000000,438.000000,1713.000000,509.000000
303.000000,1235.000000,341.000000,1247.000000
231.000000,108.000000,545.000000,466.000000
2114.000000,1493.000000,1959.000000,1627.000000
1519.000000,366.000000,1673.000000,438.000000
341.000000,1247.000000,471.000000,1382.000000
1891.000000,1184.000000,2114.000000,1493.000000
1733.000000,1725.000000,1486.000000,1775.000000
1288.000000,259.000000,1707.000000,271.000000
2089.000000,1975.000000,1928.000000,1981.000000
471.000000,1382.000000,375.000000,1480.000000
1441.000000,1345.000000,1502.000000,1609.000000
2663.000000,851.000000,2408.000000,1083.000000
1802.000000,77.000000,1707.000000,271.000000
2580.000000,900.000000,2408.000000,1083.000000
1089.000000,2736.000000,1233.000000,2805.000000
939.000000,589.000000,1175.000000,645.000000
47.000000,1678.000000,11.000000,1960.000000
150.000000,1039.000000,341.000000,1247.000000
872.000000,2322.000000,882.000000,2511.000000
968.000000,1974.000000,704.000000,1996.000000
2573.000000,361.000000,2579.000000,409.000000
542.000000,1725.000000,415.000000,1790.000000
593.000000,2155.000000,310.000000,2411.000000
2552.000000,2105.000000,2712.000000,2184.000000
1366.000000,2389.000000,1256.000000,2494.000000
1509.000000,1157.000000,1498.000000,1211.000000
1959.000000,1627.000000,1733.000000,1725.000000
2299.000000,1397.000000,2114.000000,1493.000000
189.000000,1218.000000,341.000000,1247.000000
1169.000000,2105.000000,1366.000000,2389.000000
1864.000000,1596.000000,1733.000000,1725.000000
189.000000,1218.000000,192.000000,1463.000000
2024.000000,2182.000000,1943.000000,2191.000000
1175.000000,645.000000,1013.000000,853.000000
1479.000000,2505.000000,1429.000000,2585.000000
2150.000000,1829.000000,2087.000000,1862.000000
1731.000000,1479.000000,1697.000000,1668.000000
15.000000,1040.000000,124.000000,1111.000000
301.000000,786.000000,278.000000,941.000000
2787.000000,1774.000000,2708.000000,1823.000000
1756.000000,1046.000000,1878.000000,1098.000000
1056.000000,1570.000000,743.000000,1605.000000
122.000000,278.000000,158.000000,467.000000
1688.000000,330.000000,1698.000000,470.000000
2704.000000,1993.000000,2552.000000,2105.000000
11.000000,1960.000000,80.000000,2012.000000
2498.000000,480.000000,2407.000000,550.000000
1943.000000,2191.000000,2150.000000,2381.000000
471.000000,1382.000000,192.000000,1463.000000
2663.000000,851.000000,2745.000000,1200.000000
1479.000000,2505.000000,1717.000000,2680.000000
368.000000,1876.000000,134.000000,2135.000000
317.000000,294.000000,545.000000,466.000000
2150.000000,2381.000000,2110.000000,2591.000000
1950.000000,1818.000000,1928.000000,1981.000000
593.000000,2155.000000,872.000000,2322.000000
65.000000,1586.000000,47.000000,1678.000000
2232.000000,636.000000,2129.000000,656.000000
158.000000,467.000000,15.000000,1040.000000
1853.000000,692.000000,1941.000000,998.000000
882.000000,2511.000000,795.000000,2601.000000
848.000000,2169.000000,872.000000,2322.000000
2129.000000,656.000000,2367.000000,908.000000
2222.000000,950.000000,2122.000000,958.000000
295.000000,784.000000,301.000000,786.000000
1813.000000,176.000000,2015.000000,178.000000
2568.000000,2657.000000,2665.000000,2766.000000
2578.000000,2417.000000,2585.000000,2611.000000
2645.000000,1489.000000,2699.000000,1553.000000
2232.000000,636.000000,2321.000000,763.000000
132.000000,2258.000000,271.000000,2378.000000
122.000000,278.000000,317.000000,294.000000
874.000000,1824.000000,791.000000,1866.000000
1878.000000,1098.000000,1891.000000,1184.000000
2325.000000,2658.000000,2471.000000,2726.000000
132.000000,2258.000000,310.000000,2411.000000
743.000000,1605.000000,695.000000,1654.000000
2110.000000,2591.000000,1990.000000,2680.000000
804.000000,600.000000,939.000000,638.000000
2129.000000,656.000000,2066.000000,884.000000
1184.000000,108.000000,1131.000000,140.000000
588.000000,2150.000000,593.000000,2155.000000
17.000000,1449.000000,11.000000,1960.000000
1388.000000,1123.000000,1339.000000,1331.000000
2425.000000,324.000000,2343.000000,406.000000
1518.000000,1007.000000,1388.000000,1123.000000
1429.000000,2585.000000,1445.000000,2732.000000
900.000000,118.000000,1128.000000,286.000000
1778.000000,1566.000000,1864.000000,1596.000000
791.000000,1866.000000,704.000000,1996.000000
617.000000,1792.000000,582.000000,1893.000000
1043.000000,1447.000000,1056.000000,1570.000000
1211.000000,771.000000,889.000000,964.000000
134.000000,2135.000000,588.000000,2150.000000
121.000000,1053.000000,303.000000,1235.000000
1135.000000,2590.000000,1089.000000,2736.000000
1717.000000,2680.000000,1834.000000,2777.000000
2490.000000,220.000000,2326.000000,383.000000
2663.000000,851.000000,2580.000000,900.000000
1288.000000,259.000000,1175.000000,645.000000
2303.000000,1973.000000,2004.000000,2147.000000
2583.000000,315.000000,2425.000000,324.000000
150.000000,1039.000000,121.000000,1053.000000
2167.000000,1816.000000,2303.000000,1973.000000
2569.000000,704.000000,2580.000000,900.000000
767.000000,1088.000000,471.000000,1382.000000
1056.000000,1570.000000,883.000000,1707.000000
2601.000000,728.000000,2663.000000,851.000000
1277.000000,1725.000000,1306.000000,1785.000000
1756.000000,1046.000000,1704.000000,1263.000000
1235.000000,2573.000000,1429.000000,2585.000000
1698.000000,470.000000,1713.000000,509.000000
665.000000,2039.000000,588.000000,2150.000000
1961.000000,2139.000000,1943.000000,2191.000000
1288.000000,259.000000,1128.000000,286.000000
1180.000000,242.000000,1288.000000,259.000000
104.000000,839.000000,15.000000,1040.000000
2732.000000,2351.000000,2578.000000,2417.000000
1891.000000,1184.000000,1704.000000,1263.000000
1099.000000,1424.000000,1043.000000,1447.000000
1990.000000,2680.000000,2665.000000,2766.000000
514.000000,1787.000000,617.000000,1792.000000
2423.000000,90.000000,2188.000000,431.000000
1429.000000,2585.000000,1541.000000,2615.000000
1676.000000,1132.000000,1498.000000,1211.000000
2578.000000,2417.000000,2471.000000,2726.000000
1860.000000,2668.000000,1990.000000,2680.000000
1013.000000,853.000000,889.000000,964.000000
2299.000000,2437.000000,2325.000000,2658.000000
767.000000,1088.000000,779.000000,1210.000000
641.000000,451.000000,690.000000,591.000000
2408.000000,1083.000000,2192.000000,1122.000000
835.000000,897.000000,767.000000,1088.000000
111.000000,2520.000000,1233.000000,2805.000000
2645.000000,1489.000000,2678.000000,1677.000000
2087.000000,1862.000000,2089.000000,1975.000000
1927.000000,1060.000000,1878.000000,1098.000000
1777.000000,2573.000000,1990.000000,2680.000000
1141.000000,1267.000000,947.000000,1445.000000
2221.000000,547.000000,2407.000000,550.000000
1662.000000,2246.000000,1366.000000,2389.000000
15.000000,1040.000000,121.000000,1053.000000
968.000000,1974.000000,848.000000,2169.000000
923.000000,800.000000,889.000000,964.000000
2373.000000,1842.000000,2303.000000,1973.000000
1593.000000,1264.000000,1441.000000,1345.000000
78.000000,2339.000000,140.000000,2451.000000
1731.000000,1479.000000,1778.000000,1566.000000
1339.000000,1331.000000,1099.000000,1424.000000
2515.000000,2207.000000,2732.000000,2351.000000
858.000000,2526.000000,340.000000,2569.000000
1080.000000,1144.000000,861.000000,1200.000000
690.000000,591.000000,350.000000,714.000000
1288.000000,259.000000,1519.000000,366.000000
2649.000000,187.000000,2583.000000,315.000000
104.000000,839.000000,131.000000,897.000000
695.000000,1654.000000,791.000000,1866.000000
2663.000000,851.000000,2691.000000,1146.000000
1555.000000,100.000000,1288.000000,259.000000
2760.000000,666.000000,2663.000000,851.000000
1062.000000,1476.000000,1198.000000,1742.000000
2400.000000,2489.000000,2471.000000,2726.000000
1853.000000,51.000000,1958.000000,59.000000
196.000000,327.000000,269.000000,396.000000
2343.000000,406.000000,2188.000000,431.000000
1512.000000,2582.000000,1429.000000,2585.000000
2066.000000,884.000000,1941.000000,998.000000
854.000000,154.000000,641.000000,451.000000
2122.000000,958.000000,1941.000000,998.000000
1541.000000,2615.000000,1445.000000,2732.000000
1480.000000,1309.000000,1339.000000,1331.000000
295.000000,784.000000,104.000000,839.000000
2639.000000,177.000000,2490.000000,220.000000
15.000000,1040.000000,189.000000,1218.000000
341.000000,690.000000,350.000000,714.000000
2410.000000,2009.000000,2490.000000,2176.000000
2423.000000,90.000000,2015.000000,178.000000
1106.000000,2472.000000,1089.000000,2736.000000
593.000000,2155.000000,340.000000,2569.000000
1860.000000,2668.000000,1834.000000,2777.000000
158.000000,467.000000,341.000000,690.000000
2060.000000,308.000000,1804.000000,386.000000
1756.000000,1046.000000,1676.000000,1132.000000
514.000000,1787.000000,582.000000,1893.000000
2089.000000,1975.000000,2004.000000,2147.000000
1733.000000,1725.000000,1928.000000,1981.000000
1007.000000,1153.000000,861.000000,1200.000000
1375.000000,1944.000000,1459.000000,2061.000000
2221.000000,547.000000,2374.000000,661.000000
2644.000000,413.000000,2748.000000,518.000000
2485.000000,2188.000000,2259.000000,2297.000000
2221.000000,547.000000,2129.000000,656.000000
900.000000,118.000000,1124.000000,213.000000
2192.000000,1122.000000,2382.000000,1371.000000
1943.000000,2191.000000,1777.000000,2573.000000
1567.000000,1134.000000,1509.000000,1157.000000
2522.000000,1207.000000,2524.000000,1293.000000
1080.000000,1144.000000,947.000000,1445.000000
889.000000,964.000000,767.000000,1088.000000
704.000000,1996.000000,848.000000,2169.000000
11.000000,1960.000000,78.000000,2339.000000
2498.000000,480.000000,2748.000000,518.000000
2787.000000,1774.000000,2704.000000,1993.000000
2289.000000,1570.000000,1959.000000,1627.000000
1738.000000,1368.000000,1778.000000,1566.000000
2129.000000,656.000000,2222.000000,950.000000
1233.000000,2768.000000,1574.000000,2807.000000
1722.000000,2747.000000,1834.000000,2777.000000
2712.000000,2184.000000,2732.000000,2351.000000
2024.000000,2182.000000,2138.000000,2324.000000
271.000000,2378.000000,140.000000,2451.000000
2522.000000,1207.000000,2495.000000,1364.000000
1128.000000,286.000000,1163.000000,344.000000
2524.000000,1293.000000,2629.000000,1356.000000
1541.000000,2615.000000,1717.000000,2680.000000
690.000000,591.000000,341.000000,690.000000
189.000000,1218.000000,303.000000,1235.000000
1184.000000,108.000000,1124.000000,213.000000
131.000000,897.000000,15.000000,1040.000000
2423.000000,90.000000,2639.000000,177.000000
545.000000,466.000000,690.000000,591.000000
1106.000000,2472.000000,1256.000000,2494.000000
189.000000,1218.000000,17.000000,1449.000000
2645.000000,1489.000000,2715.000000,1527.000000
2015.000000,178.000000,2060.000000,308.000000
1233.000000,2805.000000,1574.000000,2807.000000
644.000000,1873.000000,582.000000,1893.000000
872.000000,2322.000000,1106.000000,2472.000000
968.000000,1974.000000,1169.000000,2105.000000
2496.000000,1682.000000,2552.000000,2105.000000
300.000000,1647.000000,248.000000,1753.000000
593.000000,2155.000000,639.000000,2178.000000
848.000000,2169.000000,639.000000,2178.000000
2665.000000,2766.000000,1834.000000,2777.000000
1777.000000,2573.000000,1860.000000,2668.000000
2367.000000,908.000000,2432.000000,968.000000
1175.000000,645.000000,1211.000000,771.000000
1731.000000,1479.000000,1502.000000,1609.000000
187.000000,1804.000000,368.000000,1876.000000
2490.000000,2176.000000,2515.000000,2207.000000
2485.000000,2188.000000,2400.000000,2489.000000
1990.000000,4.000000,2423.000000,90.000000
861.000000,1200.000000,779.000000,1210.000000
2188.000000,431.000000,2221.000000,547.000000
861.000000,1200.000000,628.000000,1248.000000
1277.000000,1725.000000,1198.000000,1742.000000
2745.000000,1200.000000,2777.000000,1524.000000
2113.000000,1936.000000,2089.000000,1975.000000
1609.000000,1890.000000,1459.000000,2061.000000
1502.000000,1609.000000,1446.000000,1743.000000
2114.000000,1493.000000,1778.000000,1566.000000
192.000000,1463.000000,69.000000,1590.000000
804.000000,600.000000,923.000000,800.000000
2704.000000,1993.000000,2732.000000,2351.000000
1169.000000,2105.000000,1256.000000,2494.000000
1141.000000,1267.000000,1099.000000,1424.000000
1676.000000,1132.000000,1567.000000,1134.000000
1864.000000,1596.000000,1697.000000,1668.000000
2708.000000,1823.000000,2552.000000,2105.000000
682.000000,128.000000,545.000000,466.000000
69.000000,1590.000000,300.000000,1647.000000
1927.000000,1060.000000,1891.000000,1184.000000
1891.000000,1184.000000,1738.000000,1368.000000
795.000000,2601.000000,1233.000000,2805.000000
2221.000000,547.000000,2081.000000,612.000000
2678.000000,1677.000000,2787.000000,1774.000000
582.000000,1893.000000,680.000000,1976.000000
804.000000,600.000000,835.000000,897.000000
923.000000,800.000000,1013.000000,853.000000
2495.000000,1364.000000,2299.000000,1397.000000
158.000000,467.000000,350.000000,714.000000
47.000000,1678.000000,187.000000,1804.000000
2299.000000,1397.000000,2289.000000,1570.000000
2192.000000,1122.000000,2221.000000,1421.000000
1062.000000,1476.000000,1502.000000,1609.000000
1688.000000,330.000000,1804.000000,386.000000
1043.000000,1447.000000,1062.000000,1476.000000
1990.000000,4.000000,2015.000000,178.000000
124.000000,1111.000000,189.000000,1218.000000
779.000000,1210.000000,628.000000,1248.000000
2167.000000,1816.000000,2373.000000,1842.000000
1446.000000,1743.000000,1486.000000,1775.000000
1198.000000,1742.000000,968.000000,1974.000000
1541.000000,2615.000000,1574.000000,2807.000000
295.000000,784.000000,278.000000,941.000000
1688.000000,330.000000,1519.000000,366.000000
1778.000000,1566.000000,1959.000000,1627.000000
1498.000000,1211.000000,1593.000000,1264.000000
1198.000000,1742.000000,1297.000000,1876.000000
2663.000000,851.000000,2637.000000,1026.000000
1756.000000,1046.000000,1567.000000,1134.000000
2708.000000,1823.000000,2704.000000,1993.000000
73.000000,1708.000000,80.000000,2012.000000
1929.000000,552.000000,2081.000000,612.000000
1704.000000,1263.000000,1593.000000,1264.000000
848.000000,2169.000000,1256.000000,2494.000000
889.000000,964.000000,1007.000000,1153.000000
350.000000,714.000000,301.000000,786.000000
2425.000000,324.000000,2326.000000,383.000000
69.000000,1590.000000,47.000000,1678.000000
854.000000,154.000000,939.000000,589.000000
2192.000000,1122.000000,2299.000000,1397.000000
1459.000000,2061.000000,1662.000000,2246.000000
1486.000000,1775.000000,1459.000000,2061.000000
1295.000000,861.000000,889.000000,964.000000
300.000000,1647.000000,47.000000,1678.000000
804.000000,1702.000000,791.000000,1866.000000
196.000000,327.000000,158.000000,467.000000
947.000000,1445.000000,1056.000000,1570.000000
158.000000,467.000000,295.000000,784.000000
269.000000,396.000000,341.000000,690.000000
1961.000000,2139.000000,2004.000000,2147.000000
1184.000000,108.000000,1288.000000,259.000000
2408.000000,1083.000000,2382.000000,1371.000000
1498.000000,1211.000000,1480.000000,1309.000000
2192.000000,1122.000000,2164.000000,1445.000000
1235.000000,2573.000000,1135.000000,2590.000000
2164.000000,1445.000000,2114.000000,1493.000000
265.000000,2535.000000,340.000000,2569.000000
889.000000,964.000000,861.000000,1200.000000
2303.000000,1973.000000,2259.000000,2297.000000
2343.000000,406.000000,2498.000000,480.000000
158.000000,467.000000,89.000000,482.000000
1056.000000,1570.000000,804.000000,1702.000000
628.000000,1248.000000,947.000000,1445.000000
1288.000000,259.000000,1673.000000,438.000000
1180.000000,242.000000,1128.000000,286.000000
2585.000000,2611.000000,2707.000000,2746.000000
767.000000,1088.000000,861.000000,1200.000000
1198.000000,1742.000000,979.000000,1813.000000
1277.000000,1725.000000,1446.000000,1743.000000
1717.000000,2680.000000,1574.000000,2807.000000
883.000000,1707.000000,874.000000,1824.000000
514.000000,1787.000000,368.000000,1876.000000
350.000000,714.000000,295.000000,784.000000
1297.000000,1876.000000,968.000000,1974.000000
1295.000000,861.000000,1388.000000,1123.000000
1446.000000,1743.000000,1459.000000,2061.000000
2691.000000,1146.000000,2678.000000,1244.000000
1502.000000,1609.000000,1486.000000,1775.000000
2188.000000,431.000000,2135.000000,452.000000
854.000000,154.000000,1163.000000,344.000000
1676.000000,1132.000000,1704.000000,1263.000000
2167.000000,1816.000000,2087.000000,1862.000000
2041.000000,1322.000000,2114.000000,1493.000000
882.000000,2511.000000,858.000000,2526.000000
231.000000,108.000000,122.000000,278.000000
900.000000,118.000000,854.000000,154.000000
872.000000,2322.000000,858.000000,2526.000000
1713.000000,509.000000,1929.000000,552.000000
2715.000000,1527.000000,2787.000000,1774.000000
2639.000000,177.000000,2649.000000,187.000000
680.000000,1976.000000,639.000000,2178.000000
1802.000000,77.000000,1288.000000,259.000000
2407.000000,550.000000,2569.000000,704.000000
690.000000,591.000000,835.000000,897.000000
1316.000000,763.000000,1295.000000,861.000000
835.000000,897.000000,889.000000,964.000000
2715.000000,1527.000000,2699.000000,1553.000000
2699.000000,1553.000000,2678.000000,1677.000000
2798.000000,364.000000,2745.000000,1200.000000
2373.000000,1842.000000,2552.000000,2105.000000
1486.000000,1775.000000,1609.000000,1890.000000
874.000000,1824.000000,968.000000,1974.000000
1141.000000,1267.000000,1339.000000,1331.000000
1860.000000,2668.000000,1717.000000,2680.000000
2760.000000,666.000000,2745.000000,1200.000000
2060.000000,308.000000,2135.000000,452.000000
2259.000000,2297.000000,2400.000000,2489.000000
310.000000,2411.000000,265.000000,2535.000000
2410.000000,2009.000000,2485.000000,2188.000000
2583.000000,315.000000,2798.000000,364.000000
2114.000000,1493.000000,2289.000000,1570.000000
1056.000000,1570.000000,1198.000000,1742.000000
2382.000000,1371.000000,2299.000000,1397.000000
1602.000000,958.000000,1567.000000,1134.000000
2745.000000,1200.000000,2629.000000,1356.000000
1479.000000,2505.000000,1541.000000,2615.000000
1405.000000,874.000000,1518.000000,1007.000000
131.000000,897.000000,278.000000,941.000000
1339.000000,746.000000,1602.000000,958.000000
1445.000000,2732.000000,1233.000000,2768.000000
2408.000000,1083.000000,2522.000000,1207.000000
1943.000000,2191.000000,2110.000000,2591.000000
639.000000,2178.000000,872.000000,2322.000000
132.000000,2258.000000,78.000000,2339.000000
2060.000000,308.000000,1929.000000,552.000000
1673.000000,438.000000,1698.000000,470.000000
2490.000000,220.000000,2583.000000,315.000000
2221.000000,547.000000,2232.000000,636.000000
695.000000,1654.000000,542.000000,1725.000000
2374.000000,661.000000,2321.000000,763.000000
1502.000000,1609.000000,1277.000000,1725.000000
2645.000000,1489.000000,2777.000000,1524.000000
2691.000000,1146.000000,2745.000000,1200.000000
1518.000000,1007.000000,1567.000000,1134.000000
2732.000000,2351.000000,2400.000000,2489.000000
2748.000000,518.000000,2760.000000,666.000000
767.000000,1088.000000,341.000000,1247.000000
78.000000,2339.000000,111.000000,2520.000000
979.000000,1813.000000,874.000000,1824.000000
545.000000,466.000000,341.000000,690.000000
2471.000000,2726.000000,2665.000000,2766.000000
271.000000,2378.000000,310.000000,2411.000000
2699.000000,1553.000000,2787.000000,1774.000000
2552.000000,2105.000000,2515.000000,2207.000000
121.000000,1053.000000,124.000000,1111.000000
1175.000000,645.000000,1316.000000,763.000000
1941.000000,998.000000,1756.000000,1046.000000
150.000000,1039.000000,303.000000,1235.000000
977.000000,1724.000000,1198.000000,1742.000000
2423.000000,90.000000,2490.000000,220.000000
1366.000000,2389.000000,1479.000000,2505.000000
1480.000000,1309.000000,1441.000000,1345.000000
1169.000000,2105.000000,848.000000,2169.000000
743.000000,1605.000000,804.000000,1702.000000
17.000000,1449.000000,192.000000,1463.000000
1375.000000,1944.000000,1206.000000,2046.000000
804.000000,1702.000000,883.000000,1707.000000
376.000000,878.000000,341.000000,1247.000000
1211.000000,771.000000,1295.000000,861.000000
939.000000,638.000000,1013.000000,853.000000
2569.000000,704.000000,2601.000000,728.000000
2637.000000,1026.000000,2522.000000,1207.000000
1206.000000,2046.000000,1169.000000,2105.000000
2081.000000,612.000000,2066.000000,884.000000
1106.000000,2472.000000,1135.000000,2590.000000
2704.000000,1993.000000,2712.000000,2184.000000
1080.000000,1144.000000,1141.000000,1267.000000
2578.000000,2417.000000,2400.000000,2489.000000
1175.000000,645.000000,1339.000000,746.000000
1479.000000,2505.000000,1512.000000,2582.000000
1256.000000,2494.000000,1479.000000,2505.000000
1306.000000,1785.000000,1297.000000,1876.000000
1593.000000,1264.000000,1738.000000,1368.000000
2637.000000,1026.000000,2408.000000,1083.000000
340.000000,2569.000000,795.000000,2601.000000
1673.000000,438.000000,1339.000000,746.000000
628.000000,1248.000000,471.000000,1382.000000
1928.000000,1981.000000,1943.000000,2191.000000
2087.000000,1862.000000,1928.000000,1981.000000
1707.000000,271.000000,1519.000000,366.000000
1339.000000,1331.000000,1502.000000,1609.000000
2232.000000,636.000000,2374.000000,661.000000
2678.000000,1244.000000,2629.000000,1356.000000
1941.000000,998.000000,1927.000000,1060.000000
2343.000000,406.000000,2407.000000,550.000000
1479.000000,2505.000000,1777.000000,2573.000000
2122.000000,958.000000,2192.000000,1122.000000
1943.000000,2191.000000,2138.000000,2324.000000
2150.000000,2381.000000,2299.000000,2437.000000
2580.000000,900.000000,2432.000000,968.000000
2299.000000,2437.000000,2400.000000,2489.000000
2490.000000,220.000000,2425.000000,324.000000
1352.000000,896.000000,1388.000000,1123.000000
1184.000000,108.000000,900.000000,118.000000
1958.000000,59.000000,2015.000000,178.000000
514.000000,1787.000000,588.000000,2150.000000
1099.000000,1424.000000,1062.000000,1476.000000
248.000000,1753.000000,187.000000,1804.000000
187.000000,1804.000000,134.000000,2135.000000
2777.000000,1524.000000,2715.000000,1527.000000
1560.000000,2042.000000,1943.000000,2191.000000
2015.000000,178.000000,2188.000000,431.000000
1834.000000,2777.000000,1574.000000,2807.000000
1990.000000,4.000000,1958.000000,59.000000
17.000000,1449.000000,47.000000,1678.000000
1927.000000,1060.000000,2192.000000,1122.000000
1713.000000,509.000000,1724.000000,742.000000
1602.000000,958.000000,1756.000000,1046.000000
376.000000,878.000000,767.000000,1088.000000
1295.000000,861.000000,1080.000000,1144.000000
341.000000,1247.000000,192.000000,1463.000000
641.000000,451.000000,545.000000,466.000000
1163.000000,344.000000,939.000000,589.000000
1928.000000,1981.000000,1560.000000,2042.000000
1295.000000,861.000000,1141.000000,1267.000000
977.000000,1724.000000,979.000000,1813.000000
271.000000,2378.000000,265.000000,2535.000000
73.000000,1708.000000,11.000000,1960.000000
767.000000,1088.000000,628.000000,1248.000000
582.000000,1893.000000,588.000000,2150.000000
1778.000000,1566.000000,1697.000000,1668.000000
65.000000,1586.000000,69.000000,1590.000000
690.000000,591.000000,804.000000,600.000000
2745.000000,1200.000000,2645.000000,1489.000000
1853.000000,51.000000,1288.000000,259.000000
900.000000,118.000000,1131.000000,140.000000
2580.000000,900.000000,2367.000000,908.000000
2639.000000,177.000000,2583.000000,315.000000
882.000000,2511.000000,1089.000000,2736.000000
376.000000,878.000000,835.000000,897.000000
1853.000000,51.000000,900.000000,118.000000
2629.000000,1356.000000,2645.000000,1489.000000
2496.000000,1682.000000,2708.000000,1823.000000
2798.000000,364.000000,2777.000000,1524.000000
2522.000000,1207.000000,2382.000000,1371.000000
1297.000000,1876.000000,1375.000000,1944.000000
2410.000000,2009.000000,2552.000000,2105.000000
804.000000,1702.000000,874.000000,1824.000000
1388.000000,1123.000000,1509.000000,1157.000000
1498.000000,1211.000000,1339.000000,1331.000000
1697.000000,1668.000000,1486.000000,1775.000000
2004.000000,2147.000000,2259.000000,2297.000000
2485.000000,2188.000000,2732.000000,2351.000000
1853.000000,51.000000,682.000000,128.000000
1673.000000,438.000000,1602.000000,958.000000
1080.000000,1144.000000,1007.000000,1153.000000
2665.000000,2766.000000,1574.000000,2807.000000
791.000000,1866.000000,968.000000,1974.000000
1518.000000,1007.000000,1509.000000,1157.000000
1459.000000,2061.000000,1366.000000,2389.000000
1256.000000,2494.000000,1135.000000,2590.000000
848.000000,2169.000000,1106.000000,2472.000000
2579.000000,409.000000,2748.000000,518.000000
2707.000000,2746.000000,2665.000000,2766.000000
2425.000000,324.000000,2573.000000,361.000000
1927.000000,1060.000000,2041.000000,1322.000000
2222.000000,950.000000,2192.000000,1122.000000
2343.000000,406.000000,2221.000000,547.000000
2167.000000,1816.000000,2150.000000,1829.000000
1891.000000,666.000000,1941.000000,998.000000
743.000000,1605.000000,542.000000,1725.000000
2568.000000,2657.000000,2471.000000,2726.000000
1724.000000,742.000000,1941.000000,998.000000
1804.000000,386.000000,1929.000000,552.000000
2637.000000,1026.000000,2691.000000,1146.000000
2579.000000,409.000000,2498.000000,480.000000
1864.000000,1596.000000,1959.000000,1627.000000
889.000000,964.000000,1080.000000,1144.000000
2583.000000,315.000000,2644.000000,413.000000
1959.000000,1627.000000,2167.000000,1816.000000
644.000000,1873.000000,680.000000,1976.000000
1560.000000,2042.000000,1662.000000,2246.000000
1724.000000,742.000000,1602.000000,958.000000
2777.000000,1524.000000,2787.000000,1774.000000
2289.000000,1570.000000,2373.000000,1842.000000
947.000000,1445.000000,743.000000,1605.000000
1593.000000,1264.000000,1731.000000,1479.000000
1943.000000,2191.000000,1479.000000,2505.000000
131.000000,897.000000,121.000000,1053.000000
140.000000,2451.000000,265.000000,2535.000000
248.000000,1753.000000,415.000000,1790.000000
1697.000000,1668.000000,1733.000000,1725.000000
111.000000,2520.000000,265.000000,2535.000000
1555.000000,100.000000,1184.000000,108.000000
2400.000000,2489.000000,2325.000000,2658.000000
2326.000000,383.000000,2188.000000,431.000000
1928.000000,1981.000000,2004.000000,2147.000000
2515.000000,2207.000000,2692.000000,2217.000000
939.000000,589.000000,939.000000,638.000000
1707.000000,271.000000,1804.000000,386.000000
2150.000000,1829.000000,2113.000000,1936.000000
1393.000000,2613.000000,1233.000000,2768.000000
300.000000,1647.000000,542.000000,1725.000000
1429.000000,2585.000000,1393.000000,2613.000000
2122.000000,958.000000,1927.000000,1060.000000
2066.000000,884.000000,2122.000000,958.000000
2373.000000,1842.000000,2410.000000,2009.000000
2432.000000,968.000000,2408.000000,1083.000000
2192.000000,1122.000000,2041.000000,1322.000000
2712.000000,2184.000000,2692.000000,2217.000000
2678.000000,1677.000000,2708.000000,1823.000000
1853.000000,51.000000,1802.000000,77.000000
2015.000000,178.000000,1804.000000,386.000000
1804.000000,386.000000,1698.000000,470.000000
1593.000000,1264.000000,1480.000000,1309.000000
883.000000,1707.000000,977.000000,1724.000000
1958.000000,59.000000,1802.000000,77.000000
2113.000000,1936.000000,2303.000000,1973.000000
1233.000000,2768.000000,1233.000000,2805.000000
231.000000,108.000000,682.000000,128.000000
2524.000000,1293.000000,2496.000000,1682.000000
2425.000000,324.000000,2579.000000,409.000000
15.000000,1040.000000,17.000000,1449.000000
47.000000,1678.000000,73.000000,1708.000000
2787.000000,1774.000000,2707.000000,2746.000000
861.000000,1200.000000,947.000000,1445.000000
695.000000,1654.000000,804.000000,1702.000000
134.000000,2135.000000,310.000000,2411.000000
1560.000000,2042.000000,1459.000000,2061.000000
2081.000000,612.000000,1891.000000,666.000000
695.000000,1654.000000,617.000000,1792.000000
2303.000000,1973.000000,2410.000000,2009.000000
2569.000000,704.000000,2321.000000,763.000000
2129.000000,656.000000,2321.000000,763.000000
641.000000,451.000000,939.000000,589.000000
134.000000,2135.000000,78.000000,2339.000000
628.000000,1248.000000,743.000000,1605.000000
1124.000000,213.000000,1128.000000,286.000000
1316.000000,763.000000,1211.000000,771.000000
1853.000000,51.000000,1555.000000,100.000000
300.000000,1647.000000,415.000000,1790.000000
1959.000000,1627.000000,1950.000000,1818.000000
2289.000000,1570.000000,2496.000000,1682.000000
795.000000,2601.000000,1089.000000,2736.000000
900.000000,118.000000,1163.000000,344.000000
80.000000,2012.000000,134.000000,2135.000000
1713.000000,509.000000,1853.000000,692.000000
11.000000,1960.000000,134.000000,2135.000000
1306.000000,1785.000000,1375.000000,1944.000000
1512.000000,2582.000000,1541.000000,2615.000000
1405.000000,874.000000,1352.000000,896.000000
2004.000000,2147.000000,2024.000000,2182.000000
1707.000000,271.000000,1688.000000,330.000000
192.000000,1463.000000,300.000000,1647.000000
704.000000,1996.000000,639.000000,2178.000000
1256.000000,2494.000000,1235.000000,2573.000000
1235.000000,2573.000000,1393.000000,2613.000000
1089.000000,2736.000000,1233.000000,2768.000000
1717.000000,2680.000000,1722.000000,2747.000000
340.000000,2569.000000,1233.000000,2805.000000
1099.000000,1424.000000,947.000000,1445.000000
1339.000000,1331.000000,1062.000000,1476.000000
111.000000,2520.000000,340.000000,2569.000000
1928.000000,1981.000000,1961.000000,2139.000000
641.000000,451.000000,804.000000,600.000000
1853.000000,692.000000,1724.000000,742.000000
1288.000000,259.000000,1163.000000,344.000000
2678.000000,1244.000000,2524.000000,1293.000000
2015.000000,178.000000,2135.000000,452.000000
1106.000000,2472.000000,882.000000,2511.000000
231.000000,108.000000,317.000000,294.000000
1688.000000,330.000000,1673.000000,438.000000
2066.000000,884.000000,2222.000000,950.000000
2135.000000,452.000000,2221.000000,547.000000
278.000000,941.000000,150.000000,1039.000000
883.000000,1707.000000,979.000000,1813.000000
1958.000000,59.000000,1813.000000,176.000000
1733.000000,1725.000000,1609.000000,1890.000000
122.000000,278.000000,89.000000,482.000000
1733.000000,1725.000000,1560.000000,2042.000000
1959.000000,1627.000000,2087.000000,1862.000000
158.000000,467.000000,104.000000,839.000000
1724.000000,742.000000,1756.000000,1046.000000
2732.000000,2351.000000,2707.000000,2746.000000
2585.000000,2611.000000,2568.000000,2657.000000
2583.000000,315.000000,2573.000000,361.000000
1929.000000,552.000000,1853.000000,692.000000
192.000000,1463.000000,65.000000,1586.000000
2259.000000,2297.000000,2150.000000,2381.000000
680.000000,1976.000000,665.000000,2039.000000
310.000000,2411.000000,340.000000,2569.000000
2692.000000,2217.000000,2732.000000,2351.000000
376.000000,878.000000,150.000000,1039.000000
375.000000,1480.000000,542.000000,1725.000000
2343.000000,406.000000,2579.000000,409.000000
1777.000000,2573.000000,2110.000000,2591.000000
1352.000000,896.000000,1518.000000,1007.000000
1943.000000,2191.000000,1662.000000,2246.000000
2110.000000,2591.000000,2325.000000,2658.000000
134.000000,2135.000000,593.000000,2155.000000
1853.000000,51.000000,1184.000000,108.000000
131.000000,897.000000,150.000000,1039.000000
1393.000000,2613.000000,1445.000000,2732.000000
1676.000000,1132.000000,1593.000000,1264.000000
2495.000000,1364.000000,2289.000000,1570.000000
2798.000000,364.000000,2787.000000,1774.000000
2367.000000,908.000000,2192.000000,1122.000000
2745.000000,1200.000000,2678.000000,1244.000000
2498.000000,480.000000,2569.000000,704.000000
375.000000,1480.000000,743.000000,1605.000000
317.000000,294.000000,196.000000,327.000000
2004.000000,2147.000000,1943.000000,2191.000000
1339.000000,746.000000,1518.000000,1007.000000
1802.000000,77.000000,1813.000000,176.000000
1446.000000,1743.000000,1375.000000,1944.000000
78.000000,2339.000000,271.000000,2378.000000
2004.000000,2147.000000,2138.000000,2324.000000
1295.000000,861.000000,1352.000000,896.000000
1813.000000,176.000000,1707.000000,271.000000
2367.000000,908.000000,2408.000000,1083.000000
588.000000,2150.000000,639.000000,2178.000000
2326.000000,383.000000,2343.000000,406.000000
375.000000,1480.000000,300.000000,1647.000000
858.000000,2526.000000,795.000000,2601.000000
1062.000000,1476.000000,1056.000000,1570.000000
192.000000,1463.000000,375.000000,1480.000000
2374.000000,661.000000,2569.000000,704.000000
939.000000,589.000000,804.000000,600.000000
2138.000000,2324.000000,2150.000000,2381.000000
1662.000000,2246.000000,1479.000000,2505.000000
2299.000000,1397.000000,2221.000000,1421.000000
269.000000,396.000000,158.000000,467.000000
1211.000000,771.000000,1013.000000,853.000000
2321.000000,763.000000,2367.000000,908.000000
2041.000000,1322.000000,2164.000000,1445.000000
2522.000000,1207.000000,2678.000000,1244.000000
1704.000000,1263.000000,1738.000000,1368.000000
923.000000,800.000000,835.000000,897.000000
1388.000000,1123.000000,1141.000000,1267.000000
1609.000000,1890.000000,1560.000000,2042.000000
2760.000000,666.000000,2601.000000,728.000000
1673.000000,438.000000,1724.000000,742.000000
939.000000,638.000000,1175.000000,645.000000
2552.000000,2105.000000,2490.000000,2176.000000
1602.000000,958.000000,1518.000000,1007.000000
89.000000,482.000000,15.000000,1040.000000
1567.000000,1134.000000,1498.000000,1211.000000
2524.000000,1293.000000,2495.000000,1364.000000
2367.000000,908.000000,2222.000000,950.000000
2407.000000,550.000000,2374.000000,661.000000
1990.000000,2680.000000,2471.000000,2726.000000
2081.000000,612.000000,2129.000000,656.000000
979.000000,1813.000000,968.000000,1974.000000
791.000000,1866.000000,644.000000,1873.000000
122.000000,278.000000,196.000000,327.000000
