POINTS
1490.000000,11.000000
1917.000000,24.000000
493.000000,52.000000
1370.000000,60.000000
1101.000000,61.000000
2111.000000,61.000000
949.000000,65.000000
470.000000,76.000000
709.000000,89.000000
1916.000000,95.000000
2370.000000,108.000000
452.000000,131.000000
1125.000000,131.000000
257.000000,137.000000
1860.000000,147.000000
696.000000,150.000000
99.000000,154.000000
1397.000000,166.000000
2008.000000,170.000000
2137.000000,183.000000
2521.000000,188.000000
2568.000000,199.000000
904.000000,209.000000
842.000000,232.000000
360.000000,234.000000
910.000000,248.000000
2014.000000,260.000000
126.000000,269.000000
1952.000000,286.000000
2303.000000,297.000000
2252.000000,313.000000
1466.000000,327.000000
2113.000000,341.000000
880.000000,345.000000
2047.000000,352.000000
1773.000000,355.000000
2201.000000,357.000000
2798.000000,361.000000
2613.000000,365.000000
2774.000000,404.000000
1559.000000,410.000000
559.000000,426.000000
521.000000,430.000000
404.000000,452.000000
847.000000,473.000000
25.000000,474.000000
600.000000,478.000000
2685.000000,495.000000
1175.000000,498.000000
2285.000000,504.000000
2285.000000,525.000000
1192.000000,532.000000
1093.000000,543.000000
1843.000000,554.000000
260.000000,562.000000
563.000000,565.000000
1341.000000,568.000000
2016.000000,577.000000
599.000000,595.000000
2509.000000,629.000000
1542.000000,634.000000
1566.000000,675.000000
1994.000000,693.000000
460.000000,707.000000
539.000000,718.000000
314.000000,724.000000
2648.000000,737.000000
2385.000000,741.000000
2279.000000,746.000000
960.000000,753.000000
701.000000,756.000000
615.000000,770.000000
87.000000,782.000000
2376.000000,797.000000
199.000000,807.000000
1096.000000,811.000000
1752.000000,838.000000
1550.000000,841.000000
2235.000000,876.000000
2803.000000,877.000000
2387.000000,899.000000
13.000000,902.000000
350.000000,917.000000
424.000000,927.000000
207.000000,928.000000
623.000000,929.000000
1767.000000,930.000000
988.000000,950.000000
1291.000000,950.000000
2025.000000,958.000000
1217.000000,968.000000
2317.000000,985.000000
492.000000,995.000000
1785.000000,1000.000000
1466.000000,1016.000000
1857.000000,1022.000000
821.000000,1023.000000
1088.000000,1038.000000
721.000000,1044.000000
366.000000,1052.000000
611.000000,1058.000000
1562.000000,1059.000000
2080.000000,1068.000000
1979.000000,1082.000000
296.000000,1092.000000
1869.000000,1094.000000
2296.000000,1103.000000
1152.000000,1112.000000
636.000000,1124.000000
1873.000000,1152.000000
1154.000000,1171.000000
1010.000000,1172.000000
526.000000,1178.000000
522.000000,1191.000000
1168.000000,1197.000000
1568.000000,1198.000000
1136.000000,1201.000000
324.000000,1211.000000
387.000000,1216.000000
1600.000000,1216.000000
434.000000,1217.000000
986.000000,1232.000000
2779.000000,1237.000000
2143.000000,1248.000000
2795.000000,1253.000000
1342.000000,1269.000000
494.000000,1283.000000
1658.000000,1303.000000
2539.000000,1311.000000
1928.000000,1324.000000
2152.000000,1325.000000
1740.000000,1337.000000
111.000000,1354.000000
1167.000000,1364.000000
61.000000,1368.000000
2403.000000,1377.000000
300.000000,1381.000000
376.000000,1387.000000
889.000000,1399.000000
1192.000000,1411.000000
898.000000,1434.000000
2728.000000,1438.000000
1395.000000,1462.000000
896.000000,1474.000000
1744.000000,1478.000000
1282.000000,1484.000000
2472.000000,1518.000000
2191.000000,1522.000000
2748.000000,1531.000000
143.000000,1540.000000
2801.000000,1545.000000
2037.000000,1565.000000
1089.000000,1567.000000
1159.000000,1573.000000
200.000000,1574.000000
1299.000000,1580.000000
1792.000000,1587.000000
716.000000,1592.000000
608.000000,1603.000000
1367.000000,1603.000000
759.000000,1612.000000
549.000000,1635.000000
948.000000,1639.000000
53.000000,1658.000000
394.000000,1659.000000
2591.000000,1672.000000
1692.000000,1676.000000
142.000000,1703.000000
709.000000,1705.000000
2171.000000,1705.000000
1160.000000,1723.000000
642.000000,1734.000000
2622.000000,1766.000000
2565.000000,1774.000000
2299.000000,1777.000000
1524.000000,1784.000000
2688.000000,1813.000000
2502.000000,1818.000000
225.000000,1823.000000
887.000000,1824.000000
1412.000000,1825.000000
1673.000000,1832.000000
1556.000000,1835.000000
1808.000000,1848.000000
591.000000,1851.000000
1000.000000,1858.000000
26.000000,1866.000000
2585.000000,1904.000000
29.000000,1918.000000
2066.000000,1926.000000
2449.000000,1927.000000
1610.000000,1929.000000
1845.000000,1951.000000
1787.000000,1958.000000
2304.000000,1962.000000
2022.000000,1976.000000
1761.000000,1979.000000
408.000000,1985.000000
1266.000000,1985.000000
2065.000000,1996.000000
1802.000000,1997.000000
2060.000000,1998.000000
2558.000000,2008.000000
2547.000000,2012.000000
1357.000000,2018.000000
1774.000000,2038.000000
672.000000,2048.000000
1670.000000,2048.000000
2221.000000,2063.000000
2575.000000,2082.000000
2091.000000,2090.000000
1528.000000,2095.000000
1416.000000,2115.000000
1039.000000,2118.000000
1486.000000,2120.000000
665.000000,2123.000000
860.000000,2123.000000
1364.000000,2142.000000
1215.000000,2143.000000
1613.000000,2152.000000
759.000000,2177.000000
508.000000,2180.000000
2457.000000,2187.000000
2515.000000,2199.000000
711.000000,2201.000000
2745.000000,2205.000000
1077.000000,2219.000000
467.000000,2220.000000
1519.000000,2231.000000
599.000000,2236.000000
1438.000000,2249.000000
292.000000,2265.000000
719.000000,2266.000000
80.000000,2280.000000
643.000000,2283.000000
985.000000,2285.000000
1096.000000,2287.000000
196.000000,2297.000000
1614.000000,2310.000000
2240.000000,2310.000000
2407.000000,2315.000000
155.000000,2318.000000
1777.000000,2323.000000
377.000000,2325.000000
599.000000,2325.000000
2139.000000,2329.000000
690.000000,2367.000000
2407.000000,2403.000000
851.000000,2416.000000
1548.000000,2421.000000
2284.000000,2422.000000
2025.000000,2426.000000
1244.000000,2438.000000
43.000000,2451.000000
1117.000000,2458.000000
2774.000000,2467.000000
481.000000,2470.000000
1970.000000,2472.000000
1942.000000,2481.000000
1799.000000,2490.000000
134.000000,2514.000000
673.000000,2559.000000
2170.000000,2575.000000
632.000000,2578.000000
2062.000000,2583.000000
1482.000000,2610.000000
643.000000,2629.000000
1035.000000,2660.000000
1307.000000,2662.000000
1589.000000,2680.000000
1775.000000,2680.000000
2756.000000,2709.000000
2308.000000,2713.000000
187.000000,2734.000000
2204.000000,2739.000000
76.000000,2748.000000
2329.000000,2773.000000
279.000000,2800.000000
2836.000000,2805.000000
1519.000000,2817.000000
2302.000000,2830.000000
88.000000,2834.000000
2295.000000,2834.000000
2492.000000,2838.000000
725.000000,2839.000000
LINES
1528.000000,2095.000000,1613.000000,2152.000000
2091.000000,2090.000000,2139.000000,2329.000000
1342.000000,1269.000000,1192.000000,1411.000000
1928.000000,1324.000000,1792.000000,1587.000000
1610.000000,1929.000000,1528.000000,2095.000000
2803.000000,877.000000,2836.000000,2805.000000
481.000000,2470.000000,187.000000,2734.000000
2376.000000,797.000000,2387.000000,899.000000
360.000000,234.000000,404.000000,452.000000
2472.000000,1518.000000,2748.000000,1531.000000
2407.000000,2315.000000,2407.000000,2403.000000
2568.000000,199.000000,2613.000000,365.000000
29.000000,1918.000000,43.000000,2451.000000
1916.000000,95.000000,1860.000000,147.000000
1299.000000,1580.000000,1367.000000,1603.000000
1970.000000,2472.000000,1775.000000,2680.000000
2575.000000,2082.000000,2745.000000,2205.000000
1490.000000,11.000000,1559.000000,410.000000
1077.000000,2219.000000,1244.000000,2438.000000
2728.000000,1438.000000,2801.000000,1545.000000
2201.000000,357.000000,2285.000000,525.000000
350.000000,917.000000,424.000000,927.000000
672.000000,2048.000000,665.000000,2123.000000
2509.000000,629.000000,2648.000000,737.000000
1167.000000,1364.000000,1159.000000,1573.000000
591.000000,1851.000000,672.000000,2048.000000
2779.000000,1237.000000,2728.000000,1438.000000
1299.000000,1580.000000,1524.000000,1784.000000
1370.000000,60.000000,1397.000000,166.000000
1994.000000,693.000000,2235.000000,876.000000
1928.000000,1324.000000,1740.000000,1337.000000
889.000000,1399.000000,608.000000,1603.000000
988.000000,950.000000,1010.000000,1172.000000
1774.000000,2038.000000,1670.000000,2048.000000
986.000000,1232.000000,1159.000000,1573.000000
599.000000,2325.000000,481.000000,2470.000000
1000.000000,1858.000000,860.000000,2123.000000
2728.000000,1438.000000,2748.000000,1531.000000
948.000000,1639.000000,887.000000,1824.000000
493.000000,52.000000,99.000000,154.000000
2403.000000,1377.000000,2191.000000,1522.000000
481.000000,2470.000000,134.000000,2514.000000
615.000000,770.000000,623.000000,929.000000
1039.000000,2118.000000,1215.000000,2143.000000
2591.000000,1672.000000,2502.000000,1818.000000
452.000000,131.000000,696.000000,150.000000
2575.000000,2082.000000,2457.000000,2187.000000
759.000000,2177.000000,985.000000,2285.000000
460.000000,707.000000,314.000000,724.000000
2774.000000,404.000000,2648.000000,737.000000
2047.000000,352.000000,1773.000000,355.000000
910.000000,248.000000,1175.000000,498.000000
2449.000000,1927.000000,2547.000000,2012.000000
1152.000000,1112.000000,1136.000000,1201.000000
1490.000000,11.000000,1860.000000,147.000000
1519.000000,2231.000000,1307.000000,2662.000000
2171.000000,1705.000000,2066.000000,1926.000000
2648.000000,737.000000,2803.000000,877.000000
1550.000000,841.000000,1767.000000,930.000000
1192.000000,1411.000000,1395.000000,1462.000000
2065.000000,1996.000000,2221.000000,2063.000000
481.000000,2470.000000,673.000000,2559.000000
1548.000000,2421.000000,1589.000000,2680.000000
2385.000000,741.000000,2279.000000,746.000000
1752.000000,838.000000,1767.000000,930.000000
759.000000,2177.000000,711.000000,2201.000000
1979.000000,1082.000000,1869.000000,1094.000000
493.000000,52.000000,709.000000,89.000000
1917.000000,24.000000,2370.000000,108.000000
1291.000000,950.000000,1152.000000,1112.000000
1035.000000,2660.000000,725.000000,2839.000000
1873.000000,1152.000000,1740.000000,1337.000000
2170.000000,2575.000000,2492.000000,2838.000000
1039.000000,2118.000000,985.000000,2285.000000
2221.000000,2063.000000,2407.000000,2315.000000
709.000000,89.000000,696.000000,150.000000
257.000000,137.000000,360.000000,234.000000
2080.000000,1068.000000,1869.000000,1094.000000
1740.000000,1337.000000,1792.000000,1587.000000
623.000000,929.000000,492.000000,995.000000
260.000000,562.000000,199.000000,807.000000
2407.000000,2403.000000,2284.000000,2422.000000
43.000000,2451.000000,76.000000,2748.000000
690.000000,2367.000000,851.000000,2416.000000
599.000000,2325.000000,673.000000,2559.000000
1096.000000,2287.000000,1117.000000,2458.000000
563.000000,565.000000,599.000000,595.000000
1658.000000,1303.000000,1524.000000,1784.000000
636.000000,1124.000000,986.000000,1232.000000
632.000000,2578.000000,643.000000,2629.000000
985.000000,2285.000000,1117.000000,2458.000000
988.000000,950.000000,821.000000,1023.000000
1761.000000,1979.000000,1802.000000,1997.000000
1291.000000,950.000000,1217.000000,968.000000
2798.000000,361.000000,2685.000000,495.000000
1589.000000,2680.000000,1519.000000,2817.000000
898.000000,1434.000000,1159.000000,1573.000000
591.000000,1851.000000,408.000000,1985.000000
2407.000000,2403.000000,2492.000000,2838.000000
721.000000,1044.000000,636.000000,1124.000000
2539.000000,1311.000000,2472.000000,1518.000000
360.000000,234.000000,260.000000,562.000000
2387.000000,899.000000,2317.000000,985.000000
2685.000000,495.000000,2285.000000,504.000000
2558.000000,2008.000000,2547.000000,2012.000000
394.000000,1659.000000,408.000000,1985.000000
324.000000,1211.000000,300.000000,1381.000000
143.000000,1540.000000,53.000000,1658.000000
292.000000,2265.000000,196.000000,2297.000000
2688.000000,1813.000000,2558.000000,2008.000000
1524.000000,1784.000000,1556.000000,1835.000000
350.000000,917.000000,366.000000,1052.000000
960.000000,753.000000,821.000000,1023.000000
1490.000000,11.000000,1917.000000,24.000000
2688.000000,1813.000000,2502.000000,1818.000000
452.000000,131.000000,559.000000,426.000000
949.000000,65.000000,709.000000,89.000000
1550.000000,841.000000,1785.000000,1000.000000
1342.000000,1269.000000,1167.000000,1364.000000
1658.000000,1303.000000,1395.000000,1462.000000
2385.000000,741.000000,2376.000000,797.000000
2798.000000,361.000000,2836.000000,2805.000000
2016.000000,577.000000,2279.000000,746.000000
2285.000000,525.000000,2279.000000,746.000000
1568.000000,1198.000000,1740.000000,1337.000000
1673.000000,1832.000000,1787.000000,1958.000000
1307.000000,2662.000000,1589.000000,2680.000000
1077.000000,2219.000000,1438.000000,2249.000000
1341.000000,568.000000,1217.000000,968.000000
2170.000000,2575.000000,2062.000000,2583.000000
1528.000000,2095.000000,1486.000000,2120.000000
387.000000,1216.000000,376.000000,1387.000000
701.000000,756.000000,623.000000,929.000000
721.000000,1044.000000,611.000000,1058.000000
1466.000000,327.000000,1341.000000,568.000000
13.000000,902.000000,61.000000,1368.000000
1357.000000,2018.000000,1416.000000,2115.000000
360.000000,234.000000,521.000000,430.000000
1928.000000,1324.000000,2191.000000,1522.000000
2756.000000,2709.000000,2836.000000,2805.000000
701.000000,756.000000,821.000000,1023.000000
1775.000000,2680.000000,1519.000000,2817.000000
324.000000,1211.000000,143.000000,1540.000000
948.000000,1639.000000,1160.000000,1723.000000
1767.000000,930.000000,1785.000000,1000.000000
2303.000000,297.000000,2613.000000,365.000000
1175.000000,498.000000,1192.000000,532.000000
2565.000000,1774.000000,2688.000000,1813.000000
61.000000,1368.000000,143.000000,1540.000000
1341.000000,568.000000,1542.000000,634.000000
608.000000,1603.000000,394.000000,1659.000000
2329.000000,2773.000000,2295.000000,2834.000000
26.000000,1866.000000,29.000000,1918.000000
1860.000000,147.000000,1952.000000,286.000000
2037.000000,1565.000000,1808.000000,1848.000000
2201.000000,357.000000,2285.000000,504.000000
2091.000000,2090.000000,1777.000000,2323.000000
2152.000000,1325.000000,2403.000000,1377.000000
2152.000000,1325.000000,2191.000000,1522.000000
1089.000000,1567.000000,1159.000000,1573.000000
2302.000000,2830.000000,2295.000000,2834.000000
1438.000000,2249.000000,1244.000000,2438.000000
1692.000000,1676.000000,1524.000000,1784.000000
1556.000000,1835.000000,1357.000000,2018.000000
1843.000000,554.000000,1994.000000,693.000000
1528.000000,2095.000000,1519.000000,2231.000000
460.000000,707.000000,615.000000,770.000000
1556.000000,1835.000000,1610.000000,1929.000000
1416.000000,2115.000000,1364.000000,2142.000000
61.000000,1368.000000,53.000000,1658.000000
1370.000000,60.000000,910.000000,248.000000
2191.000000,1522.000000,2299.000000,1777.000000
2547.000000,2012.000000,2457.000000,2187.000000
1175.000000,498.000000,1341.000000,568.000000
896.000000,1474.000000,716.000000,1592.000000
2308.000000,2713.000000,2492.000000,2838.000000
904.000000,209.000000,910.000000,248.000000
526.000000,1178.000000,434.000000,1217.000000
1096.000000,811.000000,988.000000,950.000000
526.000000,1178.000000,494.000000,1283.000000
2798.000000,361.000000,2613.000000,365.000000
2304.000000,1962.000000,2065.000000,1996.000000
1486.000000,2120.000000,1519.000000,2231.000000
2317.000000,985.000000,2143.000000,1248.000000
155.000000,2318.000000,43.000000,2451.000000
2022.000000,1976.000000,2065.000000,1996.000000
43.000000,2451.000000,134.000000,2514.000000
1566.000000,675.000000,1752.000000,838.000000
1802.000000,1997.000000,2091.000000,2090.000000
1692.000000,1676.000000,1556.000000,1835.000000
2558.000000,2008.000000,2575.000000,2082.000000
1670.000000,2048.000000,1613.000000,2152.000000
1466.000000,327.000000,1559.000000,410.000000
847.000000,473.000000,1093.000000,543.000000
521.000000,430.000000,563.000000,565.000000
1752.000000,838.000000,1857.000000,1022.000000
673.000000,2559.000000,643.000000,2629.000000
2387.000000,899.000000,2296.000000,1103.000000
986.000000,1232.000000,1167.000000,1364.000000
539.000000,718.000000,615.000000,770.000000
1775.000000,2680.000000,2204.000000,2739.000000
1000.000000,1858.000000,1039.000000,2118.000000
134.000000,2514.000000,187.000000,2734.000000
1785.000000,1000.000000,1600.000000,1216.000000
2191.000000,1522.000000,2171.000000,1705.000000
599.000000,595.000000,539.000000,718.000000
949.000000,65.000000,904.000000,209.000000
1299.000000,1580.000000,1160.000000,1723.000000
2376.000000,797.000000,2235.000000,876.000000
13.000000,902.000000,324.000000,1211.000000
549.000000,1635.000000,394.000000,1659.000000
910.000000,248.000000,880.000000,345.000000
1519.000000,2817.000000,2295.000000,2834.000000
1568.000000,1198.000000,1395.000000,1462.000000
80.000000,2280.000000,196.000000,2297.000000
1673.000000,1832.000000,1610.000000,1929.000000
260.000000,562.000000,314.000000,724.000000
1490.000000,11.000000,1370.000000,60.000000
2008.000000,170.000000,2137.000000,183.000000
985.000000,2285.000000,1096.000000,2287.000000
1562.000000,1059.000000,1600.000000,1216.000000
1342.000000,1269.000000,1395.000000,1462.000000
13.000000,902.000000,207.000000,928.000000
279.000000,2800.000000,88.000000,2834.000000
13.000000,902.000000,296.000000,1092.000000
1215.000000,2143.000000,1077.000000,2219.000000
673.000000,2559.000000,725.000000,2839.000000
2285.000000,504.000000,2509.000000,629.000000
2509.000000,629.000000,2385.000000,741.000000
1357.000000,2018.000000,1215.000000,2143.000000
2016.000000,577.000000,1994.000000,693.000000
1744.000000,1478.000000,1792.000000,1587.000000
1917.000000,24.000000,1916.000000,95.000000
1159.000000,1573.000000,1160.000000,1723.000000
279.000000,2800.000000,725.000000,2839.000000
2170.000000,2575.000000,2204.000000,2739.000000
2025.000000,2426.000000,2062.000000,2583.000000
2299.000000,1777.000000,2304.000000,1962.000000
467.000000,2220.000000,377.000000,2325.000000
1917.000000,24.000000,1860.000000,147.000000
889.000000,1399.000000,716.000000,1592.000000
2137.000000,183.000000,2303.000000,297.000000
1167.000000,1364.000000,1192.000000,1411.000000
2139.000000,2329.000000,2284.000000,2422.000000
1752.000000,838.000000,1550.000000,841.000000
1970.000000,2472.000000,2062.000000,2583.000000
2472.000000,1518.000000,2191.000000,1522.000000
2201.000000,357.000000,2016.000000,577.000000
1466.000000,1016.000000,1568.000000,1198.000000
1843.000000,554.000000,1542.000000,634.000000
1785.000000,1000.000000,1562.000000,1059.000000
2295.000000,2834.000000,2492.000000,2838.000000
643.000000,2629.000000,88.000000,2834.000000
1519.000000,2231.000000,1438.000000,2249.000000
2774.000000,404.000000,2803.000000,877.000000
2299.000000,1777.000000,2502.000000,1818.000000
949.000000,65.000000,842.000000,232.000000
1917.000000,24.000000,2008.000000,170.000000
2062.000000,2583.000000,2204.000000,2739.000000
608.000000,1603.000000,709.000000,1705.000000
1692.000000,1676.000000,1787.000000,1958.000000
467.000000,2220.000000,599.000000,2325.000000
1845.000000,1951.000000,1787.000000,1958.000000
1412.000000,1825.000000,1357.000000,2018.000000
126.000000,269.000000,260.000000,562.000000
1395.000000,1462.000000,1282.000000,1484.000000
1519.000000,2231.000000,1614.000000,2310.000000
1364.000000,2142.000000,1077.000000,2219.000000
296.000000,1092.000000,324.000000,1211.000000
608.000000,1603.000000,642.000000,1734.000000
2515.000000,2199.000000,2745.000000,2205.000000
2014.000000,260.000000,2047.000000,352.000000
2472.000000,1518.000000,2299.000000,1777.000000
2025.000000,958.000000,2080.000000,1068.000000
2457.000000,2187.000000,2407.000000,2315.000000
2685.000000,495.000000,2509.000000,629.000000
1412.000000,1825.000000,1266.000000,1985.000000
1802.000000,1997.000000,1774.000000,2038.000000
2303.000000,297.000000,2113.000000,341.000000
2304.000000,1962.000000,2221.000000,2063.000000
1952.000000,286.000000,1773.000000,355.000000
2060.000000,1998.000000,2091.000000,2090.000000
1096.000000,2287.000000,1244.000000,2438.000000
1777.000000,2323.000000,2025.000000,2426.000000
716.000000,1592.000000,759.000000,1612.000000
985.000000,2285.000000,851.000000,2416.000000
623.000000,929.000000,721.000000,1044.000000
492.000000,995.000000,636.000000,1124.000000
300.000000,1381.000000,376.000000,1387.000000
2521.000000,188.000000,2303.000000,297.000000
860.000000,2123.000000,711.000000,2201.000000
387.000000,1216.000000,300.000000,1381.000000
2025.000000,958.000000,1857.000000,1022.000000
599.000000,595.000000,460.000000,707.000000
709.000000,1705.000000,591.000000,1851.000000
2798.000000,361.000000,2774.000000,404.000000
470.000000,76.000000,257.000000,137.000000
880.000000,345.000000,847.000000,473.000000
1550.000000,841.000000,1562.000000,1059.000000
196.000000,2297.000000,155.000000,2318.000000
759.000000,1612.000000,948.000000,1639.000000
1096.000000,811.000000,1217.000000,968.000000
1613.000000,2152.000000,1614.000000,2310.000000
2302.000000,2830.000000,2492.000000,2838.000000
1808.000000,1848.000000,2066.000000,1926.000000
2170.000000,2575.000000,2308.000000,2713.000000
1542.000000,634.000000,1550.000000,841.000000
1673.000000,1832.000000,1556.000000,1835.000000
508.000000,2180.000000,467.000000,2220.000000
1101.000000,61.000000,949.000000,65.000000
1010.000000,1172.000000,986.000000,1232.000000
1869.000000,1094.000000,1600.000000,1216.000000
257.000000,137.000000,99.000000,154.000000
910.000000,248.000000,847.000000,473.000000
1152.000000,1112.000000,1168.000000,1197.000000
608.000000,1603.000000,549.000000,1635.000000
2774.000000,2467.000000,2492.000000,2838.000000
1299.000000,1580.000000,1215.000000,2143.000000
2303.000000,297.000000,2252.000000,313.000000
29.000000,1918.000000,408.000000,1985.000000
424.000000,927.000000,623.000000,929.000000
1282.000000,1484.000000,1159.000000,1573.000000
508.000000,2180.000000,80.000000,2280.000000
1845.000000,1951.000000,2022.000000,1976.000000
2685.000000,495.000000,2648.000000,737.000000
636.000000,1124.000000,526.000000,1178.000000
1808.000000,1848.000000,1787.000000,1958.000000
2779.000000,1237.000000,2539.000000,1311.000000
292.000000,2265.000000,377.000000,2325.000000
1397.000000,166.000000,1466.000000,327.000000
1486.000000,2120.000000,1438.000000,2249.000000
292.000000,2265.000000,155.000000,2318.000000
2191.000000,1522.000000,2037.000000,1565.000000
2515.000000,2199.000000,2774.000000,2467.000000
1089.000000,1567.000000,948.000000,1639.000000
1519.000000,2231.000000,1482.000000,2610.000000
1217.000000,968.000000,1088.000000,1038.000000
1799.000000,2490.000000,1589.000000,2680.000000
404.000000,452.000000,260.000000,562.000000
842.000000,232.000000,910.000000,248.000000
424.000000,927.000000,366.000000,1052.000000
1860.000000,147.000000,1773.000000,355.000000
623.000000,929.000000,611.000000,1058.000000
2801.000000,1545.000000,2622.000000,1766.000000
2803.000000,877.000000,2801.000000,1545.000000
1857.000000,1022.000000,1869.000000,1094.000000
2014.000000,260.000000,1952.000000,286.000000
1159.000000,1573.000000,1299.000000,1580.000000
1154.000000,1171.000000,1136.000000,1201.000000
493.000000,52.000000,696.000000,150.000000
643.000000,2629.000000,725.000000,2839.000000
2449.000000,1927.000000,2304.000000,1962.000000
2515.000000,2199.000000,2407.000000,2403.000000
615.000000,770.000000,424.000000,927.000000
1154.000000,1171.000000,1168.000000,1197.000000
1175.000000,498.000000,1093.000000,543.000000
1774.000000,2038.000000,2091.000000,2090.000000
2317.000000,985.000000,2080.000000,1068.000000
636.000000,1124.000000,494.000000,1283.000000
80.000000,2280.000000,155.000000,2318.000000
2008.000000,170.000000,2047.000000,352.000000
1979.000000,1082.000000,2143.000000,1248.000000
1217.000000,968.000000,1152.000000,1112.000000
904.000000,209.000000,842.000000,232.000000
2240.000000,2310.000000,2139.000000,2329.000000
2025.000000,958.000000,2317.000000,985.000000
366.000000,1052.000000,434.000000,1217.000000
1486.000000,2120.000000,1364.000000,2142.000000
2204.000000,2739.000000,2329.000000,2773.000000
1192.000000,532.000000,1096.000000,811.000000
467.000000,2220.000000,292.000000,2265.000000
2622.000000,1766.000000,2565.000000,1774.000000
673.000000,2559.000000,632.000000,2578.000000
1785.000000,1000.000000,1857.000000,1022.000000
1357.000000,2018.000000,1528.000000,2095.000000
1785.000000,1000.000000,1869.000000,1094.000000
2111.000000,61.000000,2370.000000,108.000000
404.000000,452.000000,563.000000,565.000000
492.000000,995.000000,611.000000,1058.000000
2171.000000,1705.000000,1808.000000,1848.000000
1548.000000,2421.000000,1482.000000,2610.000000
1524.000000,1784.000000,1412.000000,1825.000000
314.000000,724.000000,207.000000,928.000000
2022.000000,1976.000000,2091.000000,2090.000000
2143.000000,1248.000000,2152.000000,1325.000000
377.000000,2325.000000,599.000000,2325.000000
1093.000000,543.000000,960.000000,753.000000
2304.000000,1962.000000,2547.000000,2012.000000
2329.000000,2773.000000,2492.000000,2838.000000
986.000000,1232.000000,889.000000,1399.000000
1542.000000,634.000000,1752.000000,838.000000
2748.000000,1531.000000,2622.000000,1766.000000
1658.000000,1303.000000,1744.000000,1478.000000
1774.000000,2038.000000,1777.000000,2323.000000
1566.000000,675.000000,1550.000000,841.000000
563.000000,565.000000,314.000000,724.000000
2285.000000,504.000000,2285.000000,525.000000
1773.000000,355.000000,1559.000000,410.000000
2143.000000,1248.000000,1928.000000,1324.000000
155.000000,2318.000000,134.000000,2514.000000
360.000000,234.000000,559.000000,426.000000
1568.000000,1198.000000,1658.000000,1303.000000
1397.000000,166.000000,1559.000000,410.000000
2139.000000,2329.000000,2170.000000,2575.000000
2317.000000,985.000000,2296.000000,1103.000000
2252.000000,313.000000,2201.000000,357.000000
526.000000,1178.000000,522.000000,1191.000000
2585.000000,1904.000000,2558.000000,2008.000000
1125.000000,131.000000,910.000000,248.000000
2091.000000,2090.000000,2240.000000,2310.000000
1291.000000,950.000000,1466.000000,1016.000000
2688.000000,1813.000000,2745.000000,2205.000000
1168.000000,1197.000000,1342.000000,1269.000000
2502.000000,1818.000000,2449.000000,1927.000000
896.000000,1474.000000,759.000000,1612.000000
2295.000000,2834.000000,725.000000,2839.000000
2798.000000,361.000000,2803.000000,877.000000
1568.000000,1198.000000,1342.000000,1269.000000
1168.000000,1197.000000,986.000000,1232.000000
716.000000,1592.000000,608.000000,1603.000000
1970.000000,2472.000000,1942.000000,2481.000000
434.000000,1217.000000,494.000000,1283.000000
665.000000,2123.000000,599.000000,2236.000000
1490.000000,11.000000,493.000000,52.000000
25.000000,474.000000,260.000000,562.000000
643.000000,2629.000000,279.000000,2800.000000
492.000000,995.000000,434.000000,1217.000000
1860.000000,147.000000,1559.000000,410.000000
887.000000,1824.000000,1000.000000,1858.000000
2613.000000,365.000000,2285.000000,504.000000
76.000000,2748.000000,88.000000,2834.000000
1773.000000,355.000000,1542.000000,634.000000
672.000000,2048.000000,711.000000,2201.000000
889.000000,1399.000000,898.000000,1434.000000
522.000000,1191.000000,494.000000,1283.000000
2047.000000,352.000000,2201.000000,357.000000
143.000000,1540.000000,142.000000,1703.000000
260.000000,562.000000,87.000000,782.000000
563.000000,565.000000,460.000000,707.000000
860.000000,2123.000000,759.000000,2177.000000
1916.000000,95.000000,1952.000000,286.000000
394.000000,1659.000000,142.000000,1703.000000
1088.000000,1038.000000,1152.000000,1112.000000
376.000000,1387.000000,143.000000,1540.000000
314.000000,724.000000,199.000000,807.000000
709.000000,1705.000000,642.000000,1734.000000
887.000000,1824.000000,672.000000,2048.000000
1077.000000,2219.000000,985.000000,2285.000000
1613.000000,2152.000000,1519.000000,2231.000000
1979.000000,1082.000000,1873.000000,1152.000000
1610.000000,1929.000000,1670.000000,2048.000000
2509.000000,629.000000,2279.000000,746.000000
847.000000,473.000000,600.000000,478.000000
1761.000000,1979.000000,1670.000000,2048.000000
665.000000,2123.000000,508.000000,2180.000000
1357.000000,2018.000000,1486.000000,2120.000000
187.000000,2734.000000,76.000000,2748.000000
2329.000000,2773.000000,2302.000000,2830.000000
599.000000,2236.000000,599.000000,2325.000000
126.000000,269.000000,25.000000,474.000000
2801.000000,1545.000000,2688.000000,1813.000000
2303.000000,297.000000,2201.000000,357.000000
1994.000000,693.000000,1752.000000,838.000000
1614.000000,2310.000000,1548.000000,2421.000000
711.000000,2201.000000,599.000000,2236.000000
1916.000000,95.000000,2014.000000,260.000000
2539.000000,1311.000000,2403.000000,1377.000000
377.000000,2325.000000,481.000000,2470.000000
559.000000,426.000000,563.000000,565.000000
889.000000,1399.000000,896.000000,1474.000000
1942.000000,2481.000000,1799.000000,2490.000000
1370.000000,60.000000,1175.000000,498.000000
821.000000,1023.000000,721.000000,1044.000000
199.000000,807.000000,207.000000,928.000000
2688.000000,1813.000000,2585.000000,1904.000000
2111.000000,61.000000,2137.000000,183.000000
821.000000,1023.000000,1010.000000,1172.000000
2385.000000,741.000000,2387.000000,899.000000
2648.000000,737.000000,2387.000000,899.000000
2285.000000,525.000000,2016.000000,577.000000
2235.000000,876.000000,2317.000000,985.000000
898.000000,1434.000000,896.000000,1474.000000
910.000000,248.000000,1093.000000,543.000000
360.000000,234.000000,126.000000,269.000000
1152.000000,1112.000000,1154.000000,1171.000000
366.000000,1052.000000,296.000000,1092.000000
1519.000000,2231.000000,1035.000000,2660.000000
1490.000000,11.000000,949.000000,65.000000
2065.000000,1996.000000,2060.000000,1998.000000
1039.000000,2118.000000,1077.000000,2219.000000
1787.000000,1958.000000,2022.000000,1976.000000
2449.000000,1927.000000,2558.000000,2008.000000
2221.000000,2063.000000,2091.000000,2090.000000
2025.000000,2426.000000,1799.000000,2490.000000
521.000000,430.000000,404.000000,452.000000
2521.000000,188.000000,2568.000000,199.000000
1994.000000,693.000000,2279.000000,746.000000
1192.000000,1411.000000,1282.000000,1484.000000
2113.000000,341.000000,2047.000000,352.000000
2613.000000,365.000000,2685.000000,495.000000
599.000000,595.000000,701.000000,756.000000
314.000000,724.000000,424.000000,927.000000
759.000000,1612.000000,709.000000,1705.000000
1773.000000,355.000000,1843.000000,554.000000
2062.000000,2583.000000,1775.000000,2680.000000
1364.000000,2142.000000,1438.000000,2249.000000
1412.000000,1825.000000,1556.000000,1835.000000
1542.000000,634.000000,1566.000000,675.000000
2407.000000,2403.000000,2170.000000,2575.000000
719.000000,2266.000000,690.000000,2367.000000
1979.000000,1082.000000,1928.000000,1324.000000
143.000000,1540.000000,200.000000,1574.000000
2565.000000,1774.000000,2502.000000,1818.000000
292.000000,2265.000000,481.000000,2470.000000
1101.000000,61.000000,910.000000,248.000000
1692.000000,1676.000000,1673.000000,1832.000000
2803.000000,877.000000,2795.000000,1253.000000
988.000000,950.000000,1088.000000,1038.000000
292.000000,2265.000000,80.000000,2280.000000
2547.000000,2012.000000,2221.000000,2063.000000
1039.000000,2118.000000,860.000000,2123.000000
494.000000,1283.000000,376.000000,1387.000000
2795.000000,1253.000000,2801.000000,1545.000000
1556.000000,1835.000000,1528.000000,2095.000000
2171.000000,1705.000000,2299.000000,1777.000000
1752.000000,838.000000,1785.000000,1000.000000
2279.000000,746.000000,2235.000000,876.000000
1490.000000,11.000000,1397.000000,166.000000
1740.000000,1337.000000,1744.000000,1478.000000
1482.000000,2610.000000,1307.000000,2662.000000
1942.000000,2481.000000,1775.000000,2680.000000
1658.000000,1303.000000,1740.000000,1337.000000
1266.000000,1985.000000,1357.000000,2018.000000
2803.000000,877.000000,2387.000000,899.000000
87.000000,782.000000,13.000000,902.000000
225.000000,1823.000000,29.000000,1918.000000
1341.000000,568.000000,1550.000000,841.000000
481.000000,2470.000000,643.000000,2629.000000
470.000000,76.000000,452.000000,131.000000
2558.000000,2008.000000,2457.000000,2187.000000
387.000000,1216.000000,494.000000,1283.000000
1792.000000,1587.000000,1692.000000,1676.000000
225.000000,1823.000000,408.000000,1985.000000
2370.000000,108.000000,2303.000000,297.000000
2235.000000,876.000000,2025.000000,958.000000
142.000000,1703.000000,225.000000,1823.000000
1307.000000,2662.000000,725.000000,2839.000000
2066.000000,1926.000000,2065.000000,1996.000000
851.000000,2416.000000,725.000000,2839.000000
2748.000000,1531.000000,2801.000000,1545.000000
1367.000000,1603.000000,1524.000000,1784.000000
366.000000,1052.000000,324.000000,1211.000000
1160.000000,1723.000000,1215.000000,2143.000000
2774.000000,2467.000000,2836.000000,2805.000000
2568.000000,199.000000,2798.000000,361.000000
1089.000000,1567.000000,1160.000000,1723.000000
860.000000,2123.000000,985.000000,2285.000000
1000.000000,1858.000000,1215.000000,2143.000000
2047.000000,352.000000,1843.000000,554.000000
2836.000000,2805.000000,2492.000000,2838.000000
13.000000,902.000000,26.000000,1866.000000
404.000000,452.000000,314.000000,724.000000
696.000000,150.000000,880.000000,345.000000
2376.000000,797.000000,2317.000000,985.000000
821.000000,1023.000000,636.000000,1124.000000
493.000000,52.000000,452.000000,131.000000
1787.000000,1958.000000,1802.000000,1997.000000
1799.000000,2490.000000,1775.000000,2680.000000
1775.000000,2680.000000,2295.000000,2834.000000
2240.000000,2310.000000,2284.000000,2422.000000
2025.000000,2426.000000,2170.000000,2575.000000
2403.000000,1377.000000,2472.000000,1518.000000
880.000000,345.000000,559.000000,426.000000
1035.000000,2660.000000,1307.000000,2662.000000
1792.000000,1587.000000,1808.000000,1848.000000
25.000000,474.000000,87.000000,782.000000
2387.000000,899.000000,2539.000000,1311.000000
896.000000,1474.000000,948.000000,1639.000000
2143.000000,1248.000000,2403.000000,1377.000000
1869.000000,1094.000000,1740.000000,1337.000000
948.000000,1639.000000,1000.000000,1858.000000
1808.000000,1848.000000,1845.000000,1951.000000
99.000000,154.000000,25.000000,474.000000
1192.000000,1411.000000,1159.000000,1573.000000
2279.000000,746.000000,2376.000000,797.000000
394.000000,1659.000000,225.000000,1823.000000
493.000000,52.000000,257.000000,137.000000
2745.000000,2205.000000,2774.000000,2467.000000
988.000000,950.000000,1217.000000,968.000000
2137.000000,183.000000,2047.000000,352.000000
2296.000000,1103.000000,2143.000000,1248.000000
1282.000000,1484.000000,1299.000000,1580.000000
2472.000000,1518.000000,2591.000000,1672.000000
2472.000000,1518.000000,2502.000000,1818.000000
1559.000000,410.000000,1542.000000,634.000000
1869.000000,1094.000000,1873.000000,1152.000000
2240.000000,2310.000000,2407.000000,2315.000000
1416.000000,2115.000000,1486.000000,2120.000000
1519.000000,2817.000000,725.000000,2839.000000
559.000000,426.000000,847.000000,473.000000
1152.000000,1112.000000,1010.000000,1172.000000
350.000000,917.000000,296.000000,1092.000000
207.000000,928.000000,296.000000,1092.000000
2492.000000,2838.000000,725.000000,2839.000000
986.000000,1232.000000,494.000000,1283.000000
1600.000000,1216.000000,1740.000000,1337.000000
559.000000,426.000000,521.000000,430.000000
143.000000,1540.000000,394.000000,1659.000000
452.000000,131.000000,360.000000,234.000000
1299.000000,1580.000000,1266.000000,1985.000000
1088.000000,1038.000000,1010.000000,1172.000000
1614.000000,2310.000000,1777.000000,2323.000000
2801.000000,1545.000000,2836.000000,2805.000000
2648.000000,737.000000,2385.000000,741.000000
599.000000,2236.000000,643.000000,2283.000000
2022.000000,1976.000000,1802.000000,1997.000000
452.000000,131.000000,257.000000,137.000000
424.000000,927.000000,492.000000,995.000000
99.000000,154.000000,126.000000,269.000000
2221.000000,2063.000000,2457.000000,2187.000000
1168.000000,1197.000000,1136.000000,1201.000000
642.000000,1734.000000,408.000000,1985.000000
1364.000000,2142.000000,1215.000000,2143.000000
292.000000,2265.000000,134.000000,2514.000000
2285.000000,525.000000,2509.000000,629.000000
467.000000,2220.000000,599.000000,2236.000000
1341.000000,568.000000,1096.000000,811.000000
1519.000000,2231.000000,1548.000000,2421.000000
665.000000,2123.000000,711.000000,2201.000000
623.000000,929.000000,821.000000,1023.000000
494.000000,1283.000000,608.000000,1603.000000
394.000000,1659.000000,642.000000,1734.000000
986.000000,1232.000000,608.000000,1603.000000
29.000000,1918.000000,80.000000,2280.000000
1152.000000,1112.000000,1342.000000,1269.000000
701.000000,756.000000,615.000000,770.000000
1550.000000,841.000000,1291.000000,950.000000
1916.000000,95.000000,2008.000000,170.000000
1519.000000,2231.000000,1244.000000,2438.000000
2795.000000,1253.000000,2728.000000,1438.000000
225.000000,1823.000000,26.000000,1866.000000
2591.000000,1672.000000,2622.000000,1766.000000
2037.000000,1565.000000,2171.000000,1705.000000
1307.000000,2662.000000,1519.000000,2817.000000
1562.000000,1059.000000,1568.000000,1198.000000
1610.000000,1929.000000,1787.000000,1958.000000
2080.000000,1068.000000,1979.000000,1082.000000
2066.000000,1926.000000,1845.000000,1951.000000
759.000000,2177.000000,690.000000,2367.000000
2113.000000,341.000000,2201.000000,357.000000
1152.000000,1112.000000,1568.000000,1198.000000
889.000000,1399.000000,1159.000000,1573.000000
2240.000000,2310.000000,2407.000000,2403.000000
2080.000000,1068.000000,2143.000000,1248.000000
2303.000000,297.000000,2047.000000,352.000000
2502.000000,1818.000000,2585.000000,1904.000000
187.000000,2734.000000,88.000000,2834.000000
1744.000000,1478.000000,1692.000000,1676.000000
2008.000000,170.000000,2014.000000,260.000000
2774.000000,2467.000000,2756.000000,2709.000000
896.000000,1474.000000,1159.000000,1573.000000
1490.000000,11.000000,1101.000000,61.000000
87.000000,782.000000,199.000000,807.000000
1873.000000,1152.000000,1928.000000,1324.000000
2252.000000,313.000000,2113.000000,341.000000
2308.000000,2713.000000,2329.000000,2773.000000
2748.000000,1531.000000,2591.000000,1672.000000
1192.000000,532.000000,1093.000000,543.000000
1752.000000,838.000000,2025.000000,958.000000
2025.000000,2426.000000,1942.000000,2481.000000
608.000000,1603.000000,759.000000,1612.000000
2756.000000,2709.000000,2492.000000,2838.000000
1550.000000,841.000000,1466.000000,1016.000000
2779.000000,1237.000000,2472.000000,1518.000000
53.000000,1658.000000,26.000000,1866.000000
88.000000,2834.000000,725.000000,2839.000000
1761.000000,1979.000000,1774.000000,2038.000000
1843.000000,554.000000,2016.000000,577.000000
493.000000,52.000000,470.000000,76.000000
408.000000,1985.000000,665.000000,2123.000000
1482.000000,2610.000000,1589.000000,2680.000000
600.000000,478.000000,599.000000,595.000000
1614.000000,2310.000000,1589.000000,2680.000000
387.000000,1216.000000,434.000000,1217.000000
2025.000000,958.000000,1869.000000,1094.000000
1614.000000,2310.000000,1799.000000,2490.000000
709.000000,1705.000000,672.000000,2048.000000
851.000000,2416.000000,1035.000000,2660.000000
690.000000,2367.000000,673.000000,2559.000000
711.000000,2201.000000,643.000000,2283.000000
1395.000000,1462.000000,1299.000000,1580.000000
759.000000,2177.000000,719.000000,2266.000000
636.000000,1124.000000,434.000000,1217.000000
2065.000000,1996.000000,2091.000000,2090.000000
851.000000,2416.000000,1117.000000,2458.000000
642.000000,1734.000000,591.000000,1851.000000
2066.000000,1926.000000,2304.000000,1962.000000
696.000000,150.000000,559.000000,426.000000
2299.000000,1777.000000,2449.000000,1927.000000
2066.000000,1926.000000,2022.000000,1976.000000
134.000000,2514.000000,76.000000,2748.000000
2284.000000,2422.000000,2170.000000,2575.000000
1168.000000,1197.000000,1167.000000,1364.000000
1610.000000,1929.000000,1613.000000,2152.000000
1787.000000,1958.000000,1761.000000,1979.000000
1466.000000,1016.000000,1562.000000,1059.000000
376.000000,1387.000000,394.000000,1659.000000
2568.000000,199.000000,2303.000000,297.000000
2171.000000,1705.000000,2304.000000,1962.000000
2037.000000,1565.000000,1792.000000,1587.000000
61.000000,1368.000000,26.000000,1866.000000
460.000000,707.000000,424.000000,927.000000
2622.000000,1766.000000,2688.000000,1813.000000
759.000000,1612.000000,887.000000,1824.000000
2803.000000,877.000000,2539.000000,1311.000000
492.000000,995.000000,366.000000,1052.000000
1777.000000,2323.000000,2139.000000,2329.000000
324.000000,1211.000000,434.000000,1217.000000
1952.000000,286.000000,2047.000000,352.000000
887.000000,1824.000000,860.000000,2123.000000
1692.000000,1676.000000,1808.000000,1848.000000
99.000000,154.000000,360.000000,234.000000
1299.000000,1580.000000,1412.000000,1825.000000
87.000000,782.000000,207.000000,928.000000
2803.000000,877.000000,2779.000000,1237.000000
2575.000000,2082.000000,2515.000000,2199.000000
25.000000,474.000000,13.000000,902.000000
508.000000,2180.000000,599.000000,2236.000000
111.000000,1354.000000,143.000000,1540.000000
2515.000000,2199.000000,2407.000000,2315.000000
2774.000000,404.000000,2685.000000,495.000000
1395.000000,1462.000000,1367.000000,1603.000000
599.000000,2325.000000,690.000000,2367.000000
2779.000000,1237.000000,2795.000000,1253.000000
493.000000,52.000000,949.000000,65.000000
2370.000000,108.000000,2521.000000,188.000000
1559.000000,410.000000,1341.000000,568.000000
2728.000000,1438.000000,2472.000000,1518.000000
200.000000,1574.000000,394.000000,1659.000000
1777.000000,2323.000000,1799.000000,2490.000000
1775.000000,2680.000000,2329.000000,2773.000000
1244.000000,2438.000000,1035.000000,2660.000000
549.000000,1635.000000,642.000000,1734.000000
1370.000000,60.000000,1101.000000,61.000000
887.000000,1824.000000,711.000000,2201.000000
2139.000000,2329.000000,2025.000000,2426.000000
2591.000000,1672.000000,2565.000000,1774.000000
643.000000,2283.000000,690.000000,2367.000000
481.000000,2470.000000,88.000000,2834.000000
2407.000000,2403.000000,2774.000000,2467.000000
2303.000000,297.000000,2285.000000,504.000000
508.000000,2180.000000,292.000000,2265.000000
26.000000,1866.000000,43.000000,2451.000000
821.000000,1023.000000,986.000000,1232.000000
539.000000,718.000000,701.000000,756.000000
1550.000000,841.000000,1217.000000,968.000000
949.000000,65.000000,910.000000,248.000000
1244.000000,2438.000000,1117.000000,2458.000000
1266.000000,1985.000000,1215.000000,2143.000000
711.000000,2201.000000,719.000000,2266.000000
1117.000000,2458.000000,1035.000000,2660.000000
481.000000,2470.000000,632.000000,2578.000000
1466.000000,1016.000000,1152.000000,1112.000000
2585.000000,1904.000000,2449.000000,1927.000000
847.000000,473.000000,960.000000,753.000000
559.000000,426.000000,600.000000,478.000000
1395.000000,1462.000000,1524.000000,1784.000000
111.000000,1354.000000,61.000000,1368.000000
1397.000000,166.000000,1175.000000,498.000000
709.000000,89.000000,842.000000,232.000000
696.000000,150.000000,842.000000,232.000000
960.000000,753.000000,1096.000000,811.000000
2308.000000,2713.000000,2204.000000,2739.000000
1466.000000,327.000000,1175.000000,498.000000
719.000000,2266.000000,643.000000,2283.000000
80.000000,2280.000000,43.000000,2451.000000
1994.000000,693.000000,2025.000000,958.000000
2457.000000,2187.000000,2515.000000,2199.000000
1568.000000,1198.000000,1600.000000,1216.000000
1077.000000,2219.000000,1096.000000,2287.000000
1136.000000,1201.000000,986.000000,1232.000000
1843.000000,554.000000,1752.000000,838.000000
600.000000,478.000000,563.000000,565.000000
314.000000,724.000000,350.000000,917.000000
2296.000000,1103.000000,2539.000000,1311.000000
53.000000,1658.000000,142.000000,1703.000000
591.000000,1851.000000,665.000000,2123.000000
1370.000000,60.000000,1125.000000,131.000000
847.000000,473.000000,599.000000,595.000000
1610.000000,1929.000000,1761.000000,1979.000000
1101.000000,61.000000,1125.000000,131.000000
709.000000,1705.000000,887.000000,1824.000000
2296.000000,1103.000000,2403.000000,1377.000000
324.000000,1211.000000,387.000000,1216.000000
376.000000,1387.000000,608.000000,1603.000000
2025.000000,2426.000000,1970.000000,2472.000000
1744.000000,1478.000000,1524.000000,1784.000000
200.000000,1574.000000,142.000000,1703.000000
2370.000000,108.000000,2137.000000,183.000000
1192.000000,532.000000,1341.000000,568.000000
1192.000000,532.000000,960.000000,753.000000
300.000000,1381.000000,143.000000,1540.000000
1357.000000,2018.000000,1364.000000,2142.000000
960.000000,753.000000,701.000000,756.000000
1160.000000,1723.000000,1000.000000,1858.000000
408.000000,1985.000000,80.000000,2280.000000
847.000000,473.000000,701.000000,756.000000
1917.000000,24.000000,2111.000000,61.000000
2558.000000,2008.000000,2745.000000,2205.000000
851.000000,2416.000000,673.000000,2559.000000
324.000000,1211.000000,111.000000,1354.000000
2047.000000,352.000000,2016.000000,577.000000
522.000000,1191.000000,434.000000,1217.000000
2022.000000,1976.000000,2060.000000,1998.000000
460.000000,707.000000,539.000000,718.000000
643.000000,2283.000000,599.000000,2325.000000
2111.000000,61.000000,2008.000000,170.000000
960.000000,753.000000,988.000000,950.000000
2801.000000,1545.000000,2774.000000,2467.000000
2221.000000,2063.000000,2240.000000,2310.000000
2370.000000,108.000000,2568.000000,199.000000
350.000000,917.000000,207.000000,928.000000
896.000000,1474.000000,1089.000000,1567.000000
408.000000,1985.000000,508.000000,2180.000000
1589.000000,2680.000000,1775.000000,2680.000000
2191.000000,1522.000000,1792.000000,1587.000000
1010.000000,1172.000000,1136.000000,1201.000000
142.000000,1703.000000,26.000000,1866.000000
1928.000000,1324.000000,2152.000000,1325.000000
324.000000,1211.000000,61.000000,1368.000000
842.000000,232.000000,880.000000,345.000000
1670.000000,2048.000000,1614.000000,2310.000000
1670.000000,2048.000000,1777.000000,2323.000000
759.000000,2177.000000,851.000000,2416.000000
2801.000000,1545.000000,2745.000000,2205.000000
611.000000,1058.000000,636.000000,1124.000000
