POINTS
1989.000000,1.000000
2383.000000,12.000000
1541.000000,16.000000
592.000000,23.000000
507.000000,32.000000
2279.000000,39.000000
442.000000,45.000000
2840.000000,57.000000
489.000000,59.000000
2297.000000,65.000000
1942.000000,75.000000
27.000000,86.000000
819.000000,89.000000
688.000000,94.000000
2345.000000,104.000000
2574.000000,113.000000
2810.000000,120.000000
1073.000000,130.000000
514.000000,135.000000
939.000000,137.000000
1348.000000,141.000000
1712.000000,152.000000
1440.000000,166.000000
1694.000000,169.000000
966.000000,171.000000
1785.000000,177.000000
2648.000000,178.000000
2824.000000,195.000000
97.000000,196.000000
1139.000000,214.000000
1831.000000,216.000000
247.000000,218.000000
2191.000000,225.000000
1017.000000,236.000000
2143.000000,240.000000
1248.000000,250.000000
1746.000000,274.000000
1811.000000,280.000000
1570.000000,283.000000
870.000000,300.000000
133.000000,303.000000
824.000000,317.000000
350.000000,342.000000
1663.000000,354.000000
1462.000000,357.000000
2843.000000,371.000000
826.000000,400.000000
662.000000,408.000000
1126.000000,411.000000
2809.000000,412.000000
587.000000,417.000000
1288.000000,419.000000
1524.000000,429.000000
745.000000,449.000000
230.000000,465.000000
1731.000000,471.000000
421.000000,472.000000
1062.000000,477.000000
501.000000,492.000000
1305.000000,492.000000
1494.000000,493.000000
440.000000,500.000000
1574.000000,503.000000
54.000000,510.000000
1844.000000,514.000000
1328.000000,516.000000
2005.000000,518.000000
2652.000000,521.000000
1433.000000,531.000000
2896.000000,552.000000
1754.000000,573.000000
2068.000000,582.000000
2749.000000,587.000000
1794.000000,590.000000
2128.000000,616.000000
197.000000,617.000000
309.000000,625.000000
731.000000,627.000000
847.000000,637.000000
611.000000,640.000000
460.000000,642.000000
696.000000,645.000000
1478.000000,655.000000
2477.000000,656.000000
2243.000000,660.000000
931.000000,677.000000
2916.000000,691.000000
1177.000000,714.000000
1329.000000,737.000000
2330.000000,737.000000
2089.000000,745.000000
2209.000000,750.000000
1215.000000,760.000000
2266.000000,772.000000
2408.000000,774.000000
2709.000000,787.000000
2720.000000,824.000000
2157.000000,829.000000
2373.000000,842.000000
1530.000000,850.000000
1287.000000,865.000000
1458.000000,866.000000
2082.000000,867.000000
1004.000000,906.000000
1237.000000,916.000000
1436.000000,916.000000
1416.000000,929.000000
1039.000000,945.000000
1293.000000,951.000000
1357.000000,968.000000
602.000000,979.000000
314.000000,1000.000000
104.000000,1013.000000
1823.000000,1020.000000
1861.000000,1023.000000
1860.000000,1039.000000
2851.000000,1040.000000
162.000000,1041.000000
882.000000,1073.000000
2276.000000,1079.000000
2284.000000,1080.000000
1034.000000,1086.000000
42.000000,1090.000000
1752.000000,1092.000000
824.000000,1105.000000
1248.000000,1107.000000
899.000000,1108.000000
1695.000000,1110.000000
929.000000,1121.000000
788.000000,1142.000000
2603.000000,1150.000000
2006.000000,1188.000000
2609.000000,1197.000000
991.000000,1204.000000
855.000000,1210.000000
622.000000,1226.000000
21.000000,1227.000000
716.000000,1233.000000
2390.000000,1240.000000
288.000000,1250.000000
2326.000000,1253.000000
2629.000000,1268.000000
1727.000000,1301.000000
207.000000,1316.000000
1254.000000,1319.000000
2245.000000,1322.000000
2696.000000,1325.000000
1014.000000,1340.000000
1080.000000,1343.000000
282.000000,1345.000000
366.000000,1376.000000
468.000000,1387.000000
772.000000,1421.000000
49.000000,1451.000000
1936.000000,1462.000000
242.000000,1465.000000
1771.000000,1469.000000
2054.000000,1482.000000
2046.000000,1510.000000
683.000000,1515.000000
2608.000000,1515.000000
94.000000,1546.000000
205.000000,1549.000000
210.000000,1563.000000
1527.000000,1564.000000
1883.000000,1581.000000
1922.000000,1581.000000
2570.000000,1594.000000
1380.000000,1601.000000
2487.000000,1616.000000
717.000000,1633.000000
1319.000000,1657.000000
776.000000,1670.000000
2709.000000,1682.000000
519.000000,1703.000000
271.000000,1709.000000
1287.000000,1717.000000
2822.000000,1724.000000
1909.000000,1732.000000
1812.000000,1733.000000
1284.000000,1743.000000
2765.000000,1750.000000
2503.000000,1759.000000
1857.000000,1766.000000
1885.000000,1768.000000
446.000000,1792.000000
2687.000000,1802.000000
1688.000000,1821.000000
403.000000,1827.000000
1272.000000,1829.000000
2328.000000,1830.000000
2768.000000,1833.000000
639.000000,1836.000000
1407.000000,1838.000000
837.000000,1847.000000
2885.000000,1847.000000
983.000000,1861.000000
631.000000,1867.000000
1184.000000,1868.000000
2864.000000,1884.000000
2299.000000,1886.000000
1222.000000,1891.000000
588.000000,1893.000000
2799.000000,1893.000000
685.000000,1900.000000
35.000000,1904.000000
1120.000000,1907.000000
1436.000000,1918.000000
2431.000000,1921.000000
2477.000000,1925.000000
2264.000000,1952.000000
437.000000,1978.000000
1193.000000,1985.000000
958.000000,2000.000000
1194.000000,2004.000000
52.000000,2031.000000
2430.000000,2032.000000
530.000000,2036.000000
2102.000000,2041.000000
2627.000000,2050.000000
2176.000000,2058.000000
1928.000000,2127.000000
2139.000000,2131.000000
1103.000000,2133.000000
1618.000000,2189.000000
817.000000,2200.000000
1374.000000,2207.000000
2758.000000,2224.000000
568.000000,2234.000000
2572.000000,2248.000000
26.000000,2264.000000
2004.000000,2275.000000
2267.000000,2275.000000
90.000000,2289.000000
1075.000000,2289.000000
257.000000,2298.000000
1394.000000,2298.000000
2504.000000,2303.000000
1351.000000,2310.000000
2620.000000,2311.000000
1868.000000,2326.000000
1636.000000,2335.000000
24.000000,2336.000000
2064.000000,2343.000000
2747.000000,2357.000000
2576.000000,2368.000000
257.000000,2377.000000
2054.000000,2389.000000
906.000000,2396.000000
52.000000,2403.000000
2444.000000,2412.000000
1731.000000,2437.000000
1039.000000,2468.000000
2625.000000,2470.000000
2683.000000,2489.000000
260.000000,2497.000000
668.000000,2501.000000
2437.000000,2511.000000
788.000000,2512.000000
1334.000000,2512.000000
2660.000000,2534.000000
973.000000,2548.000000
1546.000000,2558.000000
667.000000,2559.000000
576.000000,2562.000000
1600.000000,2587.000000
17.000000,2603.000000
849.000000,2603.000000
482.000000,2610.000000
308.000000,2621.000000
2026.000000,2662.000000
2170.000000,2675.000000
2117.000000,2690.000000
2311.000000,2698.000000
2887.000000,2707.000000
2230.000000,2711.000000
429.000000,2721.000000
974.000000,2740.000000
597.000000,2749.000000
110.000000,2776.000000
1396.000000,2783.000000
2206.000000,2789.000000
491.000000,2809.000000
2283.000000,2811.000000
2658.000000,2825.000000
1233.000000,2827.000000
2748.000000,2839.000000
2811.000000,2851.000000
2406.000000,2852.000000
1833.000000,2864.000000
99.000000,2914.000000
1598.000000,2915.000000
LINES
2747.000000,2357.000000,2683.000000,2489.000000
668.000000,2501.000000,576.000000,2562.000000
257.000000,2298.000000,257.000000,2377.000000
983.000000,1861.000000,958.000000,2000.000000
2660.000000,2534.000000,2748.000000,2839.000000
2209.000000,750.000000,2157.000000,829.000000
717.000000,1633.000000,776.000000,1670.000000
688.000000,94.000000,514.000000,135.000000
52.000000,2403.000000,260.000000,2497.000000
257.000000,2298.000000,576.000000,2562.000000
260.000000,2497.000000,308.000000,2621.000000
2843.000000,371.000000,2896.000000,552.000000
847.000000,637.000000,696.000000,645.000000
1833.000000,2864.000000,1598.000000,2915.000000
421.000000,472.000000,309.000000,625.000000
819.000000,89.000000,1348.000000,141.000000
2345.000000,104.000000,2574.000000,113.000000
1746.000000,274.000000,1574.000000,503.000000
2064.000000,2343.000000,2054.000000,2389.000000
2504.000000,2303.000000,2576.000000,2368.000000
2299.000000,1886.000000,2431.000000,1921.000000
1237.000000,916.000000,1293.000000,951.000000
519.000000,1703.000000,446.000000,1792.000000
260.000000,2497.000000,576.000000,2562.000000
2487.000000,1616.000000,2328.000000,1830.000000
366.000000,1376.000000,468.000000,1387.000000
716.000000,1233.000000,468.000000,1387.000000
1440.000000,166.000000,1248.000000,250.000000
2128.000000,616.000000,2089.000000,745.000000
90.000000,2289.000000,52.000000,2403.000000
745.000000,449.000000,731.000000,627.000000
2299.000000,1886.000000,2264.000000,1952.000000
1688.000000,1821.000000,1868.000000,2326.000000
1004.000000,906.000000,1237.000000,916.000000
2004.000000,2275.000000,2064.000000,2343.000000
205.000000,1549.000000,210.000000,1563.000000
696.000000,645.000000,824.000000,1105.000000
2328.000000,1830.000000,2264.000000,1952.000000
587.000000,417.000000,501.000000,492.000000
350.000000,342.000000,230.000000,465.000000
1039.000000,945.000000,1248.000000,1107.000000
288.000000,1250.000000,366.000000,1376.000000
2504.000000,2303.000000,2620.000000,2311.000000
49.000000,1451.000000,242.000000,1465.000000
2276.000000,1079.000000,2245.000000,1322.000000
1184.000000,1868.000000,1193.000000,1985.000000
2266.000000,772.000000,2373.000000,842.000000
1329.000000,737.000000,1215.000000,760.000000
2843.000000,371.000000,2809.000000,412.000000
1754.000000,573.000000,1794.000000,590.000000
282.000000,1345.000000,242.000000,1465.000000
2276.000000,1079.000000,2006.000000,1188.000000
2046.000000,1510.000000,1909.000000,1732.000000
35.000000,1904.000000,26.000000,2264.000000
42.000000,1090.000000,21.000000,1227.000000
1329.000000,737.000000,1287.000000,865.000000
49.000000,1451.000000,35.000000,1904.000000
442.000000,45.000000,247.000000,218.000000
26.000000,2264.000000,52.000000,2403.000000
2267.000000,2275.000000,2054.000000,2389.000000
1433.000000,531.000000,1478.000000,655.000000
1287.000000,865.000000,1293.000000,951.000000
1222.000000,1891.000000,1194.000000,2004.000000
2117.000000,2690.000000,1833.000000,2864.000000
1004.000000,906.000000,1039.000000,945.000000
2026.000000,2662.000000,1833.000000,2864.000000
24.000000,2336.000000,52.000000,2403.000000
2117.000000,2690.000000,2206.000000,2789.000000
2652.000000,521.000000,2749.000000,587.000000
514.000000,135.000000,247.000000,218.000000
849.000000,2603.000000,597.000000,2749.000000
26.000000,2264.000000,257.000000,2298.000000
2157.000000,829.000000,2373.000000,842.000000
2609.000000,1197.000000,2390.000000,1240.000000
2431.000000,1921.000000,2477.000000,1925.000000
622.000000,1226.000000,716.000000,1233.000000
1380.000000,1601.000000,1407.000000,1838.000000
2916.000000,691.000000,2887.000000,2707.000000
1857.000000,1766.000000,1688.000000,1821.000000
90.000000,2289.000000,257.000000,2377.000000
2809.000000,412.000000,2749.000000,587.000000
1177.000000,714.000000,1215.000000,760.000000
2625.000000,2470.000000,2658.000000,2825.000000
1636.000000,2335.000000,1546.000000,2558.000000
2068.000000,582.000000,2089.000000,745.000000
1462.000000,357.000000,1494.000000,493.000000
974.000000,2740.000000,597.000000,2749.000000
819.000000,89.000000,1073.000000,130.000000
501.000000,492.000000,611.000000,640.000000
440.000000,500.000000,611.000000,640.000000
52.000000,2031.000000,26.000000,2264.000000
1396.000000,2783.000000,1233.000000,2827.000000
1126.000000,411.000000,1288.000000,419.000000
667.000000,2559.000000,482.000000,2610.000000
94.000000,1546.000000,205.000000,1549.000000
973.000000,2548.000000,849.000000,2603.000000
309.000000,625.000000,460.000000,642.000000
717.000000,1633.000000,519.000000,1703.000000
1073.000000,130.000000,1348.000000,141.000000
1928.000000,2127.000000,2064.000000,2343.000000
958.000000,2000.000000,817.000000,2200.000000
1883.000000,1581.000000,1812.000000,1733.000000
446.000000,1792.000000,437.000000,1978.000000
1120.000000,1907.000000,1193.000000,1985.000000
1909.000000,1732.000000,2328.000000,1830.000000
1823.000000,1020.000000,1695.000000,1110.000000
2191.000000,225.000000,2005.000000,518.000000
2383.000000,12.000000,2574.000000,113.000000
1989.000000,1.000000,1785.000000,177.000000
2230.000000,2711.000000,2406.000000,2852.000000
309.000000,625.000000,314.000000,1000.000000
1574.000000,503.000000,1823.000000,1020.000000
242.000000,1465.000000,271.000000,1709.000000
1017.000000,236.000000,826.000000,400.000000
817.000000,2200.000000,568.000000,2234.000000
906.000000,2396.000000,1039.000000,2468.000000
2267.000000,2275.000000,2437.000000,2511.000000
429.000000,2721.000000,597.000000,2749.000000
2574.000000,113.000000,2652.000000,521.000000
2608.000000,1515.000000,2822.000000,1724.000000
2620.000000,2311.000000,2576.000000,2368.000000
35.000000,1904.000000,24.000000,2336.000000
2054.000000,1482.000000,2046.000000,1510.000000
2916.000000,691.000000,2885.000000,1847.000000
1731.000000,2437.000000,1833.000000,2864.000000
717.000000,1633.000000,639.000000,1836.000000
49.000000,1451.000000,205.000000,1549.000000
1524.000000,429.000000,1494.000000,493.000000
824.000000,1105.000000,899.000000,1108.000000
2209.000000,750.000000,2266.000000,772.000000
1254.000000,1319.000000,1080.000000,1343.000000
819.000000,89.000000,688.000000,94.000000
308.000000,2621.000000,491.000000,2809.000000
1177.000000,714.000000,1237.000000,916.000000
2487.000000,1616.000000,2477.000000,1925.000000
2625.000000,2470.000000,2660.000000,2534.000000
314.000000,1000.000000,788.000000,1142.000000
519.000000,1703.000000,403.000000,1827.000000
2809.000000,412.000000,2652.000000,521.000000
1458.000000,866.000000,1416.000000,929.000000
489.000000,59.000000,514.000000,135.000000
1883.000000,1581.000000,1407.000000,1838.000000
2330.000000,737.000000,2266.000000,772.000000
1334.000000,2512.000000,1396.000000,2783.000000
308.000000,2621.000000,429.000000,2721.000000
2054.000000,2389.000000,1731.000000,2437.000000
1440.000000,166.000000,1462.000000,357.000000
826.000000,400.000000,847.000000,637.000000
1727.000000,1301.000000,1771.000000,1469.000000
1305.000000,492.000000,1328.000000,516.000000
2658.000000,2825.000000,2811.000000,2851.000000
2068.000000,582.000000,2243.000000,660.000000
17.000000,2603.000000,110.000000,2776.000000
2620.000000,2311.000000,2747.000000,2357.000000
133.000000,303.000000,54.000000,510.000000
1494.000000,493.000000,1574.000000,503.000000
991.000000,1204.000000,855.000000,1210.000000
2102.000000,2041.000000,2139.000000,2131.000000
437.000000,1978.000000,530.000000,2036.000000
1936.000000,1462.000000,1922.000000,1581.000000
1860.000000,1039.000000,1727.000000,1301.000000
1746.000000,274.000000,1663.000000,354.000000
440.000000,500.000000,460.000000,642.000000
1618.000000,2189.000000,1868.000000,2326.000000
2004.000000,2275.000000,1868.000000,2326.000000
855.000000,1210.000000,716.000000,1233.000000
1727.000000,1301.000000,1527.000000,1564.000000
247.000000,218.000000,662.000000,408.000000
1727.000000,1301.000000,1936.000000,1462.000000
2157.000000,829.000000,2284.000000,1080.000000
97.000000,196.000000,247.000000,218.000000
2005.000000,518.000000,2652.000000,521.000000
2373.000000,842.000000,2851.000000,1040.000000
1530.000000,850.000000,1458.000000,866.000000
17.000000,2603.000000,99.000000,2914.000000
745.000000,449.000000,847.000000,637.000000
1139.000000,214.000000,1248.000000,250.000000
1416.000000,929.000000,1357.000000,968.000000
1287.000000,865.000000,1458.000000,866.000000
1126.000000,411.000000,1062.000000,477.000000
1527.000000,1564.000000,1883.000000,1581.000000
1080.000000,1343.000000,1319.000000,1657.000000
2822.000000,1724.000000,2768.000000,1833.000000
514.000000,135.000000,662.000000,408.000000
2046.000000,1510.000000,2328.000000,1830.000000
2005.000000,518.000000,2068.000000,582.000000
2283.000000,2811.000000,2406.000000,2852.000000
27.000000,86.000000,21.000000,1227.000000
1184.000000,1868.000000,1222.000000,1891.000000
991.000000,1204.000000,1080.000000,1343.000000
2851.000000,1040.000000,2284.000000,1080.000000
2658.000000,2825.000000,2748.000000,2839.000000
2648.000000,178.000000,2809.000000,412.000000
1328.000000,516.000000,1433.000000,531.000000
1288.000000,419.000000,1305.000000,492.000000
309.000000,625.000000,602.000000,979.000000
931.000000,677.000000,1237.000000,916.000000
1909.000000,1732.000000,2264.000000,1952.000000
35.000000,1904.000000,52.000000,2031.000000
1989.000000,1.000000,2279.000000,39.000000
21.000000,1227.000000,17.000000,2603.000000
1073.000000,130.000000,1248.000000,250.000000
2330.000000,737.000000,2709.000000,787.000000
2652.000000,521.000000,2477.000000,656.000000
2629.000000,1268.000000,2696.000000,1325.000000
21.000000,1227.000000,49.000000,1451.000000
1034.000000,1086.000000,899.000000,1108.000000
2206.000000,2789.000000,1598.000000,2915.000000
1823.000000,1020.000000,1861.000000,1023.000000
2383.000000,12.000000,2345.000000,104.000000
906.000000,2396.000000,788.000000,2512.000000
460.000000,642.000000,602.000000,979.000000
1394.000000,2298.000000,1546.000000,2558.000000
1436.000000,916.000000,1695.000000,1110.000000
2576.000000,2368.000000,2683.000000,2489.000000
2629.000000,1268.000000,2885.000000,1847.000000
631.000000,1867.000000,588.000000,1893.000000
2408.000000,774.000000,2709.000000,787.000000
2574.000000,113.000000,2809.000000,412.000000
568.000000,2234.000000,257.000000,2298.000000
788.000000,1142.000000,622.000000,1226.000000
2749.000000,587.000000,2720.000000,824.000000
639.000000,1836.000000,685.000000,1900.000000
207.000000,1316.000000,49.000000,1451.000000
314.000000,1000.000000,104.000000,1013.000000
1844.000000,514.000000,2005.000000,518.000000
1771.000000,1469.000000,1883.000000,1581.000000
1546.000000,2558.000000,1598.000000,2915.000000
2896.000000,552.000000,2916.000000,691.000000
491.000000,2809.000000,99.000000,2914.000000
819.000000,89.000000,966.000000,171.000000
2629.000000,1268.000000,2608.000000,1515.000000
929.000000,1121.000000,788.000000,1142.000000
2477.000000,656.000000,2243.000000,660.000000
2390.000000,1240.000000,2245.000000,1322.000000
501.000000,492.000000,440.000000,500.000000
1287.000000,865.000000,1416.000000,929.000000
1215.000000,760.000000,1287.000000,865.000000
1812.000000,1733.000000,1857.000000,1766.000000
929.000000,1121.000000,855.000000,1210.000000
27.000000,86.000000,97.000000,196.000000
2851.000000,1040.000000,2885.000000,1847.000000
2054.000000,2389.000000,2117.000000,2690.000000
1546.000000,2558.000000,1396.000000,2783.000000
2311.000000,2698.000000,2406.000000,2852.000000
2648.000000,178.000000,2824.000000,195.000000
2887.000000,2707.000000,2748.000000,2839.000000
2627.000000,2050.000000,2758.000000,2224.000000
1618.000000,2189.000000,1374.000000,2207.000000
1695.000000,1110.000000,1254.000000,1319.000000
2143.000000,240.000000,2005.000000,518.000000
2089.000000,745.000000,2209.000000,750.000000
2345.000000,104.000000,2143.000000,240.000000
1936.000000,1462.000000,1909.000000,1732.000000
1272.000000,1829.000000,1222.000000,1891.000000
1570.000000,283.000000,1524.000000,429.000000
2683.000000,2489.000000,2660.000000,2534.000000
440.000000,500.000000,309.000000,625.000000
2005.000000,518.000000,1794.000000,590.000000
1694.000000,169.000000,1570.000000,283.000000
2799.000000,1893.000000,2887.000000,2707.000000
1731.000000,471.000000,1844.000000,514.000000
1062.000000,477.000000,847.000000,637.000000
1319.000000,1657.000000,776.000000,1670.000000
1731.000000,2437.000000,2026.000000,2662.000000
1394.000000,2298.000000,1636.000000,2335.000000
2840.000000,57.000000,2824.000000,195.000000
2128.000000,616.000000,2243.000000,660.000000
2840.000000,57.000000,2916.000000,691.000000
2345.000000,104.000000,2191.000000,225.000000
1883.000000,1581.000000,1909.000000,1732.000000
2851.000000,1040.000000,2696.000000,1325.000000
731.000000,627.000000,696.000000,645.000000
1380.000000,1601.000000,1319.000000,1657.000000
1989.000000,1.000000,592.000000,23.000000
1272.000000,1829.000000,1407.000000,1838.000000
1284.000000,1743.000000,1184.000000,1868.000000
2570.000000,1594.000000,2487.000000,1616.000000
983.000000,1861.000000,1120.000000,1907.000000
2840.000000,57.000000,2810.000000,120.000000
1731.000000,471.000000,2005.000000,518.000000
314.000000,1000.000000,42.000000,1090.000000
1942.000000,75.000000,2143.000000,240.000000
1695.000000,1110.000000,1527.000000,1564.000000
1075.000000,2289.000000,1334.000000,2512.000000
1883.000000,1581.000000,1688.000000,1821.000000
1541.000000,16.000000,1440.000000,166.000000
1305.000000,492.000000,1177.000000,714.000000
1194.000000,2004.000000,1374.000000,2207.000000
824.000000,317.000000,745.000000,449.000000
2885.000000,1847.000000,2864.000000,1884.000000
133.000000,303.000000,230.000000,465.000000
667.000000,2559.000000,597.000000,2749.000000
519.000000,1703.000000,639.000000,1836.000000
1351.000000,2310.000000,1334.000000,2512.000000
2006.000000,1188.000000,2245.000000,1322.000000
1272.000000,1829.000000,1184.000000,1868.000000
2660.000000,2534.000000,2658.000000,2825.000000
242.000000,1465.000000,205.000000,1549.000000
2840.000000,57.000000,2574.000000,113.000000
507.000000,32.000000,27.000000,86.000000
1812.000000,1733.000000,1688.000000,1821.000000
1287.000000,865.000000,1237.000000,916.000000
110.000000,2776.000000,99.000000,2914.000000
482.000000,2610.000000,597.000000,2749.000000
1436.000000,1918.000000,1868.000000,2326.000000
2570.000000,1594.000000,2627.000000,2050.000000
1177.000000,714.000000,1329.000000,737.000000
1287.000000,1717.000000,1284.000000,1743.000000
2748.000000,2839.000000,2811.000000,2851.000000
1811.000000,280.000000,1574.000000,503.000000
1524.000000,429.000000,1574.000000,503.000000
1139.000000,214.000000,1017.000000,236.000000
1928.000000,2127.000000,2139.000000,2131.000000
631.000000,1867.000000,685.000000,1900.000000
592.000000,23.000000,688.000000,94.000000
1712.000000,152.000000,1694.000000,169.000000
592.000000,23.000000,507.000000,32.000000
446.000000,1792.000000,588.000000,1893.000000
906.000000,2396.000000,973.000000,2548.000000
776.000000,1670.000000,837.000000,1847.000000
1254.000000,1319.000000,1527.000000,1564.000000
2408.000000,774.000000,2720.000000,824.000000
2170.000000,2675.000000,2230.000000,2711.000000
731.000000,627.000000,611.000000,640.000000
97.000000,196.000000,133.000000,303.000000
639.000000,1836.000000,588.000000,1893.000000
2811.000000,2851.000000,1598.000000,2915.000000
2687.000000,1802.000000,2768.000000,1833.000000
1527.000000,1564.000000,1380.000000,1601.000000
1570.000000,283.000000,1663.000000,354.000000
1014.000000,1340.000000,1080.000000,1343.000000
1139.000000,214.000000,1126.000000,411.000000
1844.000000,514.000000,1794.000000,590.000000
1319.000000,1657.000000,1184.000000,1868.000000
576.000000,2562.000000,482.000000,2610.000000
2652.000000,521.000000,2243.000000,660.000000
1989.000000,1.000000,1541.000000,16.000000
2102.000000,2041.000000,1928.000000,2127.000000
1319.000000,1657.000000,1120.000000,1907.000000
2696.000000,1325.000000,2885.000000,1847.000000
1348.000000,141.000000,1440.000000,166.000000
1785.000000,177.000000,1570.000000,283.000000
2330.000000,737.000000,2408.000000,774.000000
1034.000000,1086.000000,991.000000,1204.000000
1600.000000,2587.000000,1833.000000,2864.000000
1004.000000,906.000000,824.000000,1105.000000
1831.000000,216.000000,1811.000000,280.000000
482.000000,2610.000000,308.000000,2621.000000
197.000000,617.000000,309.000000,625.000000
2709.000000,1682.000000,2822.000000,1724.000000
1248.000000,1107.000000,991.000000,1204.000000
1416.000000,929.000000,1293.000000,951.000000
2749.000000,587.000000,2916.000000,691.000000
588.000000,1893.000000,530.000000,2036.000000
2444.000000,2412.000000,2625.000000,2470.000000
2264.000000,1952.000000,2430.000000,2032.000000
826.000000,400.000000,745.000000,449.000000
2709.000000,787.000000,2720.000000,824.000000
2139.000000,2131.000000,2267.000000,2275.000000
2765.000000,1750.000000,2687.000000,1802.000000
437.000000,1978.000000,52.000000,2031.000000
1541.000000,16.000000,1348.000000,141.000000
1254.000000,1319.000000,1319.000000,1657.000000
1288.000000,419.000000,1433.000000,531.000000
1254.000000,1319.000000,1380.000000,1601.000000
2487.000000,1616.000000,2503.000000,1759.000000
1618.000000,2189.000000,1636.000000,2335.000000
1574.000000,503.000000,1754.000000,573.000000
1868.000000,2326.000000,1731.000000,2437.000000
1618.000000,2189.000000,1394.000000,2298.000000
242.000000,1465.000000,683.000000,1515.000000
1574.000000,503.000000,1794.000000,590.000000
54.000000,510.000000,104.000000,1013.000000
819.000000,89.000000,939.000000,137.000000
2279.000000,39.000000,2297.000000,65.000000
1712.000000,152.000000,1785.000000,177.000000
1844.000000,514.000000,1754.000000,573.000000
489.000000,59.000000,247.000000,218.000000
1120.000000,1907.000000,1103.000000,2133.000000
2054.000000,2389.000000,2170.000000,2675.000000
817.000000,2200.000000,668.000000,2501.000000
2608.000000,1515.000000,2487.000000,1616.000000
2328.000000,1830.000000,2299.000000,1886.000000
870.000000,300.000000,824.000000,317.000000
2068.000000,582.000000,2128.000000,616.000000
587.000000,417.000000,745.000000,449.000000
1103.000000,2133.000000,1075.000000,2289.000000
2143.000000,240.000000,1811.000000,280.000000
1530.000000,850.000000,1416.000000,929.000000
688.000000,94.000000,662.000000,408.000000
1436.000000,1918.000000,1618.000000,2189.000000
837.000000,1847.000000,958.000000,2000.000000
288.000000,1250.000000,207.000000,1316.000000
2297.000000,65.000000,2345.000000,104.000000
1222.000000,1891.000000,1193.000000,1985.000000
2758.000000,2224.000000,2747.000000,2357.000000
1883.000000,1581.000000,1922.000000,1581.000000
2170.000000,2675.000000,2117.000000,2690.000000
2444.000000,2412.000000,2437.000000,2511.000000
1436.000000,916.000000,1416.000000,929.000000
2851.000000,1040.000000,2603.000000,1150.000000
1922.000000,1581.000000,1909.000000,1732.000000
2082.000000,867.000000,1860.000000,1039.000000
468.000000,1387.000000,683.000000,1515.000000
2373.000000,842.000000,2284.000000,1080.000000
1193.000000,1985.000000,1103.000000,2133.000000
197.000000,617.000000,104.000000,1013.000000
847.000000,637.000000,931.000000,677.000000
2267.000000,2275.000000,2444.000000,2412.000000
90.000000,2289.000000,257.000000,2298.000000
2089.000000,745.000000,2157.000000,829.000000
482.000000,2610.000000,429.000000,2721.000000
776.000000,1670.000000,983.000000,1861.000000
788.000000,1142.000000,288.000000,1250.000000
207.000000,1316.000000,242.000000,1465.000000
437.000000,1978.000000,568.000000,2234.000000
2437.000000,2511.000000,2311.000000,2698.000000
2330.000000,737.000000,2373.000000,842.000000
2243.000000,660.000000,2089.000000,745.000000
1436.000000,916.000000,1357.000000,968.000000
2437.000000,2511.000000,2658.000000,2825.000000
2864.000000,1884.000000,2799.000000,1893.000000
1731.000000,2437.000000,1546.000000,2558.000000
1574.000000,503.000000,1478.000000,655.000000
2758.000000,2224.000000,2620.000000,2311.000000
1440.000000,166.000000,1570.000000,283.000000
2822.000000,1724.000000,2765.000000,1750.000000
1861.000000,1023.000000,1695.000000,1110.000000
2390.000000,1240.000000,2326.000000,1253.000000
2625.000000,2470.000000,2437.000000,2511.000000
2608.000000,1515.000000,2570.000000,1594.000000
2572.000000,2248.000000,2620.000000,2311.000000
882.000000,1073.000000,824.000000,1105.000000
1785.000000,177.000000,1831.000000,216.000000
696.000000,645.000000,1004.000000,906.000000
2328.000000,1830.000000,2477.000000,1925.000000
1284.000000,1743.000000,1407.000000,1838.000000
1334.000000,2512.000000,973.000000,2548.000000
1860.000000,1039.000000,1752.000000,1092.000000
1233.000000,2827.000000,99.000000,2914.000000
2284.000000,1080.000000,2603.000000,1150.000000
446.000000,1792.000000,639.000000,1836.000000
588.000000,1893.000000,685.000000,1900.000000
1374.000000,2207.000000,1351.000000,2310.000000
1034.000000,1086.000000,929.000000,1121.000000
2603.000000,1150.000000,2326.000000,1253.000000
446.000000,1792.000000,403.000000,1827.000000
350.000000,342.000000,587.000000,417.000000
260.000000,2497.000000,110.000000,2776.000000
1039.000000,945.000000,1034.000000,1086.000000
817.000000,2200.000000,1075.000000,2289.000000
2504.000000,2303.000000,2625.000000,2470.000000
1909.000000,1732.000000,1928.000000,2127.000000
2191.000000,225.000000,2143.000000,240.000000
247.000000,218.000000,133.000000,303.000000
1478.000000,655.000000,1530.000000,850.000000
2477.000000,1925.000000,2627.000000,2050.000000
2284.000000,1080.000000,2326.000000,1253.000000
2430.000000,2032.000000,2627.000000,2050.000000
1462.000000,357.000000,1524.000000,429.000000
2709.000000,1682.000000,2687.000000,1802.000000
1248.000000,1107.000000,1080.000000,1343.000000
2810.000000,120.000000,2824.000000,195.000000
366.000000,1376.000000,242.000000,1465.000000
2005.000000,518.000000,2243.000000,660.000000
1600.000000,2587.000000,1598.000000,2915.000000
1570.000000,283.000000,1574.000000,503.000000
2768.000000,1833.000000,2864.000000,1884.000000
207.000000,1316.000000,282.000000,1345.000000
468.000000,1387.000000,242.000000,1465.000000
788.000000,2512.000000,849.000000,2603.000000
2629.000000,1268.000000,2054.000000,1482.000000
1293.000000,951.000000,1248.000000,1107.000000
2768.000000,1833.000000,2799.000000,1893.000000
403.000000,1827.000000,437.000000,1978.000000
2687.000000,1802.000000,2627.000000,2050.000000
2406.000000,2852.000000,1598.000000,2915.000000
2311.000000,2698.000000,2230.000000,2711.000000
350.000000,342.000000,309.000000,625.000000
1017.000000,236.000000,870.000000,300.000000
899.000000,1108.000000,788.000000,1142.000000
230.000000,465.000000,309.000000,625.000000
2609.000000,1197.000000,2629.000000,1268.000000
622.000000,1226.000000,468.000000,1387.000000
588.000000,1893.000000,817.000000,2200.000000
1857.000000,1766.000000,1885.000000,1768.000000
2157.000000,829.000000,2082.000000,867.000000
1885.000000,1768.000000,1688.000000,1821.000000
1248.000000,250.000000,1433.000000,531.000000
668.000000,2501.000000,788.000000,2512.000000
2574.000000,113.000000,2648.000000,178.000000
906.000000,2396.000000,668.000000,2501.000000
568.000000,2234.000000,668.000000,2501.000000
587.000000,417.000000,421.000000,472.000000
1328.000000,516.000000,1329.000000,737.000000
1248.000000,250.000000,1462.000000,357.000000
1746.000000,274.000000,1570.000000,283.000000
1530.000000,850.000000,1695.000000,1110.000000
2824.000000,195.000000,2843.000000,371.000000
1831.000000,216.000000,2143.000000,240.000000
716.000000,1233.000000,772.000000,1421.000000
1080.000000,1343.000000,776.000000,1670.000000
2570.000000,1594.000000,2503.000000,1759.000000
2720.000000,824.000000,2851.000000,1040.000000
2206.000000,2789.000000,1833.000000,2864.000000
1771.000000,1469.000000,1527.000000,1564.000000
2887.000000,2707.000000,2811.000000,2851.000000
1248.000000,250.000000,1288.000000,419.000000
1374.000000,2207.000000,1394.000000,2298.000000
2504.000000,2303.000000,2444.000000,2412.000000
21.000000,1227.000000,35.000000,1904.000000
688.000000,94.000000,824.000000,317.000000
597.000000,2749.000000,491.000000,2809.000000
1436.000000,1918.000000,1374.000000,2207.000000
966.000000,171.000000,1017.000000,236.000000
696.000000,645.000000,602.000000,979.000000
1334.000000,2512.000000,1546.000000,2558.000000
2437.000000,2511.000000,2170.000000,2675.000000
772.000000,1421.000000,717.000000,1633.000000
2570.000000,1594.000000,2477.000000,1925.000000
2758.000000,2224.000000,2572.000000,2248.000000
1860.000000,1039.000000,2006.000000,1188.000000
1936.000000,1462.000000,1883.000000,1581.000000
519.000000,1703.000000,271.000000,1709.000000
1989.000000,1.000000,1712.000000,152.000000
1357.000000,968.000000,1248.000000,1107.000000
849.000000,2603.000000,974.000000,2740.000000
2279.000000,39.000000,2345.000000,104.000000
27.000000,86.000000,54.000000,510.000000
2054.000000,1482.000000,2328.000000,1830.000000
26.000000,2264.000000,90.000000,2289.000000
1909.000000,1732.000000,2102.000000,2041.000000
104.000000,1013.000000,162.000000,1041.000000
314.000000,1000.000000,162.000000,1041.000000
602.000000,979.000000,788.000000,1142.000000
1103.000000,2133.000000,817.000000,2200.000000
1868.000000,2326.000000,1636.000000,2335.000000
1530.000000,850.000000,1436.000000,916.000000
1357.000000,968.000000,1254.000000,1319.000000
2572.000000,2248.000000,2504.000000,2303.000000
602.000000,979.000000,314.000000,1000.000000
2230.000000,2711.000000,2283.000000,2811.000000
1752.000000,1092.000000,1727.000000,1301.000000
1752.000000,1092.000000,1695.000000,1110.000000
1139.000000,214.000000,1288.000000,419.000000
592.000000,23.000000,489.000000,59.000000
1636.000000,2335.000000,1731.000000,2437.000000
2574.000000,113.000000,2810.000000,120.000000
2799.000000,1893.000000,2758.000000,2224.000000
1329.000000,737.000000,1458.000000,866.000000
2430.000000,2032.000000,2176.000000,2058.000000
855.000000,1210.000000,622.000000,1226.000000
2768.000000,1833.000000,2885.000000,1847.000000
247.000000,218.000000,350.000000,342.000000
974.000000,2740.000000,491.000000,2809.000000
2572.000000,2248.000000,2267.000000,2275.000000
2885.000000,1847.000000,2887.000000,2707.000000
1305.000000,492.000000,1329.000000,737.000000
2758.000000,2224.000000,2887.000000,2707.000000
2191.000000,225.000000,2652.000000,521.000000
731.000000,627.000000,847.000000,637.000000
288.000000,1250.000000,468.000000,1387.000000
2006.000000,1188.000000,1936.000000,1462.000000
2267.000000,2275.000000,2064.000000,2343.000000
2683.000000,2489.000000,2887.000000,2707.000000
2477.000000,656.000000,2330.000000,737.000000
2840.000000,57.000000,2896.000000,552.000000
2603.000000,1150.000000,2629.000000,1268.000000
1039.000000,945.000000,824.000000,1105.000000
1989.000000,1.000000,2143.000000,240.000000
667.000000,2559.000000,576.000000,2562.000000
99.000000,2914.000000,1598.000000,2915.000000
1319.000000,1657.000000,983.000000,1861.000000
1942.000000,75.000000,1831.000000,216.000000
2139.000000,2131.000000,2064.000000,2343.000000
2570.000000,1594.000000,2687.000000,1802.000000
974.000000,2740.000000,99.000000,2914.000000
2810.000000,120.000000,2648.000000,178.000000
788.000000,1142.000000,855.000000,1210.000000
104.000000,1013.000000,42.000000,1090.000000
1861.000000,1023.000000,1860.000000,1039.000000
2629.000000,1268.000000,2822.000000,1724.000000
2054.000000,1482.000000,2487.000000,1616.000000
1462.000000,357.000000,1433.000000,531.000000
257.000000,2377.000000,260.000000,2497.000000
2574.000000,113.000000,2191.000000,225.000000
1989.000000,1.000000,1831.000000,216.000000
2603.000000,1150.000000,2609.000000,1197.000000
1374.000000,2207.000000,1075.000000,2289.000000
2004.000000,2275.000000,2054.000000,2389.000000
442.000000,45.000000,489.000000,59.000000
24.000000,2336.000000,17.000000,2603.000000
42.000000,1090.000000,207.000000,1316.000000
1329.000000,737.000000,1530.000000,850.000000
855.000000,1210.000000,776.000000,1670.000000
2765.000000,1750.000000,2768.000000,1833.000000
2082.000000,867.000000,2276.000000,1079.000000
260.000000,2497.000000,482.000000,2610.000000
242.000000,1465.000000,717.000000,1633.000000
1731.000000,2437.000000,1600.000000,2587.000000
1794.000000,590.000000,1823.000000,1020.000000
2408.000000,774.000000,2851.000000,1040.000000
530.000000,2036.000000,568.000000,2234.000000
2648.000000,178.000000,2843.000000,371.000000
1039.000000,945.000000,882.000000,1073.000000
2243.000000,660.000000,2266.000000,772.000000
1073.000000,130.000000,966.000000,171.000000
1237.000000,916.000000,1039.000000,945.000000
817.000000,2200.000000,906.000000,2396.000000
1334.000000,2512.000000,1233.000000,2827.000000
1861.000000,1023.000000,1752.000000,1092.000000
639.000000,1836.000000,837.000000,1847.000000
2683.000000,2489.000000,2748.000000,2839.000000
1272.000000,1829.000000,1194.000000,2004.000000
592.000000,23.000000,819.000000,89.000000
1570.000000,283.000000,1462.000000,357.000000
94.000000,1546.000000,271.000000,1709.000000
1193.000000,1985.000000,1194.000000,2004.000000
2006.000000,1188.000000,2054.000000,1482.000000
1073.000000,130.000000,939.000000,137.000000
2383.000000,12.000000,2279.000000,39.000000
2687.000000,1802.000000,2799.000000,1893.000000
2824.000000,195.000000,2896.000000,552.000000
2603.000000,1150.000000,2696.000000,1325.000000
1075.000000,2289.000000,1039.000000,2468.000000
2603.000000,1150.000000,2390.000000,1240.000000
230.000000,465.000000,197.000000,617.000000
1073.000000,130.000000,1017.000000,236.000000
882.000000,1073.000000,899.000000,1108.000000
1478.000000,655.000000,1329.000000,737.000000
2629.000000,1268.000000,2245.000000,1322.000000
1812.000000,1733.000000,1885.000000,1768.000000
205.000000,1549.000000,271.000000,1709.000000
1831.000000,216.000000,1570.000000,283.000000
2102.000000,2041.000000,2176.000000,2058.000000
855.000000,1210.000000,717.000000,1633.000000
931.000000,677.000000,1004.000000,906.000000
1293.000000,951.000000,1357.000000,968.000000
1017.000000,236.000000,824.000000,317.000000
622.000000,1226.000000,288.000000,1250.000000
2054.000000,2389.000000,2437.000000,2511.000000
421.000000,472.000000,501.000000,492.000000
1909.000000,1732.000000,1885.000000,1768.000000
308.000000,2621.000000,110.000000,2776.000000
588.000000,1893.000000,437.000000,1978.000000
2279.000000,39.000000,2143.000000,240.000000
230.000000,465.000000,54.000000,510.000000
2629.000000,1268.000000,2487.000000,1616.000000
1494.000000,493.000000,1433.000000,531.000000
1541.000000,16.000000,1712.000000,152.000000
2328.000000,1830.000000,2431.000000,1921.000000
1396.000000,2783.000000,1598.000000,2915.000000
2570.000000,1594.000000,2822.000000,1724.000000
2430.000000,2032.000000,2572.000000,2248.000000
2297.000000,65.000000,2143.000000,240.000000
507.000000,32.000000,442.000000,45.000000
309.000000,625.000000,104.000000,1013.000000
2089.000000,745.000000,1823.000000,1020.000000
1694.000000,169.000000,1785.000000,177.000000
1527.000000,1564.000000,1407.000000,1838.000000
2431.000000,1921.000000,2430.000000,2032.000000
1407.000000,1838.000000,1436.000000,1918.000000
26.000000,2264.000000,24.000000,2336.000000
717.000000,1633.000000,837.000000,1847.000000
662.000000,408.000000,745.000000,449.000000
1272.000000,1829.000000,1436.000000,1918.000000
788.000000,2512.000000,973.000000,2548.000000
350.000000,342.000000,421.000000,472.000000
1233.000000,2827.000000,1598.000000,2915.000000
745.000000,449.000000,611.000000,640.000000
271.000000,1709.000000,35.000000,1904.000000
2383.000000,12.000000,2840.000000,57.000000
242.000000,1465.000000,519.000000,1703.000000
2026.000000,2662.000000,2117.000000,2690.000000
2431.000000,1921.000000,2264.000000,1952.000000
1936.000000,1462.000000,2054.000000,1482.000000
1731.000000,471.000000,1754.000000,573.000000
1014.000000,1340.000000,776.000000,1670.000000
1663.000000,354.000000,1574.000000,503.000000
1075.000000,2289.000000,1351.000000,2310.000000
611.000000,640.000000,696.000000,645.000000
1328.000000,516.000000,1478.000000,655.000000
52.000000,2031.000000,257.000000,2298.000000
973.000000,2548.000000,974.000000,2740.000000
421.000000,472.000000,440.000000,500.000000
1288.000000,419.000000,1328.000000,516.000000
437.000000,1978.000000,257.000000,2298.000000
824.000000,317.000000,826.000000,400.000000
568.000000,2234.000000,576.000000,2562.000000
2437.000000,2511.000000,2230.000000,2711.000000
1287.000000,1717.000000,1184.000000,1868.000000
855.000000,1210.000000,772.000000,1421.000000
826.000000,400.000000,1062.000000,477.000000
2747.000000,2357.000000,2576.000000,2368.000000
662.000000,408.000000,587.000000,417.000000
1794.000000,590.000000,2089.000000,745.000000
1039.000000,945.000000,899.000000,1108.000000
260.000000,2497.000000,17.000000,2603.000000
1928.000000,2127.000000,1868.000000,2326.000000
2652.000000,521.000000,2709.000000,787.000000
1017.000000,236.000000,1126.000000,411.000000
257.000000,2298.000000,260.000000,2497.000000
2811.000000,2851.000000,2406.000000,2852.000000
2408.000000,774.000000,2373.000000,842.000000
2799.000000,1893.000000,2627.000000,2050.000000
837.000000,1847.000000,685.000000,1900.000000
2864.000000,1884.000000,2887.000000,2707.000000
2276.000000,1079.000000,2284.000000,1080.000000
2068.000000,582.000000,1794.000000,590.000000
1688.000000,1821.000000,1407.000000,1838.000000
2054.000000,2389.000000,2026.000000,2662.000000
442.000000,45.000000,97.000000,196.000000
1546.000000,2558.000000,1600.000000,2587.000000
1288.000000,419.000000,1062.000000,477.000000
683.000000,1515.000000,717.000000,1633.000000
271.000000,1709.000000,403.000000,1827.000000
1394.000000,2298.000000,1351.000000,2310.000000
2390.000000,1240.000000,2629.000000,1268.000000
1541.000000,16.000000,1694.000000,169.000000
824.000000,1105.000000,788.000000,1142.000000
1237.000000,916.000000,1248.000000,1107.000000
2206.000000,2789.000000,2283.000000,2811.000000
1688.000000,1821.000000,1436.000000,1918.000000
899.000000,1108.000000,929.000000,1121.000000
2089.000000,745.000000,2082.000000,867.000000
1936.000000,1462.000000,2046.000000,1510.000000
2006.000000,1188.000000,1727.000000,1301.000000
1380.000000,1601.000000,1284.000000,1743.000000
2082.000000,867.000000,1861.000000,1023.000000
772.000000,1421.000000,683.000000,1515.000000
1989.000000,1.000000,1942.000000,75.000000
1868.000000,2326.000000,2054.000000,2389.000000
1746.000000,274.000000,1811.000000,280.000000
1695.000000,1110.000000,1727.000000,1301.000000
42.000000,1090.000000,288.000000,1250.000000
2430.000000,2032.000000,2267.000000,2275.000000
1284.000000,1743.000000,1272.000000,1829.000000
2896.000000,552.000000,2749.000000,587.000000
2264.000000,1952.000000,2176.000000,2058.000000
442.000000,45.000000,27.000000,86.000000
1883.000000,1581.000000,1885.000000,1768.000000
282.000000,1345.000000,366.000000,1376.000000
21.000000,1227.000000,207.000000,1316.000000
1574.000000,503.000000,1530.000000,850.000000
1075.000000,2289.000000,906.000000,2396.000000
1541.000000,16.000000,592.000000,23.000000
696.000000,645.000000,931.000000,677.000000
1017.000000,236.000000,1062.000000,477.000000
837.000000,1847.000000,817.000000,2200.000000
210.000000,1563.000000,271.000000,1709.000000
824.000000,317.000000,662.000000,408.000000
1062.000000,477.000000,1305.000000,492.000000
837.000000,1847.000000,983.000000,1861.000000
1177.000000,714.000000,1287.000000,865.000000
855.000000,1210.000000,1014.000000,1340.000000
2267.000000,2275.000000,2504.000000,2303.000000
2477.000000,656.000000,2709.000000,787.000000
2266.000000,772.000000,2157.000000,829.000000
931.000000,677.000000,1177.000000,714.000000
2230.000000,2711.000000,2206.000000,2789.000000
588.000000,1893.000000,568.000000,2234.000000
94.000000,1546.000000,35.000000,1904.000000
1831.000000,216.000000,1746.000000,274.000000
54.000000,510.000000,42.000000,1090.000000
1305.000000,492.000000,931.000000,677.000000
2170.000000,2675.000000,2206.000000,2789.000000
257.000000,2377.000000,52.000000,2403.000000
819.000000,89.000000,824.000000,317.000000
1348.000000,141.000000,1248.000000,250.000000
1394.000000,2298.000000,1334.000000,2512.000000
1436.000000,1918.000000,1194.000000,2004.000000
350.000000,342.000000,662.000000,408.000000
1103.000000,2133.000000,1374.000000,2207.000000
592.000000,23.000000,514.000000,135.000000
1184.000000,1868.000000,1120.000000,1907.000000
2503.000000,1759.000000,2477.000000,1925.000000
314.000000,1000.000000,288.000000,1250.000000
966.000000,171.000000,824.000000,317.000000
716.000000,1233.000000,683.000000,1515.000000
2627.000000,2050.000000,2572.000000,2248.000000
668.000000,2501.000000,667.000000,2559.000000
788.000000,2512.000000,667.000000,2559.000000
2176.000000,2058.000000,2267.000000,2275.000000
1357.000000,968.000000,1695.000000,1110.000000
2243.000000,660.000000,2209.000000,750.000000
974.000000,2740.000000,1233.000000,2827.000000
54.000000,510.000000,21.000000,1227.000000
1039.000000,2468.000000,973.000000,2548.000000
1120.000000,1907.000000,958.000000,2000.000000
271.000000,1709.000000,52.000000,2031.000000
1319.000000,1657.000000,1287.000000,1717.000000
1194.000000,2004.000000,1103.000000,2133.000000
958.000000,2000.000000,1103.000000,2133.000000
1885.000000,1768.000000,1928.000000,2127.000000
27.000000,86.000000,133.000000,303.000000
2747.000000,2357.000000,2887.000000,2707.000000
94.000000,1546.000000,210.000000,1563.000000
2176.000000,2058.000000,2139.000000,2131.000000
1541.000000,16.000000,819.000000,89.000000
1039.000000,2468.000000,1334.000000,2512.000000
2206.000000,2789.000000,2406.000000,2852.000000
1731.000000,471.000000,1574.000000,503.000000
602.000000,979.000000,824.000000,1105.000000
991.000000,1204.000000,1014.000000,1340.000000
667.000000,2559.000000,849.000000,2603.000000
2437.000000,2511.000000,2406.000000,2852.000000
2082.000000,867.000000,1823.000000,1020.000000
1936.000000,1462.000000,1771.000000,1469.000000
1494.000000,493.000000,1478.000000,655.000000
403.000000,1827.000000,52.000000,2031.000000
2916.000000,691.000000,2720.000000,824.000000
1034.000000,1086.000000,1248.000000,1107.000000
2625.000000,2470.000000,2683.000000,2489.000000
162.000000,1041.000000,42.000000,1090.000000
2243.000000,660.000000,2330.000000,737.000000
685.000000,1900.000000,817.000000,2200.000000
2822.000000,1724.000000,2885.000000,1847.000000
429.000000,2721.000000,491.000000,2809.000000
2276.000000,1079.000000,2326.000000,1253.000000
1073.000000,130.000000,1139.000000,214.000000
1811.000000,280.000000,2005.000000,518.000000
2749.000000,587.000000,2709.000000,787.000000
870.000000,300.000000,826.000000,400.000000
49.000000,1451.000000,94.000000,1546.000000
2264.000000,1952.000000,2102.000000,2041.000000
2157.000000,829.000000,2276.000000,1079.000000
2477.000000,1925.000000,2430.000000,2032.000000
1380.000000,1601.000000,1287.000000,1717.000000
1248.000000,1107.000000,1254.000000,1319.000000
1885.000000,1768.000000,1868.000000,2326.000000
288.000000,1250.000000,282.000000,1345.000000
611.000000,640.000000,460.000000,642.000000
745.000000,449.000000,501.000000,492.000000
52.000000,2403.000000,17.000000,2603.000000
1440.000000,166.000000,1694.000000,169.000000
929.000000,1121.000000,991.000000,1204.000000
1928.000000,2127.000000,2004.000000,2275.000000
21.000000,1227.000000,24.000000,2336.000000
1062.000000,477.000000,931.000000,677.000000
460.000000,642.000000,696.000000,645.000000
1334.000000,2512.000000,974.000000,2740.000000
2326.000000,1253.000000,2245.000000,1322.000000
133.000000,303.000000,350.000000,342.000000
1860.000000,1039.000000,2276.000000,1079.000000
1811.000000,280.000000,1731.000000,471.000000
639.000000,1836.000000,631.000000,1867.000000
2809.000000,412.000000,2896.000000,552.000000
1989.000000,1.000000,2383.000000,12.000000
2504.000000,2303.000000,2683.000000,2489.000000
308.000000,2621.000000,99.000000,2914.000000
1530.000000,850.000000,1823.000000,1020.000000
2709.000000,1682.000000,2765.000000,1750.000000
2245.000000,1322.000000,2054.000000,1482.000000
507.000000,32.000000,489.000000,59.000000
54.000000,510.000000,197.000000,617.000000
2570.000000,1594.000000,2709.000000,1682.000000
939.000000,137.000000,966.000000,171.000000
2916.000000,691.000000,2851.000000,1040.000000
2658.000000,2825.000000,2406.000000,2852.000000
