POINTS
462.000000,7.000000
2421.000000,11.000000
689.000000,14.000000
2462.000000,15.000000
560.000000,19.000000
2556.000000,21.000000
933.000000,24.000000
280.000000,34.000000
1370.000000,43.000000
2865.000000,92.000000
1994.000000,96.000000
1296.000000,111.000000
460.000000,122.000000
2656.000000,122.000000
1221.000000,131.000000
1975.000000,189.000000
560.000000,197.000000
2117.000000,204.000000
1695.000000,208.000000
118.000000,212.000000
2132.000000,220.000000
1797.000000,225.000000
1227.000000,228.000000
2605.000000,266.000000
846.000000,279.000000
2436.000000,313.000000
2431.000000,324.000000
924.000000,330.000000
562.000000,336.000000
374.000000,365.000000
1750.000000,370.000000
2834.000000,376.000000
441.000000,388.000000
710.000000,389.000000
1053.000000,409.000000
2793.000000,409.000000
323.000000,416.000000
1058.000000,416.000000
2442.000000,419.000000
14.000000,424.000000
1541.000000,426.000000
1764.000000,435.000000
2560.000000,438.000000
1090.000000,458.000000
455.000000,481.000000
1420.000000,507.000000
1337.000000,513.000000
2256.000000,522.000000
1763.000000,524.000000
2770.000000,532.000000
1310.000000,533.000000
1328.000000,537.000000
2742.000000,545.000000
184.000000,547.000000
284.000000,556.000000
1715.000000,576.000000
1706.000000,581.000000
2461.000000,581.000000
1277.000000,595.000000
494.000000,602.000000
1884.000000,608.000000
2233.000000,625.000000
2787.000000,648.000000
676.000000,657.000000
2421.000000,662.000000
1110.000000,673.000000
1540.000000,682.000000
1364.000000,683.000000
924.000000,688.000000
1509.000000,700.000000
2837.000000,717.000000
2521.000000,723.000000
889.000000,730.000000
1831.000000,738.000000
2267.000000,763.000000
1635.000000,772.000000
434.000000,776.000000
1441.000000,781.000000
673.000000,793.000000
928.000000,793.000000
1311.000000,797.000000
962.000000,807.000000
2247.000000,814.000000
1834.000000,818.000000
2535.000000,827.000000
2220.000000,837.000000
2152.000000,844.000000
1831.000000,845.000000
1766.000000,857.000000
2281.000000,858.000000
2785.000000,879.000000
1586.000000,885.000000
240.000000,906.000000
1424.000000,917.000000
2137.000000,919.000000
2109.000000,925.000000
2459.000000,947.000000
1727.000000,951.000000
2843.000000,953.000000
2497.000000,957.000000
2825.000000,961.000000
467.000000,978.000000
607.000000,989.000000
2137.000000,989.000000
2270.000000,1008.000000
172.000000,1020.000000
2720.000000,1027.000000
2168.000000,1036.000000
138.000000,1073.000000
1479.000000,1088.000000
2797.000000,1089.000000
511.000000,1102.000000
1355.000000,1103.000000
1419.000000,1113.000000
1799.000000,1120.000000
483.000000,1134.000000
1912.000000,1141.000000
2913.000000,1154.000000
1659.000000,1155.000000
1522.000000,1195.000000
2242.000000,1195.000000
1775.000000,1204.000000
1984.000000,1205.000000
2201.000000,1212.000000
735.000000,1214.000000
394.000000,1230.000000
901.000000,1235.000000
1278.000000,1236.000000
2920.000000,1239.000000
344.000000,1249.000000
257.000000,1262.000000
2258.000000,1266.000000
1480.000000,1271.000000
2249.000000,1273.000000
2545.000000,1285.000000
1028.000000,1297.000000
1046.000000,1304.000000
368.000000,1320.000000
1589.000000,1322.000000
2091.000000,1329.000000
2629.000000,1348.000000
1342.000000,1354.000000
2774.000000,1358.000000
696.000000,1360.000000
1290.000000,1361.000000
261.000000,1370.000000
2628.000000,1391.000000
1959.000000,1393.000000
81.000000,1412.000000
1583.000000,1438.000000
1554.000000,1447.000000
124.000000,1461.000000
1904.000000,1487.000000
1560.000000,1490.000000
645.000000,1496.000000
2623.000000,1497.000000
2506.000000,1500.000000
1180.000000,1501.000000
2961.000000,1503.000000
699.000000,1507.000000
2453.000000,1513.000000
1742.000000,1524.000000
29.000000,1526.000000
900.000000,1533.000000
1945.000000,1553.000000
2756.000000,1554.000000
2391.000000,1580.000000
1865.000000,1585.000000
594.000000,1597.000000
893.000000,1597.000000
1219.000000,1608.000000
905.000000,1610.000000
1860.000000,1619.000000
271.000000,1621.000000
1999.000000,1648.000000
2247.000000,1657.000000
1808.000000,1658.000000
695.000000,1705.000000
1206.000000,1709.000000
628.000000,1723.000000
65.000000,1740.000000
273.000000,1740.000000
842.000000,1741.000000
2913.000000,1753.000000
1005.000000,1767.000000
1440.000000,1810.000000
1858.000000,1819.000000
2915.000000,1832.000000
2956.000000,1851.000000
667.000000,1856.000000
2541.000000,1865.000000
1978.000000,1868.000000
2953.000000,1870.000000
569.000000,1889.000000
1479.000000,1891.000000
901.000000,1913.000000
1868.000000,1925.000000
792.000000,1928.000000
2852.000000,1930.000000
971.000000,1938.000000
1827.000000,1943.000000
179.000000,1944.000000
1719.000000,2011.000000
2751.000000,2013.000000
402.000000,2017.000000
1597.000000,2018.000000
1899.000000,2029.000000
1567.000000,2038.000000
1701.000000,2038.000000
160.000000,2065.000000
682.000000,2069.000000
2086.000000,2072.000000
1622.000000,2073.000000
198.000000,2075.000000
2751.000000,2078.000000
1982.000000,2105.000000
2486.000000,2110.000000
1225.000000,2113.000000
560.000000,2117.000000
2165.000000,2134.000000
781.000000,2158.000000
152.000000,2159.000000
2626.000000,2162.000000
556.000000,2180.000000
1079.000000,2195.000000
2719.000000,2201.000000
51.000000,2251.000000
2930.000000,2256.000000
2877.000000,2257.000000
2411.000000,2274.000000
2340.000000,2276.000000
945.000000,2284.000000
1088.000000,2295.000000
1173.000000,2299.000000
2780.000000,2303.000000
2425.000000,2322.000000
953.000000,2341.000000
146.000000,2372.000000
419.000000,2379.000000
451.000000,2410.000000
2461.000000,2415.000000
1302.000000,2427.000000
1091.000000,2430.000000
346.000000,2432.000000
1681.000000,2434.000000
1578.000000,2437.000000
2289.000000,2451.000000
1945.000000,2452.000000
1095.000000,2480.000000
2578.000000,2488.000000
1767.000000,2489.000000
2859.000000,2491.000000
2767.000000,2493.000000
1479.000000,2501.000000
2533.000000,2502.000000
2383.000000,2506.000000
2820.000000,2508.000000
770.000000,2516.000000
1513.000000,2540.000000
745.000000,2561.000000
1092.000000,2566.000000
1429.000000,2577.000000
497.000000,2597.000000
1823.000000,2597.000000
2017.000000,2618.000000
2751.000000,2621.000000
428.000000,2626.000000
629.000000,2626.000000
2596.000000,2629.000000
2049.000000,2634.000000
1937.000000,2649.000000
1887.000000,2651.000000
605.000000,2668.000000
289.000000,2688.000000
2134.000000,2694.000000
1744.000000,2715.000000
2235.000000,2726.000000
1835.000000,2745.000000
1448.000000,2750.000000
2673.000000,2759.000000
665.000000,2762.000000
1432.000000,2762.000000
253.000000,2764.000000
1445.000000,2777.000000
2406.000000,2784.000000
1589.000000,2785.000000
1352.000000,2794.000000
2522.000000,2799.000000
1705.000000,2824.000000
1697.000000,2835.000000
829.000000,2846.000000
1287.000000,2855.000000
1842.000000,2888.000000
1708.000000,2914.000000
381.000000,2930.000000
1276.000000,2934.000000
2835.000000,2936.000000
2872.000000,2941.000000
719.000000,2965.000000
1060.000000,2998.000000
LINES
1597.000000,2018.000000,1622.000000,2073.000000
497.000000,2597.000000,605.000000,2668.000000
2837.000000,717.000000,2843.000000,953.000000
696.000000,1360.000000,699.000000,1507.000000
1834.000000,818.000000,1831.000000,845.000000
289.000000,2688.000000,253.000000,2764.000000
2877.000000,2257.000000,2780.000000,2303.000000
901.000000,1235.000000,696.000000,1360.000000
1541.000000,426.000000,1364.000000,683.000000
673.000000,793.000000,928.000000,793.000000
770.000000,2516.000000,1092.000000,2566.000000
2628.000000,1391.000000,2453.000000,1513.000000
184.000000,547.000000,434.000000,776.000000
1589.000000,1322.000000,1583.000000,1438.000000
1937.000000,2649.000000,1835.000000,2745.000000
2535.000000,827.000000,2497.000000,957.000000
2391.000000,1580.000000,2541.000000,1865.000000
1429.000000,2577.000000,1287.000000,2855.000000
1622.000000,2073.000000,1681.000000,2434.000000
1831.000000,845.000000,2109.000000,925.000000
1706.000000,581.000000,1540.000000,682.000000
2859.000000,2491.000000,2767.000000,2493.000000
2132.000000,220.000000,1764.000000,435.000000
695.000000,1705.000000,792.000000,1928.000000
462.000000,7.000000,2421.000000,11.000000
735.000000,1214.000000,901.000000,1235.000000
402.000000,2017.000000,198.000000,2075.000000
511.000000,1102.000000,483.000000,1134.000000
569.000000,1889.000000,402.000000,2017.000000
172.000000,1020.000000,138.000000,1073.000000
1541.000000,426.000000,1540.000000,682.000000
2109.000000,925.000000,1727.000000,951.000000
1429.000000,2577.000000,829.000000,2846.000000
462.000000,7.000000,280.000000,34.000000
1219.000000,1608.000000,1206.000000,1709.000000
2623.000000,1497.000000,2391.000000,1580.000000
1227.000000,228.000000,1058.000000,416.000000
924.000000,330.000000,1090.000000,458.000000
1540.000000,682.000000,1441.000000,781.000000
1884.000000,608.000000,1834.000000,818.000000
2132.000000,220.000000,2431.000000,324.000000
924.000000,688.000000,889.000000,730.000000
2913.000000,1753.000000,2956.000000,1851.000000
2442.000000,419.000000,2461.000000,581.000000
198.000000,2075.000000,146.000000,2372.000000
2436.000000,313.000000,2431.000000,324.000000
1659.000000,1155.000000,1775.000000,1204.000000
2406.000000,2784.000000,2522.000000,2799.000000
1865.000000,1585.000000,1440.000000,1810.000000
2421.000000,11.000000,2462.000000,15.000000
253.000000,2764.000000,381.000000,2930.000000
1541.000000,426.000000,1420.000000,507.000000
1328.000000,537.000000,1277.000000,595.000000
1088.000000,2295.000000,1173.000000,2299.000000
905.000000,1610.000000,1005.000000,1767.000000
676.000000,657.000000,673.000000,793.000000
1945.000000,2452.000000,1823.000000,2597.000000
2556.000000,21.000000,2656.000000,122.000000
2913.000000,1154.000000,2961.000000,1503.000000
346.000000,2432.000000,289.000000,2688.000000
1440.000000,1810.000000,1479.000000,1891.000000
1763.000000,524.000000,1884.000000,608.000000
1227.000000,228.000000,1053.000000,409.000000
1937.000000,2649.000000,2134.000000,2694.000000
2629.000000,1348.000000,2774.000000,1358.000000
1302.000000,2427.000000,1578.000000,2437.000000
2442.000000,419.000000,2560.000000,438.000000
2049.000000,2634.000000,2235.000000,2726.000000
2751.000000,2013.000000,2626.000000,2162.000000
2281.000000,858.000000,2459.000000,947.000000
1899.000000,2029.000000,1622.000000,2073.000000
1586.000000,885.000000,1479.000000,1088.000000
2852.000000,1930.000000,2751.000000,2013.000000
696.000000,1360.000000,594.000000,1597.000000
2578.000000,2488.000000,2596.000000,2629.000000
1290.000000,1361.000000,1554.000000,1447.000000
2770.000000,532.000000,2837.000000,717.000000
2865.000000,92.000000,2656.000000,122.000000
682.000000,2069.000000,945.000000,2284.000000
2913.000000,1154.000000,2920.000000,1239.000000
2249.000000,1273.000000,2453.000000,1513.000000
1079.000000,2195.000000,1088.000000,2295.000000
323.000000,416.000000,184.000000,547.000000
2535.000000,827.000000,2459.000000,947.000000
2425.000000,2322.000000,2533.000000,2502.000000
1937.000000,2649.000000,2406.000000,2784.000000
1858.000000,1819.000000,1719.000000,2011.000000
1419.000000,1113.000000,1522.000000,1195.000000
2673.000000,2759.000000,2522.000000,2799.000000
2462.000000,15.000000,2656.000000,122.000000
280.000000,34.000000,118.000000,212.000000
1302.000000,2427.000000,1429.000000,2577.000000
1480.000000,1271.000000,1342.000000,1354.000000
2623.000000,1497.000000,2756.000000,1554.000000
257.000000,1262.000000,261.000000,1370.000000
594.000000,1597.000000,271.000000,1621.000000
462.000000,7.000000,460.000000,122.000000
2719.000000,2201.000000,2780.000000,2303.000000
1296.000000,111.000000,1541.000000,426.000000
1227.000000,228.000000,1310.000000,533.000000
1708.000000,2914.000000,2872.000000,2941.000000
1560.000000,1490.000000,1440.000000,1810.000000
2797.000000,1089.000000,2774.000000,1358.000000
628.000000,1723.000000,667.000000,1856.000000
2267.000000,763.000000,2220.000000,837.000000
2233.000000,625.000000,2152.000000,844.000000
2220.000000,837.000000,2281.000000,858.000000
2431.000000,324.000000,2560.000000,438.000000
842.000000,1741.000000,901.000000,1913.000000
1945.000000,2452.000000,1887.000000,2651.000000
2453.000000,1513.000000,2247.000000,1657.000000
1479.000000,1891.000000,1597.000000,2018.000000
2506.000000,1500.000000,2453.000000,1513.000000
1560.000000,1490.000000,1742.000000,1524.000000
2843.000000,953.000000,2825.000000,961.000000
1302.000000,2427.000000,1092.000000,2566.000000
2267.000000,763.000000,2247.000000,814.000000
1567.000000,2038.000000,1578.000000,2437.000000
2793.000000,409.000000,2560.000000,438.000000
2751.000000,2078.000000,2930.000000,2256.000000
1831.000000,845.000000,1727.000000,951.000000
344.000000,1249.000000,257.000000,1262.000000
1994.000000,96.000000,2117.000000,204.000000
1053.000000,409.000000,1058.000000,416.000000
460.000000,122.000000,441.000000,388.000000
1206.000000,1709.000000,1225.000000,2113.000000
81.000000,1412.000000,124.000000,1461.000000
770.000000,2516.000000,665.000000,2762.000000
933.000000,24.000000,1370.000000,43.000000
2132.000000,220.000000,2256.000000,522.000000
2017.000000,2618.000000,1887.000000,2651.000000
179.000000,1944.000000,51.000000,2251.000000
1420.000000,507.000000,1337.000000,513.000000
494.000000,602.000000,673.000000,793.000000
2843.000000,953.000000,2720.000000,1027.000000
2915.000000,1832.000000,2953.000000,1870.000000
118.000000,212.000000,14.000000,424.000000
257.000000,1262.000000,81.000000,1412.000000
745.000000,2561.000000,629.000000,2626.000000
2270.000000,1008.000000,2797.000000,1089.000000
1180.000000,1501.000000,905.000000,1610.000000
1364.000000,683.000000,1311.000000,797.000000
2656.000000,122.000000,2436.000000,313.000000
394.000000,1230.000000,368.000000,1320.000000
2751.000000,2078.000000,2626.000000,2162.000000
1206.000000,1709.000000,971.000000,1938.000000
1540.000000,682.000000,1635.000000,772.000000
2152.000000,844.000000,2270.000000,1008.000000
160.000000,2065.000000,198.000000,2075.000000
2787.000000,648.000000,2837.000000,717.000000
2461.000000,2415.000000,2533.000000,2502.000000
184.000000,547.000000,240.000000,906.000000
462.000000,7.000000,560.000000,19.000000
1945.000000,1553.000000,2247.000000,1657.000000
1302.000000,2427.000000,1479.000000,2501.000000
51.000000,2251.000000,146.000000,2372.000000
560.000000,197.000000,846.000000,279.000000
1775.000000,1204.000000,1583.000000,1438.000000
1227.000000,228.000000,1090.000000,458.000000
467.000000,978.000000,607.000000,989.000000
402.000000,2017.000000,682.000000,2069.000000
1046.000000,1304.000000,1554.000000,1447.000000
1858.000000,1819.000000,1827.000000,1943.000000
2086.000000,2072.000000,2411.000000,2274.000000
1797.000000,225.000000,1750.000000,370.000000
2930.000000,2256.000000,2780.000000,2303.000000
1823.000000,2597.000000,1589.000000,2785.000000
1681.000000,2434.000000,1578.000000,2437.000000
1277.000000,595.000000,1311.000000,797.000000
511.000000,1102.000000,696.000000,1360.000000
1868.000000,1925.000000,2086.000000,2072.000000
928.000000,793.000000,607.000000,989.000000
1775.000000,1204.000000,1589.000000,1322.000000
483.000000,1134.000000,344.000000,1249.000000
2383.000000,2506.000000,2596.000000,2629.000000
2247.000000,1657.000000,1978.000000,1868.000000
1808.000000,1658.000000,1719.000000,2011.000000
1887.000000,2651.000000,1744.000000,2715.000000
1831.000000,738.000000,1635.000000,772.000000
900.000000,1533.000000,893.000000,1597.000000
2421.000000,11.000000,1994.000000,96.000000
1904.000000,1487.000000,1945.000000,1553.000000
696.000000,1360.000000,900.000000,1533.000000
2825.000000,961.000000,2720.000000,1027.000000
953.000000,2341.000000,1092.000000,2566.000000
2560.000000,438.000000,2461.000000,581.000000
1808.000000,1658.000000,1440.000000,1810.000000
1296.000000,111.000000,1221.000000,131.000000
419.000000,2379.000000,451.000000,2410.000000
138.000000,1073.000000,29.000000,1526.000000
1479.000000,2501.000000,1448.000000,2750.000000
2656.000000,122.000000,2605.000000,266.000000
2915.000000,1832.000000,2956.000000,1851.000000
745.000000,2561.000000,665.000000,2762.000000
1090.000000,458.000000,1277.000000,595.000000
971.000000,1938.000000,1225.000000,2113.000000
628.000000,1723.000000,273.000000,1740.000000
2797.000000,1089.000000,2629.000000,1348.000000
1706.000000,581.000000,1831.000000,738.000000
607.000000,989.000000,901.000000,1235.000000
1945.000000,2452.000000,2017.000000,2618.000000
1364.000000,683.000000,1441.000000,781.000000
2835.000000,2936.000000,2872.000000,2941.000000
905.000000,1610.000000,842.000000,1741.000000
2535.000000,827.000000,2720.000000,1027.000000
695.000000,1705.000000,901.000000,1913.000000
374.000000,365.000000,284.000000,556.000000
1513.000000,2540.000000,1823.000000,2597.000000
971.000000,1938.000000,682.000000,2069.000000
560.000000,197.000000,710.000000,389.000000
2913.000000,1154.000000,2774.000000,1358.000000
374.000000,365.000000,323.000000,416.000000
1978.000000,1868.000000,2086.000000,2072.000000
2017.000000,2618.000000,1937.000000,2649.000000
368.000000,1320.000000,696.000000,1360.000000
2920.000000,1239.000000,2774.000000,1358.000000
2953.000000,1870.000000,2930.000000,2256.000000
1899.000000,2029.000000,1982.000000,2105.000000
1540.000000,682.000000,1509.000000,700.000000
710.000000,389.000000,676.000000,657.000000
2267.000000,763.000000,2281.000000,858.000000
1522.000000,1195.000000,1480.000000,1271.000000
1424.000000,917.000000,1355.000000,1103.000000
2623.000000,1497.000000,2506.000000,1500.000000
2628.000000,1391.000000,2756.000000,1554.000000
81.000000,1412.000000,29.000000,1526.000000
2425.000000,2322.000000,2289.000000,2451.000000
81.000000,1412.000000,271.000000,1621.000000
1827.000000,1943.000000,1719.000000,2011.000000
2719.000000,2201.000000,2930.000000,2256.000000
1705.000000,2824.000000,1697.000000,2835.000000
1884.000000,608.000000,2152.000000,844.000000
1432.000000,2762.000000,1352.000000,2794.000000
1887.000000,2651.000000,1835.000000,2745.000000
1727.000000,951.000000,1799.000000,1120.000000
2086.000000,2072.000000,1982.000000,2105.000000
2091.000000,1329.000000,1945.000000,1553.000000
1823.000000,2597.000000,1744.000000,2715.000000
962.000000,807.000000,901.000000,1235.000000
2340.000000,2276.000000,1945.000000,2452.000000
1775.000000,1204.000000,1865.000000,1585.000000
2605.000000,266.000000,2834.000000,376.000000
261.000000,1370.000000,81.000000,1412.000000
1227.000000,228.000000,1277.000000,595.000000
2793.000000,409.000000,2770.000000,532.000000
1352.000000,2794.000000,1287.000000,2855.000000
2256.000000,522.000000,2461.000000,581.000000
2742.000000,545.000000,2521.000000,723.000000
2865.000000,92.000000,2834.000000,376.000000
1868.000000,1925.000000,1719.000000,2011.000000
497.000000,2597.000000,629.000000,2626.000000
467.000000,978.000000,257.000000,1262.000000
2461.000000,2415.000000,2289.000000,2451.000000
2865.000000,92.000000,2913.000000,1154.000000
1429.000000,2577.000000,1352.000000,2794.000000
781.000000,2158.000000,945.000000,2284.000000
1705.000000,2824.000000,1842.000000,2888.000000
1225.000000,2113.000000,1079.000000,2195.000000
160.000000,2065.000000,152.000000,2159.000000
1799.000000,1120.000000,1775.000000,1204.000000
770.000000,2516.000000,745.000000,2561.000000
455.000000,481.000000,494.000000,602.000000
2461.000000,2415.000000,2383.000000,2506.000000
2411.000000,2274.000000,2340.000000,2276.000000
1750.000000,370.000000,1541.000000,426.000000
2267.000000,763.000000,2535.000000,827.000000
2137.000000,919.000000,2109.000000,925.000000
1945.000000,2452.000000,1767.000000,2489.000000
2086.000000,2072.000000,2165.000000,2134.000000
2930.000000,2256.000000,2872.000000,2941.000000
2751.000000,2078.000000,2719.000000,2201.000000
2017.000000,2618.000000,2235.000000,2726.000000
261.000000,1370.000000,271.000000,1621.000000
184.000000,547.000000,494.000000,602.000000
1764.000000,435.000000,1884.000000,608.000000
2459.000000,947.000000,2497.000000,957.000000
1744.000000,2715.000000,1589.000000,2785.000000
2596.000000,2629.000000,2673.000000,2759.000000
2391.000000,1580.000000,2411.000000,2274.000000
1513.000000,2540.000000,1589.000000,2785.000000
1597.000000,2018.000000,1701.000000,2038.000000
2091.000000,1329.000000,2247.000000,1657.000000
2834.000000,376.000000,2770.000000,532.000000
1420.000000,507.000000,1364.000000,683.000000
2247.000000,814.000000,2281.000000,858.000000
1311.000000,797.000000,901.000000,1235.000000
901.000000,1235.000000,1278.000000,1236.000000
2152.000000,844.000000,2137.000000,989.000000
1355.000000,1103.000000,1278.000000,1236.000000
1705.000000,2824.000000,1708.000000,2914.000000
2780.000000,2303.000000,2767.000000,2493.000000
1767.000000,2489.000000,1823.000000,2597.000000
1278.000000,1236.000000,1290.000000,1361.000000
402.000000,2017.000000,560.000000,2117.000000
945.000000,2284.000000,953.000000,2341.000000
569.000000,1889.000000,682.000000,2069.000000
2820.000000,2508.000000,2751.000000,2621.000000
511.000000,1102.000000,344.000000,1249.000000
1079.000000,2195.000000,953.000000,2341.000000
2431.000000,324.000000,2442.000000,419.000000
2535.000000,827.000000,2785.000000,879.000000
2872.000000,2941.000000,1060.000000,2998.000000
900.000000,1533.000000,905.000000,1610.000000
1835.000000,2745.000000,1842.000000,2888.000000
2249.000000,1273.000000,2091.000000,1329.000000
2961.000000,1503.000000,2756.000000,1554.000000
2720.000000,1027.000000,2797.000000,1089.000000
699.000000,1507.000000,695.000000,1705.000000
2137.000000,989.000000,1912.000000,1141.000000
1659.000000,1155.000000,1480.000000,1271.000000
1567.000000,2038.000000,1622.000000,2073.000000
346.000000,2432.000000,253.000000,2764.000000
1173.000000,2299.000000,1578.000000,2437.000000
1937.000000,2649.000000,1887.000000,2651.000000
933.000000,24.000000,1053.000000,409.000000
2797.000000,1089.000000,2242.000000,1195.000000
1858.000000,1819.000000,1868.000000,1925.000000
1445.000000,2777.000000,1276.000000,2934.000000
2751.000000,2621.000000,2673.000000,2759.000000
1727.000000,951.000000,1912.000000,1141.000000
1541.000000,426.000000,1764.000000,435.000000
2258.000000,1266.000000,2545.000000,1285.000000
273.000000,1740.000000,569.000000,1889.000000
1441.000000,781.000000,1311.000000,797.000000
2751.000000,2013.000000,2751.000000,2078.000000
1088.000000,2295.000000,1095.000000,2480.000000
900.000000,1533.000000,842.000000,1741.000000
1424.000000,917.000000,1479.000000,1088.000000
924.000000,688.000000,928.000000,793.000000
1110.000000,673.000000,1311.000000,797.000000
2168.000000,1036.000000,2201.000000,1212.000000
933.000000,24.000000,846.000000,279.000000
2785.000000,879.000000,2825.000000,961.000000
374.000000,365.000000,441.000000,388.000000
284.000000,556.000000,494.000000,602.000000
2961.000000,1503.000000,2956.000000,1851.000000
2767.000000,2493.000000,2820.000000,2508.000000
1681.000000,2434.000000,1513.000000,2540.000000
460.000000,122.000000,14.000000,424.000000
2774.000000,1358.000000,2756.000000,1554.000000
1586.000000,885.000000,1727.000000,951.000000
2915.000000,1832.000000,2852.000000,1930.000000
2134.000000,2694.000000,2235.000000,2726.000000
1842.000000,2888.000000,2835.000000,2936.000000
556.000000,2180.000000,419.000000,2379.000000
2201.000000,1212.000000,2249.000000,1273.000000
1937.000000,2649.000000,1842.000000,2888.000000
924.000000,330.000000,924.000000,688.000000
1173.000000,2299.000000,1092.000000,2566.000000
2242.000000,1195.000000,2545.000000,1285.000000
2578.000000,2488.000000,2767.000000,2493.000000
2626.000000,2162.000000,2780.000000,2303.000000
1868.000000,1925.000000,1827.000000,1943.000000
1479.000000,1891.000000,1567.000000,2038.000000
124.000000,1461.000000,273.000000,1740.000000
1742.000000,1524.000000,1865.000000,1585.000000
605.000000,2668.000000,665.000000,2762.000000
2242.000000,1195.000000,2201.000000,1212.000000
1110.000000,673.000000,924.000000,688.000000
2780.000000,2303.000000,2425.000000,2322.000000
1479.000000,1088.000000,1419.000000,1113.000000
1429.000000,2577.000000,665.000000,2762.000000
1342.000000,1354.000000,1290.000000,1361.000000
1296.000000,111.000000,1337.000000,513.000000
2785.000000,879.000000,2720.000000,1027.000000
1578.000000,2437.000000,1479.000000,2501.000000
1541.000000,426.000000,1763.000000,524.000000
271.000000,1621.000000,273.000000,1740.000000
240.000000,906.000000,138.000000,1073.000000
842.000000,1741.000000,1005.000000,1767.000000
1370.000000,43.000000,1296.000000,111.000000
2421.000000,11.000000,2436.000000,313.000000
1206.000000,1709.000000,1440.000000,1810.000000
1560.000000,1490.000000,1206.000000,1709.000000
1364.000000,683.000000,1509.000000,700.000000
344.000000,1249.000000,261.000000,1370.000000
2137.000000,989.000000,2270.000000,1008.000000
1659.000000,1155.000000,1589.000000,1322.000000
146.000000,2372.000000,346.000000,2432.000000
65.000000,1740.000000,273.000000,1740.000000
2930.000000,2256.000000,2859.000000,2491.000000
1311.000000,797.000000,962.000000,807.000000
562.000000,336.000000,494.000000,602.000000
138.000000,1073.000000,81.000000,1412.000000
368.000000,1320.000000,261.000000,1370.000000
323.000000,416.000000,284.000000,556.000000
695.000000,1705.000000,667.000000,1856.000000
781.000000,2158.000000,770.000000,2516.000000
2719.000000,2201.000000,2877.000000,2257.000000
1337.000000,513.000000,1328.000000,537.000000
497.000000,2597.000000,428.000000,2626.000000
273.000000,1740.000000,402.000000,2017.000000
2281.000000,858.000000,2270.000000,1008.000000
829.000000,2846.000000,719.000000,2965.000000
665.000000,2762.000000,829.000000,2846.000000
1028.000000,1297.000000,900.000000,1533.000000
271.000000,1621.000000,628.000000,1723.000000
51.000000,2251.000000,253.000000,2764.000000
467.000000,978.000000,511.000000,1102.000000
451.000000,2410.000000,497.000000,2597.000000
1445.000000,2777.000000,1705.000000,2824.000000
2383.000000,2506.000000,2017.000000,2618.000000
1560.000000,1490.000000,1865.000000,1585.000000
2421.000000,11.000000,2656.000000,122.000000
1597.000000,2018.000000,1567.000000,2038.000000
428.000000,2626.000000,381.000000,2930.000000
1622.000000,2073.000000,1578.000000,2437.000000
893.000000,1597.000000,905.000000,1610.000000
1635.000000,772.000000,1586.000000,885.000000
1586.000000,885.000000,1799.000000,1120.000000
434.000000,776.000000,607.000000,989.000000
2168.000000,1036.000000,2091.000000,1329.000000
2421.000000,662.000000,2521.000000,723.000000
1708.000000,2914.000000,1276.000000,2934.000000
1978.000000,1868.000000,2411.000000,2274.000000
2220.000000,837.000000,2152.000000,844.000000
933.000000,24.000000,1227.000000,228.000000
29.000000,1526.000000,273.000000,1740.000000
1540.000000,682.000000,1364.000000,683.000000
419.000000,2379.000000,346.000000,2432.000000
594.000000,1597.000000,695.000000,1705.000000
434.000000,776.000000,467.000000,978.000000
455.000000,481.000000,284.000000,556.000000
2459.000000,947.000000,2270.000000,1008.000000
451.000000,2410.000000,428.000000,2626.000000
2859.000000,2491.000000,2820.000000,2508.000000
1583.000000,1438.000000,1554.000000,1447.000000
745.000000,2561.000000,497.000000,2597.000000
2442.000000,419.000000,2256.000000,522.000000
280.000000,34.000000,460.000000,122.000000
901.000000,1235.000000,1046.000000,1304.000000
1180.000000,1501.000000,1219.000000,1608.000000
1744.000000,2715.000000,1705.000000,2824.000000
2843.000000,953.000000,2797.000000,1089.000000
2541.000000,1865.000000,2486.000000,2110.000000
2497.000000,957.000000,2720.000000,1027.000000
2017.000000,2618.000000,2049.000000,2634.000000
2117.000000,204.000000,2132.000000,220.000000
2865.000000,92.000000,2605.000000,266.000000
562.000000,336.000000,710.000000,389.000000
467.000000,978.000000,172.000000,1020.000000
560.000000,19.000000,560.000000,197.000000
1278.000000,1236.000000,1046.000000,1304.000000
1982.000000,2105.000000,2165.000000,2134.000000
1310.000000,533.000000,1277.000000,595.000000
901.000000,1913.000000,792.000000,1928.000000
628.000000,1723.000000,569.000000,1889.000000
29.000000,1526.000000,51.000000,2251.000000
441.000000,388.000000,455.000000,481.000000
2834.000000,376.000000,2837.000000,717.000000
928.000000,793.000000,901.000000,1235.000000
1028.000000,1297.000000,905.000000,1610.000000
1984.000000,1205.000000,1865.000000,1585.000000
1719.000000,2011.000000,1701.000000,2038.000000
560.000000,19.000000,460.000000,122.000000
900.000000,1533.000000,695.000000,1705.000000
2152.000000,844.000000,2137.000000,919.000000
1479.000000,2501.000000,1429.000000,2577.000000
1899.000000,2029.000000,1701.000000,2038.000000
2289.000000,2451.000000,2017.000000,2618.000000
1479.000000,2501.000000,1513.000000,2540.000000
1842.000000,2888.000000,2872.000000,2941.000000
1221.000000,131.000000,1227.000000,228.000000
1884.000000,608.000000,1831.000000,738.000000
2545.000000,1285.000000,2629.000000,1348.000000
893.000000,1597.000000,842.000000,1741.000000
560.000000,197.000000,562.000000,336.000000
511.000000,1102.000000,735.000000,1214.000000
124.000000,1461.000000,29.000000,1526.000000
2953.000000,1870.000000,2852.000000,1930.000000
1635.000000,772.000000,1831.000000,845.000000
1586.000000,885.000000,1424.000000,917.000000
184.000000,547.000000,138.000000,1073.000000
1945.000000,1553.000000,1860.000000,1619.000000
346.000000,2432.000000,428.000000,2626.000000
1589.000000,1322.000000,1554.000000,1447.000000
2915.000000,1832.000000,2751.000000,2013.000000
1764.000000,435.000000,1763.000000,524.000000
605.000000,2668.000000,719.000000,2965.000000
924.000000,330.000000,676.000000,657.000000
676.000000,657.000000,928.000000,793.000000
1090.000000,458.000000,1110.000000,673.000000
1978.000000,1868.000000,1868.000000,1925.000000
556.000000,2180.000000,451.000000,2410.000000
1904.000000,1487.000000,1865.000000,1585.000000
2545.000000,1285.000000,2628.000000,1391.000000
2134.000000,2694.000000,2406.000000,2784.000000
556.000000,2180.000000,745.000000,2561.000000
1370.000000,43.000000,1695.000000,208.000000
2533.000000,2502.000000,2383.000000,2506.000000
1975.000000,189.000000,2132.000000,220.000000
905.000000,1610.000000,1206.000000,1709.000000
676.000000,657.000000,889.000000,730.000000
1589.000000,2785.000000,1705.000000,2824.000000
1370.000000,43.000000,1994.000000,96.000000
2751.000000,2013.000000,2486.000000,2110.000000
2837.000000,717.000000,2913.000000,1154.000000
1622.000000,2073.000000,1945.000000,2452.000000
2521.000000,723.000000,2535.000000,827.000000
933.000000,24.000000,924.000000,330.000000
323.000000,416.000000,14.000000,424.000000
645.000000,1496.000000,594.000000,1597.000000
1999.000000,1648.000000,1978.000000,1868.000000
1706.000000,581.000000,1884.000000,608.000000
1865.000000,1585.000000,1860.000000,1619.000000
2797.000000,1089.000000,2913.000000,1154.000000
2865.000000,92.000000,2961.000000,1503.000000
1984.000000,1205.000000,2091.000000,1329.000000
467.000000,978.000000,344.000000,1249.000000
2242.000000,1195.000000,2249.000000,1273.000000
1227.000000,228.000000,1337.000000,513.000000
1567.000000,2038.000000,1225.000000,2113.000000
699.000000,1507.000000,900.000000,1533.000000
607.000000,989.000000,735.000000,1214.000000
2767.000000,2493.000000,2673.000000,2759.000000
240.000000,906.000000,467.000000,978.000000
1091.000000,2430.000000,1095.000000,2480.000000
1842.000000,2888.000000,1708.000000,2914.000000
1480.000000,1271.000000,1554.000000,1447.000000
434.000000,776.000000,673.000000,793.000000
2091.000000,1329.000000,2453.000000,1513.000000
2556.000000,21.000000,2865.000000,92.000000
1445.000000,2777.000000,1697.000000,2835.000000
924.000000,330.000000,710.000000,389.000000
2462.000000,15.000000,2556.000000,21.000000
1173.000000,2299.000000,1095.000000,2480.000000
2168.000000,1036.000000,2242.000000,1195.000000
689.000000,14.000000,933.000000,24.000000
745.000000,2561.000000,605.000000,2668.000000
2770.000000,532.000000,2742.000000,545.000000
1513.000000,2540.000000,1445.000000,2777.000000
676.000000,657.000000,924.000000,688.000000
1583.000000,1438.000000,1865.000000,1585.000000
1766.000000,857.000000,1727.000000,951.000000
2605.000000,266.000000,2436.000000,313.000000
1959.000000,1393.000000,1904.000000,1487.000000
2820.000000,2508.000000,2872.000000,2941.000000
1975.000000,189.000000,1764.000000,435.000000
1445.000000,2777.000000,1352.000000,2794.000000
1744.000000,2715.000000,1835.000000,2745.000000
2533.000000,2502.000000,2596.000000,2629.000000
2421.000000,11.000000,933.000000,24.000000
696.000000,1360.000000,645.000000,1496.000000
2421.000000,662.000000,2267.000000,763.000000
2545.000000,1285.000000,2453.000000,1513.000000
2256.000000,522.000000,2233.000000,625.000000
2233.000000,625.000000,2421.000000,662.000000
2756.000000,1554.000000,2541.000000,1865.000000
665.000000,2762.000000,719.000000,2965.000000
483.000000,1134.000000,368.000000,1320.000000
2605.000000,266.000000,2431.000000,324.000000
1560.000000,1490.000000,1219.000000,1608.000000
2137.000000,989.000000,2168.000000,1036.000000
261.000000,1370.000000,594.000000,1597.000000
2865.000000,92.000000,2837.000000,717.000000
451.000000,2410.000000,346.000000,2432.000000
1479.000000,1088.000000,1659.000000,1155.000000
2797.000000,1089.000000,2545.000000,1285.000000
1310.000000,533.000000,1328.000000,537.000000
1445.000000,2777.000000,1708.000000,2914.000000
124.000000,1461.000000,271.000000,1621.000000
792.000000,1928.000000,682.000000,2069.000000
2578.000000,2488.000000,2533.000000,2502.000000
428.000000,2626.000000,253.000000,2764.000000
673.000000,793.000000,607.000000,989.000000
924.000000,330.000000,1053.000000,409.000000
2486.000000,2110.000000,2425.000000,2322.000000
682.000000,2069.000000,560.000000,2117.000000
1858.000000,1819.000000,1978.000000,1868.000000
2834.000000,376.000000,2793.000000,409.000000
1058.000000,416.000000,1090.000000,458.000000
494.000000,602.000000,676.000000,657.000000
1764.000000,435.000000,2256.000000,522.000000
2541.000000,1865.000000,2751.000000,2013.000000
2431.000000,324.000000,2256.000000,522.000000
152.000000,2159.000000,51.000000,2251.000000
2256.000000,522.000000,2152.000000,844.000000
1554.000000,1447.000000,1560.000000,1490.000000
781.000000,2158.000000,953.000000,2341.000000
29.000000,1526.000000,65.000000,1740.000000
451.000000,2410.000000,745.000000,2561.000000
172.000000,1020.000000,257.000000,1262.000000
2270.000000,1008.000000,2242.000000,1195.000000
1278.000000,1236.000000,1480.000000,1271.000000
1370.000000,43.000000,1541.000000,426.000000
2247.000000,814.000000,2220.000000,837.000000
160.000000,2065.000000,51.000000,2251.000000
1480.000000,1271.000000,1589.000000,1322.000000
198.000000,2075.000000,152.000000,2159.000000
1342.000000,1354.000000,1554.000000,1447.000000
1092.000000,2566.000000,1429.000000,2577.000000
2165.000000,2134.000000,2340.000000,2276.000000
14.000000,424.000000,184.000000,547.000000
1311.000000,797.000000,1278.000000,1236.000000
2742.000000,545.000000,2787.000000,648.000000
1448.000000,2750.000000,1445.000000,2777.000000
1448.000000,2750.000000,1432.000000,2762.000000
1540.000000,682.000000,1831.000000,738.000000
1225.000000,2113.000000,1173.000000,2299.000000
179.000000,1944.000000,198.000000,2075.000000
2425.000000,2322.000000,2578.000000,2488.000000
1440.000000,1810.000000,1597.000000,2018.000000
1834.000000,818.000000,2109.000000,925.000000
2767.000000,2493.000000,2751.000000,2621.000000
374.000000,365.000000,14.000000,424.000000
14.000000,424.000000,29.000000,1526.000000
344.000000,1249.000000,368.000000,1320.000000
1509.000000,700.000000,1441.000000,781.000000
607.000000,989.000000,511.000000,1102.000000
198.000000,2075.000000,556.000000,2180.000000
2486.000000,2110.000000,2411.000000,2274.000000
1277.000000,595.000000,1364.000000,683.000000
2109.000000,925.000000,2137.000000,989.000000
179.000000,1944.000000,160.000000,2065.000000
1975.000000,189.000000,1750.000000,370.000000
2391.000000,1580.000000,2247.000000,1657.000000
1276.000000,2934.000000,1060.000000,2998.000000
781.000000,2158.000000,745.000000,2561.000000
2953.000000,1870.000000,2751.000000,2078.000000
667.000000,1856.000000,792.000000,1928.000000
2256.000000,522.000000,2421.000000,662.000000
928.000000,793.000000,962.000000,807.000000
2258.000000,1266.000000,2249.000000,1273.000000
2152.000000,844.000000,2109.000000,925.000000
1775.000000,1204.000000,1984.000000,1205.000000
1945.000000,1553.000000,1865.000000,1585.000000
1984.000000,1205.000000,1904.000000,1487.000000
2751.000000,2621.000000,2872.000000,2941.000000
2406.000000,2784.000000,2835.000000,2936.000000
138.000000,1073.000000,257.000000,1262.000000
1370.000000,43.000000,1221.000000,131.000000
735.000000,1214.000000,696.000000,1360.000000
146.000000,2372.000000,253.000000,2764.000000
1763.000000,524.000000,1715.000000,576.000000
1479.000000,1891.000000,1225.000000,2113.000000
719.000000,2965.000000,1060.000000,2998.000000
1799.000000,1120.000000,1659.000000,1155.000000
667.000000,1856.000000,569.000000,1889.000000
2497.000000,957.000000,2797.000000,1089.000000
460.000000,122.000000,560.000000,197.000000
2915.000000,1832.000000,2541.000000,1865.000000
1763.000000,524.000000,1706.000000,581.000000
2391.000000,1580.000000,1978.000000,1868.000000
1697.000000,2835.000000,1708.000000,2914.000000
1583.000000,1438.000000,1560.000000,1490.000000
1110.000000,673.000000,928.000000,793.000000
2421.000000,11.000000,2431.000000,324.000000
2233.000000,625.000000,2267.000000,763.000000
2486.000000,2110.000000,2780.000000,2303.000000
1079.000000,2195.000000,1173.000000,2299.000000
1095.000000,2480.000000,1092.000000,2566.000000
1420.000000,507.000000,1277.000000,595.000000
1583.000000,1438.000000,1742.000000,1524.000000
924.000000,330.000000,1058.000000,416.000000
1277.000000,595.000000,1110.000000,673.000000
682.000000,2069.000000,781.000000,2158.000000
2626.000000,2162.000000,2719.000000,2201.000000
1441.000000,781.000000,1355.000000,1103.000000
2165.000000,2134.000000,2411.000000,2274.000000
1834.000000,818.000000,2152.000000,844.000000
1808.000000,1658.000000,1858.000000,1819.000000
2605.000000,266.000000,2793.000000,409.000000
2289.000000,2451.000000,2383.000000,2506.000000
1180.000000,1501.000000,1206.000000,1709.000000
560.000000,2117.000000,556.000000,2180.000000
1513.000000,2540.000000,1448.000000,2750.000000
1337.000000,513.000000,1310.000000,533.000000
1681.000000,2434.000000,1823.000000,2597.000000
1355.000000,1103.000000,1419.000000,1113.000000
1635.000000,772.000000,1727.000000,951.000000
1419.000000,1113.000000,1278.000000,1236.000000
933.000000,24.000000,1221.000000,131.000000
2605.000000,266.000000,2560.000000,438.000000
1984.000000,1205.000000,1959.000000,1393.000000
1567.000000,2038.000000,1173.000000,2299.000000
2751.000000,2621.000000,2835.000000,2936.000000
2913.000000,1753.000000,2915.000000,1832.000000
1005.000000,1767.000000,901.000000,1913.000000
2406.000000,2784.000000,1842.000000,2888.000000
1278.000000,1236.000000,1342.000000,1354.000000
1296.000000,111.000000,1227.000000,228.000000
696.000000,1360.000000,261.000000,1370.000000
1701.000000,2038.000000,1622.000000,2073.000000
428.000000,2626.000000,605.000000,2668.000000
2541.000000,1865.000000,2411.000000,2274.000000
1823.000000,2597.000000,1887.000000,2651.000000
1999.000000,1648.000000,2247.000000,1657.000000
494.000000,602.000000,434.000000,776.000000
1206.000000,1709.000000,901.000000,1913.000000
2340.000000,2276.000000,2289.000000,2451.000000
2421.000000,11.000000,2132.000000,220.000000
1708.000000,2914.000000,1060.000000,2998.000000
562.000000,336.000000,455.000000,481.000000
428.000000,2626.000000,719.000000,2965.000000
562.000000,336.000000,441.000000,388.000000
402.000000,2017.000000,556.000000,2180.000000
953.000000,2341.000000,770.000000,2516.000000
2421.000000,662.000000,2535.000000,827.000000
394.000000,1230.000000,344.000000,1249.000000
1635.000000,772.000000,1766.000000,857.000000
1554.000000,1447.000000,1180.000000,1501.000000
1432.000000,2762.000000,1445.000000,2777.000000
1719.000000,2011.000000,1597.000000,2018.000000
689.000000,14.000000,560.000000,197.000000
2780.000000,2303.000000,2578.000000,2488.000000
1311.000000,797.000000,1355.000000,1103.000000
1959.000000,1393.000000,1945.000000,1553.000000
1088.000000,2295.000000,1091.000000,2430.000000
1715.000000,576.000000,1884.000000,608.000000
2774.000000,1358.000000,2961.000000,1503.000000
2421.000000,11.000000,2556.000000,21.000000
2486.000000,2110.000000,2626.000000,2162.000000
1092.000000,2566.000000,665.000000,2762.000000
1808.000000,1658.000000,1597.000000,2018.000000
1046.000000,1304.000000,1180.000000,1501.000000
1695.000000,208.000000,1541.000000,426.000000
2340.000000,2276.000000,2425.000000,2322.000000
2837.000000,717.000000,2785.000000,879.000000
2522.000000,2799.000000,2835.000000,2936.000000
511.000000,1102.000000,368.000000,1320.000000
1982.000000,2105.000000,1945.000000,2452.000000
1715.000000,576.000000,1706.000000,581.000000
2201.000000,1212.000000,2091.000000,1329.000000
1173.000000,2299.000000,1302.000000,2427.000000
1831.000000,738.000000,1831.000000,845.000000
2852.000000,1930.000000,2751.000000,2078.000000
2629.000000,1348.000000,2628.000000,1391.000000
2521.000000,723.000000,2785.000000,879.000000
1046.000000,1304.000000,1290.000000,1361.000000
2930.000000,2256.000000,2877.000000,2257.000000
2137.000000,919.000000,2137.000000,989.000000
689.000000,14.000000,560.000000,19.000000
184.000000,547.000000,284.000000,556.000000
2411.000000,2274.000000,2425.000000,2322.000000
2049.000000,2634.000000,2134.000000,2694.000000
2461.000000,581.000000,2521.000000,723.000000
1429.000000,2577.000000,1448.000000,2750.000000
889.000000,730.000000,928.000000,793.000000
1868.000000,1925.000000,1982.000000,2105.000000
374.000000,365.000000,455.000000,481.000000
2770.000000,532.000000,2787.000000,648.000000
2152.000000,844.000000,2281.000000,858.000000
2920.000000,1239.000000,2961.000000,1503.000000
1479.000000,1088.000000,1799.000000,1120.000000
2628.000000,1391.000000,2506.000000,1500.000000
846.000000,279.000000,710.000000,389.000000
781.000000,2158.000000,556.000000,2180.000000
462.000000,7.000000,689.000000,14.000000
2453.000000,1513.000000,2391.000000,1580.000000
2270.000000,1008.000000,2168.000000,1036.000000
2843.000000,953.000000,2913.000000,1154.000000
2461.000000,581.000000,2421.000000,662.000000
667.000000,1856.000000,682.000000,2069.000000
2859.000000,2491.000000,2872.000000,2941.000000
179.000000,1944.000000,402.000000,2017.000000
1695.000000,208.000000,1750.000000,370.000000
645.000000,1496.000000,699.000000,1507.000000
594.000000,1597.000000,628.000000,1723.000000
1994.000000,96.000000,1975.000000,189.000000
2497.000000,957.000000,2270.000000,1008.000000
152.000000,2159.000000,146.000000,2372.000000
146.000000,2372.000000,419.000000,2379.000000
2785.000000,879.000000,2843.000000,953.000000
556.000000,2180.000000,146.000000,2372.000000
2383.000000,2506.000000,2406.000000,2784.000000
1554.000000,1447.000000,1219.000000,1608.000000
2535.000000,827.000000,2281.000000,858.000000
2774.000000,1358.000000,2628.000000,1391.000000
2091.000000,1329.000000,1959.000000,1393.000000
2383.000000,2506.000000,2235.000000,2726.000000
1975.000000,189.000000,1695.000000,208.000000
273.000000,1740.000000,179.000000,1944.000000
1994.000000,96.000000,2132.000000,220.000000
846.000000,279.000000,924.000000,330.000000
1860.000000,1619.000000,1999.000000,1648.000000
562.000000,336.000000,676.000000,657.000000
953.000000,2341.000000,1091.000000,2430.000000
1750.000000,370.000000,1764.000000,435.000000
2596.000000,2629.000000,2406.000000,2784.000000
1912.000000,1141.000000,1984.000000,1205.000000
901.000000,1235.000000,1028.000000,1297.000000
829.000000,2846.000000,1060.000000,2998.000000
1831.000000,738.000000,1834.000000,818.000000
2560.000000,438.000000,2742.000000,545.000000
1799.000000,1120.000000,1912.000000,1141.000000
1287.000000,2855.000000,1276.000000,2934.000000
1441.000000,781.000000,1586.000000,885.000000
2421.000000,11.000000,2117.000000,204.000000
1429.000000,2577.000000,1060.000000,2998.000000
1424.000000,917.000000,1419.000000,1113.000000
695.000000,1705.000000,842.000000,1741.000000
2756.000000,1554.000000,2391.000000,1580.000000
2168.000000,1036.000000,1984.000000,1205.000000
434.000000,776.000000,240.000000,906.000000
1994.000000,96.000000,1695.000000,208.000000
1110.000000,673.000000,962.000000,807.000000
1441.000000,781.000000,1424.000000,917.000000
2421.000000,11.000000,1370.000000,43.000000
1088.000000,2295.000000,953.000000,2341.000000
2235.000000,2726.000000,2406.000000,2784.000000
689.000000,14.000000,846.000000,279.000000
1831.000000,845.000000,1766.000000,857.000000
2787.000000,648.000000,2521.000000,723.000000
1659.000000,1155.000000,1522.000000,1195.000000
1206.000000,1709.000000,1005.000000,1767.000000
280.000000,34.000000,14.000000,424.000000
2628.000000,1391.000000,2623.000000,1497.000000
1999.000000,1648.000000,1858.000000,1819.000000
2168.000000,1036.000000,1912.000000,1141.000000
65.000000,1740.000000,51.000000,2251.000000
1479.000000,1088.000000,1522.000000,1195.000000
1635.000000,772.000000,1441.000000,781.000000
1860.000000,1619.000000,1808.000000,1658.000000
792.000000,1928.000000,971.000000,1938.000000
1079.000000,2195.000000,945.000000,2284.000000
1622.000000,2073.000000,1982.000000,2105.000000
1695.000000,208.000000,1797.000000,225.000000
1945.000000,1553.000000,1999.000000,1648.000000
901.000000,1235.000000,900.000000,1533.000000
2249.000000,1273.000000,2545.000000,1285.000000
2742.000000,545.000000,2461.000000,581.000000
2109.000000,925.000000,1912.000000,1141.000000
2289.000000,2451.000000,1945.000000,2452.000000
1028.000000,1297.000000,1046.000000,1304.000000
2756.000000,1554.000000,2913.000000,1753.000000
2780.000000,2303.000000,2859.000000,2491.000000
1719.000000,2011.000000,1899.000000,2029.000000
2421.000000,11.000000,689.000000,14.000000
184.000000,547.000000,29.000000,1526.000000
2956.000000,1851.000000,2930.000000,2256.000000
695.000000,1705.000000,628.000000,1723.000000
1868.000000,1925.000000,1899.000000,2029.000000
1287.000000,2855.000000,1060.000000,2998.000000
460.000000,122.000000,374.000000,365.000000
971.000000,1938.000000,1079.000000,2195.000000
1420.000000,507.000000,1328.000000,537.000000
1091.000000,2430.000000,1092.000000,2566.000000
1541.000000,426.000000,1337.000000,513.000000
2767.000000,2493.000000,2596.000000,2629.000000
1206.000000,1709.000000,1479.000000,1891.000000
1681.000000,2434.000000,1767.000000,2489.000000
682.000000,2069.000000,1079.000000,2195.000000
1912.000000,1141.000000,1775.000000,1204.000000
1352.000000,2794.000000,1276.000000,2934.000000
1860.000000,1619.000000,1858.000000,1819.000000
2673.000000,2759.000000,2835.000000,2936.000000
2673.000000,2759.000000,2406.000000,2784.000000
2049.000000,2634.000000,1937.000000,2649.000000
2756.000000,1554.000000,2915.000000,1832.000000
560.000000,197.000000,441.000000,388.000000
2233.000000,625.000000,2220.000000,837.000000
2242.000000,1195.000000,2258.000000,1266.000000
2256.000000,522.000000,1884.000000,608.000000
560.000000,2117.000000,781.000000,2158.000000
1681.000000,2434.000000,1479.000000,2501.000000
2506.000000,1500.000000,2391.000000,1580.000000
2961.000000,1503.000000,2913.000000,1753.000000
1982.000000,2105.000000,2340.000000,2276.000000
1448.000000,2750.000000,1352.000000,2794.000000
1541.000000,426.000000,1706.000000,581.000000
924.000000,330.000000,1110.000000,673.000000
1419.000000,1113.000000,1480.000000,1271.000000
1744.000000,2715.000000,1842.000000,2888.000000
483.000000,1134.000000,394.000000,1230.000000
240.000000,906.000000,172.000000,1020.000000
699.000000,1507.000000,594.000000,1597.000000
1865.000000,1585.000000,1808.000000,1658.000000
1445.000000,2777.000000,1589.000000,2785.000000
2425.000000,2322.000000,2461.000000,2415.000000
2793.000000,409.000000,2742.000000,545.000000
2956.000000,1851.000000,2953.000000,1870.000000
65.000000,1740.000000,179.000000,1944.000000
629.000000,2626.000000,605.000000,2668.000000
428.000000,2626.000000,289.000000,2688.000000
381.000000,2930.000000,719.000000,2965.000000
901.000000,1913.000000,971.000000,1938.000000
1975.000000,189.000000,1797.000000,225.000000
1681.000000,2434.000000,1945.000000,2452.000000
2787.000000,648.000000,2785.000000,879.000000
1028.000000,1297.000000,1180.000000,1501.000000
