POINTS
653.000000,1.000000
1390.000000,24.000000
1578.000000,32.000000
2335.000000,43.000000
1411.000000,50.000000
2481.000000,64.000000
1923.000000,83.000000
2808.000000,90.000000
1527.000000,94.000000
2747.000000,96.000000
2626.000000,97.000000
1097.000000,115.000000
1068.000000,126.000000
74.000000,133.000000
2822.000000,138.000000
1896.000000,144.000000
459.000000,153.000000
2489.000000,183.000000
1841.000000,200.000000
2072.000000,219.000000
2830.000000,219.000000
517.000000,223.000000
938.000000,223.000000
2488.000000,254.000000
3031.000000,270.000000
2437.000000,302.000000
469.000000,305.000000
565.000000,307.000000
2772.000000,308.000000
1215.000000,315.000000
2475.000000,315.000000
1810.000000,327.000000
2377.000000,349.000000
3039.000000,350.000000
594.000000,355.000000
518.000000,362.000000
1877.000000,362.000000
161.000000,369.000000
2183.000000,390.000000
214.000000,405.000000
2311.000000,420.000000
2935.000000,439.000000
1765.000000,444.000000
1411.000000,449.000000
1579.000000,455.000000
2210.000000,499.000000
2864.000000,505.000000
469.000000,517.000000
1780.000000,539.000000
1667.000000,551.000000
411.000000,559.000000
849.000000,559.000000
3012.000000,568.000000
340.000000,601.000000
2095.000000,610.000000
2714.000000,613.000000
1647.000000,618.000000
308.000000,622.000000
1596.000000,635.000000
2555.000000,652.000000
363.000000,688.000000
1772.000000,694.000000
1550.000000,698.000000
2062.000000,735.000000
2316.000000,751.000000
3030.000000,751.000000
327.000000,757.000000
494.000000,780.000000
500.000000,785.000000
1002.000000,787.000000
2141.000000,823.000000
1928.000000,830.000000
1086.000000,850.000000
542.000000,854.000000
717.000000,866.000000
1336.000000,866.000000
2678.000000,870.000000
938.000000,896.000000
1111.000000,912.000000
180.000000,917.000000
2256.000000,919.000000
1579.000000,937.000000
252.000000,950.000000
2973.000000,955.000000
2200.000000,977.000000
570.000000,995.000000
2294.000000,996.000000
2725.000000,1002.000000
491.000000,1003.000000
935.000000,1003.000000
370.000000,1011.000000
2380.000000,1012.000000
1408.000000,1033.000000
1669.000000,1040.000000
99.000000,1058.000000
1915.000000,1059.000000
654.000000,1076.000000
444.000000,1085.000000
830.000000,1122.000000
1897.000000,1128.000000
2605.000000,1133.000000
2843.000000,1141.000000
1356.000000,1151.000000
2304.000000,1151.000000
1317.000000,1155.000000
2432.000000,1160.000000
2593.000000,1170.000000
1677.000000,1176.000000
1765.000000,1181.000000
2792.000000,1211.000000
524.000000,1225.000000
349.000000,1243.000000
2441.000000,1253.000000
1940.000000,1262.000000
1596.000000,1271.000000
2368.000000,1278.000000
618.000000,1287.000000
335.000000,1295.000000
701.000000,1295.000000
649.000000,1307.000000
2202.000000,1309.000000
2148.000000,1345.000000
190.000000,1348.000000
2176.000000,1355.000000
2789.000000,1365.000000
506.000000,1368.000000
177.000000,1369.000000
1278.000000,1375.000000
2755.000000,1392.000000
2294.000000,1394.000000
1473.000000,1417.000000
2139.000000,1427.000000
2866.000000,1432.000000
2219.000000,1439.000000
2179.000000,1451.000000
1443.000000,1453.000000
86.000000,1463.000000
2697.000000,1487.000000
2190.000000,1491.000000
2052.000000,1495.000000
1840.000000,1501.000000
2814.000000,1515.000000
2156.000000,1519.000000
1797.000000,1525.000000
1892.000000,1556.000000
1985.000000,1556.000000
1994.000000,1560.000000
28.000000,1570.000000
1361.000000,1583.000000
108.000000,1590.000000
419.000000,1607.000000
653.000000,1607.000000
442.000000,1622.000000
407.000000,1644.000000
2202.000000,1658.000000
2679.000000,1659.000000
2810.000000,1666.000000
1797.000000,1670.000000
1540.000000,1691.000000
1668.000000,1700.000000
148.000000,1710.000000
1231.000000,1713.000000
2640.000000,1717.000000
533.000000,1752.000000
2610.000000,1771.000000
1125.000000,1788.000000
584.000000,1803.000000
1914.000000,1813.000000
1927.000000,1821.000000
1039.000000,1823.000000
2815.000000,1831.000000
1652.000000,1836.000000
1188.000000,1841.000000
911.000000,1863.000000
2837.000000,1866.000000
331.000000,1890.000000
2415.000000,1899.000000
1303.000000,1920.000000
2742.000000,1920.000000
1818.000000,1922.000000
1196.000000,1928.000000
1398.000000,1928.000000
831.000000,1960.000000
510.000000,1971.000000
588.000000,1977.000000
2524.000000,1978.000000
2972.000000,1981.000000
2986.000000,1994.000000
2909.000000,2087.000000
1843.000000,2089.000000
2027.000000,2089.000000
247.000000,2097.000000
1925.000000,2104.000000
544.000000,2106.000000
1563.000000,2110.000000
1430.000000,2112.000000
2483.000000,2122.000000
1150.000000,2131.000000
49.000000,2142.000000
157.000000,2142.000000
2928.000000,2154.000000
2855.000000,2155.000000
2122.000000,2176.000000
2144.000000,2182.000000
1663.000000,2190.000000
2950.000000,2195.000000
980.000000,2202.000000
801.000000,2214.000000
1754.000000,2228.000000
640.000000,2237.000000
285.000000,2251.000000
2931.000000,2255.000000
792.000000,2269.000000
428.000000,2273.000000
1035.000000,2273.000000
1324.000000,2296.000000
2287.000000,2299.000000
573.000000,2306.000000
1310.000000,2308.000000
1429.000000,2314.000000
673.000000,2339.000000
2489.000000,2344.000000
2989.000000,2349.000000
2709.000000,2352.000000
743.000000,2353.000000
890.000000,2374.000000
1426.000000,2395.000000
2965.000000,2398.000000
517.000000,2401.000000
2103.000000,2409.000000
1290.000000,2425.000000
1782.000000,2425.000000
220.000000,2433.000000
720.000000,2434.000000
1902.000000,2459.000000
1054.000000,2476.000000
2707.000000,2480.000000
2411.000000,2483.000000
2829.000000,2490.000000
1383.000000,2495.000000
1699.000000,2498.000000
1654.000000,2504.000000
1421.000000,2512.000000
2234.000000,2524.000000
52.000000,2533.000000
2171.000000,2542.000000
1413.000000,2544.000000
2307.000000,2579.000000
2569.000000,2584.000000
1752.000000,2593.000000
1861.000000,2602.000000
329.000000,2619.000000
286.000000,2621.000000
1611.000000,2621.000000
2418.000000,2635.000000
965.000000,2644.000000
2615.000000,2662.000000
555.000000,2667.000000
712.000000,2669.000000
1538.000000,2669.000000
2287.000000,2670.000000
129.000000,2683.000000
90.000000,2686.000000
2259.000000,2691.000000
1021.000000,2694.000000
1394.000000,2700.000000
1709.000000,2718.000000
863.000000,2721.000000
2139.000000,2732.000000
1791.000000,2735.000000
1198.000000,2742.000000
790.000000,2751.000000
386.000000,2752.000000
2684.000000,2774.000000
326.000000,2784.000000
674.000000,2785.000000
589.000000,2789.000000
1230.000000,2794.000000
2502.000000,2807.000000
2886.000000,2815.000000
2761.000000,2818.000000
2953.000000,2818.000000
1852.000000,2824.000000
2834.000000,2836.000000
2983.000000,2841.000000
822.000000,2847.000000
83.000000,2850.000000
1439.000000,2859.000000
530.000000,2885.000000
2987.000000,2895.000000
1956.000000,2905.000000
2727.000000,2915.000000
2568.000000,2939.000000
42.000000,2941.000000
1635.000000,2943.000000
2098.000000,2943.000000
1654.000000,2951.000000
2079.000000,2966.000000
2590.000000,2990.000000
1520.000000,3001.000000
862.000000,3005.000000
1.000000,3032.000000
1390.000000,3034.000000
2516.000000,3034.000000
2760.000000,3040.000000
LINES
849.000000,559.000000,1550.000000,698.000000
1782.000000,2425.000000,1699.000000,2498.000000
980.000000,2202.000000,792.000000,2269.000000
2727.000000,2915.000000,2590.000000,2990.000000
90.000000,2686.000000,1.000000,3032.000000
533.000000,1752.000000,510.000000,1971.000000
99.000000,1058.000000,444.000000,1085.000000
2725.000000,1002.000000,2792.000000,1211.000000
2909.000000,2087.000000,2855.000000,2155.000000
2259.000000,2691.000000,2139.000000,2732.000000
2148.000000,1345.000000,2176.000000,1355.000000
2259.000000,2691.000000,2516.000000,3034.000000
2755.000000,1392.000000,2697.000000,1487.000000
349.000000,1243.000000,335.000000,1295.000000
148.000000,1710.000000,49.000000,2142.000000
2866.000000,1432.000000,2972.000000,1981.000000
1563.000000,2110.000000,1754.000000,2228.000000
2747.000000,96.000000,2822.000000,138.000000
1230.000000,2794.000000,862.000000,3005.000000
2855.000000,2155.000000,2931.000000,2255.000000
74.000000,133.000000,459.000000,153.000000
1035.000000,2273.000000,1310.000000,2308.000000
326.000000,2784.000000,1.000000,3032.000000
1843.000000,2089.000000,1925.000000,2104.000000
2605.000000,1133.000000,2432.000000,1160.000000
1699.000000,2498.000000,1752.000000,2593.000000
1852.000000,2824.000000,1654.000000,2951.000000
2822.000000,138.000000,2830.000000,219.000000
1635.000000,2943.000000,1654.000000,2951.000000
1928.000000,830.000000,1669.000000,1040.000000
2931.000000,2255.000000,2989.000000,2349.000000
2234.000000,2524.000000,2171.000000,2542.000000
129.000000,2683.000000,90.000000,2686.000000
2568.000000,2939.000000,2590.000000,2990.000000
849.000000,559.000000,500.000000,785.000000
1408.000000,1033.000000,1596.000000,1271.000000
584.000000,1803.000000,510.000000,1971.000000
2789.000000,1365.000000,2866.000000,1432.000000
1877.000000,362.000000,1772.000000,694.000000
1394.000000,2700.000000,1198.000000,2742.000000
2772.000000,308.000000,3039.000000,350.000000
2307.000000,2579.000000,2287.000000,2670.000000
743.000000,2353.000000,720.000000,2434.000000
2027.000000,2089.000000,1925.000000,2104.000000
1538.000000,2669.000000,1439.000000,2859.000000
2052.000000,1495.000000,1985.000000,1556.000000
331.000000,1890.000000,544.000000,2106.000000
2886.000000,2815.000000,2761.000000,2818.000000
308.000000,622.000000,180.000000,917.000000
2843.000000,1141.000000,2792.000000,1211.000000
1994.000000,1560.000000,2202.000000,1658.000000
1550.000000,698.000000,1408.000000,1033.000000
649.000000,1307.000000,1125.000000,1788.000000
2411.000000,2483.000000,2615.000000,2662.000000
2843.000000,1141.000000,2866.000000,1432.000000
2697.000000,1487.000000,2610.000000,1771.000000
2052.000000,1495.000000,2202.000000,1658.000000
1290.000000,2425.000000,1054.000000,2476.000000
2294.000000,1394.000000,2202.000000,1658.000000
2156.000000,1519.000000,2202.000000,1658.000000
3030.000000,751.000000,2987.000000,2895.000000
1540.000000,1691.000000,1398.000000,1928.000000
442.000000,1622.000000,407.000000,1644.000000
74.000000,133.000000,214.000000,405.000000
1843.000000,2089.000000,2027.000000,2089.000000
469.000000,517.000000,849.000000,559.000000
2481.000000,64.000000,2489.000000,183.000000
2103.000000,2409.000000,2139.000000,2732.000000
2727.000000,2915.000000,2760.000000,3040.000000
1797.000000,1525.000000,1668.000000,1700.000000
2808.000000,90.000000,2747.000000,96.000000
965.000000,2644.000000,822.000000,2847.000000
220.000000,2433.000000,329.000000,2619.000000
2488.000000,254.000000,2437.000000,302.000000
52.000000,2533.000000,1.000000,3032.000000
1652.000000,1836.000000,1563.000000,2110.000000
491.000000,1003.000000,444.000000,1085.000000
1111.000000,912.000000,1317.000000,1155.000000
2287.000000,2670.000000,2259.000000,2691.000000
790.000000,2751.000000,674.000000,2785.000000
1002.000000,787.000000,1086.000000,850.000000
849.000000,559.000000,1002.000000,787.000000
2864.000000,505.000000,2555.000000,652.000000
2176.000000,1355.000000,2219.000000,1439.000000
1443.000000,1453.000000,1231.000000,1713.000000
2761.000000,2818.000000,2834.000000,2836.000000
1841.000000,200.000000,1877.000000,362.000000
2103.000000,2409.000000,2234.000000,2524.000000
2590.000000,2990.000000,2516.000000,3034.000000
469.000000,517.000000,500.000000,785.000000
831.000000,1960.000000,801.000000,2214.000000
1647.000000,618.000000,1772.000000,694.000000
506.000000,1368.000000,533.000000,1752.000000
86.000000,1463.000000,148.000000,1710.000000
1897.000000,1128.000000,1940.000000,1262.000000
428.000000,2273.000000,220.000000,2433.000000
2928.000000,2154.000000,2950.000000,2195.000000
2488.000000,254.000000,2475.000000,315.000000
653.000000,1.000000,1097.000000,115.000000
2626.000000,97.000000,2488.000000,254.000000
2843.000000,1141.000000,2986.000000,1994.000000
386.000000,2752.000000,530.000000,2885.000000
1125.000000,1788.000000,1188.000000,1841.000000
1002.000000,787.000000,938.000000,896.000000
1035.000000,2273.000000,1324.000000,2296.000000
1413.000000,2544.000000,1538.000000,2669.000000
1231.000000,1713.000000,1303.000000,1920.000000
1443.000000,1453.000000,1797.000000,1525.000000
2593.000000,1170.000000,2441.000000,1253.000000
1840.000000,1501.000000,1985.000000,1556.000000
584.000000,1803.000000,588.000000,1977.000000
2928.000000,2154.000000,2931.000000,2255.000000
1663.000000,2190.000000,1429.000000,2314.000000
1538.000000,2669.000000,1394.000000,2700.000000
459.000000,153.000000,469.000000,305.000000
407.000000,1644.000000,148.000000,1710.000000
2411.000000,2483.000000,2418.000000,2635.000000
1896.000000,144.000000,1877.000000,362.000000
1097.000000,115.000000,1068.000000,126.000000
649.000000,1307.000000,533.000000,1752.000000
444.000000,1085.000000,524.000000,1225.000000
911.000000,1863.000000,831.000000,1960.000000
99.000000,1058.000000,190.000000,1348.000000
331.000000,1890.000000,247.000000,2097.000000
2725.000000,1002.000000,2432.000000,1160.000000
1925.000000,2104.000000,1754.000000,2228.000000
1230.000000,2794.000000,1390.000000,3034.000000
506.000000,1368.000000,419.000000,1607.000000
1196.000000,1928.000000,1150.000000,2131.000000
2183.000000,390.000000,2210.000000,499.000000
1579.000000,937.000000,1669.000000,1040.000000
1797.000000,1525.000000,1540.000000,1691.000000
247.000000,2097.000000,49.000000,2142.000000
1635.000000,2943.000000,1520.000000,3001.000000
533.000000,1752.000000,584.000000,1803.000000
1068.000000,126.000000,594.000000,355.000000
2294.000000,1394.000000,2219.000000,1439.000000
653.000000,1607.000000,584.000000,1803.000000
1563.000000,2110.000000,1429.000000,2314.000000
1772.000000,694.000000,1928.000000,830.000000
1215.000000,315.000000,1550.000000,698.000000
407.000000,1644.000000,331.000000,1890.000000
214.000000,405.000000,308.000000,622.000000
2502.000000,2807.000000,2516.000000,3034.000000
1611.000000,2621.000000,1791.000000,2735.000000
252.000000,950.000000,370.000000,1011.000000
180.000000,917.000000,99.000000,1058.000000
1429.000000,2314.000000,1383.000000,2495.000000
517.000000,223.000000,594.000000,355.000000
2931.000000,2255.000000,2709.000000,2352.000000
1411.000000,449.000000,1647.000000,618.000000
335.000000,1295.000000,506.000000,1368.000000
444.000000,1085.000000,349.000000,1243.000000
2441.000000,1253.000000,2202.000000,1658.000000
863.000000,2721.000000,822.000000,2847.000000
890.000000,2374.000000,720.000000,2434.000000
1985.000000,1556.000000,1994.000000,1560.000000
1578.000000,32.000000,1841.000000,200.000000
2555.000000,652.000000,2678.000000,870.000000
2139.000000,1427.000000,2219.000000,1439.000000
2079.000000,2966.000000,2516.000000,3034.000000
1902.000000,2459.000000,1861.000000,2602.000000
1068.000000,126.000000,517.000000,223.000000
673.000000,2339.000000,720.000000,2434.000000
2079.000000,2966.000000,1520.000000,3001.000000
52.000000,2533.000000,286.000000,2621.000000
1150.000000,2131.000000,980.000000,2202.000000
1663.000000,2190.000000,1782.000000,2425.000000
1782.000000,2425.000000,1654.000000,2504.000000
1915.000000,1059.000000,1765.000000,1181.000000
1426.000000,2395.000000,1383.000000,2495.000000
2202.000000,1658.000000,2415.000000,1899.000000
331.000000,1890.000000,428.000000,2273.000000
2377.000000,349.000000,2311.000000,420.000000
2725.000000,1002.000000,2380.000000,1012.000000
1765.000000,1181.000000,1596.000000,1271.000000
653.000000,1607.000000,533.000000,1752.000000
1596.000000,1271.000000,1473.000000,1417.000000
28.000000,1570.000000,148.000000,1710.000000
717.000000,866.000000,938.000000,896.000000
2697.000000,1487.000000,2810.000000,1666.000000
1111.000000,912.000000,701.000000,1295.000000
2697.000000,1487.000000,2814.000000,1515.000000
2200.000000,977.000000,1915.000000,1059.000000
649.000000,1307.000000,653.000000,1607.000000
3039.000000,350.000000,3030.000000,751.000000
831.000000,1960.000000,980.000000,2202.000000
1780.000000,539.000000,1667.000000,551.000000
2569.000000,2584.000000,2615.000000,2662.000000
2171.000000,2542.000000,2139.000000,2732.000000
247.000000,2097.000000,157.000000,2142.000000
1654.000000,2504.000000,1752.000000,2593.000000
1111.000000,912.000000,1278.000000,1375.000000
2829.000000,2490.000000,2983.000000,2841.000000
1398.000000,1928.000000,1150.000000,2131.000000
285.000000,2251.000000,220.000000,2433.000000
1840.000000,1501.000000,1892.000000,1556.000000
2678.000000,870.000000,2725.000000,1002.000000
1035.000000,2273.000000,1054.000000,2476.000000
2815.000000,1831.000000,2837.000000,1866.000000
2815.000000,1831.000000,2742.000000,1920.000000
52.000000,2533.000000,329.000000,2619.000000
2380.000000,1012.000000,2432.000000,1160.000000
2989.000000,2349.000000,2987.000000,2895.000000
428.000000,2273.000000,573.000000,2306.000000
1579.000000,455.000000,1647.000000,618.000000
1596.000000,635.000000,1550.000000,698.000000
1772.000000,694.000000,1550.000000,698.000000
1421.000000,2512.000000,1538.000000,2669.000000
42.000000,2941.000000,1.000000,3032.000000
2432.000000,1160.000000,2441.000000,1253.000000
2610.000000,1771.000000,2815.000000,1831.000000
2304.000000,1151.000000,2202.000000,1309.000000
83.000000,2850.000000,42.000000,2941.000000
1852.000000,2824.000000,1956.000000,2905.000000
1097.000000,115.000000,1215.000000,315.000000
640.000000,2237.000000,673.000000,2339.000000
2626.000000,97.000000,2475.000000,315.000000
459.000000,153.000000,517.000000,223.000000
190.000000,1348.000000,177.000000,1369.000000
2697.000000,1487.000000,2415.000000,1899.000000
1054.000000,2476.000000,965.000000,2644.000000
157.000000,2142.000000,285.000000,2251.000000
2678.000000,870.000000,2973.000000,955.000000
1843.000000,2089.000000,1754.000000,2228.000000
1563.000000,2110.000000,1663.000000,2190.000000
2072.000000,219.000000,2183.000000,390.000000
86.000000,1463.000000,108.000000,1590.000000
1818.000000,1922.000000,2027.000000,2089.000000
720.000000,2434.000000,790.000000,2751.000000
517.000000,2401.000000,220.000000,2433.000000
2122.000000,2176.000000,2103.000000,2409.000000
653.000000,1607.000000,831.000000,1960.000000
1002.000000,787.000000,717.000000,866.000000
2489.000000,2344.000000,2709.000000,2352.000000
1654.000000,2504.000000,1611.000000,2621.000000
542.000000,854.000000,717.000000,866.000000
965.000000,2644.000000,863.000000,2721.000000
1125.000000,1788.000000,1039.000000,1823.000000
862.000000,3005.000000,1390.000000,3034.000000
653.000000,1.000000,1390.000000,24.000000
2219.000000,1439.000000,2202.000000,1658.000000
1550.000000,698.000000,1928.000000,830.000000
1390.000000,24.000000,1097.000000,115.000000
2684.000000,2774.000000,2953.000000,2818.000000
500.000000,785.000000,542.000000,854.000000
180.000000,917.000000,252.000000,950.000000
1810.000000,327.000000,1877.000000,362.000000
1927.000000,1821.000000,2027.000000,2089.000000
1667.000000,551.000000,1647.000000,618.000000
129.000000,2683.000000,326.000000,2784.000000
1782.000000,2425.000000,1861.000000,2602.000000
2679.000000,1659.000000,2610.000000,1771.000000
2311.000000,420.000000,2555.000000,652.000000
863.000000,2721.000000,790.000000,2751.000000
2062.000000,735.000000,2256.000000,919.000000
2335.000000,43.000000,2183.000000,390.000000
654.000000,1076.000000,830.000000,1122.000000
1579.000000,937.000000,1408.000000,1033.000000
129.000000,2683.000000,83.000000,2850.000000
1780.000000,539.000000,1772.000000,694.000000
2810.000000,1666.000000,2815.000000,1831.000000
588.000000,1977.000000,544.000000,2106.000000
2441.000000,1253.000000,2415.000000,1899.000000
1994.000000,1560.000000,2415.000000,1899.000000
2441.000000,1253.000000,2294.000000,1394.000000
1818.000000,1922.000000,1843.000000,2089.000000
2626.000000,97.000000,2822.000000,138.000000
2822.000000,138.000000,2475.000000,315.000000
1765.000000,1181.000000,1940.000000,1262.000000
1324.000000,2296.000000,1310.000000,2308.000000
2380.000000,1012.000000,2304.000000,1151.000000
2062.000000,735.000000,2316.000000,751.000000
674.000000,2785.000000,589.000000,2789.000000
555.000000,2667.000000,589.000000,2789.000000
938.000000,896.000000,935.000000,1003.000000
935.000000,1003.000000,830.000000,1122.000000
2139.000000,1427.000000,2156.000000,1519.000000
2709.000000,2352.000000,2569.000000,2584.000000
469.000000,305.000000,518.000000,362.000000
1336.000000,866.000000,1317.000000,1155.000000
1527.000000,94.000000,1411.000000,449.000000
331.000000,1890.000000,573.000000,2306.000000
1940.000000,1262.000000,1840.000000,1501.000000
890.000000,2374.000000,1054.000000,2476.000000
1852.000000,2824.000000,2098.000000,2943.000000
1125.000000,1788.000000,1196.000000,1928.000000
1928.000000,830.000000,1915.000000,1059.000000
2709.000000,2352.000000,2829.000000,2490.000000
1752.000000,2593.000000,1791.000000,2735.000000
28.000000,1570.000000,49.000000,2142.000000
411.000000,559.000000,849.000000,559.000000
653.000000,1607.000000,911.000000,1863.000000
1278.000000,1375.000000,1125.000000,1788.000000
148.000000,1710.000000,331.000000,1890.000000
524.000000,1225.000000,649.000000,1307.000000
533.000000,1752.000000,331.000000,1890.000000
2714.000000,613.000000,2555.000000,652.000000
862.000000,3005.000000,1.000000,3032.000000
2965.000000,2398.000000,2829.000000,2490.000000
524.000000,1225.000000,506.000000,1368.000000
3039.000000,350.000000,3012.000000,568.000000
1520.000000,3001.000000,2516.000000,3034.000000
1654.000000,2504.000000,1421.000000,2512.000000
1443.000000,1453.000000,1540.000000,1691.000000
1002.000000,787.000000,935.000000,1003.000000
2789.000000,1365.000000,2755.000000,1392.000000
565.000000,307.000000,594.000000,355.000000
2179.000000,1451.000000,2202.000000,1658.000000
2610.000000,1771.000000,2415.000000,1899.000000
830.000000,1122.000000,701.000000,1295.000000
2316.000000,751.000000,2380.000000,1012.000000
1054.000000,2476.000000,1021.000000,2694.000000
1429.000000,2314.000000,1426.000000,2395.000000
308.000000,622.000000,252.000000,950.000000
1540.000000,1691.000000,1652.000000,1836.000000
1039.000000,1823.000000,1196.000000,1928.000000
2524.000000,1978.000000,2483.000000,2122.000000
2524.000000,1978.000000,2489.000000,2344.000000
74.000000,133.000000,28.000000,1570.000000
161.000000,369.000000,180.000000,917.000000
1398.000000,1928.000000,1430.000000,2112.000000
2307.000000,2579.000000,2259.000000,2691.000000
1877.000000,362.000000,1780.000000,539.000000
308.000000,622.000000,363.000000,688.000000
2488.000000,254.000000,2377.000000,349.000000
1915.000000,1059.000000,1897.000000,1128.000000
1663.000000,2190.000000,1426.000000,2395.000000
1408.000000,1033.000000,1356.000000,1151.000000
653.000000,1.000000,1068.000000,126.000000
2626.000000,97.000000,2489.000000,183.000000
1852.000000,2824.000000,1635.000000,2943.000000
570.000000,995.000000,654.000000,1076.000000
1897.000000,1128.000000,1765.000000,1181.000000
2311.000000,420.000000,2316.000000,751.000000
1765.000000,1181.000000,1443.000000,1453.000000
1669.000000,1040.000000,1765.000000,1181.000000
618.000000,1287.000000,506.000000,1368.000000
2814.000000,1515.000000,2837.000000,1866.000000
2928.000000,2154.000000,2855.000000,2155.000000
2792.000000,1211.000000,2755.000000,1392.000000
653.000000,1.000000,517.000000,223.000000
542.000000,854.000000,570.000000,995.000000
2190.000000,1491.000000,2202.000000,1658.000000
190.000000,1348.000000,86.000000,1463.000000
790.000000,2751.000000,862.000000,3005.000000
1035.000000,2273.000000,890.000000,2374.000000
2377.000000,349.000000,2183.000000,390.000000
1303.000000,1920.000000,1196.000000,1928.000000
2864.000000,505.000000,3030.000000,751.000000
2200.000000,977.000000,2304.000000,1151.000000
792.000000,2269.000000,890.000000,2374.000000
1540.000000,1691.000000,1668.000000,1700.000000
2829.000000,2490.000000,2615.000000,2662.000000
74.000000,133.000000,99.000000,1058.000000
28.000000,1570.000000,108.000000,1590.000000
1336.000000,866.000000,1408.000000,1033.000000
712.000000,2669.000000,790.000000,2751.000000
506.000000,1368.000000,442.000000,1622.000000
1861.000000,2602.000000,1852.000000,2824.000000
618.000000,1287.000000,649.000000,1307.000000
2829.000000,2490.000000,2953.000000,2818.000000
2179.000000,1451.000000,2156.000000,1519.000000
469.000000,305.000000,214.000000,405.000000
2141.000000,823.000000,2200.000000,977.000000
938.000000,223.000000,594.000000,355.000000
2725.000000,1002.000000,2843.000000,1141.000000
555.000000,2667.000000,674.000000,2785.000000
2210.000000,499.000000,2316.000000,751.000000
2886.000000,2815.000000,2727.000000,2915.000000
247.000000,2097.000000,285.000000,2251.000000
3012.000000,568.000000,3030.000000,751.000000
2052.000000,1495.000000,1994.000000,1560.000000
1278.000000,1375.000000,1473.000000,1417.000000
2259.000000,2691.000000,2098.000000,2943.000000
649.000000,1307.000000,911.000000,1863.000000
1994.000000,1560.000000,2144.000000,2182.000000
335.000000,1295.000000,419.000000,1607.000000
1896.000000,144.000000,1841.000000,200.000000
2986.000000,1994.000000,2928.000000,2154.000000
743.000000,2353.000000,890.000000,2374.000000
1538.000000,2669.000000,1709.000000,2718.000000
1669.000000,1040.000000,1677.000000,1176.000000
1426.000000,2395.000000,1421.000000,2512.000000
1196.000000,1928.000000,1398.000000,1928.000000
2973.000000,955.000000,2725.000000,1002.000000
2886.000000,2815.000000,2760.000000,3040.000000
161.000000,369.000000,99.000000,1058.000000
2052.000000,1495.000000,1840.000000,1501.000000
2481.000000,64.000000,2808.000000,90.000000
980.000000,2202.000000,801.000000,2214.000000
2830.000000,219.000000,3039.000000,350.000000
2481.000000,64.000000,2488.000000,254.000000
1002.000000,787.000000,1111.000000,912.000000
3039.000000,350.000000,2935.000000,439.000000
1897.000000,1128.000000,2304.000000,1151.000000
2139.000000,2732.000000,1852.000000,2824.000000
530.000000,2885.000000,862.000000,3005.000000
2368.000000,1278.000000,2202.000000,1309.000000
938.000000,223.000000,469.000000,517.000000
1877.000000,362.000000,1765.000000,444.000000
2437.000000,302.000000,2377.000000,349.000000
1111.000000,912.000000,935.000000,1003.000000
555.000000,2667.000000,712.000000,2669.000000
326.000000,2784.000000,42.000000,2941.000000
1861.000000,2602.000000,1791.000000,2735.000000
340.000000,601.000000,363.000000,688.000000
99.000000,1058.000000,28.000000,1570.000000
1527.000000,94.000000,1841.000000,200.000000
1841.000000,200.000000,1810.000000,327.000000
28.000000,1570.000000,52.000000,2533.000000
411.000000,559.000000,363.000000,688.000000
1361.000000,1583.000000,1540.000000,1691.000000
2972.000000,1981.000000,2986.000000,1994.000000
99.000000,1058.000000,86.000000,1463.000000
2987.000000,2895.000000,2760.000000,3040.000000
2640.000000,1717.000000,2610.000000,1771.000000
544.000000,2106.000000,573.000000,2306.000000
108.000000,1590.000000,148.000000,1710.000000
1394.000000,2700.000000,1230.000000,2794.000000
2814.000000,1515.000000,2972.000000,1981.000000
1578.000000,32.000000,1527.000000,94.000000
911.000000,1863.000000,980.000000,2202.000000
1927.000000,1821.000000,1818.000000,1922.000000
2294.000000,996.000000,2304.000000,1151.000000
286.000000,2621.000000,326.000000,2784.000000
1039.000000,1823.000000,911.000000,1863.000000
469.000000,305.000000,565.000000,307.000000
370.000000,1011.000000,444.000000,1085.000000
331.000000,1890.000000,285.000000,2251.000000
2697.000000,1487.000000,2679.000000,1659.000000
965.000000,2644.000000,862.000000,3005.000000
2098.000000,2943.000000,2079.000000,2966.000000
1383.000000,2495.000000,1413.000000,2544.000000
419.000000,1607.000000,407.000000,1644.000000
335.000000,1295.000000,86.000000,1463.000000
2568.000000,2939.000000,2516.000000,3034.000000
500.000000,785.000000,717.000000,866.000000
326.000000,2784.000000,530.000000,2885.000000
673.000000,2339.000000,743.000000,2353.000000
74.000000,133.000000,161.000000,369.000000
589.000000,2789.000000,530.000000,2885.000000
2415.000000,1899.000000,2524.000000,1978.000000
1317.000000,1155.000000,1278.000000,1375.000000
849.000000,559.000000,717.000000,866.000000
2095.000000,610.000000,1772.000000,694.000000
2316.000000,751.000000,2256.000000,919.000000
2489.000000,2344.000000,2411.000000,2483.000000
1994.000000,1560.000000,2027.000000,2089.000000
2935.000000,439.000000,3030.000000,751.000000
327.000000,757.000000,542.000000,854.000000
1810.000000,327.000000,1667.000000,551.000000
469.000000,517.000000,340.000000,601.000000
2965.000000,2398.000000,2983.000000,2841.000000
3031.000000,270.000000,3039.000000,350.000000
411.000000,559.000000,340.000000,601.000000
2441.000000,1253.000000,2368.000000,1278.000000
2141.000000,823.000000,1915.000000,1059.000000
792.000000,2269.000000,743.000000,2353.000000
1430.000000,2112.000000,1429.000000,2314.000000
1782.000000,2425.000000,1902.000000,2459.000000
1303.000000,1920.000000,1398.000000,1928.000000
1413.000000,2544.000000,1394.000000,2700.000000
1361.000000,1583.000000,1231.000000,1713.000000
2866.000000,1432.000000,2814.000000,1515.000000
494.000000,780.000000,542.000000,854.000000
1877.000000,362.000000,2095.000000,610.000000
52.000000,2533.000000,326.000000,2784.000000
1647.000000,618.000000,1596.000000,635.000000
588.000000,1977.000000,640.000000,2237.000000
2973.000000,955.000000,2986.000000,1994.000000
1086.000000,850.000000,1111.000000,912.000000
1902.000000,2459.000000,2139.000000,2732.000000
2219.000000,1439.000000,2190.000000,1491.000000
161.000000,369.000000,214.000000,405.000000
1550.000000,698.000000,1336.000000,866.000000
2814.000000,1515.000000,2810.000000,1666.000000
340.000000,601.000000,308.000000,622.000000
1667.000000,551.000000,1772.000000,694.000000
1390.000000,24.000000,1411.000000,50.000000
1923.000000,83.000000,1841.000000,200.000000
1520.000000,3001.000000,1390.000000,3034.000000
329.000000,2619.000000,555.000000,2667.000000
1310.000000,2308.000000,1429.000000,2314.000000
1877.000000,362.000000,2210.000000,499.000000
1663.000000,2190.000000,1754.000000,2228.000000
2122.000000,2176.000000,2287.000000,2299.000000
1765.000000,444.000000,1667.000000,551.000000
2808.000000,90.000000,2822.000000,138.000000
2103.000000,2409.000000,1902.000000,2459.000000
2935.000000,439.000000,2864.000000,505.000000
980.000000,2202.000000,890.000000,2374.000000
2555.000000,652.000000,2973.000000,955.000000
588.000000,1977.000000,801.000000,2214.000000
2516.000000,3034.000000,2760.000000,3040.000000
442.000000,1622.000000,533.000000,1752.000000
1068.000000,126.000000,938.000000,223.000000
717.000000,866.000000,830.000000,1122.000000
1278.000000,1375.000000,1443.000000,1453.000000
2052.000000,1495.000000,2156.000000,1519.000000
1356.000000,1151.000000,1317.000000,1155.000000
938.000000,223.000000,849.000000,559.000000
1188.000000,1841.000000,1303.000000,1920.000000
329.000000,2619.000000,326.000000,2784.000000
2725.000000,1002.000000,2605.000000,1133.000000
386.000000,2752.000000,326.000000,2784.000000
2834.000000,2836.000000,2727.000000,2915.000000
2411.000000,2483.000000,2234.000000,2524.000000
2866.000000,1432.000000,2697.000000,1487.000000
2989.000000,2349.000000,2965.000000,2398.000000
1677.000000,1176.000000,1596.000000,1271.000000
2989.000000,2349.000000,2983.000000,2841.000000
1810.000000,327.000000,1579.000000,455.000000
2483.000000,2122.000000,2144.000000,2182.000000
52.000000,2533.000000,90.000000,2686.000000
2234.000000,2524.000000,2307.000000,2579.000000
2418.000000,2635.000000,2259.000000,2691.000000
1430.000000,2112.000000,1324.000000,2296.000000
2141.000000,823.000000,2256.000000,919.000000
2475.000000,315.000000,2555.000000,652.000000
701.000000,1295.000000,1278.000000,1375.000000
2935.000000,439.000000,3012.000000,568.000000
542.000000,854.000000,491.000000,1003.000000
1021.000000,2694.000000,1230.000000,2794.000000
938.000000,223.000000,1550.000000,698.000000
3039.000000,350.000000,2987.000000,2895.000000
2747.000000,96.000000,2626.000000,97.000000
1540.000000,1691.000000,1231.000000,1713.000000
1652.000000,1836.000000,1818.000000,1922.000000
2202.000000,1309.000000,2148.000000,1345.000000
2502.000000,2807.000000,2727.000000,2915.000000
573.000000,2306.000000,673.000000,2339.000000
1896.000000,144.000000,2183.000000,390.000000
1398.000000,1928.000000,1324.000000,2296.000000
790.000000,2751.000000,822.000000,2847.000000
717.000000,866.000000,654.000000,1076.000000
2615.000000,2662.000000,2953.000000,2818.000000
2986.000000,1994.000000,2989.000000,2349.000000
177.000000,1369.000000,86.000000,1463.000000
1754.000000,2228.000000,1902.000000,2459.000000
2593.000000,1170.000000,2792.000000,1211.000000
2287.000000,2299.000000,2234.000000,2524.000000
1914.000000,1813.000000,1818.000000,1922.000000
2256.000000,919.000000,2380.000000,1012.000000
2605.000000,1133.000000,2593.000000,1170.000000
2335.000000,43.000000,2481.000000,64.000000
1408.000000,1033.000000,1317.000000,1155.000000
494.000000,780.000000,500.000000,785.000000
1336.000000,866.000000,1111.000000,912.000000
1782.000000,2425.000000,1421.000000,2512.000000
542.000000,854.000000,252.000000,950.000000
1668.000000,1700.000000,1914.000000,1813.000000
1324.000000,2296.000000,1429.000000,2314.000000
2122.000000,2176.000000,1754.000000,2228.000000
2148.000000,1345.000000,2052.000000,1495.000000
1925.000000,2104.000000,2122.000000,2176.000000
1914.000000,1813.000000,1927.000000,1821.000000
2432.000000,1160.000000,2368.000000,1278.000000
3030.000000,751.000000,2989.000000,2349.000000
90.000000,2686.000000,42.000000,2941.000000
1797.000000,1525.000000,1797.000000,1670.000000
2139.000000,1427.000000,2179.000000,1451.000000
2684.000000,2774.000000,2761.000000,2818.000000
517.000000,2401.000000,329.000000,2619.000000
2304.000000,1151.000000,2432.000000,1160.000000
524.000000,1225.000000,349.000000,1243.000000
2909.000000,2087.000000,2928.000000,2154.000000
1677.000000,1176.000000,1765.000000,1181.000000
2742.000000,1920.000000,2972.000000,1981.000000
801.000000,2214.000000,640.000000,2237.000000
1230.000000,2794.000000,1439.000000,2859.000000
411.000000,559.000000,500.000000,785.000000
1097.000000,115.000000,938.000000,223.000000
831.000000,1960.000000,588.000000,1977.000000
1923.000000,83.000000,2072.000000,219.000000
1654.000000,2951.000000,1520.000000,3001.000000
2610.000000,1771.000000,2742.000000,1920.000000
2972.000000,1981.000000,2855.000000,2155.000000
2256.000000,919.000000,2200.000000,977.000000
1956.000000,2905.000000,1654.000000,2951.000000
2200.000000,977.000000,1897.000000,1128.000000
363.000000,688.000000,494.000000,780.000000
1956.000000,2905.000000,2079.000000,2966.000000
2973.000000,955.000000,2843.000000,1141.000000
573.000000,2306.000000,720.000000,2434.000000
1196.000000,1928.000000,980.000000,2202.000000
2814.000000,1515.000000,2815.000000,1831.000000
2843.000000,1141.000000,2972.000000,1981.000000
49.000000,2142.000000,52.000000,2533.000000
2489.000000,183.000000,2488.000000,254.000000
2335.000000,43.000000,2072.000000,219.000000
2304.000000,1151.000000,2368.000000,1278.000000
2684.000000,2774.000000,2502.000000,2807.000000
720.000000,2434.000000,712.000000,2669.000000
2437.000000,302.000000,2475.000000,315.000000
1527.000000,94.000000,1579.000000,455.000000
1411.000000,50.000000,1097.000000,115.000000
214.000000,405.000000,469.000000,517.000000
2555.000000,652.000000,2380.000000,1012.000000
2368.000000,1278.000000,2176.000000,1355.000000
2411.000000,2483.000000,2307.000000,2579.000000
1356.000000,1151.000000,1278.000000,1375.000000
2256.000000,919.000000,2294.000000,996.000000
2707.000000,2480.000000,2615.000000,2662.000000
1579.000000,455.000000,1667.000000,551.000000
2148.000000,1345.000000,1840.000000,1501.000000
2502.000000,2807.000000,2568.000000,2939.000000
2709.000000,2352.000000,2707.000000,2480.000000
2141.000000,823.000000,1928.000000,830.000000
2418.000000,2635.000000,2516.000000,3034.000000
2931.000000,2255.000000,2829.000000,2490.000000
565.000000,307.000000,518.000000,362.000000
2822.000000,138.000000,2772.000000,308.000000
2864.000000,505.000000,2714.000000,613.000000
1752.000000,2593.000000,1861.000000,2602.000000
2714.000000,613.000000,2973.000000,955.000000
938.000000,223.000000,1215.000000,315.000000
2287.000000,2299.000000,2411.000000,2483.000000
2294.000000,996.000000,2380.000000,1012.000000
654.000000,1076.000000,701.000000,1295.000000
2772.000000,308.000000,2555.000000,652.000000
1892.000000,1556.000000,1927.000000,1821.000000
2808.000000,90.000000,3031.000000,270.000000
980.000000,2202.000000,1035.000000,2273.000000
327.000000,757.000000,252.000000,950.000000
2950.000000,2195.000000,2989.000000,2349.000000
1394.000000,2700.000000,1439.000000,2859.000000
2027.000000,2089.000000,2144.000000,2182.000000
653.000000,1.000000,2335.000000,43.000000
252.000000,950.000000,99.000000,1058.000000
1.000000,3032.000000,2760.000000,3040.000000
849.000000,559.000000,1086.000000,850.000000
2179.000000,1451.000000,2190.000000,1491.000000
90.000000,2686.000000,83.000000,2850.000000
1765.000000,444.000000,1780.000000,539.000000
1896.000000,144.000000,2210.000000,499.000000
2095.000000,610.000000,2062.000000,735.000000
1579.000000,937.000000,1677.000000,1176.000000
1439.000000,2859.000000,1520.000000,3001.000000
2714.000000,613.000000,3030.000000,751.000000
2555.000000,652.000000,2316.000000,751.000000
2311.000000,420.000000,2210.000000,499.000000
1765.000000,1181.000000,1797.000000,1525.000000
2931.000000,2255.000000,2489.000000,2344.000000
2062.000000,735.000000,2141.000000,823.000000
2415.000000,1899.000000,2483.000000,2122.000000
1699.000000,2498.000000,1654.000000,2504.000000
1892.000000,1556.000000,1797.000000,1670.000000
2103.000000,2409.000000,2171.000000,2542.000000
1652.000000,1836.000000,1398.000000,1928.000000
517.000000,223.000000,469.000000,305.000000
1892.000000,1556.000000,1994.000000,1560.000000
2095.000000,610.000000,1928.000000,830.000000
542.000000,854.000000,370.000000,1011.000000
701.000000,1295.000000,649.000000,1307.000000
1527.000000,94.000000,1215.000000,315.000000
1429.000000,2314.000000,1290.000000,2425.000000
491.000000,1003.000000,370.000000,1011.000000
2886.000000,2815.000000,2983.000000,2841.000000
214.000000,405.000000,340.000000,601.000000
428.000000,2273.000000,517.000000,2401.000000
2593.000000,1170.000000,2755.000000,1392.000000
1861.000000,2602.000000,2139.000000,2732.000000
1668.000000,1700.000000,1652.000000,1836.000000
2418.000000,2635.000000,2287.000000,2670.000000
2605.000000,1133.000000,2441.000000,1253.000000
2610.000000,1771.000000,2524.000000,1978.000000
890.000000,2374.000000,965.000000,2644.000000
594.000000,355.000000,469.000000,517.000000
1538.000000,2669.000000,1635.000000,2943.000000
2027.000000,2089.000000,2122.000000,2176.000000
2415.000000,1899.000000,2144.000000,2182.000000
801.000000,2214.000000,743.000000,2353.000000
2489.000000,2344.000000,2569.000000,2584.000000
1215.000000,315.000000,1411.000000,449.000000
1611.000000,2621.000000,1538.000000,2669.000000
252.000000,950.000000,444.000000,1085.000000
2335.000000,43.000000,1923.000000,83.000000
1797.000000,1670.000000,1914.000000,1813.000000
1563.000000,2110.000000,1430.000000,2112.000000
2886.000000,2815.000000,2834.000000,2836.000000
2304.000000,1151.000000,2148.000000,1345.000000
2148.000000,1345.000000,2139.000000,1427.000000
2139.000000,2732.000000,2098.000000,2943.000000
329.000000,2619.000000,386.000000,2752.000000
363.000000,688.000000,327.000000,757.000000
1439.000000,2859.000000,1390.000000,3034.000000
2287.000000,2299.000000,2103.000000,2409.000000
3030.000000,751.000000,2973.000000,955.000000
2144.000000,2182.000000,2489.000000,2344.000000
1956.000000,2905.000000,2098.000000,2943.000000
1125.000000,1788.000000,911.000000,1863.000000
349.000000,1243.000000,506.000000,1368.000000
2098.000000,2943.000000,2516.000000,3034.000000
1709.000000,2718.000000,1791.000000,2735.000000
2697.000000,1487.000000,2640.000000,1717.000000
1188.000000,1841.000000,1196.000000,1928.000000
349.000000,1243.000000,190.000000,1348.000000
2176.000000,1355.000000,2294.000000,1394.000000
965.000000,2644.000000,790.000000,2751.000000
1408.000000,1033.000000,1473.000000,1417.000000
2210.000000,499.000000,2095.000000,610.000000
1.000000,3032.000000,1390.000000,3034.000000
1752.000000,2593.000000,1611.000000,2621.000000
2950.000000,2195.000000,2931.000000,2255.000000
1408.000000,1033.000000,1677.000000,1176.000000
1596.000000,1271.000000,1443.000000,1453.000000
2772.000000,308.000000,2475.000000,315.000000
1411.000000,50.000000,1215.000000,315.000000
2772.000000,308.000000,2864.000000,505.000000
1578.000000,32.000000,2335.000000,43.000000
640.000000,2237.000000,743.000000,2353.000000
1654.000000,2504.000000,1538.000000,2669.000000
2481.000000,64.000000,2626.000000,97.000000
517.000000,2401.000000,720.000000,2434.000000
2139.000000,1427.000000,2052.000000,1495.000000
524.000000,1225.000000,618.000000,1287.000000
1383.000000,2495.000000,1421.000000,2512.000000
965.000000,2644.000000,1021.000000,2694.000000
654.000000,1076.000000,524.000000,1225.000000
3030.000000,751.000000,2986.000000,1994.000000
1754.000000,2228.000000,1782.000000,2425.000000
1611.000000,2621.000000,1709.000000,2718.000000
1411.000000,449.000000,1579.000000,455.000000
407.000000,1644.000000,533.000000,1752.000000
517.000000,2401.000000,555.000000,2667.000000
1198.000000,2742.000000,1230.000000,2794.000000
1021.000000,2694.000000,1198.000000,2742.000000
654.000000,1076.000000,444.000000,1085.000000
2483.000000,2122.000000,2489.000000,2344.000000
86.000000,1463.000000,419.000000,1607.000000
2679.000000,1659.000000,2640.000000,1717.000000
911.000000,1863.000000,1196.000000,1928.000000
2761.000000,2818.000000,2727.000000,2915.000000
1411.000000,449.000000,1596.000000,635.000000
469.000000,517.000000,411.000000,559.000000
2830.000000,219.000000,2772.000000,308.000000
335.000000,1295.000000,177.000000,1369.000000
717.000000,866.000000,935.000000,1003.000000
2953.000000,2818.000000,2983.000000,2841.000000
518.000000,362.000000,469.000000,517.000000
573.000000,2306.000000,517.000000,2401.000000
1231.000000,1713.000000,1125.000000,1788.000000
1231.000000,1713.000000,1398.000000,1928.000000
720.000000,2434.000000,965.000000,2644.000000
1578.000000,32.000000,1923.000000,83.000000
1709.000000,2718.000000,1852.000000,2824.000000
308.000000,622.000000,327.000000,757.000000
2335.000000,43.000000,2377.000000,349.000000
161.000000,369.000000,308.000000,622.000000
2475.000000,315.000000,2377.000000,349.000000
2219.000000,1439.000000,2179.000000,1451.000000
1231.000000,1713.000000,1188.000000,1841.000000
1150.000000,2131.000000,1324.000000,2296.000000
2725.000000,1002.000000,2593.000000,1170.000000
801.000000,2214.000000,792.000000,2269.000000
822.000000,2847.000000,862.000000,3005.000000
1421.000000,2512.000000,1413.000000,2544.000000
1797.000000,1670.000000,1668.000000,1700.000000
1021.000000,2694.000000,862.000000,3005.000000
2176.000000,1355.000000,2139.000000,1427.000000
2679.000000,1659.000000,2810.000000,1666.000000
1550.000000,698.000000,1669.000000,1040.000000
2593.000000,1170.000000,2697.000000,1487.000000
49.000000,2142.000000,157.000000,2142.000000
1390.000000,3034.000000,2516.000000,3034.000000
2335.000000,43.000000,2808.000000,90.000000
2062.000000,735.000000,1928.000000,830.000000
2335.000000,43.000000,2488.000000,254.000000
1290.000000,2425.000000,1394.000000,2700.000000
1782.000000,2425.000000,1752.000000,2593.000000
1054.000000,2476.000000,1198.000000,2742.000000
1709.000000,2718.000000,1635.000000,2943.000000
2772.000000,308.000000,2935.000000,439.000000
1791.000000,2735.000000,1852.000000,2824.000000
2202.000000,1309.000000,2176.000000,1355.000000
2210.000000,499.000000,2062.000000,735.000000
1439.000000,2859.000000,1635.000000,2943.000000
469.000000,305.000000,469.000000,517.000000
1940.000000,1262.000000,1797.000000,1525.000000
1892.000000,1556.000000,1985.000000,1556.000000
1797.000000,1670.000000,1927.000000,1821.000000
2475.000000,315.000000,2311.000000,420.000000
1390.000000,24.000000,2335.000000,43.000000
2886.000000,2815.000000,2987.000000,2895.000000
52.000000,2533.000000,129.000000,2683.000000
2679.000000,1659.000000,2815.000000,1831.000000
510.000000,1971.000000,588.000000,1977.000000
2615.000000,2662.000000,2684.000000,2774.000000
517.000000,223.000000,565.000000,307.000000
220.000000,2433.000000,52.000000,2533.000000
1647.000000,618.000000,1550.000000,698.000000
1896.000000,144.000000,2072.000000,219.000000
935.000000,1003.000000,701.000000,1295.000000
674.000000,2785.000000,862.000000,3005.000000
717.000000,866.000000,570.000000,995.000000
1652.000000,1836.000000,1843.000000,2089.000000
1994.000000,1560.000000,1927.000000,1821.000000
327.000000,757.000000,494.000000,780.000000
1550.000000,698.000000,1086.000000,850.000000
1797.000000,1525.000000,1892.000000,1556.000000
517.000000,2401.000000,712.000000,2669.000000
1278.000000,1375.000000,1231.000000,1713.000000
1550.000000,698.000000,1579.000000,937.000000
2171.000000,2542.000000,2307.000000,2579.000000
1390.000000,3034.000000,2760.000000,3040.000000
1669.000000,1040.000000,1915.000000,1059.000000
2524.000000,1978.000000,2855.000000,2155.000000
530.000000,2885.000000,1.000000,3032.000000
653.000000,1.000000,459.000000,153.000000
1810.000000,327.000000,1765.000000,444.000000
1035.000000,2273.000000,1290.000000,2425.000000
584.000000,1803.000000,831.000000,1960.000000
1411.000000,449.000000,1550.000000,698.000000
524.000000,1225.000000,701.000000,1295.000000
712.000000,2669.000000,674.000000,2785.000000
2555.000000,652.000000,2725.000000,1002.000000
2411.000000,2483.000000,2569.000000,2584.000000
2684.000000,2774.000000,2727.000000,2915.000000
640.000000,2237.000000,573.000000,2306.000000
335.000000,1295.000000,190.000000,1348.000000
1654.000000,2951.000000,2079.000000,2966.000000
1897.000000,1128.000000,2148.000000,1345.000000
2200.000000,977.000000,2294.000000,996.000000
2441.000000,1253.000000,2697.000000,1487.000000
2837.000000,1866.000000,2742.000000,1920.000000
1527.000000,94.000000,1810.000000,327.000000
2707.000000,2480.000000,2829.000000,2490.000000
653.000000,1.000000,74.000000,133.000000
2983.000000,2841.000000,2987.000000,2895.000000
2590.000000,2990.000000,2760.000000,3040.000000
2989.000000,2349.000000,2829.000000,2490.000000
1578.000000,32.000000,1411.000000,50.000000
2986.000000,1994.000000,2950.000000,2195.000000
285.000000,2251.000000,428.000000,2273.000000
649.000000,1307.000000,506.000000,1368.000000
2418.000000,2635.000000,2615.000000,2662.000000
2822.000000,138.000000,3031.000000,270.000000
331.000000,1890.000000,510.000000,1971.000000
2183.000000,390.000000,2311.000000,420.000000
570.000000,995.000000,491.000000,1003.000000
2792.000000,1211.000000,2789.000000,1365.000000
2986.000000,1994.000000,2909.000000,2087.000000
1914.000000,1813.000000,1652.000000,1836.000000
2368.000000,1278.000000,2294.000000,1394.000000
86.000000,1463.000000,28.000000,1570.000000
555.000000,2667.000000,386.000000,2752.000000
1383.000000,2495.000000,1394.000000,2700.000000
2755.000000,1392.000000,2866.000000,1432.000000
674.000000,2785.000000,530.000000,2885.000000
74.000000,133.000000,469.000000,305.000000
2122.000000,2176.000000,2144.000000,2182.000000
2171.000000,2542.000000,2259.000000,2691.000000
491.000000,1003.000000,654.000000,1076.000000
49.000000,2142.000000,285.000000,2251.000000
510.000000,1971.000000,544.000000,2106.000000
1290.000000,2425.000000,1198.000000,2742.000000
2684.000000,2774.000000,2886.000000,2815.000000
2122.000000,2176.000000,1902.000000,2459.000000
1473.000000,1417.000000,1443.000000,1453.000000
1923.000000,83.000000,1896.000000,144.000000
1940.000000,1262.000000,2148.000000,1345.000000
2727.000000,2915.000000,2568.000000,2939.000000
419.000000,1607.000000,442.000000,1622.000000
649.000000,1307.000000,1278.000000,1375.000000
1411.000000,50.000000,1527.000000,94.000000
2307.000000,2579.000000,2418.000000,2635.000000
1843.000000,2089.000000,1563.000000,2110.000000
2742.000000,1920.000000,2855.000000,2155.000000
329.000000,2619.000000,286.000000,2621.000000
588.000000,1977.000000,573.000000,2306.000000
2287.000000,2299.000000,2489.000000,2344.000000
1356.000000,1151.000000,1473.000000,1417.000000
2707.000000,2480.000000,2569.000000,2584.000000
386.000000,2752.000000,589.000000,2789.000000
2837.000000,1866.000000,2972.000000,1981.000000
1150.000000,2131.000000,1035.000000,2273.000000
2830.000000,219.000000,3031.000000,270.000000
2886.000000,2815.000000,2953.000000,2818.000000
1840.000000,1501.000000,1797.000000,1525.000000
2972.000000,1981.000000,2909.000000,2087.000000
2524.000000,1978.000000,2931.000000,2255.000000
2808.000000,90.000000,2626.000000,97.000000
2742.000000,1920.000000,2524.000000,1978.000000
1663.000000,2190.000000,1421.000000,2512.000000
419.000000,1607.000000,148.000000,1710.000000
444.000000,1085.000000,190.000000,1348.000000
49.000000,2142.000000,220.000000,2433.000000
1398.000000,1928.000000,1563.000000,2110.000000
2615.000000,2662.000000,2502.000000,2807.000000
2418.000000,2635.000000,2502.000000,2807.000000
1290.000000,2425.000000,1383.000000,2495.000000
326.000000,2784.000000,83.000000,2850.000000
1310.000000,2308.000000,1290.000000,2425.000000
2792.000000,1211.000000,2866.000000,1432.000000
2144.000000,2182.000000,2287.000000,2299.000000
411.000000,559.000000,494.000000,780.000000
594.000000,355.000000,518.000000,362.000000
1390.000000,24.000000,1578.000000,32.000000
1443.000000,1453.000000,1361.000000,1583.000000
1086.000000,850.000000,1336.000000,866.000000
28.000000,1570.000000,1.000000,3032.000000
331.000000,1890.000000,49.000000,2142.000000
