POINTS
2539.000000,17.000000
1821.000000,32.000000
2948.000000,32.000000
2777.000000,35.000000
1953.000000,42.000000
851.000000,52.000000
1053.000000,63.000000
1882.000000,68.000000
719.000000,76.000000
1085.000000,81.000000
2450.000000,84.000000
584.000000,94.000000
2079.000000,97.000000
520.000000,103.000000
1511.000000,110.000000
873.000000,115.000000
2495.000000,124.000000
45.000000,132.000000
552.000000,136.000000
1054.000000,143.000000
2928.000000,143.000000
699.000000,148.000000
4.000000,171.000000
801.000000,172.000000
1954.000000,172.000000
366.000000,175.000000
2982.000000,177.000000
1521.000000,199.000000
579.000000,200.000000
2654.000000,210.000000
1188.000000,242.000000
3148.000000,243.000000
145.000000,244.000000
310.000000,249.000000
2140.000000,270.000000
1432.000000,279.000000
1410.000000,280.000000
86.000000,282.000000
2072.000000,313.000000
2376.000000,314.000000
1557.000000,319.000000
918.000000,353.000000
2132.000000,358.000000
2540.000000,365.000000
2978.000000,372.000000
146.000000,379.000000
748.000000,382.000000
151.000000,392.000000
2025.000000,399.000000
657.000000,412.000000
1254.000000,427.000000
2370.000000,429.000000
2514.000000,432.000000
664.000000,451.000000
61.000000,461.000000
393.000000,469.000000
2671.000000,486.000000
2353.000000,500.000000
658.000000,502.000000
1895.000000,517.000000
2930.000000,517.000000
843.000000,519.000000
1660.000000,519.000000
589.000000,521.000000
687.000000,549.000000
1972.000000,553.000000
879.000000,564.000000
1115.000000,572.000000
506.000000,611.000000
88.000000,627.000000
2607.000000,627.000000
2206.000000,628.000000
2450.000000,631.000000
1265.000000,643.000000
744.000000,671.000000
2503.000000,679.000000
1760.000000,680.000000
2391.000000,719.000000
2183.000000,732.000000
2622.000000,762.000000
2797.000000,763.000000
1993.000000,768.000000
841.000000,779.000000
992.000000,792.000000
1100.000000,801.000000
1247.000000,808.000000
1189.000000,837.000000
2805.000000,860.000000
2350.000000,864.000000
2718.000000,865.000000
2887.000000,890.000000
163.000000,891.000000
1440.000000,892.000000
2053.000000,894.000000
2752.000000,916.000000
1715.000000,929.000000
1985.000000,929.000000
1416.000000,931.000000
2922.000000,932.000000
826.000000,935.000000
2393.000000,938.000000
1613.000000,961.000000
1645.000000,965.000000
1240.000000,968.000000
299.000000,972.000000
51.000000,974.000000
2655.000000,990.000000
888.000000,991.000000
723.000000,992.000000
1834.000000,995.000000
1470.000000,1003.000000
1649.000000,1005.000000
3033.000000,1025.000000
2402.000000,1038.000000
504.000000,1056.000000
1869.000000,1062.000000
98.000000,1068.000000
1177.000000,1085.000000
569.000000,1086.000000
2696.000000,1091.000000
2657.000000,1101.000000
2582.000000,1102.000000
373.000000,1111.000000
2497.000000,1150.000000
2715.000000,1152.000000
3031.000000,1152.000000
2934.000000,1177.000000
624.000000,1179.000000
808.000000,1180.000000
1240.000000,1199.000000
2183.000000,1199.000000
504.000000,1200.000000
1540.000000,1201.000000
1783.000000,1201.000000
735.000000,1211.000000
396.000000,1221.000000
1877.000000,1227.000000
2044.000000,1252.000000
51.000000,1253.000000
303.000000,1270.000000
2792.000000,1281.000000
2949.000000,1289.000000
1766.000000,1291.000000
1975.000000,1308.000000
2540.000000,1326.000000
2119.000000,1332.000000
1588.000000,1338.000000
2648.000000,1344.000000
2085.000000,1350.000000
1296.000000,1356.000000
1617.000000,1361.000000
1987.000000,1401.000000
102.000000,1402.000000
1855.000000,1425.000000
563.000000,1441.000000
346.000000,1454.000000
706.000000,1471.000000
548.000000,1477.000000
2633.000000,1504.000000
1267.000000,1508.000000
2463.000000,1534.000000
3050.000000,1538.000000
1109.000000,1543.000000
1742.000000,1556.000000
1054.000000,1564.000000
588.000000,1568.000000
915.000000,1575.000000
2637.000000,1575.000000
2676.000000,1587.000000
1139.000000,1602.000000
1267.000000,1617.000000
1431.000000,1621.000000
2067.000000,1621.000000
2416.000000,1621.000000
990.000000,1626.000000
2275.000000,1636.000000
2787.000000,1641.000000
2617.000000,1662.000000
138.000000,1669.000000
2374.000000,1676.000000
552.000000,1690.000000
674.000000,1695.000000
3006.000000,1695.000000
1064.000000,1708.000000
926.000000,1721.000000
1035.000000,1723.000000
209.000000,1738.000000
1117.000000,1758.000000
2063.000000,1759.000000
1701.000000,1779.000000
131.000000,1781.000000
1341.000000,1782.000000
2473.000000,1789.000000
2650.000000,1796.000000
831.000000,1797.000000
710.000000,1806.000000
175.000000,1812.000000
2279.000000,1827.000000
1488.000000,1828.000000
2004.000000,1830.000000
2768.000000,1848.000000
765.000000,1854.000000
2936.000000,1881.000000
1062.000000,1887.000000
786.000000,1888.000000
1183.000000,1901.000000
1213.000000,1903.000000
2035.000000,1903.000000
688.000000,1904.000000
1543.000000,1911.000000
1239.000000,1913.000000
2666.000000,1919.000000
1269.000000,1931.000000
432.000000,1932.000000
562.000000,1936.000000
2779.000000,1950.000000
3010.000000,1958.000000
1703.000000,1962.000000
1487.000000,1975.000000
713.000000,1983.000000
983.000000,2004.000000
2608.000000,2006.000000
1675.000000,2023.000000
859.000000,2026.000000
1694.000000,2041.000000
614.000000,2065.000000
524.000000,2103.000000
270.000000,2105.000000
2824.000000,2113.000000
1271.000000,2115.000000
2455.000000,2115.000000
1046.000000,2127.000000
694.000000,2178.000000
1580.000000,2179.000000
1406.000000,2184.000000
2235.000000,2201.000000
2870.000000,2207.000000
846.000000,2219.000000
1846.000000,2226.000000
2535.000000,2237.000000
2233.000000,2240.000000
1745.000000,2243.000000
133.000000,2246.000000
2540.000000,2246.000000
554.000000,2248.000000
706.000000,2258.000000
1695.000000,2262.000000
372.000000,2275.000000
1544.000000,2319.000000
2329.000000,2333.000000
2590.000000,2339.000000
596.000000,2348.000000
914.000000,2362.000000
285.000000,2370.000000
3081.000000,2374.000000
990.000000,2392.000000
2630.000000,2394.000000
226.000000,2420.000000
2262.000000,2431.000000
2773.000000,2433.000000
123.000000,2441.000000
411.000000,2449.000000
2610.000000,2475.000000
3111.000000,2476.000000
1728.000000,2480.000000
2112.000000,2493.000000
2260.000000,2522.000000
894.000000,2529.000000
2285.000000,2529.000000
1483.000000,2539.000000
1582.000000,2540.000000
215.000000,2543.000000
1988.000000,2545.000000
2713.000000,2568.000000
2524.000000,2573.000000
1236.000000,2593.000000
1385.000000,2600.000000
2337.000000,2605.000000
1731.000000,2615.000000
3149.000000,2615.000000
2820.000000,2617.000000
928.000000,2632.000000
1415.000000,2641.000000
954.000000,2649.000000
226.000000,2661.000000
2134.000000,2664.000000
2979.000000,2701.000000
2402.000000,2705.000000
2913.000000,2712.000000
122.000000,2714.000000
2877.000000,2725.000000
1335.000000,2727.000000
1160.000000,2737.000000
2924.000000,2742.000000
1473.000000,2795.000000
1182.000000,2797.000000
1955.000000,2799.000000
2320.000000,2825.000000
2281.000000,2835.000000
1754.000000,2846.000000
210.000000,2853.000000
2711.000000,2885.000000
3134.000000,2888.000000
1083.000000,2889.000000
2675.000000,2944.000000
2539.000000,2956.000000
67.000000,2993.000000
1798.000000,2999.000000
1447.000000,3001.000000
558.000000,3048.000000
1207.000000,3050.000000
788.000000,3082.000000
1240.000000,3110.000000
2377.000000,3116.000000
2939.000000,3120.000000
1.000000,3128.000000
LINES
851.000000,52.000000,584.000000,94.000000
2913.000000,2712.000000,2924.000000,2742.000000
131.000000,1781.000000,175.000000,1812.000000
1511.000000,110.000000,1521.000000,199.000000
2779.000000,1950.000000,3010.000000,1958.000000
954.000000,2649.000000,1083.000000,2889.000000
2773.000000,2433.000000,2820.000000,2617.000000
2393.000000,938.000000,2497.000000,1150.000000
614.000000,2065.000000,694.000000,2178.000000
1855.000000,1425.000000,1742.000000,1556.000000
270.000000,2105.000000,133.000000,2246.000000
2713.000000,2568.000000,2524.000000,2573.000000
1521.000000,199.000000,1895.000000,517.000000
1139.000000,1602.000000,1239.000000,1913.000000
1335.000000,2727.000000,1240.000000,3110.000000
888.000000,991.000000,1240.000000,1199.000000
2982.000000,177.000000,2978.000000,372.000000
846.000000,2219.000000,706.000000,2258.000000
1972.000000,553.000000,1760.000000,680.000000
1177.000000,1085.000000,1240.000000,1199.000000
1588.000000,1338.000000,1267.000000,1508.000000
563.000000,1441.000000,548.000000,1477.000000
1543.000000,1911.000000,1703.000000,1962.000000
2539.000000,17.000000,1821.000000,32.000000
2610.000000,2475.000000,2524.000000,2573.000000
1100.000000,801.000000,1189.000000,837.000000
1988.000000,2545.000000,1731.000000,2615.000000
2779.000000,1950.000000,2824.000000,2113.000000
1269.000000,1931.000000,1487.000000,1975.000000
1543.000000,1911.000000,1406.000000,2184.000000
1953.000000,42.000000,2450.000000,84.000000
2535.000000,2237.000000,2590.000000,2339.000000
1341.000000,1782.000000,1239.000000,1913.000000
688.000000,1904.000000,713.000000,1983.000000
658.000000,502.000000,687.000000,549.000000
1954.000000,172.000000,2072.000000,313.000000
1085.000000,81.000000,1188.000000,242.000000
1054.000000,143.000000,801.000000,172.000000
1760.000000,680.000000,1993.000000,768.000000
579.000000,200.000000,393.000000,469.000000
719.000000,76.000000,584.000000,94.000000
2235.000000,2201.000000,2535.000000,2237.000000
851.000000,52.000000,873.000000,115.000000
2463.000000,1534.000000,2617.000000,1662.000000
928.000000,2632.000000,1083.000000,2889.000000
1483.000000,2539.000000,1582.000000,2540.000000
624.000000,1179.000000,303.000000,1270.000000
2797.000000,763.000000,2805.000000,860.000000
1715.000000,929.000000,1834.000000,995.000000
1053.000000,63.000000,1054.000000,143.000000
2370.000000,429.000000,2353.000000,500.000000
888.000000,991.000000,706.000000,1471.000000
2630.000000,2394.000000,2773.000000,2433.000000
1993.000000,768.000000,1985.000000,929.000000
1580.000000,2179.000000,1544.000000,2319.000000
393.000000,469.000000,506.000000,611.000000
2063.000000,1759.000000,2004.000000,1830.000000
2450.000000,631.000000,2503.000000,679.000000
2696.000000,1091.000000,2657.000000,1101.000000
846.000000,2219.000000,990.000000,2392.000000
1783.000000,1201.000000,1877.000000,1227.000000
552.000000,136.000000,699.000000,148.000000
3149.000000,2615.000000,2979.000000,2701.000000
2132.000000,358.000000,2206.000000,628.000000
589.000000,521.000000,506.000000,611.000000
2353.000000,500.000000,2391.000000,719.000000
1895.000000,517.000000,1972.000000,553.000000
2275.000000,1636.000000,2374.000000,1676.000000
1766.000000,1291.000000,1617.000000,1361.000000
2450.000000,84.000000,2376.000000,314.000000
1267.000000,1617.000000,1431.000000,1621.000000
2792.000000,1281.000000,3050.000000,1538.000000
3010.000000,1958.000000,2870.000000,2207.000000
1139.000000,1602.000000,1341.000000,1782.000000
801.000000,172.000000,579.000000,200.000000
748.000000,382.000000,843.000000,519.000000
1183.000000,1901.000000,983.000000,2004.000000
1613.000000,961.000000,1645.000000,965.000000
1236.000000,2593.000000,1335.000000,2727.000000
569.000000,1086.000000,808.000000,1180.000000
1183.000000,1901.000000,859.000000,2026.000000
1160.000000,2737.000000,1182.000000,2797.000000
45.000000,132.000000,310.000000,249.000000
88.000000,627.000000,51.000000,974.000000
2535.000000,2237.000000,2540.000000,2246.000000
372.000000,2275.000000,285.000000,2370.000000
2112.000000,2493.000000,2285.000000,2529.000000
888.000000,991.000000,723.000000,992.000000
2657.000000,1101.000000,2582.000000,1102.000000
2540.000000,365.000000,2514.000000,432.000000
2235.000000,2201.000000,2233.000000,2240.000000
2374.000000,1676.000000,2279.000000,1827.000000
2877.000000,2725.000000,2711.000000,2885.000000
2779.000000,1950.000000,2608.000000,2006.000000
1473.000000,2795.000000,1447.000000,3001.000000
2540.000000,1326.000000,2463.000000,1534.000000
2391.000000,719.000000,2393.000000,938.000000
2617.000000,1662.000000,2473.000000,1789.000000
303.000000,1270.000000,102.000000,1402.000000
1869.000000,1062.000000,1877.000000,1227.000000
2711.000000,2885.000000,2539.000000,2956.000000
2617.000000,1662.000000,2768.000000,1848.000000
1271.000000,2115.000000,1406.000000,2184.000000
432.000000,1932.000000,562.000000,1936.000000
2752.000000,916.000000,2696.000000,1091.000000
873.000000,115.000000,1054.000000,143.000000
1882.000000,68.000000,1954.000000,172.000000
2183.000000,732.000000,1993.000000,768.000000
1649.000000,1005.000000,1540.000000,1201.000000
163.000000,891.000000,299.000000,972.000000
674.000000,1695.000000,831.000000,1797.000000
688.000000,1904.000000,562.000000,1936.000000
1267.000000,1508.000000,1431.000000,1621.000000
1580.000000,2179.000000,1406.000000,2184.000000
1869.000000,1062.000000,1975.000000,1308.000000
2044.000000,1252.000000,1987.000000,1401.000000
2233.000000,2240.000000,1988.000000,2545.000000
2539.000000,17.000000,2777.000000,35.000000
1715.000000,929.000000,1645.000000,965.000000
2370.000000,429.000000,2450.000000,631.000000
520.000000,103.000000,552.000000,136.000000
2949.000000,1289.000000,3050.000000,1538.000000
2233.000000,2240.000000,2112.000000,2493.000000
808.000000,1180.000000,735.000000,1211.000000
658.000000,502.000000,826.000000,935.000000
175.000000,1812.000000,270.000000,2105.000000
2376.000000,314.000000,2514.000000,432.000000
1139.000000,1602.000000,990.000000,1626.000000
1985.000000,929.000000,1869.000000,1062.000000
841.000000,779.000000,888.000000,991.000000
1613.000000,961.000000,1649.000000,1005.000000
1085.000000,81.000000,1410.000000,280.000000
3033.000000,1025.000000,3111.000000,2476.000000
299.000000,972.000000,51.000000,974.000000
45.000000,132.000000,86.000000,282.000000
520.000000,103.000000,310.000000,249.000000
1440.000000,892.000000,1240.000000,968.000000
2463.000000,1534.000000,2416.000000,1621.000000
918.000000,353.000000,843.000000,519.000000
2540.000000,2246.000000,2590.000000,2339.000000
1953.000000,42.000000,2140.000000,270.000000
504.000000,1056.000000,396.000000,1221.000000
1582.000000,2540.000000,1731.000000,2615.000000
285.000000,2370.000000,123.000000,2441.000000
2350.000000,864.000000,2183.000000,1199.000000
2063.000000,1759.000000,2279.000000,1827.000000
1715.000000,929.000000,1613.000000,961.000000
61.000000,461.000000,88.000000,627.000000
879.000000,564.000000,992.000000,792.000000
2063.000000,1759.000000,2035.000000,1903.000000
584.000000,94.000000,520.000000,103.000000
2805.000000,860.000000,2887.000000,890.000000
2948.000000,32.000000,3148.000000,243.000000
1617.000000,1361.000000,1431.000000,1621.000000
88.000000,627.000000,163.000000,891.000000
1955.000000,2799.000000,1798.000000,2999.000000
2675.000000,2944.000000,2539.000000,2956.000000
3111.000000,2476.000000,3149.000000,2615.000000
1440.000000,892.000000,1715.000000,929.000000
1645.000000,965.000000,1649.000000,1005.000000
1588.000000,1338.000000,1617.000000,1361.000000
1440.000000,892.000000,1470.000000,1003.000000
98.000000,1068.000000,373.000000,1111.000000
914.000000,2362.000000,990.000000,2392.000000
1766.000000,1291.000000,1588.000000,1338.000000
1993.000000,768.000000,1834.000000,995.000000
2455.000000,2115.000000,2235.000000,2201.000000
209.000000,1738.000000,131.000000,1781.000000
563.000000,1441.000000,706.000000,1471.000000
2715.000000,1152.000000,2648.000000,1344.000000
2711.000000,2885.000000,2675.000000,2944.000000
1953.000000,42.000000,2072.000000,313.000000
548.000000,1477.000000,138.000000,1669.000000
51.000000,1253.000000,133.000000,2246.000000
303.000000,1270.000000,346.000000,1454.000000
1821.000000,32.000000,1053.000000,63.000000
270.000000,2105.000000,372.000000,2275.000000
2539.000000,17.000000,1953.000000,42.000000
520.000000,103.000000,366.000000,175.000000
1954.000000,172.000000,2025.000000,399.000000
2792.000000,1281.000000,2949.000000,1289.000000
1695.000000,2262.000000,1544.000000,2319.000000
175.000000,1812.000000,596.000000,2348.000000
658.000000,502.000000,506.000000,611.000000
1064.000000,1708.000000,1117.000000,1758.000000
163.000000,891.000000,504.000000,1056.000000
2978.000000,372.000000,2930.000000,517.000000
2924.000000,2742.000000,2711.000000,2885.000000
588.000000,1568.000000,552.000000,1690.000000
624.000000,1179.000000,563.000000,1441.000000
706.000000,1471.000000,915.000000,1575.000000
145.000000,244.000000,146.000000,379.000000
1415.000000,2641.000000,1754.000000,2846.000000
2797.000000,763.000000,3033.000000,1025.000000
1728.000000,2480.000000,1731.000000,2615.000000
2495.000000,124.000000,2540.000000,365.000000
1985.000000,929.000000,1834.000000,995.000000
1415.000000,2641.000000,1473.000000,2795.000000
1236.000000,2593.000000,1385.000000,2600.000000
2377.000000,3116.000000,2939.000000,3120.000000
146.000000,379.000000,151.000000,392.000000
562.000000,1936.000000,614.000000,2065.000000
299.000000,972.000000,504.000000,1056.000000
2824.000000,2113.000000,2630.000000,2394.000000
1821.000000,32.000000,1521.000000,199.000000
992.000000,792.000000,1100.000000,801.000000
744.000000,671.000000,826.000000,935.000000
801.000000,172.000000,748.000000,382.000000
1834.000000,995.000000,1540.000000,1201.000000
1540.000000,1201.000000,1296.000000,1356.000000
2473.000000,1789.000000,2666.000000,1919.000000
841.000000,779.000000,1240.000000,1199.000000
1675.000000,2023.000000,1694.000000,2041.000000
2067.000000,1621.000000,2275.000000,1636.000000
2393.000000,938.000000,2402.000000,1038.000000
2540.000000,1326.000000,2119.000000,1332.000000
563.000000,1441.000000,588.000000,1568.000000
2928.000000,143.000000,2978.000000,372.000000
1083.000000,2889.000000,1240.000000,3110.000000
3134.000000,2888.000000,2939.000000,3120.000000
831.000000,1797.000000,786.000000,1888.000000
548.000000,1477.000000,588.000000,1568.000000
2262.000000,2431.000000,2260.000000,2522.000000
51.000000,1253.000000,1.000000,3128.000000
706.000000,2258.000000,596.000000,2348.000000
2913.000000,2712.000000,2711.000000,2885.000000
175.000000,1812.000000,432.000000,1932.000000
3111.000000,2476.000000,2820.000000,2617.000000
3050.000000,1538.000000,2787.000000,1641.000000
2622.000000,762.000000,2797.000000,763.000000
1972.000000,553.000000,1993.000000,768.000000
1487.000000,1975.000000,1406.000000,2184.000000
2777.000000,35.000000,2930.000000,517.000000
1821.000000,32.000000,1954.000000,172.000000
2924.000000,2742.000000,2675.000000,2944.000000
851.000000,52.000000,45.000000,132.000000
688.000000,1904.000000,614.000000,2065.000000
51.000000,1253.000000,303.000000,1270.000000
694.000000,2178.000000,706.000000,2258.000000
2044.000000,1252.000000,2085.000000,1350.000000
209.000000,1738.000000,175.000000,1812.000000
3006.000000,1695.000000,2936.000000,1881.000000
2607.000000,627.000000,2797.000000,763.000000
1335.000000,2727.000000,1160.000000,2737.000000
2079.000000,97.000000,2140.000000,270.000000
226.000000,2661.000000,210.000000,2853.000000
1760.000000,680.000000,1715.000000,929.000000
2260.000000,2522.000000,2285.000000,2529.000000
2353.000000,500.000000,2206.000000,628.000000
1410.000000,280.000000,1660.000000,519.000000
983.000000,2004.000000,859.000000,2026.000000
552.000000,1690.000000,688.000000,1904.000000
1715.000000,929.000000,1649.000000,1005.000000
2463.000000,1534.000000,2473.000000,1789.000000
801.000000,172.000000,918.000000,353.000000
1834.000000,995.000000,1783.000000,1201.000000
2607.000000,627.000000,2450.000000,631.000000
123.000000,2441.000000,215.000000,2543.000000
3050.000000,1538.000000,3010.000000,1958.000000
2922.000000,932.000000,3031.000000,1152.000000
2337.000000,2605.000000,2281.000000,2835.000000
2402.000000,2705.000000,2539.000000,2956.000000
2275.000000,1636.000000,2279.000000,1827.000000
2924.000000,2742.000000,3134.000000,2888.000000
713.000000,1983.000000,694.000000,2178.000000
1742.000000,1556.000000,1431.000000,1621.000000
786.000000,1888.000000,859.000000,2026.000000
2648.000000,1344.000000,2676.000000,1587.000000
2495.000000,124.000000,2654.000000,210.000000
2140.000000,270.000000,2132.000000,358.000000
990.000000,2392.000000,1160.000000,2737.000000
2630.000000,2394.000000,2610.000000,2475.000000
1511.000000,110.000000,1432.000000,279.000000
2374.000000,1676.000000,2473.000000,1789.000000
123.000000,2441.000000,122.000000,2714.000000
145.000000,244.000000,86.000000,282.000000
1271.000000,2115.000000,1483.000000,2539.000000
86.000000,282.000000,61.000000,461.000000
2654.000000,210.000000,2540.000000,365.000000
624.000000,1179.000000,504.000000,1200.000000
504.000000,1056.000000,504.000000,1200.000000
1254.000000,427.000000,1115.000000,572.000000
2206.000000,628.000000,2183.000000,732.000000
1267.000000,1508.000000,1109.000000,1543.000000
1183.000000,1901.000000,1213.000000,1903.000000
2671.000000,486.000000,2607.000000,627.000000
748.000000,382.000000,657.000000,412.000000
990.000000,1626.000000,926.000000,1721.000000
2666.000000,1919.000000,2608.000000,2006.000000
554.000000,2248.000000,596.000000,2348.000000
2887.000000,890.000000,2752.000000,916.000000
788.000000,3082.000000,1.000000,3128.000000
1613.000000,961.000000,1470.000000,1003.000000
1701.000000,1779.000000,1703.000000,1962.000000
765.000000,1854.000000,786.000000,1888.000000
1085.000000,81.000000,1432.000000,279.000000
1296.000000,1356.000000,1267.000000,1508.000000
723.000000,992.000000,569.000000,1086.000000
983.000000,2004.000000,1046.000000,2127.000000
1521.000000,199.000000,1557.000000,319.000000
2979.000000,2701.000000,3134.000000,2888.000000
1406.000000,2184.000000,1544.000000,2319.000000
2768.000000,1848.000000,2936.000000,1881.000000
2870.000000,2207.000000,2773.000000,2433.000000
2696.000000,1091.000000,2715.000000,1152.000000
2503.000000,679.000000,2622.000000,762.000000
831.000000,1797.000000,710.000000,1806.000000
2183.000000,732.000000,2350.000000,864.000000
1115.000000,572.000000,1100.000000,801.000000
2657.000000,1101.000000,2715.000000,1152.000000
788.000000,3082.000000,1240.000000,3110.000000
1296.000000,1356.000000,1109.000000,1543.000000
2044.000000,1252.000000,1975.000000,1308.000000
851.000000,52.000000,1054.000000,143.000000
1109.000000,1543.000000,915.000000,1575.000000
2473.000000,1789.000000,2650.000000,1796.000000
1660.000000,519.000000,1265.000000,643.000000
215.000000,2543.000000,210.000000,2853.000000
2085.000000,1350.000000,2067.000000,1621.000000
1054.000000,1564.000000,915.000000,1575.000000
918.000000,353.000000,879.000000,564.000000
1701.000000,1779.000000,1543.000000,1911.000000
846.000000,2219.000000,596.000000,2348.000000
2376.000000,314.000000,2370.000000,429.000000
2025.000000,399.000000,2183.000000,732.000000
1109.000000,1543.000000,1139.000000,1602.000000
1846.000000,2226.000000,1745.000000,2243.000000
145.000000,244.000000,393.000000,469.000000
2633.000000,1504.000000,2463.000000,1534.000000
2675.000000,2944.000000,2377.000000,3116.000000
2183.000000,1199.000000,2540.000000,1326.000000
1046.000000,2127.000000,990.000000,2392.000000
954.000000,2649.000000,1160.000000,2737.000000
1240.000000,1199.000000,1109.000000,1543.000000
1580.000000,2179.000000,1695.000000,2262.000000
552.000000,1690.000000,710.000000,1806.000000
2824.000000,2113.000000,2535.000000,2237.000000
1821.000000,32.000000,1511.000000,110.000000
748.000000,382.000000,687.000000,549.000000
765.000000,1854.000000,688.000000,1904.000000
1240.000000,1199.000000,1540.000000,1201.000000
2524.000000,2573.000000,2402.000000,2705.000000
2206.000000,628.000000,2391.000000,719.000000
2978.000000,372.000000,3033.000000,1025.000000
879.000000,564.000000,744.000000,671.000000
209.000000,1738.000000,432.000000,1932.000000
1431.000000,1621.000000,1543.000000,1911.000000
2805.000000,860.000000,2752.000000,916.000000
1416.000000,931.000000,1240.000000,968.000000
1182.000000,2797.000000,1207.000000,3050.000000
1240.000000,3110.000000,1.000000,3128.000000
596.000000,2348.000000,990.000000,2392.000000
2391.000000,719.000000,2183.000000,732.000000
2539.000000,17.000000,2495.000000,124.000000
98.000000,1068.000000,51.000000,1253.000000
826.000000,935.000000,723.000000,992.000000
2948.000000,32.000000,2982.000000,177.000000
926.000000,1721.000000,1035.000000,1723.000000
2718.000000,865.000000,2582.000000,1102.000000
1488.000000,1828.000000,1543.000000,1911.000000
1954.000000,172.000000,1895.000000,517.000000
2671.000000,486.000000,2450.000000,631.000000
2539.000000,17.000000,2948.000000,32.000000
2982.000000,177.000000,3148.000000,243.000000
2655.000000,990.000000,2582.000000,1102.000000
1240.000000,3110.000000,2377.000000,3116.000000
2797.000000,763.000000,2887.000000,890.000000
2320.000000,2825.000000,2281.000000,2835.000000
2053.000000,894.000000,1869.000000,1062.000000
210.000000,2853.000000,1.000000,3128.000000
2376.000000,314.000000,2540.000000,365.000000
2752.000000,916.000000,2715.000000,1152.000000
2402.000000,1038.000000,2183.000000,1199.000000
2539.000000,2956.000000,2377.000000,3116.000000
86.000000,282.000000,146.000000,379.000000
3149.000000,2615.000000,3134.000000,2888.000000
1267.000000,1508.000000,1267.000000,1617.000000
1695.000000,2262.000000,1728.000000,2480.000000
2936.000000,1881.000000,2779.000000,1950.000000
2514.000000,432.000000,2671.000000,486.000000
658.000000,502.000000,163.000000,891.000000
841.000000,779.000000,1240.000000,968.000000
915.000000,1575.000000,831.000000,1797.000000
2824.000000,2113.000000,2870.000000,2207.000000
2035.000000,1903.000000,2455.000000,2115.000000
504.000000,1056.000000,569.000000,1086.000000
1083.000000,2889.000000,788.000000,3082.000000
1846.000000,2226.000000,2233.000000,2240.000000
2281.000000,2835.000000,2377.000000,3116.000000
2329.000000,2333.000000,2285.000000,2529.000000
831.000000,1797.000000,765.000000,1854.000000
270.000000,2105.000000,596.000000,2348.000000
3050.000000,1538.000000,2676.000000,1587.000000
2676.000000,1587.000000,2787.000000,1641.000000
51.000000,974.000000,51.000000,1253.000000
2948.000000,32.000000,2928.000000,143.000000
2936.000000,1881.000000,3010.000000,1958.000000
1183.000000,1901.000000,1271.000000,2115.000000
1483.000000,2539.000000,1236.000000,2593.000000
1488.000000,1828.000000,1487.000000,1975.000000
2329.000000,2333.000000,2262.000000,2431.000000
2134.000000,2664.000000,1798.000000,2999.000000
2870.000000,2207.000000,2630.000000,2394.000000
2637.000000,1575.000000,2676.000000,1587.000000
2004.000000,1830.000000,2035.000000,1903.000000
1109.000000,1543.000000,1267.000000,1617.000000
928.000000,2632.000000,954.000000,2649.000000
1783.000000,1201.000000,1588.000000,1338.000000
2072.000000,313.000000,2025.000000,399.000000
373.000000,1111.000000,396.000000,1221.000000
1483.000000,2539.000000,1385.000000,2600.000000
1731.000000,2615.000000,1754.000000,2846.000000
210.000000,2853.000000,788.000000,3082.000000
1265.000000,643.000000,1247.000000,808.000000
2524.000000,2573.000000,2539.000000,2956.000000
596.000000,2348.000000,210.000000,2853.000000
2633.000000,1504.000000,2676.000000,1587.000000
2132.000000,358.000000,2370.000000,429.000000
1335.000000,2727.000000,1182.000000,2797.000000
3148.000000,243.000000,3149.000000,2615.000000
706.000000,1471.000000,588.000000,1568.000000
2112.000000,2493.000000,2134.000000,2664.000000
2654.000000,210.000000,2930.000000,517.000000
2930.000000,517.000000,3033.000000,1025.000000
744.000000,671.000000,841.000000,779.000000
1410.000000,280.000000,1254.000000,427.000000
175.000000,1812.000000,554.000000,2248.000000
2183.000000,732.000000,2053.000000,894.000000
1798.000000,2999.000000,1240.000000,3110.000000
1617.000000,1361.000000,1855.000000,1425.000000
841.000000,779.000000,992.000000,792.000000
2035.000000,1903.000000,2235.000000,2201.000000
2063.000000,1759.000000,1701.000000,1779.000000
687.000000,549.000000,879.000000,564.000000
396.000000,1221.000000,51.000000,1253.000000
2112.000000,2493.000000,2260.000000,2522.000000
1834.000000,995.000000,1869.000000,1062.000000
2134.000000,2664.000000,2281.000000,2835.000000
2119.000000,1332.000000,2085.000000,1350.000000
2450.000000,84.000000,2140.000000,270.000000
3031.000000,1152.000000,3050.000000,1538.000000
2787.000000,1641.000000,2617.000000,1662.000000
2285.000000,2529.000000,2337.000000,2605.000000
915.000000,1575.000000,990.000000,1626.000000
1975.000000,1308.000000,1987.000000,1401.000000
658.000000,502.000000,569.000000,1086.000000
1783.000000,1201.000000,1766.000000,1291.000000
851.000000,52.000000,1053.000000,63.000000
2718.000000,865.000000,2655.000000,990.000000
2416.000000,1621.000000,2473.000000,1789.000000
744.000000,671.000000,992.000000,792.000000
2535.000000,2237.000000,2610.000000,2475.000000
2676.000000,1587.000000,2617.000000,1662.000000
2777.000000,35.000000,2654.000000,210.000000
4.000000,171.000000,1.000000,3128.000000
138.000000,1669.000000,209.000000,1738.000000
841.000000,779.000000,1177.000000,1085.000000
2402.000000,1038.000000,2497.000000,1150.000000
926.000000,1721.000000,1117.000000,1758.000000
1972.000000,553.000000,2183.000000,732.000000
2235.000000,2201.000000,2262.000000,2431.000000
1213.000000,1903.000000,1269.000000,1931.000000
614.000000,2065.000000,524.000000,2103.000000
1431.000000,1621.000000,1341.000000,1782.000000
723.000000,992.000000,808.000000,1180.000000
1062.000000,1887.000000,1183.000000,1901.000000
2650.000000,1796.000000,2666.000000,1919.000000
1470.000000,1003.000000,1649.000000,1005.000000
2820.000000,2617.000000,2539.000000,2956.000000
1728.000000,2480.000000,1582.000000,2540.000000
4.000000,171.000000,51.000000,974.000000
61.000000,461.000000,51.000000,974.000000
285.000000,2370.000000,226.000000,2420.000000
373.000000,1111.000000,51.000000,1253.000000
2329.000000,2333.000000,2610.000000,2475.000000
1701.000000,1779.000000,2004.000000,1830.000000
1953.000000,42.000000,2079.000000,97.000000
694.000000,2178.000000,596.000000,2348.000000
563.000000,1441.000000,346.000000,1454.000000
86.000000,282.000000,151.000000,392.000000
992.000000,792.000000,1189.000000,837.000000
1877.000000,1227.000000,1766.000000,1291.000000
2657.000000,1101.000000,2497.000000,1150.000000
1703.000000,1962.000000,1745.000000,2243.000000
894.000000,2529.000000,928.000000,2632.000000
1617.000000,1361.000000,1742.000000,1556.000000
735.000000,1211.000000,563.000000,1441.000000
2233.000000,2240.000000,2262.000000,2431.000000
1247.000000,808.000000,1440.000000,892.000000
674.000000,1695.000000,710.000000,1806.000000
1521.000000,199.000000,1432.000000,279.000000
411.000000,2449.000000,215.000000,2543.000000
133.000000,2246.000000,285.000000,2370.000000
1869.000000,1062.000000,2044.000000,1252.000000
2773.000000,2433.000000,2713.000000,2568.000000
372.000000,2275.000000,411.000000,2449.000000
2797.000000,763.000000,2718.000000,865.000000
624.000000,1179.000000,735.000000,1211.000000
1109.000000,1543.000000,1054.000000,1564.000000
303.000000,1270.000000,563.000000,1441.000000
310.000000,249.000000,393.000000,469.000000
2450.000000,84.000000,2079.000000,97.000000
1877.000000,1227.000000,1855.000000,1425.000000
2540.000000,365.000000,2930.000000,517.000000
2140.000000,270.000000,2072.000000,313.000000
2450.000000,631.000000,2391.000000,719.000000
1139.000000,1602.000000,1267.000000,1617.000000
2350.000000,864.000000,2393.000000,938.000000
2650.000000,1796.000000,2768.000000,1848.000000
596.000000,2348.000000,914.000000,2362.000000
873.000000,115.000000,801.000000,172.000000
710.000000,1806.000000,765.000000,1854.000000
346.000000,1454.000000,548.000000,1477.000000
1473.000000,2795.000000,1754.000000,2846.000000
2590.000000,2339.000000,2610.000000,2475.000000
2540.000000,365.000000,2671.000000,486.000000
1543.000000,1911.000000,1694.000000,2041.000000
1054.000000,1564.000000,990.000000,1626.000000
879.000000,564.000000,1115.000000,572.000000
2085.000000,1350.000000,1987.000000,1401.000000
3033.000000,1025.000000,3050.000000,1538.000000
163.000000,891.000000,51.000000,974.000000
1115.000000,572.000000,992.000000,792.000000
1385.000000,2600.000000,1335.000000,2727.000000
524.000000,2103.000000,694.000000,2178.000000
133.000000,2246.000000,372.000000,2275.000000
285.000000,2370.000000,411.000000,2449.000000
1139.000000,1602.000000,1064.000000,1708.000000
928.000000,2632.000000,788.000000,3082.000000
163.000000,891.000000,569.000000,1086.000000
2805.000000,860.000000,2718.000000,865.000000
2979.000000,2701.000000,2913.000000,2712.000000
2337.000000,2605.000000,2402.000000,2705.000000
2353.000000,500.000000,2450.000000,631.000000
706.000000,1471.000000,1109.000000,1543.000000
2450.000000,84.000000,2495.000000,124.000000
3006.000000,1695.000000,3010.000000,1958.000000
918.000000,353.000000,748.000000,382.000000
2503.000000,679.000000,2393.000000,938.000000
664.000000,451.000000,658.000000,502.000000
1988.000000,2545.000000,1955.000000,2799.000000
657.000000,412.000000,393.000000,469.000000
3010.000000,1958.000000,3081.000000,2374.000000
624.000000,1179.000000,808.000000,1180.000000
2539.000000,17.000000,851.000000,52.000000
2913.000000,2712.000000,3134.000000,2888.000000
3081.000000,2374.000000,2820.000000,2617.000000
1975.000000,1308.000000,1855.000000,1425.000000
1117.000000,1758.000000,1062.000000,1887.000000
393.000000,469.000000,589.000000,521.000000
1703.000000,1962.000000,1675.000000,2023.000000
579.000000,200.000000,310.000000,249.000000
2607.000000,627.000000,2503.000000,679.000000
1416.000000,931.000000,1240.000000,1199.000000
694.000000,2178.000000,846.000000,2219.000000
122.000000,2714.000000,1.000000,3128.000000
1416.000000,931.000000,1540.000000,1201.000000
1846.000000,2226.000000,1728.000000,2480.000000
1544.000000,2319.000000,1483.000000,2539.000000
846.000000,2219.000000,914.000000,2362.000000
1240.000000,968.000000,1240.000000,1199.000000
2025.000000,399.000000,2206.000000,628.000000
2183.000000,1199.000000,2044.000000,1252.000000
3081.000000,2374.000000,2773.000000,2433.000000
1115.000000,572.000000,1265.000000,643.000000
1189.000000,837.000000,1440.000000,892.000000
2608.000000,2006.000000,2455.000000,2115.000000
372.000000,2275.000000,596.000000,2348.000000
1213.000000,1903.000000,1239.000000,1913.000000
1053.000000,63.000000,1511.000000,110.000000
51.000000,974.000000,98.000000,1068.000000
1988.000000,2545.000000,2134.000000,2664.000000
2713.000000,2568.000000,2820.000000,2617.000000
658.000000,502.000000,723.000000,992.000000
2797.000000,763.000000,2393.000000,938.000000
366.000000,175.000000,310.000000,249.000000
990.000000,2392.000000,1483.000000,2539.000000
926.000000,1721.000000,1062.000000,1887.000000
122.000000,2714.000000,210.000000,2853.000000
2820.000000,2617.000000,2877.000000,2725.000000
303.000000,1270.000000,138.000000,1669.000000
2637.000000,1575.000000,2617.000000,1662.000000
2350.000000,864.000000,2053.000000,894.000000
151.000000,392.000000,61.000000,461.000000
851.000000,52.000000,719.000000,76.000000
133.000000,2246.000000,123.000000,2441.000000
1062.000000,1887.000000,786.000000,1888.000000
1182.000000,2797.000000,1240.000000,3110.000000
1473.000000,2795.000000,1240.000000,3110.000000
859.000000,2026.000000,694.000000,2178.000000
983.000000,2004.000000,1271.000000,2115.000000
1955.000000,2799.000000,1754.000000,2846.000000
2792.000000,1281.000000,2648.000000,1344.000000
520.000000,103.000000,579.000000,200.000000
1731.000000,2615.000000,1955.000000,2799.000000
1742.000000,1556.000000,2067.000000,1621.000000
1062.000000,1887.000000,1213.000000,1903.000000
699.000000,148.000000,801.000000,172.000000
859.000000,2026.000000,846.000000,2219.000000
2939.000000,3120.000000,1.000000,3128.000000
1271.000000,2115.000000,1544.000000,2319.000000
1869.000000,1062.000000,1783.000000,1201.000000
596.000000,2348.000000,928.000000,2632.000000
2787.000000,1641.000000,2936.000000,1881.000000
657.000000,412.000000,664.000000,451.000000
1821.000000,32.000000,1895.000000,517.000000
2320.000000,2825.000000,2377.000000,3116.000000
67.000000,2993.000000,1.000000,3128.000000
215.000000,2543.000000,122.000000,2714.000000
1269.000000,1931.000000,1406.000000,2184.000000
2119.000000,1332.000000,2067.000000,1621.000000
1431.000000,1621.000000,1701.000000,1779.000000
2279.000000,1827.000000,2608.000000,2006.000000
1798.000000,2999.000000,2377.000000,3116.000000
1160.000000,2737.000000,1083.000000,2889.000000
694.000000,2178.000000,554.000000,2248.000000
1188.000000,242.000000,1254.000000,427.000000
2455.000000,2115.000000,2535.000000,2237.000000
3031.000000,1152.000000,2934.000000,1177.000000
45.000000,132.000000,366.000000,175.000000
579.000000,200.000000,748.000000,382.000000
1544.000000,2319.000000,1582.000000,2540.000000
548.000000,1477.000000,209.000000,1738.000000
3033.000000,1025.000000,3149.000000,2615.000000
928.000000,2632.000000,210.000000,2853.000000
2540.000000,1326.000000,2633.000000,1504.000000
1117.000000,1758.000000,1213.000000,1903.000000
2473.000000,1789.000000,2279.000000,1827.000000
1754.000000,2846.000000,1798.000000,2999.000000
2655.000000,990.000000,2696.000000,1091.000000
2922.000000,932.000000,2792.000000,1281.000000
1703.000000,1962.000000,1694.000000,2041.000000
2820.000000,2617.000000,2711.000000,2885.000000
918.000000,353.000000,1115.000000,572.000000
504.000000,1200.000000,396.000000,1221.000000
2025.000000,399.000000,1972.000000,553.000000
2134.000000,2664.000000,2377.000000,3116.000000
2183.000000,1199.000000,2119.000000,1332.000000
983.000000,2004.000000,846.000000,2219.000000
51.000000,1253.000000,122.000000,2714.000000
2768.000000,1848.000000,2666.000000,1919.000000
1742.000000,1556.000000,2063.000000,1759.000000
2391.000000,719.000000,2350.000000,864.000000
1540.000000,1201.000000,1783.000000,1201.000000
1557.000000,319.000000,1895.000000,517.000000
2648.000000,1344.000000,2633.000000,1504.000000
138.000000,1669.000000,131.000000,1781.000000
4.000000,171.000000,51.000000,1253.000000
1447.000000,3001.000000,1240.000000,3110.000000
1188.000000,242.000000,1410.000000,280.000000
2930.000000,517.000000,2607.000000,627.000000
1855.000000,1425.000000,2067.000000,1621.000000
1054.000000,143.000000,918.000000,353.000000
1993.000000,768.000000,2053.000000,894.000000
719.000000,76.000000,552.000000,136.000000
2233.000000,2240.000000,2260.000000,2522.000000
990.000000,2392.000000,1236.000000,2593.000000
1054.000000,143.000000,1188.000000,242.000000
396.000000,1221.000000,303.000000,1270.000000
2752.000000,916.000000,2922.000000,932.000000
2922.000000,932.000000,3033.000000,1025.000000
2535.000000,2237.000000,2329.000000,2333.000000
657.000000,412.000000,658.000000,502.000000
915.000000,1575.000000,926.000000,1721.000000
2922.000000,932.000000,2934.000000,1177.000000
2402.000000,1038.000000,2540.000000,1326.000000
2934.000000,1177.000000,2949.000000,1289.000000
2235.000000,2201.000000,2329.000000,2333.000000
1269.000000,1931.000000,1271.000000,2115.000000
3111.000000,2476.000000,2979.000000,2701.000000
1543.000000,1911.000000,1675.000000,2023.000000
2887.000000,890.000000,2922.000000,932.000000
2590.000000,2339.000000,2630.000000,2394.000000
2337.000000,2605.000000,2134.000000,2664.000000
894.000000,2529.000000,1160.000000,2737.000000
1035.000000,1723.000000,1117.000000,1758.000000
102.000000,1402.000000,138.000000,1669.000000
504.000000,1200.000000,303.000000,1270.000000
2540.000000,2246.000000,2630.000000,2394.000000
2463.000000,1534.000000,2637.000000,1575.000000
2610.000000,2475.000000,2285.000000,2529.000000
2655.000000,990.000000,2657.000000,1101.000000
1239.000000,1913.000000,1269.000000,1931.000000
1236.000000,2593.000000,1160.000000,2737.000000
1265.000000,643.000000,1440.000000,892.000000
1846.000000,2226.000000,1988.000000,2545.000000
226.000000,2420.000000,123.000000,2441.000000
687.000000,549.000000,744.000000,671.000000
2514.000000,432.000000,2450.000000,631.000000
2035.000000,1903.000000,1745.000000,2243.000000
2777.000000,35.000000,2978.000000,372.000000
2450.000000,84.000000,2132.000000,358.000000
569.000000,1086.000000,624.000000,1179.000000
2495.000000,124.000000,2376.000000,314.000000
215.000000,2543.000000,226.000000,2661.000000
1543.000000,1911.000000,1580.000000,2179.000000
2617.000000,1662.000000,2650.000000,1796.000000
990.000000,1626.000000,1064.000000,1708.000000
226.000000,2420.000000,215.000000,2543.000000
2928.000000,143.000000,2982.000000,177.000000
1483.000000,2539.000000,1415.000000,2641.000000
2416.000000,1621.000000,2374.000000,1676.000000
588.000000,1568.000000,674.000000,1695.000000
1085.000000,81.000000,1511.000000,110.000000
2913.000000,2712.000000,2877.000000,2725.000000
2402.000000,2705.000000,2281.000000,2835.000000
2930.000000,517.000000,2797.000000,763.000000
3134.000000,2888.000000,2675.000000,2944.000000
1240.000000,3110.000000,2939.000000,3120.000000
2657.000000,1101.000000,2540.000000,1326.000000
2053.000000,894.000000,1985.000000,929.000000
1410.000000,280.000000,1115.000000,572.000000
1341.000000,1782.000000,1488.000000,1828.000000
210.000000,2853.000000,67.000000,2993.000000
51.000000,1253.000000,123.000000,2441.000000
1064.000000,1708.000000,926.000000,1721.000000
2657.000000,1101.000000,2648.000000,1344.000000
2119.000000,1332.000000,2463.000000,1534.000000
2718.000000,865.000000,2393.000000,938.000000
285.000000,2370.000000,215.000000,2543.000000
346.000000,1454.000000,138.000000,1669.000000
45.000000,132.000000,145.000000,244.000000
131.000000,1781.000000,133.000000,2246.000000
1085.000000,81.000000,1054.000000,143.000000
713.000000,1983.000000,859.000000,2026.000000
1432.000000,279.000000,1557.000000,319.000000
1760.000000,680.000000,1440.000000,892.000000
2035.000000,1903.000000,1846.000000,2226.000000
2112.000000,2493.000000,1988.000000,2545.000000
1410.000000,280.000000,1557.000000,319.000000
524.000000,2103.000000,554.000000,2248.000000
1543.000000,1911.000000,1487.000000,1975.000000
1054.000000,1564.000000,1139.000000,1602.000000
2715.000000,1152.000000,2792.000000,1281.000000
1183.000000,1901.000000,1269.000000,1931.000000
552.000000,136.000000,579.000000,200.000000
432.000000,1932.000000,524.000000,2103.000000
51.000000,1253.000000,131.000000,1781.000000
2279.000000,1827.000000,2455.000000,2115.000000
2610.000000,2475.000000,2337.000000,2605.000000
2402.000000,2705.000000,2320.000000,2825.000000
2671.000000,486.000000,2930.000000,517.000000
569.000000,1086.000000,504.000000,1200.000000
131.000000,1781.000000,270.000000,2105.000000
2768.000000,1848.000000,2779.000000,1950.000000
2666.000000,1919.000000,2779.000000,1950.000000
841.000000,779.000000,1189.000000,837.000000
552.000000,1690.000000,674.000000,1695.000000
1115.000000,572.000000,1247.000000,808.000000
2044.000000,1252.000000,2119.000000,1332.000000
1432.000000,279.000000,1410.000000,280.000000
3050.000000,1538.000000,3081.000000,2374.000000
1745.000000,2243.000000,1695.000000,2262.000000
2350.000000,864.000000,2402.000000,1038.000000
562.000000,1936.000000,524.000000,2103.000000
1617.000000,1361.000000,1267.000000,1508.000000
2262.000000,2431.000000,2285.000000,2529.000000
1540.000000,1201.000000,1588.000000,1338.000000
1182.000000,2797.000000,1083.000000,2889.000000
1053.000000,63.000000,1085.000000,81.000000
1877.000000,1227.000000,1975.000000,1308.000000
2473.000000,1789.000000,2608.000000,2006.000000
710.000000,1806.000000,688.000000,1904.000000
411.000000,2449.000000,226.000000,2661.000000
1410.000000,280.000000,1265.000000,643.000000
1834.000000,995.000000,1649.000000,1005.000000
2134.000000,2664.000000,1955.000000,2799.000000
596.000000,2348.000000,894.000000,2529.000000
1701.000000,1779.000000,1745.000000,2243.000000
808.000000,1180.000000,563.000000,1441.000000
1415.000000,2641.000000,1335.000000,2727.000000
786.000000,1888.000000,1183.000000,1901.000000
1660.000000,519.000000,1760.000000,680.000000
2779.000000,1950.000000,2870.000000,2207.000000
151.000000,392.000000,393.000000,469.000000
1557.000000,319.000000,1660.000000,519.000000
2948.000000,32.000000,2777.000000,35.000000
558.000000,3048.000000,1.000000,3128.000000
2622.000000,762.000000,2393.000000,938.000000
2982.000000,177.000000,3033.000000,1025.000000
520.000000,103.000000,45.000000,132.000000
1100.000000,801.000000,1247.000000,808.000000
2675.000000,2944.000000,2939.000000,3120.000000
2285.000000,2529.000000,2134.000000,2664.000000
1240.000000,968.000000,1177.000000,1085.000000
2370.000000,429.000000,2514.000000,432.000000
596.000000,2348.000000,226.000000,2661.000000
719.000000,76.000000,699.000000,148.000000
2608.000000,2006.000000,2824.000000,2113.000000
2275.000000,1636.000000,2063.000000,1759.000000
658.000000,502.000000,744.000000,671.000000
2934.000000,1177.000000,2792.000000,1281.000000
2718.000000,865.000000,2752.000000,916.000000
3050.000000,1538.000000,3111.000000,2476.000000
786.000000,1888.000000,688.000000,1904.000000
1440.000000,892.000000,1416.000000,931.000000
2824.000000,2113.000000,2455.000000,2115.000000
4.000000,171.000000,61.000000,461.000000
2067.000000,1621.000000,2063.000000,1759.000000
2887.000000,890.000000,3033.000000,1025.000000
1695.000000,2262.000000,1582.000000,2540.000000
2503.000000,679.000000,2391.000000,719.000000
1987.000000,1401.000000,2067.000000,1621.000000
658.000000,502.000000,589.000000,521.000000
299.000000,972.000000,373.000000,1111.000000
1694.000000,2041.000000,1580.000000,2179.000000
1760.000000,680.000000,1834.000000,995.000000
1247.000000,808.000000,1189.000000,837.000000
2540.000000,1326.000000,2648.000000,1344.000000
1821.000000,32.000000,851.000000,52.000000
657.000000,412.000000,589.000000,521.000000
596.000000,2348.000000,411.000000,2449.000000
1054.000000,143.000000,1254.000000,427.000000
713.000000,1983.000000,614.000000,2065.000000
2648.000000,1344.000000,3050.000000,1538.000000
1953.000000,42.000000,1882.000000,68.000000
1895.000000,517.000000,1760.000000,680.000000
2320.000000,2825.000000,2539.000000,2956.000000
1385.000000,2600.000000,1415.000000,2641.000000
1540.000000,1201.000000,1267.000000,1508.000000
3050.000000,1538.000000,3006.000000,1695.000000
2279.000000,1827.000000,2035.000000,1903.000000
145.000000,244.000000,151.000000,392.000000
552.000000,1690.000000,562.000000,1936.000000
926.000000,1721.000000,831.000000,1797.000000
1189.000000,837.000000,1240.000000,968.000000
145.000000,244.000000,310.000000,249.000000
2820.000000,2617.000000,2913.000000,2712.000000
1267.000000,1617.000000,1341.000000,1782.000000
1846.000000,2226.000000,1695.000000,2262.000000
552.000000,1690.000000,432.000000,1932.000000
1341.000000,1782.000000,1269.000000,1931.000000
1987.000000,1401.000000,1855.000000,1425.000000
1895.000000,517.000000,1660.000000,519.000000
1271.000000,2115.000000,990.000000,2392.000000
1335.000000,2727.000000,1473.000000,2795.000000
3033.000000,1025.000000,3031.000000,1152.000000
3031.000000,1152.000000,2949.000000,1289.000000
1207.000000,3050.000000,1240.000000,3110.000000
1271.000000,2115.000000,1046.000000,2127.000000
1139.000000,1602.000000,1117.000000,1758.000000
2820.000000,2617.000000,2979.000000,2701.000000
2376.000000,314.000000,2132.000000,358.000000
506.000000,611.000000,163.000000,891.000000
1742.000000,1556.000000,1701.000000,1779.000000
1954.000000,172.000000,1972.000000,553.000000
1117.000000,1758.000000,1239.000000,1913.000000
3050.000000,1538.000000,2936.000000,1881.000000
2870.000000,2207.000000,3081.000000,2374.000000
2787.000000,1641.000000,2768.000000,1848.000000
504.000000,1056.000000,373.000000,1111.000000
990.000000,2392.000000,894.000000,2529.000000
894.000000,2529.000000,954.000000,2649.000000
1766.000000,1291.000000,1855.000000,1425.000000
826.000000,935.000000,888.000000,991.000000
1731.000000,2615.000000,1415.000000,2641.000000
748.000000,382.000000,664.000000,451.000000
2610.000000,2475.000000,2713.000000,2568.000000
719.000000,76.000000,801.000000,172.000000
3081.000000,2374.000000,3111.000000,2476.000000
1953.000000,42.000000,1954.000000,172.000000
748.000000,382.000000,393.000000,469.000000
1869.000000,1062.000000,2183.000000,1199.000000
2752.000000,916.000000,2655.000000,990.000000
122.000000,2714.000000,67.000000,2993.000000
2035.000000,1903.000000,2233.000000,2240.000000
1440.000000,892.000000,1613.000000,961.000000
2539.000000,17.000000,2450.000000,84.000000
1416.000000,931.000000,1470.000000,1003.000000
1240.000000,1199.000000,1296.000000,1356.000000
588.000000,1568.000000,915.000000,1575.000000
915.000000,1575.000000,674.000000,1695.000000
1046.000000,2127.000000,846.000000,2219.000000
558.000000,3048.000000,788.000000,3082.000000
2607.000000,627.000000,2622.000000,762.000000
1821.000000,32.000000,1882.000000,68.000000
664.000000,451.000000,687.000000,549.000000
1470.000000,1003.000000,1540.000000,1201.000000
45.000000,132.000000,4.000000,171.000000
1083.000000,2889.000000,1207.000000,3050.000000
2072.000000,313.000000,2132.000000,358.000000
102.000000,1402.000000,131.000000,1781.000000
851.000000,52.000000,520.000000,103.000000
1754.000000,2846.000000,1447.000000,3001.000000
1483.000000,2539.000000,1731.000000,2615.000000
918.000000,353.000000,1254.000000,427.000000
4.000000,171.000000,86.000000,282.000000
1694.000000,2041.000000,1745.000000,2243.000000
1064.000000,1708.000000,1035.000000,1723.000000
51.000000,1253.000000,102.000000,1402.000000
888.000000,991.000000,808.000000,1180.000000
1580.000000,2179.000000,1745.000000,2243.000000
2982.000000,177.000000,3149.000000,2615.000000
2773.000000,2433.000000,2610.000000,2475.000000
1341.000000,1782.000000,1487.000000,1975.000000
2370.000000,429.000000,2206.000000,628.000000
2582.000000,1102.000000,2497.000000,1150.000000
548.000000,1477.000000,552.000000,1690.000000
2633.000000,1504.000000,2637.000000,1575.000000
506.000000,611.000000,88.000000,627.000000
2393.000000,938.000000,2582.000000,1102.000000
926.000000,1721.000000,786.000000,1888.000000
2922.000000,932.000000,2715.000000,1152.000000
2463.000000,1534.000000,2275.000000,1636.000000
151.000000,392.000000,506.000000,611.000000
175.000000,1812.000000,524.000000,2103.000000
808.000000,1180.000000,706.000000,1471.000000
1265.000000,643.000000,1760.000000,680.000000
688.000000,1904.000000,859.000000,2026.000000
719.000000,76.000000,873.000000,115.000000
299.000000,972.000000,98.000000,1068.000000
2777.000000,35.000000,2928.000000,143.000000
2539.000000,17.000000,2654.000000,210.000000
1821.000000,32.000000,1953.000000,42.000000
843.000000,519.000000,687.000000,549.000000
2119.000000,1332.000000,2275.000000,1636.000000
2416.000000,1621.000000,2275.000000,1636.000000
841.000000,779.000000,826.000000,935.000000
888.000000,991.000000,1109.000000,1543.000000
2824.000000,2113.000000,2540.000000,2246.000000
1728.000000,2480.000000,1988.000000,2545.000000
151.000000,392.000000,88.000000,627.000000
2524.000000,2573.000000,2337.000000,2605.000000
552.000000,136.000000,801.000000,172.000000
1798.000000,2999.000000,1447.000000,3001.000000
552.000000,1690.000000,209.000000,1738.000000
2713.000000,2568.000000,2539.000000,2956.000000
2497.000000,1150.000000,2540.000000,1326.000000
1431.000000,1621.000000,1488.000000,1828.000000
584.000000,94.000000,552.000000,136.000000
843.000000,519.000000,879.000000,564.000000
2132.000000,358.000000,2025.000000,399.000000
1701.000000,1779.000000,2035.000000,1903.000000
2053.000000,894.000000,2183.000000,1199.000000
210.000000,2853.000000,558.000000,3048.000000
