POINTS
1776.000000,7.000000
337.000000,12.000000
776.000000,23.000000
2341.000000,34.000000
1565.000000,51.000000
509.000000,55.000000
1379.000000,56.000000
2477.000000,56.000000
2845.000000,66.000000
626.000000,82.000000
2085.000000,100.000000
2644.000000,122.000000
1891.000000,124.000000
1364.000000,125.000000
946.000000,129.000000
2664.000000,149.000000
2970.000000,149.000000
956.000000,153.000000
1217.000000,162.000000
1893.000000,174.000000
1484.000000,175.000000
1639.000000,179.000000
461.000000,183.000000
1612.000000,186.000000
359.000000,189.000000
102.000000,198.000000
2182.000000,198.000000
2400.000000,198.000000
693.000000,206.000000
2735.000000,213.000000
2902.000000,219.000000
3303.000000,223.000000
1082.000000,232.000000
2804.000000,239.000000
2405.000000,259.000000
1802.000000,277.000000
2557.000000,277.000000
460.000000,279.000000
15.000000,280.000000
1247.000000,282.000000
909.000000,296.000000
2467.000000,311.000000
1605.000000,323.000000
1152.000000,354.000000
3122.000000,357.000000
1534.000000,375.000000
2575.000000,375.000000
217.000000,399.000000
2701.000000,406.000000
331.000000,427.000000
1042.000000,436.000000
183.000000,456.000000
421.000000,477.000000
199.000000,479.000000
1499.000000,496.000000
2347.000000,500.000000
2584.000000,505.000000
2336.000000,529.000000
557.000000,530.000000
2506.000000,531.000000
593.000000,544.000000
918.000000,546.000000
2819.000000,553.000000
2663.000000,561.000000
1068.000000,580.000000
1582.000000,592.000000
1793.000000,594.000000
1322.000000,604.000000
720.000000,608.000000
2347.000000,608.000000
1369.000000,615.000000
281.000000,617.000000
2097.000000,617.000000
1831.000000,622.000000
676.000000,623.000000
1228.000000,640.000000
596.000000,642.000000
2560.000000,646.000000
2780.000000,656.000000
1813.000000,669.000000
3122.000000,669.000000
1622.000000,678.000000
1587.000000,688.000000
1215.000000,697.000000
1334.000000,709.000000
1194.000000,711.000000
2709.000000,715.000000
173.000000,718.000000
2116.000000,732.000000
1693.000000,742.000000
3259.000000,749.000000
38.000000,757.000000
2170.000000,759.000000
522.000000,763.000000
835.000000,780.000000
1692.000000,808.000000
1642.000000,822.000000
720.000000,833.000000
1933.000000,860.000000
151.000000,867.000000
287.000000,901.000000
2386.000000,901.000000
1909.000000,906.000000
2775.000000,914.000000
3210.000000,916.000000
2605.000000,927.000000
2829.000000,934.000000
59.000000,948.000000
3227.000000,954.000000
968.000000,956.000000
456.000000,1001.000000
225.000000,1023.000000
1621.000000,1045.000000
2126.000000,1059.000000
2889.000000,1059.000000
1534.000000,1066.000000
1888.000000,1068.000000
2870.000000,1081.000000
3271.000000,1088.000000
1238.000000,1092.000000
2469.000000,1113.000000
593.000000,1116.000000
293.000000,1127.000000
2853.000000,1140.000000
1088.000000,1144.000000
246.000000,1156.000000
1074.000000,1156.000000
2770.000000,1188.000000
1980.000000,1216.000000
1711.000000,1227.000000
140.000000,1236.000000
2339.000000,1248.000000
241.000000,1258.000000
614.000000,1264.000000
2313.000000,1270.000000
57.000000,1271.000000
2553.000000,1289.000000
1388.000000,1291.000000
1920.000000,1299.000000
962.000000,1313.000000
44.000000,1323.000000
3111.000000,1330.000000
771.000000,1337.000000
956.000000,1353.000000
2984.000000,1354.000000
532.000000,1371.000000
2543.000000,1372.000000
1502.000000,1377.000000
2565.000000,1425.000000
1437.000000,1426.000000
1490.000000,1438.000000
2437.000000,1445.000000
1263.000000,1446.000000
601.000000,1449.000000
387.000000,1452.000000
1549.000000,1459.000000
3278.000000,1465.000000
2573.000000,1480.000000
2694.000000,1480.000000
1172.000000,1508.000000
1195.000000,1524.000000
3284.000000,1543.000000
1364.000000,1545.000000
111.000000,1579.000000
3188.000000,1604.000000
1986.000000,1606.000000
442.000000,1609.000000
1919.000000,1621.000000
2133.000000,1635.000000
2025.000000,1640.000000
2862.000000,1649.000000
1248.000000,1651.000000
782.000000,1663.000000
511.000000,1669.000000
732.000000,1672.000000
1727.000000,1685.000000
817.000000,1687.000000
3134.000000,1702.000000
1111.000000,1707.000000
689.000000,1708.000000
1340.000000,1715.000000
3105.000000,1725.000000
1199.000000,1755.000000
1961.000000,1757.000000
2653.000000,1761.000000
1541.000000,1762.000000
879.000000,1769.000000
149.000000,1784.000000
2013.000000,1784.000000
3165.000000,1785.000000
635.000000,1788.000000
1559.000000,1796.000000
285.000000,1797.000000
2446.000000,1801.000000
2515.000000,1802.000000
2306.000000,1803.000000
327.000000,1811.000000
1214.000000,1816.000000
2018.000000,1818.000000
2406.000000,1820.000000
1020.000000,1842.000000
1195.000000,1847.000000
1364.000000,1849.000000
2479.000000,1849.000000
487.000000,1850.000000
2.000000,1852.000000
3138.000000,1879.000000
2989.000000,1900.000000
955.000000,1911.000000
1534.000000,1915.000000
1417.000000,1922.000000
2167.000000,1923.000000
1696.000000,1937.000000
2362.000000,1995.000000
898.000000,2003.000000
2228.000000,2009.000000
1573.000000,2050.000000
937.000000,2077.000000
1814.000000,2102.000000
2474.000000,2129.000000
606.000000,2137.000000
137.000000,2138.000000
1269.000000,2157.000000
2538.000000,2160.000000
932.000000,2161.000000
1428.000000,2161.000000
865.000000,2167.000000
781.000000,2186.000000
1654.000000,2194.000000
2403.000000,2194.000000
691.000000,2224.000000
2524.000000,2237.000000
729.000000,2238.000000
2053.000000,2246.000000
2388.000000,2251.000000
2670.000000,2255.000000
2472.000000,2291.000000
3267.000000,2330.000000
2950.000000,2335.000000
108.000000,2351.000000
96.000000,2356.000000
1381.000000,2368.000000
2252.000000,2370.000000
2039.000000,2380.000000
338.000000,2391.000000
2192.000000,2395.000000
516.000000,2396.000000
1528.000000,2408.000000
2471.000000,2414.000000
1031.000000,2418.000000
503.000000,2419.000000
901.000000,2422.000000
3178.000000,2432.000000
1890.000000,2444.000000
1451.000000,2445.000000
1067.000000,2448.000000
184.000000,2450.000000
367.000000,2456.000000
865.000000,2483.000000
3083.000000,2484.000000
284.000000,2485.000000
1800.000000,2506.000000
2771.000000,2551.000000
2568.000000,2574.000000
2073.000000,2587.000000
1449.000000,2595.000000
1320.000000,2597.000000
2805.000000,2599.000000
286.000000,2602.000000
3305.000000,2604.000000
2645.000000,2605.000000
2918.000000,2617.000000
2826.000000,2618.000000
2836.000000,2631.000000
677.000000,2663.000000
1226.000000,2670.000000
2255.000000,2682.000000
242.000000,2699.000000
2359.000000,2702.000000
831.000000,2719.000000
2163.000000,2734.000000
311.000000,2750.000000
150.000000,2757.000000
2357.000000,2768.000000
779.000000,2772.000000
1203.000000,2773.000000
3230.000000,2778.000000
2230.000000,2781.000000
905.000000,2806.000000
1765.000000,2816.000000
494.000000,2828.000000
147.000000,2836.000000
2035.000000,2843.000000
1075.000000,2854.000000
2908.000000,2886.000000
1306.000000,2887.000000
2539.000000,2887.000000
2543.000000,2894.000000
1872.000000,2898.000000
422.000000,2920.000000
370.000000,2924.000000
319.000000,2930.000000
554.000000,2939.000000
3146.000000,2949.000000
457.000000,2954.000000
1000.000000,2968.000000
2550.000000,2989.000000
2882.000000,3001.000000
1351.000000,3002.000000
22.000000,3074.000000
1924.000000,3077.000000
3259.000000,3087.000000
1763.000000,3090.000000
888.000000,3105.000000
1528.000000,3114.000000
2159.000000,3125.000000
1480.000000,3181.000000
2842.000000,3215.000000
1932.000000,3218.000000
487.000000,3226.000000
257.000000,3239.000000
1354.000000,3245.000000
810.000000,3252.000000
2079.000000,3255.000000
2249.000000,3255.000000
1701.000000,3264.000000
1129.000000,3267.000000
767.000000,3282.000000
2534.000000,3292.000000
56.000000,3293.000000
355.000000,3309.000000
LINES
1195.000000,1847.000000,1269.000000,2157.000000
779.000000,2772.000000,554.000000,2939.000000
2970.000000,149.000000,3303.000000,223.000000
1813.000000,669.000000,1692.000000,808.000000
1813.000000,669.000000,1693.000000,742.000000
2584.000000,505.000000,2663.000000,561.000000
2477.000000,56.000000,2400.000000,198.000000
44.000000,1323.000000,387.000000,1452.000000
1129.000000,3267.000000,767.000000,3282.000000
691.000000,2224.000000,865.000000,2483.000000
96.000000,2356.000000,22.000000,3074.000000
461.000000,183.000000,593.000000,544.000000
1932.000000,3218.000000,2079.000000,3255.000000
1961.000000,1757.000000,1696.000000,1937.000000
2079.000000,3255.000000,1701.000000,3264.000000
2780.000000,656.000000,2829.000000,934.000000
1711.000000,1227.000000,1502.000000,1377.000000
3284.000000,1543.000000,3267.000000,2330.000000
3146.000000,2949.000000,3259.000000,3087.000000
835.000000,780.000000,720.000000,833.000000
2126.000000,1059.000000,1980.000000,1216.000000
2553.000000,1289.000000,2573.000000,1480.000000
593.000000,544.000000,522.000000,763.000000
956.000000,1353.000000,1172.000000,1508.000000
1437.000000,1426.000000,1490.000000,1438.000000
601.000000,1449.000000,387.000000,1452.000000
1388.000000,1291.000000,1263.000000,1446.000000
2230.000000,2781.000000,2035.000000,2843.000000
1711.000000,1227.000000,1919.000000,1621.000000
2735.000000,213.000000,2701.000000,406.000000
2565.000000,1425.000000,2573.000000,1480.000000
1088.000000,1144.000000,1388.000000,1291.000000
1228.000000,640.000000,1194.000000,711.000000
2845.000000,66.000000,2902.000000,219.000000
3303.000000,223.000000,3122.000000,669.000000
2653.000000,1761.000000,2446.000000,1801.000000
494.000000,2828.000000,487.000000,3226.000000
22.000000,3074.000000,56.000000,3293.000000
614.000000,1264.000000,532.000000,1371.000000
771.000000,1337.000000,956.000000,1353.000000
2575.000000,375.000000,2701.000000,406.000000
865.000000,2167.000000,781.000000,2186.000000
331.000000,427.000000,593.000000,544.000000
720.000000,833.000000,593.000000,1116.000000
937.000000,2077.000000,932.000000,2161.000000
3083.000000,2484.000000,3305.000000,2604.000000
2446.000000,1801.000000,2406.000000,1820.000000
2845.000000,66.000000,2644.000000,122.000000
1247.000000,282.000000,1534.000000,375.000000
1924.000000,3077.000000,2079.000000,3255.000000
2182.000000,198.000000,1802.000000,277.000000
457.000000,2954.000000,257.000000,3239.000000
1379.000000,56.000000,1082.000000,232.000000
1075.000000,2854.000000,1129.000000,3267.000000
1980.000000,1216.000000,1986.000000,1606.000000
311.000000,2750.000000,319.000000,2930.000000
1152.000000,354.000000,1499.000000,496.000000
2116.000000,732.000000,1933.000000,860.000000
503.000000,2419.000000,677.000000,2663.000000
2388.000000,2251.000000,2252.000000,2370.000000
151.000000,867.000000,59.000000,948.000000
1893.000000,174.000000,2182.000000,198.000000
1322.000000,604.000000,1228.000000,640.000000
776.000000,23.000000,909.000000,296.000000
1793.000000,594.000000,2097.000000,617.000000
2039.000000,2380.000000,1800.000000,2506.000000
2388.000000,2251.000000,2472.000000,2291.000000
1961.000000,1757.000000,1814.000000,2102.000000
2539.000000,2887.000000,2550.000000,2989.000000
3284.000000,1543.000000,3188.000000,1604.000000
2306.000000,1803.000000,2406.000000,1820.000000
2653.000000,1761.000000,2479.000000,1849.000000
1306.000000,2887.000000,1351.000000,3002.000000
2826.000000,2618.000000,2836.000000,2631.000000
865.000000,2483.000000,677.000000,2663.000000
2.000000,1852.000000,22.000000,3074.000000
2474.000000,2129.000000,2403.000000,2194.000000
2568.000000,2574.000000,2359.000000,2702.000000
2405.000000,259.000000,2467.000000,311.000000
596.000000,642.000000,522.000000,763.000000
225.000000,1023.000000,293.000000,1127.000000
2446.000000,1801.000000,2306.000000,1803.000000
606.000000,2137.000000,338.000000,2391.000000
2664.000000,149.000000,2575.000000,375.000000
1226.000000,2670.000000,905.000000,2806.000000
2780.000000,656.000000,3210.000000,916.000000
2192.000000,2395.000000,2471.000000,2414.000000
2553.000000,1289.000000,2543.000000,1372.000000
1701.000000,3264.000000,1129.000000,3267.000000
1484.000000,175.000000,1612.000000,186.000000
532.000000,1371.000000,387.000000,1452.000000
2255.000000,2682.000000,2359.000000,2702.000000
1364.000000,1545.000000,1340.000000,1715.000000
626.000000,82.000000,693.000000,206.000000
1696.000000,1937.000000,1814.000000,2102.000000
2341.000000,34.000000,2845.000000,66.000000
606.000000,2137.000000,729.000000,2238.000000
1195.000000,1847.000000,1364.000000,1849.000000
311.000000,2750.000000,370.000000,2924.000000
422.000000,2920.000000,319.000000,2930.000000
831.000000,2719.000000,905.000000,2806.000000
2862.000000,1649.000000,2989.000000,1900.000000
2889.000000,1059.000000,2870.000000,1081.000000
1534.000000,1915.000000,1417.000000,1922.000000
2025.000000,1640.000000,1727.000000,1685.000000
15.000000,280.000000,183.000000,456.000000
776.000000,23.000000,946.000000,129.000000
2362.000000,1995.000000,2474.000000,2129.000000
2013.000000,1784.000000,2018.000000,1818.000000
1042.000000,436.000000,1068.000000,580.000000
1451.000000,2445.000000,1067.000000,2448.000000
1172.000000,1508.000000,817.000000,1687.000000
1924.000000,3077.000000,1932.000000,3218.000000
15.000000,280.000000,44.000000,1323.000000
140.000000,1236.000000,241.000000,1258.000000
183.000000,456.000000,281.000000,617.000000
509.000000,55.000000,626.000000,82.000000
1031.000000,2418.000000,1067.000000,2448.000000
3303.000000,223.000000,3284.000000,1543.000000
729.000000,2238.000000,901.000000,2422.000000
782.000000,1663.000000,817.000000,1687.000000
888.000000,3105.000000,1129.000000,3267.000000
1986.000000,1606.000000,1919.000000,1621.000000
3122.000000,357.000000,2819.000000,553.000000
173.000000,718.000000,151.000000,867.000000
1909.000000,906.000000,1621.000000,1045.000000
2870.000000,1081.000000,2770.000000,1188.000000
677.000000,2663.000000,494.000000,2828.000000
2306.000000,1803.000000,2228.000000,2009.000000
1776.000000,7.000000,337.000000,12.000000
2471.000000,2414.000000,2771.000000,2551.000000
337.000000,12.000000,509.000000,55.000000
422.000000,2920.000000,457.000000,2954.000000
2170.000000,759.000000,2386.000000,901.000000
1534.000000,1066.000000,1238.000000,1092.000000
776.000000,23.000000,626.000000,82.000000
677.000000,2663.000000,554.000000,2939.000000
1621.000000,1045.000000,1711.000000,1227.000000
1654.000000,2194.000000,1528.000000,2408.000000
2989.000000,1900.000000,2538.000000,2160.000000
494.000000,2828.000000,422.000000,2920.000000
2406.000000,1820.000000,2479.000000,1849.000000
1622.000000,678.000000,1587.000000,688.000000
865.000000,2167.000000,1067.000000,2448.000000
3259.000000,749.000000,3227.000000,954.000000
2543.000000,1372.000000,2565.000000,1425.000000
1692.000000,808.000000,1909.000000,906.000000
905.000000,2806.000000,1000.000000,2968.000000
1605.000000,323.000000,1582.000000,592.000000
1499.000000,496.000000,1369.000000,615.000000
1909.000000,906.000000,1888.000000,1068.000000
2804.000000,239.000000,2663.000000,561.000000
1074.000000,1156.000000,962.000000,1313.000000
879.000000,1769.000000,955.000000,1911.000000
3303.000000,223.000000,3271.000000,1088.000000
2347.000000,500.000000,2347.000000,608.000000
1020.000000,1842.000000,1195.000000,1847.000000
1194.000000,711.000000,1238.000000,1092.000000
1322.000000,604.000000,1369.000000,615.000000
865.000000,2167.000000,729.000000,2238.000000
2902.000000,219.000000,2804.000000,239.000000
2182.000000,198.000000,2336.000000,529.000000
720.000000,833.000000,614.000000,1264.000000
2167.000000,1923.000000,2228.000000,2009.000000
557.000000,530.000000,173.000000,718.000000
1502.000000,1377.000000,1263.000000,1446.000000
285.000000,1797.000000,327.000000,1811.000000
879.000000,1769.000000,898.000000,2003.000000
601.000000,1449.000000,511.000000,1669.000000
2341.000000,34.000000,2400.000000,198.000000
338.000000,2391.000000,284.000000,2485.000000
1379.000000,56.000000,1217.000000,162.000000
1195.000000,1847.000000,937.000000,2077.000000
2889.000000,1059.000000,3271.000000,1088.000000
137.000000,2138.000000,184.000000,2450.000000
1451.000000,2445.000000,1449.000000,2595.000000
1528.000000,2408.000000,1451.000000,2445.000000
2357.000000,2768.000000,2539.000000,2887.000000
1480.000000,3181.000000,1354.000000,3245.000000
865.000000,2483.000000,905.000000,2806.000000
2908.000000,2886.000000,3146.000000,2949.000000
593.000000,544.000000,596.000000,642.000000
1228.000000,640.000000,1334.000000,709.000000
1381.000000,2368.000000,1067.000000,2448.000000
1499.000000,496.000000,1228.000000,640.000000
2159.000000,3125.000000,2249.000000,3255.000000
1814.000000,2102.000000,1654.000000,2194.000000
1320.000000,2597.000000,1226.000000,2670.000000
1000.000000,2968.000000,1129.000000,3267.000000
2775.000000,914.000000,2889.000000,1059.000000
614.000000,1264.000000,771.000000,1337.000000
2159.000000,3125.000000,2079.000000,3255.000000
810.000000,3252.000000,767.000000,3282.000000
1068.000000,580.000000,968.000000,956.000000
111.000000,1579.000000,285.000000,1797.000000
511.000000,1669.000000,635.000000,1788.000000
1484.000000,175.000000,1639.000000,179.000000
677.000000,2663.000000,779.000000,2772.000000
932.000000,2161.000000,1067.000000,2448.000000
2025.000000,1640.000000,2013.000000,1784.000000
199.000000,479.000000,281.000000,617.000000
1727.000000,1685.000000,1696.000000,1937.000000
1263.000000,1446.000000,1364.000000,1545.000000
2701.000000,406.000000,2663.000000,561.000000
2079.000000,3255.000000,2534.000000,3292.000000
1933.000000,860.000000,1909.000000,906.000000
1194.000000,711.000000,1642.000000,822.000000
509.000000,55.000000,461.000000,183.000000
511.000000,1669.000000,689.000000,1708.000000
956.000000,153.000000,1042.000000,436.000000
173.000000,718.000000,456.000000,1001.000000
1088.000000,1144.000000,962.000000,1313.000000
3122.000000,357.000000,2780.000000,656.000000
2538.000000,2160.000000,2524.000000,2237.000000
1364.000000,125.000000,1484.000000,175.000000
1621.000000,1045.000000,1534.000000,1066.000000
3083.000000,2484.000000,2826.000000,2618.000000
1351.000000,3002.000000,1354.000000,3245.000000
1111.000000,1707.000000,1195.000000,1847.000000
1528.000000,3114.000000,1480.000000,3181.000000
1484.000000,175.000000,1534.000000,375.000000
691.000000,2224.000000,503.000000,2419.000000
593.000000,1116.000000,614.000000,1264.000000
140.000000,1236.000000,57.000000,1271.000000
2950.000000,2335.000000,2771.000000,2551.000000
2079.000000,3255.000000,355.000000,3309.000000
2.000000,1852.000000,96.000000,2356.000000
554.000000,2939.000000,487.000000,3226.000000
3305.000000,2604.000000,3146.000000,2949.000000
2735.000000,213.000000,2804.000000,239.000000
293.000000,1127.000000,246.000000,1156.000000
1800.000000,2506.000000,2073.000000,2587.000000
2133.000000,1635.000000,2025.000000,1640.000000
2362.000000,1995.000000,2228.000000,2009.000000
1334.000000,709.000000,1642.000000,822.000000
1696.000000,1937.000000,1573.000000,2050.000000
1217.000000,162.000000,1152.000000,354.000000
2437.000000,1445.000000,2446.000000,1801.000000
1111.000000,1707.000000,1020.000000,1842.000000
2573.000000,1480.000000,2446.000000,1801.000000
2553.000000,1289.000000,2694.000000,1480.000000
422.000000,2920.000000,370.000000,2924.000000
1269.000000,2157.000000,1381.000000,2368.000000
2653.000000,1761.000000,2989.000000,1900.000000
2341.000000,34.000000,2477.000000,56.000000
2709.000000,715.000000,2775.000000,914.000000
2479.000000,1849.000000,2362.000000,1995.000000
1932.000000,3218.000000,1701.000000,3264.000000
2230.000000,2781.000000,2550.000000,2989.000000
359.000000,189.000000,15.000000,280.000000
2035.000000,2843.000000,1872.000000,2898.000000
956.000000,153.000000,909.000000,296.000000
557.000000,530.000000,522.000000,763.000000
1340.000000,1715.000000,1417.000000,1922.000000
1428.000000,2161.000000,1654.000000,2194.000000
1727.000000,1685.000000,1541.000000,1762.000000
1605.000000,323.000000,1534.000000,375.000000
1654.000000,2194.000000,1451.000000,2445.000000
955.000000,1911.000000,898.000000,2003.000000
442.000000,1609.000000,327.000000,1811.000000
946.000000,129.000000,1082.000000,232.000000
3303.000000,223.000000,3259.000000,749.000000
1238.000000,1092.000000,1088.000000,1144.000000
183.000000,456.000000,199.000000,479.000000
2405.000000,259.000000,2347.000000,500.000000
15.000000,280.000000,2.000000,1852.000000
1776.000000,7.000000,1565.000000,51.000000
3210.000000,916.000000,2889.000000,1059.000000
337.000000,12.000000,359.000000,189.000000
3105.000000,1725.000000,2989.000000,1900.000000
337.000000,12.000000,15.000000,280.000000
2771.000000,2551.000000,2645.000000,2605.000000
1541.000000,1762.000000,1534.000000,1915.000000
15.000000,280.000000,57.000000,1271.000000
1813.000000,669.000000,1909.000000,906.000000
879.000000,1769.000000,1020.000000,1842.000000
487.000000,3226.000000,767.000000,3282.000000
1528.000000,2408.000000,1449.000000,2595.000000
1195.000000,1524.000000,1364.000000,1545.000000
2908.000000,2886.000000,2550.000000,2989.000000
2228.000000,2009.000000,2403.000000,2194.000000
3111.000000,1330.000000,3278.000000,1465.000000
2116.000000,732.000000,2170.000000,759.000000
3305.000000,2604.000000,3230.000000,2778.000000
44.000000,1323.000000,2.000000,1852.000000
1565.000000,51.000000,1639.000000,179.000000
946.000000,129.000000,956.000000,153.000000
2446.000000,1801.000000,2515.000000,1802.000000
557.000000,530.000000,281.000000,617.000000
338.000000,2391.000000,184.000000,2450.000000
387.000000,1452.000000,285.000000,1797.000000
1763.000000,3090.000000,1528.000000,3114.000000
1765.000000,2816.000000,2035.000000,2843.000000
286.000000,2602.000000,311.000000,2750.000000
367.000000,2456.000000,284.000000,2485.000000
3278.000000,1465.000000,3284.000000,1543.000000
1763.000000,3090.000000,1932.000000,3218.000000
1573.000000,2050.000000,1654.000000,2194.000000
2694.000000,1480.000000,2862.000000,1649.000000
1528.000000,2408.000000,1890.000000,2444.000000
1068.000000,580.000000,1228.000000,640.000000
2663.000000,561.000000,2780.000000,656.000000
1199.000000,1755.000000,1195.000000,1847.000000
1369.000000,615.000000,1228.000000,640.000000
2771.000000,2551.000000,2568.000000,2574.000000
532.000000,1371.000000,601.000000,1449.000000
898.000000,2003.000000,937.000000,2077.000000
38.000000,757.000000,57.000000,1271.000000
557.000000,530.000000,593.000000,544.000000
442.000000,1609.000000,285.000000,1797.000000
1924.000000,3077.000000,2159.000000,3125.000000
1340.000000,1715.000000,1364.000000,1849.000000
147.000000,2836.000000,56.000000,3293.000000
2085.000000,100.000000,1891.000000,124.000000
281.000000,617.000000,173.000000,718.000000
635.000000,1788.000000,606.000000,2137.000000
593.000000,544.000000,676.000000,623.000000
494.000000,2828.000000,457.000000,2954.000000
1490.000000,1438.000000,1549.000000,1459.000000
1502.000000,1377.000000,1437.000000,1426.000000
1428.000000,2161.000000,1381.000000,2368.000000
905.000000,2806.000000,888.000000,3105.000000
2524.000000,2237.000000,2472.000000,2291.000000
293.000000,1127.000000,57.000000,1271.000000
2664.000000,149.000000,2557.000000,277.000000
1890.000000,2444.000000,1800.000000,2506.000000
2406.000000,1820.000000,2362.000000,1995.000000
1020.000000,1842.000000,955.000000,1911.000000
1642.000000,822.000000,1621.000000,1045.000000
1831.000000,622.000000,1813.000000,669.000000
59.000000,948.000000,225.000000,1023.000000
1961.000000,1757.000000,2018.000000,1818.000000
1793.000000,594.000000,1813.000000,669.000000
2386.000000,901.000000,2469.000000,1113.000000
776.000000,23.000000,509.000000,55.000000
817.000000,1687.000000,879.000000,1769.000000
626.000000,82.000000,461.000000,183.000000
2341.000000,34.000000,1891.000000,124.000000
2670.000000,2255.000000,2771.000000,2551.000000
1111.000000,1707.000000,1199.000000,1755.000000
2560.000000,646.000000,2709.000000,715.000000
1639.000000,179.000000,1802.000000,277.000000
1573.000000,2050.000000,1814.000000,2102.000000
1872.000000,2898.000000,1924.000000,3077.000000
1582.000000,592.000000,1693.000000,742.000000
1587.000000,688.000000,1693.000000,742.000000
2950.000000,2335.000000,2826.000000,2618.000000
2575.000000,375.000000,2584.000000,505.000000
1692.000000,808.000000,1642.000000,822.000000
962.000000,1313.000000,956.000000,1353.000000
3230.000000,2778.000000,3146.000000,2949.000000
2400.000000,198.000000,2405.000000,259.000000
2469.000000,1113.000000,2339.000000,1248.000000
2347.000000,608.000000,2605.000000,927.000000
2437.000000,1445.000000,2133.000000,1635.000000
2836.000000,2631.000000,2539.000000,2887.000000
865.000000,2483.000000,1226.000000,2670.000000
1334.000000,709.000000,1194.000000,711.000000
1217.000000,162.000000,1082.000000,232.000000
3267.000000,2330.000000,3178.000000,2432.000000
1364.000000,1849.000000,1417.000000,1922.000000
2469.000000,1113.000000,2313.000000,1270.000000
2437.000000,1445.000000,2573.000000,1480.000000
2228.000000,2009.000000,2053.000000,2246.000000
1172.000000,1508.000000,1111.000000,1707.000000
1559.000000,1796.000000,1534.000000,1915.000000
2775.000000,914.000000,2870.000000,1081.000000
149.000000,1784.000000,2.000000,1852.000000
359.000000,189.000000,460.000000,279.000000
285.000000,1797.000000,2.000000,1852.000000
1088.000000,1144.000000,956.000000,1353.000000
2775.000000,914.000000,2829.000000,934.000000
3267.000000,2330.000000,2950.000000,2335.000000
1129.000000,3267.000000,355.000000,3309.000000
779.000000,2772.000000,905.000000,2806.000000
2133.000000,1635.000000,2446.000000,1801.000000
1693.000000,742.000000,1642.000000,822.000000
1247.000000,282.000000,1152.000000,354.000000
3271.000000,1088.000000,2853.000000,1140.000000
888.000000,3105.000000,767.000000,3282.000000
421.000000,477.000000,199.000000,479.000000
955.000000,1911.000000,937.000000,2077.000000
2347.000000,608.000000,2386.000000,901.000000
676.000000,623.000000,596.000000,642.000000
1263.000000,1446.000000,1172.000000,1508.000000
676.000000,623.000000,720.000000,833.000000
918.000000,546.000000,720.000000,608.000000
956.000000,1353.000000,817.000000,1687.000000
1549.000000,1459.000000,1919.000000,1621.000000
1605.000000,323.000000,1499.000000,496.000000
1340.000000,1715.000000,1214.000000,1816.000000
2553.000000,1289.000000,2565.000000,1425.000000
2073.000000,2587.000000,2255.000000,2682.000000
1228.000000,640.000000,1215.000000,697.000000
1082.000000,232.000000,1152.000000,354.000000
241.000000,1258.000000,44.000000,1323.000000
456.000000,1001.000000,225.000000,1023.000000
3146.000000,2949.000000,2842.000000,3215.000000
111.000000,1579.000000,149.000000,1784.000000
2025.000000,1640.000000,1340.000000,1715.000000
331.000000,427.000000,421.000000,477.000000
338.000000,2391.000000,367.000000,2456.000000
2053.000000,2246.000000,2039.000000,2380.000000
456.000000,1001.000000,593.000000,1116.000000
865.000000,2483.000000,831.000000,2719.000000
956.000000,1353.000000,782.000000,1663.000000
614.000000,1264.000000,601.000000,1449.000000
2126.000000,1059.000000,2469.000000,1113.000000
2347.000000,500.000000,2584.000000,505.000000
183.000000,456.000000,38.000000,757.000000
2845.000000,66.000000,2735.000000,213.000000
509.000000,55.000000,359.000000,189.000000
2862.000000,1649.000000,3105.000000,1725.000000
217.000000,399.000000,199.000000,479.000000
1195.000000,1524.000000,1248.000000,1651.000000
2970.000000,149.000000,2902.000000,219.000000
1020.000000,1842.000000,937.000000,2077.000000
1920.000000,1299.000000,1919.000000,1621.000000
2775.000000,914.000000,2605.000000,927.000000
3083.000000,2484.000000,2918.000000,2617.000000
1800.000000,2506.000000,1449.000000,2595.000000
1831.000000,622.000000,1909.000000,906.000000
460.000000,279.000000,593.000000,544.000000
1763.000000,3090.000000,1701.000000,3264.000000
601.000000,1449.000000,442.000000,1609.000000
1528.000000,3114.000000,1354.000000,3245.000000
2539.000000,2887.000000,2543.000000,2894.000000
1654.000000,2194.000000,1890.000000,2444.000000
1379.000000,56.000000,946.000000,129.000000
173.000000,718.000000,287.000000,901.000000
2255.000000,2682.000000,2357.000000,2768.000000
1980.000000,1216.000000,1711.000000,1227.000000
2469.000000,1113.000000,2553.000000,1289.000000
3267.000000,2330.000000,3305.000000,2604.000000
2025.000000,1640.000000,1961.000000,1757.000000
720.000000,833.000000,456.000000,1001.000000
2853.000000,1140.000000,3111.000000,1330.000000
2039.000000,2380.000000,2192.000000,2395.000000
2306.000000,1803.000000,2167.000000,1923.000000
918.000000,546.000000,1068.000000,580.000000
2018.000000,1818.000000,2167.000000,1923.000000
2568.000000,2574.000000,2539.000000,2887.000000
2538.000000,2160.000000,2403.000000,2194.000000
1980.000000,1216.000000,1920.000000,1299.000000
3259.000000,749.000000,3210.000000,916.000000
1565.000000,51.000000,1802.000000,277.000000
1986.000000,1606.000000,2133.000000,1635.000000
1612.000000,186.000000,1605.000000,323.000000
2400.000000,198.000000,2336.000000,529.000000
1480.000000,3181.000000,1701.000000,3264.000000
1031.000000,2418.000000,865.000000,2483.000000
888.000000,3105.000000,810.000000,3252.000000
246.000000,1156.000000,57.000000,1271.000000
2386.000000,901.000000,2605.000000,927.000000
2192.000000,2395.000000,2073.000000,2587.000000
2984.000000,1354.000000,2862.000000,1649.000000
487.000000,1850.000000,137.000000,2138.000000
1449.000000,2595.000000,1765.000000,2816.000000
1417.000000,1922.000000,1428.000000,2161.000000
2771.000000,2551.000000,2826.000000,2618.000000
1802.000000,277.000000,1693.000000,742.000000
1075.000000,2854.000000,1306.000000,2887.000000
1622.000000,678.000000,1693.000000,742.000000
1499.000000,496.000000,1582.000000,592.000000
2228.000000,2009.000000,2474.000000,2129.000000
44.000000,1323.000000,149.000000,1784.000000
2605.000000,927.000000,2469.000000,1113.000000
720.000000,608.000000,676.000000,623.000000
1067.000000,2448.000000,1226.000000,2670.000000
1215.000000,697.000000,1194.000000,711.000000
1776.000000,7.000000,776.000000,23.000000
2663.000000,561.000000,2709.000000,715.000000
522.000000,763.000000,720.000000,833.000000
2126.000000,1059.000000,2313.000000,1270.000000
137.000000,2138.000000,108.000000,2351.000000
1814.000000,2102.000000,1890.000000,2444.000000
1238.000000,1092.000000,1388.000000,1291.000000
1890.000000,2444.000000,1449.000000,2595.000000
1924.000000,3077.000000,1763.000000,3090.000000
2249.000000,3255.000000,2534.000000,3292.000000
1888.000000,1068.000000,1980.000000,1216.000000
1484.000000,175.000000,1605.000000,323.000000
1248.000000,1651.000000,1340.000000,1715.000000
3105.000000,1725.000000,3165.000000,1785.000000
2805.000000,2599.000000,2645.000000,2605.000000
3138.000000,1879.000000,3267.000000,2330.000000
3227.000000,954.000000,3271.000000,1088.000000
1263.000000,1446.000000,1195.000000,1524.000000
2573.000000,1480.000000,2694.000000,1480.000000
2035.000000,2843.000000,2159.000000,3125.000000
2313.000000,1270.000000,2437.000000,1445.000000
2359.000000,2702.000000,2539.000000,2887.000000
1776.000000,7.000000,1891.000000,124.000000
2819.000000,553.000000,2663.000000,561.000000
2560.000000,646.000000,2605.000000,927.000000
677.000000,2663.000000,831.000000,2719.000000
1068.000000,580.000000,1194.000000,711.000000
281.000000,617.000000,38.000000,757.000000
1534.000000,1915.000000,1696.000000,1937.000000
729.000000,2238.000000,865.000000,2483.000000
2437.000000,1445.000000,1986.000000,1606.000000
387.000000,1452.000000,111.000000,1579.000000
3122.000000,357.000000,2663.000000,561.000000
140.000000,1236.000000,44.000000,1323.000000
96.000000,2356.000000,184.000000,2450.000000
2182.000000,198.000000,1793.000000,594.000000
677.000000,2663.000000,370.000000,2924.000000
968.000000,956.000000,962.000000,1313.000000
2989.000000,1900.000000,2474.000000,2129.000000
1639.000000,179.000000,1605.000000,323.000000
1692.000000,808.000000,1621.000000,1045.000000
2543.000000,2894.000000,2550.000000,2989.000000
2336.000000,529.000000,2347.000000,608.000000
2770.000000,1188.000000,2984.000000,1354.000000
241.000000,1258.000000,532.000000,1371.000000
327.000000,1811.000000,137.000000,2138.000000
1499.000000,496.000000,1587.000000,688.000000
767.000000,3282.000000,355.000000,3309.000000
442.000000,1609.000000,511.000000,1669.000000
2568.000000,2574.000000,2645.000000,2605.000000
1765.000000,2816.000000,1528.000000,3114.000000
2663.000000,561.000000,2560.000000,646.000000
2097.000000,617.000000,2170.000000,759.000000
1961.000000,1757.000000,2013.000000,1784.000000
137.000000,2138.000000,338.000000,2391.000000
2.000000,1852.000000,137.000000,2138.000000
2163.000000,2734.000000,2230.000000,2781.000000
1068.000000,580.000000,835.000000,780.000000
676.000000,623.000000,522.000000,763.000000
2908.000000,2886.000000,2543.000000,2894.000000
241.000000,1258.000000,387.000000,1452.000000
337.000000,12.000000,776.000000,23.000000
937.000000,2077.000000,865.000000,2167.000000
2664.000000,149.000000,2735.000000,213.000000
691.000000,2224.000000,516.000000,2396.000000
946.000000,129.000000,909.000000,296.000000
1549.000000,1459.000000,1364.000000,1545.000000
1642.000000,822.000000,1534.000000,1066.000000
2053.000000,2246.000000,2192.000000,2395.000000
1340.000000,1715.000000,1541.000000,1762.000000
2192.000000,2395.000000,2255.000000,2682.000000
720.000000,833.000000,968.000000,956.000000
1215.000000,697.000000,1334.000000,709.000000
311.000000,2750.000000,150.000000,2757.000000
2701.000000,406.000000,2584.000000,505.000000
2252.000000,2370.000000,2471.000000,2414.000000
1802.000000,277.000000,1605.000000,323.000000
2970.000000,149.000000,3122.000000,357.000000
137.000000,2138.000000,96.000000,2356.000000
1693.000000,742.000000,1692.000000,808.000000
147.000000,2836.000000,319.000000,2930.000000
1214.000000,1816.000000,1195.000000,1847.000000
457.000000,2954.000000,355.000000,3309.000000
2347.000000,608.000000,2097.000000,617.000000
2842.000000,3215.000000,2534.000000,3292.000000
2908.000000,2886.000000,2882.000000,3001.000000
2400.000000,198.000000,2347.000000,500.000000
2645.000000,2605.000000,2836.000000,2631.000000
57.000000,1271.000000,44.000000,1323.000000
1203.000000,2773.000000,1075.000000,2854.000000
1248.000000,1651.000000,1199.000000,1755.000000
1802.000000,277.000000,1793.000000,594.000000
1565.000000,51.000000,1379.000000,56.000000
1388.000000,1291.000000,1502.000000,1377.000000
614.000000,1264.000000,962.000000,1313.000000
1364.000000,125.000000,1534.000000,375.000000
2645.000000,2605.000000,2539.000000,2887.000000
2035.000000,2843.000000,1924.000000,3077.000000
1364.000000,1545.000000,1248.000000,1651.000000
1000.000000,2968.000000,888.000000,3105.000000
2918.000000,2617.000000,3146.000000,2949.000000
3259.000000,749.000000,3271.000000,1088.000000
879.000000,1769.000000,606.000000,2137.000000
1986.000000,1606.000000,2025.000000,1640.000000
782.000000,1663.000000,732.000000,1672.000000
257.000000,3239.000000,56.000000,3293.000000
2506.000000,531.000000,2347.000000,608.000000
460.000000,279.000000,331.000000,427.000000
1226.000000,2670.000000,1306.000000,2887.000000
2097.000000,617.000000,1831.000000,622.000000
173.000000,718.000000,522.000000,763.000000
2735.000000,213.000000,2902.000000,219.000000
2469.000000,1113.000000,2770.000000,1188.000000
1369.000000,615.000000,1642.000000,822.000000
311.000000,2750.000000,147.000000,2836.000000
1793.000000,594.000000,1693.000000,742.000000
367.000000,2456.000000,311.000000,2750.000000
2339.000000,1248.000000,2553.000000,1289.000000
1364.000000,1849.000000,1269.000000,2157.000000
1417.000000,1922.000000,1269.000000,2157.000000
2359.000000,2702.000000,2357.000000,2768.000000
2472.000000,2291.000000,2471.000000,2414.000000
1891.000000,124.000000,1893.000000,174.000000
1247.000000,282.000000,1499.000000,496.000000
3278.000000,1465.000000,3105.000000,1725.000000
932.000000,2161.000000,865.000000,2167.000000
2557.000000,277.000000,2575.000000,375.000000
2557.000000,277.000000,2467.000000,311.000000
2889.000000,1059.000000,2853.000000,1140.000000
901.000000,2422.000000,865.000000,2483.000000
3111.000000,1330.000000,2984.000000,1354.000000
2347.000000,608.000000,2170.000000,759.000000
2664.000000,149.000000,2400.000000,198.000000
1534.000000,1915.000000,1573.000000,2050.000000
1369.000000,615.000000,1334.000000,709.000000
1776.000000,7.000000,2341.000000,34.000000
2097.000000,617.000000,1933.000000,860.000000
2085.000000,100.000000,2182.000000,198.000000
1499.000000,496.000000,1642.000000,822.000000
2467.000000,311.000000,2575.000000,375.000000
511.000000,1669.000000,732.000000,1672.000000
56.000000,3293.000000,355.000000,3309.000000
1075.000000,2854.000000,1351.000000,3002.000000
2780.000000,656.000000,2709.000000,715.000000
2829.000000,934.000000,2889.000000,1059.000000
2908.000000,2886.000000,2539.000000,2887.000000
1528.000000,3114.000000,1701.000000,3264.000000
601.000000,1449.000000,782.000000,1663.000000
2644.000000,122.000000,2400.000000,198.000000
3284.000000,1543.000000,3165.000000,1785.000000
2341.000000,34.000000,2085.000000,100.000000
2605.000000,927.000000,2870.000000,1081.000000
898.000000,2003.000000,781.000000,2186.000000
286.000000,2602.000000,242.000000,2699.000000
865.000000,2167.000000,901.000000,2422.000000
1075.000000,2854.000000,1000.000000,2968.000000
2770.000000,1188.000000,2553.000000,1289.000000
2805.000000,2599.000000,2836.000000,2631.000000
593.000000,1116.000000,293.000000,1127.000000
1888.000000,1068.000000,1711.000000,1227.000000
1920.000000,1299.000000,1986.000000,1606.000000
96.000000,2356.000000,242.000000,2699.000000
1933.000000,860.000000,2386.000000,901.000000
2039.000000,2380.000000,2073.000000,2587.000000
487.000000,1850.000000,606.000000,2137.000000
1351.000000,3002.000000,1129.000000,3267.000000
956.000000,153.000000,1082.000000,232.000000
3188.000000,1604.000000,3105.000000,1725.000000
246.000000,1156.000000,140.000000,1236.000000
2467.000000,311.000000,2584.000000,505.000000
149.000000,1784.000000,285.000000,1797.000000
2771.000000,2551.000000,2805.000000,2599.000000
367.000000,2456.000000,677.000000,2663.000000
3284.000000,1543.000000,3134.000000,1702.000000
1152.000000,354.000000,1228.000000,640.000000
1195.000000,1847.000000,932.000000,2161.000000
1152.000000,354.000000,1068.000000,580.000000
1893.000000,174.000000,1802.000000,277.000000
2403.000000,2194.000000,2472.000000,2291.000000
2133.000000,1635.000000,2018.000000,1818.000000
2347.000000,500.000000,2506.000000,531.000000
2341.000000,34.000000,2182.000000,198.000000
287.000000,901.000000,225.000000,1023.000000
2357.000000,2768.000000,2550.000000,2989.000000
1541.000000,1762.000000,1559.000000,1796.000000
522.000000,763.000000,456.000000,1001.000000
606.000000,2137.000000,516.000000,2396.000000
1711.000000,1227.000000,1388.000000,1291.000000
1891.000000,124.000000,2182.000000,198.000000
676.000000,623.000000,835.000000,780.000000
147.000000,2836.000000,22.000000,3074.000000
2477.000000,56.000000,2845.000000,66.000000
817.000000,1687.000000,1111.000000,1707.000000
1565.000000,51.000000,1484.000000,175.000000
1449.000000,2595.000000,1320.000000,2597.000000
2313.000000,1270.000000,1986.000000,1606.000000
1502.000000,1377.000000,1490.000000,1438.000000
1534.000000,1066.000000,1711.000000,1227.000000
503.000000,2419.000000,865.000000,2483.000000
1437.000000,1426.000000,1263.000000,1446.000000
2819.000000,553.000000,2780.000000,656.000000
732.000000,1672.000000,635.000000,1788.000000
285.000000,1797.000000,137.000000,2138.000000
2405.000000,259.000000,2557.000000,277.000000
3210.000000,916.000000,3227.000000,954.000000
1379.000000,56.000000,1484.000000,175.000000
3122.000000,357.000000,3122.000000,669.000000
693.000000,206.000000,909.000000,296.000000
3284.000000,1543.000000,3305.000000,2604.000000
173.000000,718.000000,225.000000,1023.000000
1621.000000,1045.000000,1888.000000,1068.000000
691.000000,2224.000000,729.000000,2238.000000
2018.000000,1818.000000,2228.000000,2009.000000
2550.000000,2989.000000,2882.000000,3001.000000
1172.000000,1508.000000,1248.000000,1651.000000
3230.000000,2778.000000,3259.000000,3087.000000
2550.000000,2989.000000,2159.000000,3125.000000
257.000000,3239.000000,355.000000,3309.000000
2543.000000,1372.000000,2437.000000,1445.000000
1582.000000,592.000000,1587.000000,688.000000
284.000000,2485.000000,286.000000,2602.000000
38.000000,757.000000,151.000000,867.000000
1800.000000,2506.000000,1765.000000,2816.000000
1933.000000,860.000000,1888.000000,1068.000000
2347.000000,608.000000,2560.000000,646.000000
1711.000000,1227.000000,1549.000000,1459.000000
242.000000,2699.000000,311.000000,2750.000000
1793.000000,594.000000,1831.000000,622.000000
2471.000000,2414.000000,2568.000000,2574.000000
1088.000000,1144.000000,1074.000000,1156.000000
1919.000000,1621.000000,2025.000000,1640.000000
246.000000,1156.000000,241.000000,1258.000000
2336.000000,529.000000,2097.000000,617.000000
2403.000000,2194.000000,2388.000000,2251.000000
2133.000000,1635.000000,2306.000000,1803.000000
3284.000000,1543.000000,3138.000000,1879.000000
720.000000,608.000000,835.000000,780.000000
898.000000,2003.000000,865.000000,2167.000000
2989.000000,1900.000000,3267.000000,2330.000000
494.000000,2828.000000,554.000000,2939.000000
1354.000000,3245.000000,1701.000000,3264.000000
2709.000000,715.000000,2829.000000,934.000000
2018.000000,1818.000000,1814.000000,2102.000000
2163.000000,2734.000000,2035.000000,2843.000000
3210.000000,916.000000,2829.000000,934.000000
1559.000000,1796.000000,1696.000000,1937.000000
1031.000000,2418.000000,901.000000,2422.000000
2406.000000,1820.000000,2228.000000,2009.000000
1765.000000,2816.000000,1924.000000,3077.000000
2313.000000,1270.000000,2553.000000,1289.000000
2479.000000,1849.000000,2989.000000,1900.000000
3138.000000,1879.000000,2989.000000,1900.000000
2984.000000,1354.000000,3278.000000,1465.000000
2479.000000,1849.000000,2474.000000,2129.000000
2446.000000,1801.000000,2479.000000,1849.000000
781.000000,2186.000000,729.000000,2238.000000
1765.000000,2816.000000,1872.000000,2898.000000
593.000000,544.000000,720.000000,608.000000
487.000000,3226.000000,355.000000,3309.000000
606.000000,2137.000000,781.000000,2186.000000
15.000000,280.000000,331.000000,427.000000
2255.000000,2682.000000,2163.000000,2734.000000
2605.000000,927.000000,2770.000000,1188.000000
1642.000000,822.000000,1238.000000,1092.000000
2644.000000,122.000000,2735.000000,213.000000
1381.000000,2368.000000,1451.000000,2445.000000
810.000000,3252.000000,1129.000000,3267.000000
217.000000,399.000000,331.000000,427.000000
173.000000,718.000000,38.000000,757.000000
3267.000000,2330.000000,3083.000000,2484.000000
150.000000,2757.000000,147.000000,2836.000000
1449.000000,2595.000000,1351.000000,3002.000000
2709.000000,715.000000,2605.000000,927.000000
184.000000,2450.000000,284.000000,2485.000000
3271.000000,1088.000000,3284.000000,1543.000000
2862.000000,1649.000000,2653.000000,1761.000000
442.000000,1609.000000,487.000000,1850.000000
2039.000000,2380.000000,1890.000000,2444.000000
909.000000,296.000000,1042.000000,436.000000
771.000000,1337.000000,601.000000,1449.000000
1573.000000,2050.000000,1428.000000,2161.000000
2228.000000,2009.000000,1814.000000,2102.000000
3210.000000,916.000000,3271.000000,1088.000000
1226.000000,2670.000000,1351.000000,3002.000000
905.000000,2806.000000,767.000000,3282.000000
1199.000000,1755.000000,1214.000000,1816.000000
898.000000,2003.000000,606.000000,2137.000000
2550.000000,2989.000000,2249.000000,3255.000000
956.000000,1353.000000,601.000000,1449.000000
1364.000000,1545.000000,2025.000000,1640.000000
1340.000000,1715.000000,1534.000000,1915.000000
2836.000000,2631.000000,2908.000000,2886.000000
96.000000,2356.000000,150.000000,2757.000000
1639.000000,179.000000,1612.000000,186.000000
2550.000000,2989.000000,2842.000000,3215.000000
1541.000000,1762.000000,1696.000000,1937.000000
1340.000000,1715.000000,1199.000000,1755.000000
2670.000000,2255.000000,2950.000000,2335.000000
2989.000000,1900.000000,2950.000000,2335.000000
2553.000000,1289.000000,2862.000000,1649.000000
1449.000000,2595.000000,1226.000000,2670.000000
2133.000000,1635.000000,2167.000000,1923.000000
3303.000000,223.000000,3122.000000,357.000000
2079.000000,3255.000000,2249.000000,3255.000000
2252.000000,2370.000000,2192.000000,2395.000000
817.000000,1687.000000,635.000000,1788.000000
3105.000000,1725.000000,3138.000000,1879.000000
2543.000000,1372.000000,2573.000000,1480.000000
2255.000000,2682.000000,2230.000000,2781.000000
15.000000,280.000000,38.000000,757.000000
150.000000,2757.000000,22.000000,3074.000000
421.000000,477.000000,281.000000,617.000000
327.000000,1811.000000,487.000000,1850.000000
1364.000000,125.000000,1247.000000,282.000000
879.000000,1769.000000,635.000000,1788.000000
1437.000000,1426.000000,1549.000000,1459.000000
2584.000000,505.000000,2506.000000,531.000000
2845.000000,66.000000,3303.000000,223.000000
370.000000,2924.000000,319.000000,2930.000000
461.000000,183.000000,909.000000,296.000000
1111.000000,1707.000000,879.000000,1769.000000
2357.000000,2768.000000,2230.000000,2781.000000
2735.000000,213.000000,2575.000000,375.000000
968.000000,956.000000,1074.000000,1156.000000
2388.000000,2251.000000,2471.000000,2414.000000
1765.000000,2816.000000,1763.000000,3090.000000
554.000000,2939.000000,767.000000,3282.000000
1364.000000,1545.000000,1919.000000,1621.000000
225.000000,1023.000000,593.000000,1116.000000
96.000000,2356.000000,286.000000,2602.000000
2192.000000,2395.000000,2568.000000,2574.000000
2644.000000,122.000000,2664.000000,149.000000
461.000000,183.000000,460.000000,279.000000
606.000000,2137.000000,691.000000,2224.000000
1980.000000,1216.000000,2313.000000,1270.000000
1814.000000,2102.000000,2053.000000,2246.000000
3134.000000,1702.000000,3105.000000,1725.000000
2515.000000,1802.000000,2479.000000,1849.000000
2053.000000,2246.000000,1890.000000,2444.000000
2882.000000,3001.000000,2842.000000,3215.000000
1088.000000,1144.000000,1172.000000,1508.000000
1534.000000,1066.000000,1388.000000,1291.000000
44.000000,1323.000000,111.000000,1579.000000
2538.000000,2160.000000,2670.000000,2255.000000
831.000000,2719.000000,779.000000,2772.000000
2568.000000,2574.000000,2255.000000,2682.000000
59.000000,948.000000,57.000000,1271.000000
421.000000,477.000000,557.000000,530.000000
2853.000000,1140.000000,2984.000000,1354.000000
2182.000000,198.000000,2400.000000,198.000000
2524.000000,2237.000000,2471.000000,2414.000000
2025.000000,1640.000000,2018.000000,1818.000000
932.000000,2161.000000,1381.000000,2368.000000
1727.000000,1685.000000,1961.000000,1757.000000
909.000000,296.000000,918.000000,546.000000
2538.000000,2160.000000,2472.000000,2291.000000
2902.000000,219.000000,3122.000000,357.000000
421.000000,477.000000,593.000000,544.000000
1711.000000,1227.000000,1920.000000,1299.000000
338.000000,2391.000000,516.000000,2396.000000
108.000000,2351.000000,184.000000,2450.000000
1269.000000,2157.000000,1428.000000,2161.000000
1727.000000,1685.000000,1340.000000,1715.000000
835.000000,780.000000,968.000000,956.000000
503.000000,2419.000000,367.000000,2456.000000
2386.000000,901.000000,2126.000000,1059.000000
720.000000,833.000000,962.000000,1313.000000
3178.000000,2432.000000,3083.000000,2484.000000
2670.000000,2255.000000,2471.000000,2414.000000
3278.000000,1465.000000,3188.000000,1604.000000
677.000000,2663.000000,311.000000,2750.000000
319.000000,2930.000000,56.000000,3293.000000
2918.000000,2617.000000,2908.000000,2886.000000
1499.000000,496.000000,1322.000000,604.000000
1203.000000,2773.000000,1306.000000,2887.000000
287.000000,901.000000,456.000000,1001.000000
2163.000000,2734.000000,1765.000000,2816.000000
108.000000,2351.000000,96.000000,2356.000000
1605.000000,323.000000,1693.000000,742.000000
2339.000000,1248.000000,2313.000000,1270.000000
102.000000,198.000000,15.000000,280.000000
337.000000,12.000000,102.000000,198.000000
1765.000000,2816.000000,1351.000000,3002.000000
293.000000,1127.000000,241.000000,1258.000000
2228.000000,2009.000000,2192.000000,2395.000000
2403.000000,2194.000000,2192.000000,2395.000000
2336.000000,529.000000,1793.000000,594.000000
1042.000000,436.000000,918.000000,546.000000
593.000000,1116.000000,241.000000,1258.000000
2870.000000,1081.000000,2853.000000,1140.000000
3083.000000,2484.000000,2836.000000,2631.000000
460.000000,279.000000,15.000000,280.000000
2524.000000,2237.000000,2670.000000,2255.000000
1587.000000,688.000000,1642.000000,822.000000
3303.000000,223.000000,3305.000000,2604.000000
2989.000000,1900.000000,2670.000000,2255.000000
1354.000000,3245.000000,1129.000000,3267.000000
319.000000,2930.000000,257.000000,3239.000000
2984.000000,1354.000000,3105.000000,1725.000000
1340.000000,1715.000000,1195.000000,1847.000000
3134.000000,1702.000000,3165.000000,1785.000000
1534.000000,1915.000000,1428.000000,2161.000000
2230.000000,2781.000000,2159.000000,3125.000000
1428.000000,2161.000000,1451.000000,2445.000000
3188.000000,1604.000000,3134.000000,1702.000000
1248.000000,1651.000000,1111.000000,1707.000000
1351.000000,3002.000000,1528.000000,3114.000000
516.000000,2396.000000,367.000000,2456.000000
2853.000000,1140.000000,2770.000000,1188.000000
1067.000000,2448.000000,865.000000,2483.000000
2805.000000,2599.000000,2826.000000,2618.000000
461.000000,183.000000,720.000000,608.000000
3122.000000,669.000000,3259.000000,749.000000
1269.000000,2157.000000,932.000000,2161.000000
387.000000,1452.000000,442.000000,1609.000000
3146.000000,2949.000000,2882.000000,3001.000000
217.000000,399.000000,183.000000,456.000000
2073.000000,2587.000000,1765.000000,2816.000000
1776.000000,7.000000,1379.000000,56.000000
905.000000,2806.000000,554.000000,2939.000000
225.000000,1023.000000,57.000000,1271.000000
1067.000000,2448.000000,1320.000000,2597.000000
38.000000,757.000000,59.000000,948.000000
2477.000000,56.000000,2644.000000,122.000000
1776.000000,7.000000,1893.000000,174.000000
3305.000000,2604.000000,3259.000000,3087.000000
909.000000,296.000000,720.000000,608.000000
2474.000000,2129.000000,2538.000000,2160.000000
732.000000,1672.000000,689.000000,1708.000000
905.000000,2806.000000,1075.000000,2854.000000
1194.000000,711.000000,968.000000,956.000000
2653.000000,1761.000000,2515.000000,1802.000000
184.000000,2450.000000,286.000000,2602.000000
635.000000,1788.000000,487.000000,1850.000000
776.000000,23.000000,693.000000,206.000000
962.000000,1313.000000,771.000000,1337.000000
1226.000000,2670.000000,1203.000000,2773.000000
2804.000000,239.000000,3122.000000,357.000000
3122.000000,669.000000,3210.000000,916.000000
1582.000000,592.000000,1622.000000,678.000000
1068.000000,580.000000,720.000000,608.000000
968.000000,956.000000,1088.000000,1144.000000
2400.000000,198.000000,2557.000000,277.000000
956.000000,153.000000,1152.000000,354.000000
2388.000000,2251.000000,2192.000000,2395.000000
1203.000000,2773.000000,905.000000,2806.000000
1379.000000,56.000000,1364.000000,125.000000
1451.000000,2445.000000,1320.000000,2597.000000
367.000000,2456.000000,286.000000,2602.000000
2780.000000,656.000000,3122.000000,669.000000
1172.000000,1508.000000,1195.000000,1524.000000
782.000000,1663.000000,511.000000,1669.000000
776.000000,23.000000,1379.000000,56.000000
3259.000000,3087.000000,2842.000000,3215.000000
461.000000,183.000000,693.000000,206.000000
3178.000000,2432.000000,3305.000000,2604.000000
606.000000,2137.000000,137.000000,2138.000000
242.000000,2699.000000,150.000000,2757.000000
2553.000000,1289.000000,2437.000000,1445.000000
1364.000000,125.000000,1217.000000,162.000000
1388.000000,1291.000000,1172.000000,1508.000000
2918.000000,2617.000000,2836.000000,2631.000000
2694.000000,1480.000000,2446.000000,1801.000000
3271.000000,1088.000000,3111.000000,1330.000000
2126.000000,1059.000000,1888.000000,1068.000000
15.000000,280.000000,217.000000,399.000000
732.000000,1672.000000,817.000000,1687.000000
2550.000000,2989.000000,2534.000000,3292.000000
2073.000000,2587.000000,2163.000000,2734.000000
1502.000000,1377.000000,1549.000000,1459.000000
1437.000000,1426.000000,1364.000000,1545.000000
2694.000000,1480.000000,2653.000000,1761.000000
2950.000000,2335.000000,3083.000000,2484.000000
511.000000,1669.000000,487.000000,1850.000000
2467.000000,311.000000,2347.000000,500.000000
331.000000,427.000000,199.000000,479.000000
461.000000,183.000000,359.000000,189.000000
1217.000000,162.000000,1247.000000,282.000000
2347.000000,500.000000,2336.000000,529.000000
2553.000000,1289.000000,2984.000000,1354.000000
3271.000000,1088.000000,3278.000000,1465.000000
593.000000,1116.000000,532.000000,1371.000000
1152.000000,354.000000,1042.000000,436.000000
3305.000000,2604.000000,2918.000000,2617.000000
968.000000,956.000000,1238.000000,1092.000000
516.000000,2396.000000,503.000000,2419.000000
1933.000000,860.000000,2126.000000,1059.000000
865.000000,2167.000000,1031.000000,2418.000000
1565.000000,51.000000,1893.000000,174.000000
2845.000000,66.000000,2970.000000,149.000000
2804.000000,239.000000,2701.000000,406.000000
151.000000,867.000000,225.000000,1023.000000
1831.000000,622.000000,1933.000000,860.000000
457.000000,2954.000000,487.000000,3226.000000
1701.000000,3264.000000,355.000000,3309.000000
689.000000,1708.000000,635.000000,1788.000000
2506.000000,531.000000,2560.000000,646.000000
1534.000000,375.000000,1499.000000,496.000000
2534.000000,3292.000000,355.000000,3309.000000
319.000000,2930.000000,457.000000,2954.000000
494.000000,2828.000000,370.000000,2924.000000
2097.000000,617.000000,2116.000000,732.000000
2584.000000,505.000000,2560.000000,646.000000
3165.000000,1785.000000,3138.000000,1879.000000
2170.000000,759.000000,1933.000000,860.000000
