POINTS
2077.000000,9.000000
2660.000000,27.000000
3067.000000,27.000000
2990.000000,28.000000
1483.000000,32.000000
3004.000000,37.000000
1189.000000,38.000000
2541.000000,39.000000
1936.000000,85.000000
931.000000,89.000000
168.000000,91.000000
2885.000000,95.000000
1990.000000,106.000000
2025.000000,116.000000
2654.000000,120.000000
1416.000000,130.000000
933.000000,136.000000
2371.000000,138.000000
2315.000000,140.000000
2378.000000,141.000000
3057.000000,154.000000
1533.000000,157.000000
1368.000000,159.000000
1808.000000,175.000000
2720.000000,192.000000
2695.000000,207.000000
848.000000,212.000000
3264.000000,216.000000
1321.000000,229.000000
1514.000000,237.000000
1904.000000,257.000000
2357.000000,262.000000
2425.000000,267.000000
878.000000,277.000000
998.000000,277.000000
212.000000,280.000000
113.000000,292.000000
1277.000000,300.000000
2224.000000,301.000000
2533.000000,312.000000
134.000000,326.000000
1139.000000,367.000000
44.000000,373.000000
2149.000000,374.000000
1333.000000,385.000000
1724.000000,401.000000
1485.000000,421.000000
2367.000000,426.000000
1101.000000,427.000000
2804.000000,435.000000
40.000000,437.000000
1046.000000,446.000000
913.000000,481.000000
3200.000000,487.000000
1857.000000,489.000000
1869.000000,491.000000
823.000000,495.000000
1830.000000,526.000000
2147.000000,527.000000
2743.000000,534.000000
1559.000000,536.000000
1138.000000,544.000000
2035.000000,549.000000
2990.000000,553.000000
860.000000,570.000000
706.000000,608.000000
3061.000000,612.000000
1363.000000,635.000000
3305.000000,664.000000
1240.000000,674.000000
661.000000,687.000000
2977.000000,687.000000
2931.000000,689.000000
1987.000000,693.000000
942.000000,708.000000
1186.000000,720.000000
1343.000000,731.000000
2208.000000,752.000000
2634.000000,755.000000
130.000000,767.000000
1195.000000,780.000000
2085.000000,787.000000
694.000000,799.000000
2584.000000,811.000000
2626.000000,843.000000
2191.000000,849.000000
2552.000000,854.000000
2050.000000,871.000000
2133.000000,899.000000
317.000000,900.000000
1627.000000,903.000000
1223.000000,906.000000
1896.000000,920.000000
336.000000,925.000000
1102.000000,934.000000
1164.000000,934.000000
1037.000000,938.000000
1498.000000,941.000000
700.000000,945.000000
1570.000000,948.000000
1164.000000,968.000000
1664.000000,976.000000
469.000000,994.000000
1108.000000,998.000000
2804.000000,1017.000000
1997.000000,1027.000000
2218.000000,1030.000000
1108.000000,1034.000000
1221.000000,1048.000000
2727.000000,1059.000000
129.000000,1061.000000
1489.000000,1061.000000
1869.000000,1070.000000
1473.000000,1086.000000
3011.000000,1089.000000
763.000000,1091.000000
1438.000000,1091.000000
3006.000000,1102.000000
941.000000,1109.000000
3290.000000,1129.000000
1084.000000,1133.000000
1841.000000,1158.000000
1969.000000,1167.000000
1323.000000,1193.000000
1280.000000,1195.000000
2282.000000,1226.000000
2953.000000,1236.000000
1003.000000,1261.000000
2480.000000,1261.000000
1843.000000,1277.000000
1666.000000,1281.000000
2160.000000,1306.000000
1462.000000,1315.000000
1687.000000,1315.000000
118.000000,1322.000000
76.000000,1328.000000
2895.000000,1335.000000
2483.000000,1338.000000
1088.000000,1347.000000
2153.000000,1348.000000
1272.000000,1355.000000
741.000000,1362.000000
1202.000000,1365.000000
560.000000,1370.000000
1595.000000,1403.000000
428.000000,1421.000000
2574.000000,1433.000000
806.000000,1436.000000
1931.000000,1437.000000
1002.000000,1449.000000
82.000000,1450.000000
1793.000000,1459.000000
1733.000000,1463.000000
3284.000000,1464.000000
1618.000000,1470.000000
2791.000000,1472.000000
2699.000000,1484.000000
1825.000000,1504.000000
1166.000000,1505.000000
1296.000000,1505.000000
2559.000000,1529.000000
2577.000000,1541.000000
3224.000000,1541.000000
3319.000000,1551.000000
3112.000000,1568.000000
1467.000000,1574.000000
2953.000000,1574.000000
781.000000,1576.000000
1693.000000,1577.000000
2237.000000,1578.000000
1129.000000,1579.000000
3326.000000,1580.000000
1182.000000,1588.000000
35.000000,1604.000000
1903.000000,1632.000000
1912.000000,1633.000000
1690.000000,1641.000000
2071.000000,1644.000000
3017.000000,1647.000000
2915.000000,1649.000000
1767.000000,1652.000000
1428.000000,1661.000000
2906.000000,1680.000000
442.000000,1683.000000
428.000000,1700.000000
957.000000,1714.000000
1720.000000,1715.000000
2162.000000,1736.000000
2548.000000,1754.000000
1556.000000,1759.000000
3234.000000,1764.000000
2939.000000,1766.000000
2919.000000,1768.000000
37.000000,1772.000000
2809.000000,1786.000000
525.000000,1788.000000
2354.000000,1789.000000
694.000000,1796.000000
1307.000000,1800.000000
2675.000000,1813.000000
332.000000,1826.000000
2380.000000,1829.000000
1819.000000,1868.000000
535.000000,1902.000000
1157.000000,1909.000000
2891.000000,1923.000000
1123.000000,1941.000000
2599.000000,1941.000000
772.000000,1957.000000
2197.000000,1967.000000
1338.000000,1982.000000
1267.000000,2062.000000
2284.000000,2068.000000
1904.000000,2072.000000
2626.000000,2081.000000
666.000000,2084.000000
968.000000,2133.000000
186.000000,2156.000000
1775.000000,2159.000000
2551.000000,2162.000000
196.000000,2165.000000
1019.000000,2168.000000
935.000000,2175.000000
1813.000000,2177.000000
2401.000000,2187.000000
771.000000,2195.000000
1983.000000,2220.000000
2033.000000,2242.000000
1716.000000,2247.000000
2587.000000,2251.000000
159.000000,2259.000000
1179.000000,2266.000000
731.000000,2268.000000
276.000000,2271.000000
955.000000,2297.000000
696.000000,2314.000000
482.000000,2315.000000
823.000000,2323.000000
3307.000000,2333.000000
2534.000000,2336.000000
2386.000000,2367.000000
3212.000000,2369.000000
455.000000,2381.000000
464.000000,2392.000000
2405.000000,2404.000000
59.000000,2422.000000
319.000000,2423.000000
3283.000000,2424.000000
1834.000000,2440.000000
1867.000000,2453.000000
445.000000,2469.000000
2444.000000,2474.000000
1246.000000,2491.000000
2603.000000,2495.000000
2711.000000,2500.000000
2550.000000,2514.000000
2828.000000,2527.000000
1281.000000,2532.000000
2875.000000,2533.000000
139.000000,2544.000000
198.000000,2550.000000
2134.000000,2563.000000
882.000000,2570.000000
3308.000000,2580.000000
474.000000,2590.000000
423.000000,2592.000000
3009.000000,2601.000000
3298.000000,2605.000000
1442.000000,2657.000000
325.000000,2670.000000
1295.000000,2688.000000
2906.000000,2720.000000
582.000000,2730.000000
1313.000000,2732.000000
2455.000000,2739.000000
2223.000000,2751.000000
1165.000000,2768.000000
548.000000,2784.000000
902.000000,2803.000000
1714.000000,2826.000000
1322.000000,2834.000000
2497.000000,2849.000000
2184.000000,2860.000000
2059.000000,2873.000000
3129.000000,2881.000000
2512.000000,2887.000000
3331.000000,2899.000000
286.000000,2909.000000
1849.000000,2909.000000
2691.000000,2951.000000
888.000000,2958.000000
967.000000,2958.000000
2420.000000,2970.000000
2057.000000,2977.000000
2360.000000,2994.000000
1076.000000,3004.000000
2771.000000,3005.000000
2963.000000,3010.000000
2648.000000,3040.000000
2434.000000,3049.000000
589.000000,3052.000000
2592.000000,3056.000000
3114.000000,3084.000000
3075.000000,3092.000000
1821.000000,3095.000000
2788.000000,3098.000000
290.000000,3101.000000
867.000000,3103.000000
354.000000,3120.000000
1265.000000,3125.000000
3008.000000,3128.000000
1834.000000,3158.000000
704.000000,3170.000000
1558.000000,3173.000000
2180.000000,3173.000000
3205.000000,3184.000000
1877.000000,3189.000000
548.000000,3200.000000
559.000000,3204.000000
1162.000000,3218.000000
2355.000000,3218.000000
3114.000000,3221.000000
42.000000,3222.000000
933.000000,3222.000000
582.000000,3226.000000
3061.000000,3263.000000
2712.000000,3276.000000
1962.000000,3283.000000
3336.000000,3284.000000
3188.000000,3294.000000
1283.000000,3305.000000
3331.000000,3320.000000
98.000000,3324.000000
2904.000000,3326.000000
184.000000,3334.000000
LINES
878.000000,277.000000,913.000000,481.000000
1904.000000,2072.000000,2033.000000,2242.000000
2963.000000,3010.000000,2904.000000,3326.000000
168.000000,91.000000,848.000000,212.000000
2541.000000,39.000000,2378.000000,141.000000
3061.000000,3263.000000,2904.000000,3326.000000
1462.000000,1315.000000,1595.000000,1403.000000
1323.000000,1193.000000,1272.000000,1355.000000
1467.000000,1574.000000,1428.000000,1661.000000
2559.000000,1529.000000,2548.000000,1754.000000
1666.000000,1281.000000,1687.000000,1315.000000
2149.000000,374.000000,2367.000000,426.000000
2551.000000,2162.000000,2587.000000,2251.000000
1462.000000,1315.000000,1272.000000,1355.000000
1138.000000,544.000000,1186.000000,720.000000
1841.000000,1158.000000,1969.000000,1167.000000
1076.000000,3004.000000,933.000000,3222.000000
1813.000000,2177.000000,1716.000000,2247.000000
2915.000000,1649.000000,2939.000000,1766.000000
560.000000,1370.000000,428.000000,1421.000000
130.000000,767.000000,76.000000,1328.000000
1821.000000,3095.000000,1558.000000,3173.000000
332.000000,1826.000000,535.000000,1902.000000
1821.000000,3095.000000,1834.000000,3158.000000
2444.000000,2474.000000,2592.000000,3056.000000
2405.000000,2404.000000,2455.000000,2739.000000
2147.000000,527.000000,2035.000000,549.000000
3290.000000,1129.000000,3319.000000,1551.000000
168.000000,91.000000,212.000000,280.000000
196.000000,2165.000000,159.000000,2259.000000
2804.000000,435.000000,2990.000000,553.000000
1202.000000,1365.000000,1166.000000,1505.000000
113.000000,292.000000,134.000000,326.000000
2791.000000,1472.000000,2699.000000,1484.000000
3067.000000,27.000000,3264.000000,216.000000
2660.000000,27.000000,2990.000000,28.000000
1277.000000,300.000000,1101.000000,427.000000
1186.000000,720.000000,1102.000000,934.000000
955.000000,2297.000000,902.000000,2803.000000
469.000000,994.000000,118.000000,1322.000000
1969.000000,1167.000000,2153.000000,1348.000000
168.000000,91.000000,44.000000,373.000000
1283.000000,3305.000000,184.000000,3334.000000
1277.000000,300.000000,1139.000000,367.000000
2133.000000,899.000000,2160.000000,1306.000000
3305.000000,664.000000,3326.000000,1580.000000
2559.000000,1529.000000,2675.000000,1813.000000
2727.000000,1059.000000,2895.000000,1335.000000
957.000000,1714.000000,1123.000000,1941.000000
882.000000,2570.000000,902.000000,2803.000000
3283.000000,2424.000000,3308.000000,2580.000000
1819.000000,1868.000000,1904.000000,2072.000000
582.000000,2730.000000,548.000000,2784.000000
139.000000,2544.000000,286.000000,2909.000000
1990.000000,106.000000,2149.000000,374.000000
1165.000000,2768.000000,1076.000000,3004.000000
2963.000000,3010.000000,3008.000000,3128.000000
2743.000000,534.000000,2931.000000,689.000000
941.000000,1109.000000,1084.000000,1133.000000
3290.000000,1129.000000,2953.000000,1236.000000
1162.000000,3218.000000,933.000000,3222.000000
44.000000,373.000000,40.000000,437.000000
2534.000000,2336.000000,3212.000000,2369.000000
442.000000,1683.000000,332.000000,1826.000000
2357.000000,262.000000,2367.000000,426.000000
37.000000,1772.000000,186.000000,2156.000000
423.000000,2592.000000,325.000000,2670.000000
1813.000000,2177.000000,1983.000000,2220.000000
286.000000,2909.000000,290.000000,3101.000000
2891.000000,1923.000000,3212.000000,2369.000000
1843.000000,1277.000000,1687.000000,1315.000000
1724.000000,401.000000,1857.000000,489.000000
706.000000,608.000000,661.000000,687.000000
2420.000000,2970.000000,2360.000000,2994.000000
1246.000000,2491.000000,1442.000000,2657.000000
942.000000,708.000000,694.000000,799.000000
1556.000000,1759.000000,1267.000000,2062.000000
3205.000000,3184.000000,3114.000000,3221.000000
1267.000000,2062.000000,1179.000000,2266.000000
2533.000000,312.000000,2584.000000,811.000000
2057.000000,2977.000000,2180.000000,3173.000000
2134.000000,2563.000000,1714.000000,2826.000000
474.000000,2590.000000,548.000000,2784.000000
2691.000000,2951.000000,2771.000000,3005.000000
3224.000000,1541.000000,3319.000000,1551.000000
1936.000000,85.000000,1808.000000,175.000000
1003.000000,1261.000000,741.000000,1362.000000
1904.000000,257.000000,2035.000000,549.000000
2541.000000,39.000000,2654.000000,120.000000
2584.000000,811.000000,2191.000000,849.000000
1834.000000,2440.000000,1867.000000,2453.000000
2197.000000,1967.000000,2033.000000,2242.000000
1313.000000,2732.000000,1714.000000,2826.000000
1108.000000,998.000000,1084.000000,1133.000000
212.000000,280.000000,661.000000,687.000000
1813.000000,2177.000000,2033.000000,2242.000000
1720.000000,1715.000000,1819.000000,1868.000000
1834.000000,2440.000000,1714.000000,2826.000000
2533.000000,312.000000,2743.000000,534.000000
2577.000000,1541.000000,2906.000000,1680.000000
1138.000000,544.000000,1343.000000,731.000000
2162.000000,1736.000000,1819.000000,1868.000000
1693.000000,1577.000000,1556.000000,1759.000000
1841.000000,1158.000000,1843.000000,1277.000000
1164.000000,968.000000,1221.000000,1048.000000
2497.000000,2849.000000,2360.000000,2994.000000
1428.000000,1661.000000,1556.000000,1759.000000
2455.000000,2739.000000,2497.000000,2849.000000
2077.000000,9.000000,2315.000000,140.000000
955.000000,2297.000000,1295.000000,2688.000000
2603.000000,2495.000000,2711.000000,2500.000000
2077.000000,9.000000,2025.000000,116.000000
2648.000000,3040.000000,2712.000000,3276.000000
474.000000,2590.000000,325.000000,2670.000000
2804.000000,1017.000000,2727.000000,1059.000000
2953.000000,1574.000000,3017.000000,1647.000000
2675.000000,1813.000000,2626.000000,2081.000000
1101.000000,427.000000,1363.000000,635.000000
1834.000000,3158.000000,1283.000000,3305.000000
3326.000000,1580.000000,3017.000000,1647.000000
1793.000000,1459.000000,1733.000000,1463.000000
1272.000000,1355.000000,1296.000000,1505.000000
696.000000,2314.000000,823.000000,2323.000000
931.000000,89.000000,168.000000,91.000000
967.000000,2958.000000,867.000000,3103.000000
1416.000000,130.000000,1514.000000,237.000000
1997.000000,1027.000000,1841.000000,1158.000000
2720.000000,192.000000,2695.000000,207.000000
286.000000,2909.000000,42.000000,3222.000000
1442.000000,2657.000000,1295.000000,2688.000000
1333.000000,385.000000,1101.000000,427.000000
1189.000000,38.000000,168.000000,91.000000
955.000000,2297.000000,882.000000,2570.000000
59.000000,2422.000000,286.000000,2909.000000
763.000000,1091.000000,741.000000,1362.000000
1969.000000,1167.000000,2160.000000,1306.000000
913.000000,481.000000,823.000000,495.000000
325.000000,2670.000000,548.000000,2784.000000
2033.000000,2242.000000,1716.000000,2247.000000
661.000000,687.000000,694.000000,799.000000
2149.000000,374.000000,2147.000000,527.000000
1157.000000,1909.000000,1338.000000,1982.000000
968.000000,2133.000000,771.000000,2195.000000
2160.000000,1306.000000,2153.000000,1348.000000
2953.000000,1236.000000,3284.000000,1464.000000
428.000000,1700.000000,37.000000,1772.000000
1843.000000,1277.000000,1931.000000,1437.000000
860.000000,570.000000,1186.000000,720.000000
1819.000000,1868.000000,1716.000000,2247.000000
134.000000,326.000000,44.000000,373.000000
3188.000000,3294.000000,3331.000000,3320.000000
1272.000000,1355.000000,1202.000000,1365.000000
2660.000000,27.000000,2541.000000,39.000000
2133.000000,899.000000,1969.000000,1167.000000
445.000000,2469.000000,423.000000,2592.000000
998.000000,277.000000,1139.000000,367.000000
2355.000000,3218.000000,2904.000000,3326.000000
1195.000000,780.000000,1164.000000,934.000000
2977.000000,687.000000,3011.000000,1089.000000
1246.000000,2491.000000,1295.000000,2688.000000
455.000000,2381.000000,464.000000,2392.000000
823.000000,495.000000,860.000000,570.000000
848.000000,212.000000,706.000000,608.000000
1664.000000,976.000000,1841.000000,1158.000000
3200.000000,487.000000,3061.000000,612.000000
1533.000000,157.000000,1808.000000,175.000000
1896.000000,920.000000,1664.000000,976.000000
2282.000000,1226.000000,2480.000000,1261.000000
1265.000000,3125.000000,1162.000000,3218.000000
2191.000000,849.000000,2133.000000,899.000000
2711.000000,2500.000000,2828.000000,2527.000000
1323.000000,1193.000000,1462.000000,1315.000000
2990.000000,28.000000,2885.000000,95.000000
3057.000000,154.000000,2804.000000,435.000000
1627.000000,903.000000,1570.000000,948.000000
474.000000,2590.000000,582.000000,2730.000000
1428.000000,1661.000000,1307.000000,1800.000000
139.000000,2544.000000,423.000000,2592.000000
1987.000000,693.000000,1627.000000,903.000000
2534.000000,2336.000000,2550.000000,2514.000000
2315.000000,140.000000,2357.000000,262.000000
3331.000000,2899.000000,3336.000000,3284.000000
589.000000,3052.000000,704.000000,3170.000000
700.000000,945.000000,469.000000,994.000000
3224.000000,1541.000000,3326.000000,1580.000000
1618.000000,1470.000000,1693.000000,1577.000000
3057.000000,154.000000,2425.000000,267.000000
666.000000,2084.000000,771.000000,2195.000000
1559.000000,536.000000,1363.000000,635.000000
2711.000000,2500.000000,2550.000000,2514.000000
1223.000000,906.000000,1498.000000,941.000000
196.000000,2165.000000,455.000000,2381.000000
525.000000,1788.000000,772.000000,1957.000000
1533.000000,157.000000,1724.000000,401.000000
1693.000000,1577.000000,1903.000000,1632.000000
741.000000,1362.000000,560.000000,1370.000000
1936.000000,85.000000,1904.000000,257.000000
319.000000,2423.000000,423.000000,2592.000000
763.000000,1091.000000,1003.000000,1261.000000
2648.000000,3040.000000,2592.000000,3056.000000
1724.000000,401.000000,1559.000000,536.000000
806.000000,1436.000000,781.000000,1576.000000
3008.000000,3128.000000,2904.000000,3326.000000
955.000000,2297.000000,823.000000,2323.000000
1088.000000,1347.000000,1202.000000,1365.000000
2085.000000,787.000000,2191.000000,849.000000
731.000000,2268.000000,823.000000,2323.000000
2512.000000,2887.000000,2592.000000,3056.000000
2380.000000,1829.000000,2401.000000,2187.000000
198.000000,2550.000000,423.000000,2592.000000
2077.000000,9.000000,1483.000000,32.000000
781.000000,1576.000000,1129.000000,1579.000000
3298.000000,2605.000000,3129.000000,2881.000000
1246.000000,2491.000000,1281.000000,2532.000000
1570.000000,948.000000,1664.000000,976.000000
1343.000000,731.000000,1223.000000,906.000000
1240.000000,674.000000,1186.000000,720.000000
1969.000000,1167.000000,1843.000000,1277.000000
159.000000,2259.000000,319.000000,2423.000000
1904.000000,2072.000000,1983.000000,2220.000000
3006.000000,1102.000000,3290.000000,1129.000000
2483.000000,1338.000000,2237.000000,1578.000000
1108.000000,998.000000,1108.000000,1034.000000
3067.000000,27.000000,3004.000000,37.000000
763.000000,1091.000000,941.000000,1109.000000
1416.000000,130.000000,1533.000000,157.000000
2691.000000,2951.000000,2648.000000,3040.000000
1618.000000,1470.000000,1467.000000,1574.000000
2512.000000,2887.000000,2434.000000,3049.000000
2699.000000,1484.000000,2906.000000,1680.000000
3017.000000,1647.000000,3307.000000,2333.000000
2675.000000,1813.000000,2891.000000,1923.000000
1019.000000,2168.000000,935.000000,2175.000000
3061.000000,3263.000000,3188.000000,3294.000000
2809.000000,1786.000000,2891.000000,1923.000000
1223.000000,906.000000,1438.000000,1091.000000
3057.000000,154.000000,2990.000000,553.000000
2574.000000,1433.000000,2699.000000,1484.000000
212.000000,280.000000,317.000000,900.000000
82.000000,1450.000000,428.000000,1700.000000
1690.000000,1641.000000,1556.000000,1759.000000
2153.000000,1348.000000,1903.000000,1632.000000
2675.000000,1813.000000,2599.000000,1941.000000
741.000000,1362.000000,781.000000,1576.000000
212.000000,280.000000,40.000000,437.000000
860.000000,570.000000,942.000000,708.000000
2559.000000,1529.000000,2577.000000,1541.000000
1489.000000,1061.000000,1473.000000,1086.000000
1666.000000,1281.000000,1462.000000,1315.000000
3112.000000,1568.000000,3326.000000,1580.000000
3061.000000,612.000000,2931.000000,689.000000
1627.000000,903.000000,1498.000000,941.000000
2282.000000,1226.000000,2153.000000,1348.000000
1483.000000,32.000000,1189.000000,38.000000
1969.000000,1167.000000,1931.000000,1437.000000
1003.000000,1261.000000,1002.000000,1449.000000
186.000000,2156.000000,59.000000,2422.000000
2360.000000,2994.000000,2434.000000,3049.000000
933.000000,136.000000,878.000000,277.000000
696.000000,2314.000000,464.000000,2392.000000
1869.000000,491.000000,1830.000000,526.000000
525.000000,1788.000000,694.000000,1796.000000
2548.000000,1754.000000,2599.000000,1941.000000
2574.000000,1433.000000,2559.000000,1529.000000
2480.000000,1261.000000,2483.000000,1338.000000
931.000000,89.000000,1321.000000,229.000000
1716.000000,2247.000000,1834.000000,2440.000000
935.000000,2175.000000,731.000000,2268.000000
2455.000000,2739.000000,2223.000000,2751.000000
1165.000000,2768.000000,967.000000,2958.000000
317.000000,900.000000,469.000000,994.000000
2355.000000,3218.000000,2712.000000,3276.000000
694.000000,799.000000,1037.000000,938.000000
469.000000,994.000000,76.000000,1328.000000
2626.000000,843.000000,2804.000000,1017.000000
933.000000,136.000000,848.000000,212.000000
1877.000000,3189.000000,1962.000000,3283.000000
882.000000,2570.000000,474.000000,2590.000000
1556.000000,1759.000000,1307.000000,1800.000000
168.000000,91.000000,113.000000,292.000000
2085.000000,787.000000,1896.000000,920.000000
1102.000000,934.000000,1037.000000,938.000000
2149.000000,374.000000,2035.000000,549.000000
1138.000000,544.000000,1363.000000,635.000000
1714.000000,2826.000000,1821.000000,3095.000000
3075.000000,3092.000000,3061.000000,3263.000000
2483.000000,1338.000000,2559.000000,1529.000000
781.000000,1576.000000,957.000000,1714.000000
2626.000000,2081.000000,2587.000000,2251.000000
76.000000,1328.000000,35.000000,1604.000000
2134.000000,2563.000000,2455.000000,2739.000000
212.000000,280.000000,113.000000,292.000000
2626.000000,2081.000000,2551.000000,2162.000000
2548.000000,1754.000000,2380.000000,1829.000000
2727.000000,1059.000000,2699.000000,1484.000000
1849.000000,2909.000000,2057.000000,2977.000000
2587.000000,2251.000000,2534.000000,2336.000000
957.000000,1714.000000,694.000000,1796.000000
2360.000000,2994.000000,2355.000000,3218.000000
1221.000000,1048.000000,1088.000000,1347.000000
2085.000000,787.000000,1664.000000,976.000000
1037.000000,938.000000,1108.000000,998.000000
2559.000000,1529.000000,2237.000000,1578.000000
3264.000000,216.000000,3305.000000,664.000000
2885.000000,95.000000,3057.000000,154.000000
168.000000,91.000000,706.000000,608.000000
2828.000000,2527.000000,2691.000000,2951.000000
354.000000,3120.000000,548.000000,3200.000000
589.000000,3052.000000,559.000000,3204.000000
3212.000000,2369.000000,3298.000000,2605.000000
336.000000,925.000000,469.000000,994.000000
2284.000000,2068.000000,2033.000000,2242.000000
2405.000000,2404.000000,2134.000000,2563.000000
3017.000000,1647.000000,2939.000000,1766.000000
37.000000,1772.000000,332.000000,1826.000000
2025.000000,116.000000,2315.000000,140.000000
130.000000,767.000000,129.000000,1061.000000
1186.000000,720.000000,1195.000000,780.000000
2153.000000,1348.000000,1931.000000,1437.000000
2483.000000,1338.000000,2574.000000,1433.000000
2711.000000,2500.000000,2875.000000,2533.000000
806.000000,1436.000000,1002.000000,1449.000000
1123.000000,1941.000000,1019.000000,2168.000000
931.000000,89.000000,848.000000,212.000000
3011.000000,1089.000000,2953.000000,1236.000000
1102.000000,934.000000,1164.000000,968.000000
3305.000000,664.000000,3290.000000,1129.000000
731.000000,2268.000000,696.000000,2314.000000
957.000000,1714.000000,968.000000,2133.000000
469.000000,994.000000,560.000000,1370.000000
1442.000000,2657.000000,1313.000000,2732.000000
2788.000000,3098.000000,2712.000000,3276.000000
442.000000,1683.000000,525.000000,1788.000000
2550.000000,2514.000000,2691.000000,2951.000000
1221.000000,1048.000000,1084.000000,1133.000000
2891.000000,1923.000000,2587.000000,2251.000000
1338.000000,1982.000000,1267.000000,2062.000000
3061.000000,612.000000,2977.000000,687.000000
113.000000,292.000000,44.000000,373.000000
1912.000000,1633.000000,2071.000000,1644.000000
2699.000000,1484.000000,2577.000000,1541.000000
134.000000,326.000000,40.000000,437.000000
931.000000,89.000000,998.000000,277.000000
1182.000000,1588.000000,1428.000000,1661.000000
1363.000000,635.000000,1343.000000,731.000000
1716.000000,2247.000000,1442.000000,2657.000000
469.000000,994.000000,741.000000,1362.000000
2223.000000,2751.000000,2184.000000,2860.000000
455.000000,2381.000000,319.000000,2423.000000
1997.000000,1027.000000,1969.000000,1167.000000
2035.000000,549.000000,1987.000000,693.000000
1162.000000,3218.000000,184.000000,3334.000000
2660.000000,27.000000,3067.000000,27.000000
535.000000,1902.000000,666.000000,2084.000000
317.000000,900.000000,129.000000,1061.000000
1987.000000,693.000000,2191.000000,849.000000
2599.000000,1941.000000,2626.000000,2081.000000
1002.000000,1449.000000,781.000000,1576.000000
1775.000000,2159.000000,1716.000000,2247.000000
1195.000000,780.000000,1223.000000,906.000000
1416.000000,130.000000,1368.000000,159.000000
1002.000000,1449.000000,1129.000000,1579.000000
464.000000,2392.000000,474.000000,2590.000000
442.000000,1683.000000,428.000000,1700.000000
1687.000000,1315.000000,1793.000000,1459.000000
2828.000000,2527.000000,2771.000000,3005.000000
3307.000000,2333.000000,3283.000000,2424.000000
1485.000000,421.000000,1363.000000,635.000000
666.000000,2084.000000,482.000000,2315.000000
1280.000000,1195.000000,1202.000000,1365.000000
2434.000000,3049.000000,2592.000000,3056.000000
535.000000,1902.000000,482.000000,2315.000000
2626.000000,843.000000,2727.000000,1059.000000
3004.000000,37.000000,2885.000000,95.000000
2791.000000,1472.000000,2915.000000,1649.000000
2634.000000,755.000000,2804.000000,1017.000000
76.000000,1328.000000,82.000000,1450.000000
2184.000000,2860.000000,2355.000000,3218.000000
3336.000000,3284.000000,3331.000000,3320.000000
1442.000000,2657.000000,1714.000000,2826.000000
1101.000000,427.000000,1046.000000,446.000000
186.000000,2156.000000,159.000000,2259.000000
2218.000000,1030.000000,2480.000000,1261.000000
1733.000000,1463.000000,1693.000000,1577.000000
1936.000000,85.000000,1990.000000,106.000000
186.000000,2156.000000,196.000000,2165.000000
3200.000000,487.000000,2990.000000,553.000000
336.000000,925.000000,129.000000,1061.000000
3326.000000,1580.000000,3331.000000,2899.000000
1129.000000,1579.000000,1182.000000,1588.000000
1627.000000,903.000000,1664.000000,976.000000
933.000000,3222.000000,184.000000,3334.000000
1834.000000,3158.000000,1962.000000,3283.000000
2541.000000,39.000000,2425.000000,267.000000
1307.000000,1800.000000,1157.000000,1909.000000
582.000000,3226.000000,184.000000,3334.000000
2153.000000,1348.000000,2237.000000,1578.000000
548.000000,3200.000000,184.000000,3334.000000
1138.000000,544.000000,860.000000,570.000000
2357.000000,262.000000,2425.000000,267.000000
913.000000,481.000000,860.000000,570.000000
848.000000,212.000000,878.000000,277.000000
582.000000,2730.000000,704.000000,3170.000000
276.000000,2271.000000,455.000000,2381.000000
3114.000000,3084.000000,3114.000000,3221.000000
525.000000,1788.000000,535.000000,1902.000000
1003.000000,1261.000000,1088.000000,1347.000000
3017.000000,1647.000000,2891.000000,1923.000000
2357.000000,262.000000,2224.000000,301.000000
1296.000000,1505.000000,1467.000000,1574.000000
2184.000000,2860.000000,2180.000000,3173.000000
2990.000000,28.000000,2654.000000,120.000000
3212.000000,2369.000000,2875.000000,2533.000000
1687.000000,1315.000000,1733.000000,1463.000000
428.000000,1421.000000,82.000000,1450.000000
1904.000000,257.000000,2149.000000,374.000000
2660.000000,27.000000,2654.000000,120.000000
2085.000000,787.000000,2050.000000,871.000000
1438.000000,1091.000000,1323.000000,1193.000000
1687.000000,1315.000000,1595.000000,1403.000000
2990.000000,28.000000,2720.000000,192.000000
935.000000,2175.000000,955.000000,2297.000000
867.000000,3103.000000,704.000000,3170.000000
469.000000,994.000000,129.000000,1061.000000
2355.000000,3218.000000,1962.000000,3283.000000
2455.000000,2739.000000,2360.000000,2994.000000
931.000000,89.000000,1368.000000,159.000000
1295.000000,2688.000000,1322.000000,2834.000000
1931.000000,1437.000000,1903.000000,1632.000000
1841.000000,1158.000000,1666.000000,1281.000000
1693.000000,1577.000000,1767.000000,1652.000000
2939.000000,1766.000000,2809.000000,1786.000000
1841.000000,1158.000000,1323.000000,1193.000000
2184.000000,2860.000000,2360.000000,2994.000000
2771.000000,3005.000000,2788.000000,3098.000000
2425.000000,267.000000,2367.000000,426.000000
3114.000000,3084.000000,3205.000000,3184.000000
2634.000000,755.000000,2626.000000,843.000000
1825.000000,1504.000000,1903.000000,1632.000000
823.000000,495.000000,694.000000,799.000000
931.000000,89.000000,933.000000,136.000000
2284.000000,2068.000000,2386.000000,2367.000000
3114.000000,3221.000000,3061.000000,3263.000000
882.000000,2570.000000,582.000000,2730.000000
2371.000000,138.000000,2315.000000,140.000000
2077.000000,9.000000,2371.000000,138.000000
3283.000000,2424.000000,3298.000000,2605.000000
3011.000000,1089.000000,3290.000000,1129.000000
3129.000000,2881.000000,3331.000000,2899.000000
2533.000000,312.000000,2367.000000,426.000000
3008.000000,3128.000000,3061.000000,3263.000000
1108.000000,998.000000,763.000000,1091.000000
1108.000000,1034.000000,1084.000000,1133.000000
2315.000000,140.000000,2224.000000,301.000000
967.000000,2958.000000,933.000000,3222.000000
772.000000,1957.000000,771.000000,2195.000000
139.000000,2544.000000,198.000000,2550.000000
474.000000,2590.000000,423.000000,2592.000000
1903.000000,1632.000000,2162.000000,1736.000000
2895.000000,1335.000000,2699.000000,1484.000000
1322.000000,2834.000000,1076.000000,3004.000000
3129.000000,2881.000000,3114.000000,3084.000000
2284.000000,2068.000000,1867.000000,2453.000000
2371.000000,138.000000,2378.000000,141.000000
2804.000000,1017.000000,3011.000000,1089.000000
290.000000,3101.000000,548.000000,3200.000000
3224.000000,1541.000000,2953.000000,1574.000000
2354.000000,1789.000000,2197.000000,1967.000000
2906.000000,2720.000000,2963.000000,3010.000000
2282.000000,1226.000000,2237.000000,1578.000000
1462.000000,1315.000000,1296.000000,1505.000000
2963.000000,3010.000000,2788.000000,3098.000000
1489.000000,1061.000000,1438.000000,1091.000000
1987.000000,693.000000,1664.000000,976.000000
2237.000000,1578.000000,1903.000000,1632.000000
1195.000000,780.000000,1102.000000,934.000000
968.000000,2133.000000,935.000000,2175.000000
1323.000000,1193.000000,1280.000000,1195.000000
2541.000000,39.000000,2695.000000,207.000000
942.000000,708.000000,1186.000000,720.000000
2548.000000,1754.000000,2354.000000,1789.000000
666.000000,2084.000000,731.000000,2268.000000
442.000000,1683.000000,694.000000,1796.000000
1720.000000,1715.000000,1556.000000,1759.000000
2147.000000,527.000000,2208.000000,752.000000
1775.000000,2159.000000,1813.000000,2177.000000
2282.000000,1226.000000,2160.000000,1306.000000
1295.000000,2688.000000,1076.000000,3004.000000
3075.000000,3092.000000,3008.000000,3128.000000
935.000000,2175.000000,771.000000,2195.000000
1223.000000,906.000000,1164.000000,934.000000
1556.000000,1759.000000,1338.000000,1982.000000
1687.000000,1315.000000,1618.000000,1470.000000
2162.000000,1736.000000,1904.000000,2072.000000
1733.000000,1463.000000,1825.000000,1504.000000
2552.000000,854.000000,2218.000000,1030.000000
931.000000,89.000000,1277.000000,300.000000
2634.000000,755.000000,3011.000000,1089.000000
2552.000000,854.000000,2727.000000,1059.000000
2444.000000,2474.000000,2497.000000,2849.000000
2603.000000,2495.000000,2550.000000,2514.000000
3307.000000,2333.000000,3331.000000,2899.000000
560.000000,1370.000000,781.000000,1576.000000
319.000000,2423.000000,198.000000,2550.000000
2147.000000,527.000000,1987.000000,693.000000
1129.000000,1579.000000,1307.000000,1800.000000
2712.000000,3276.000000,2904.000000,3326.000000
2534.000000,2336.000000,2603.000000,2495.000000
3112.000000,1568.000000,2953.000000,1574.000000
1931.000000,1437.000000,1825.000000,1504.000000
332.000000,1826.000000,186.000000,2156.000000
2077.000000,9.000000,2660.000000,27.000000
2953.000000,1236.000000,2953.000000,1574.000000
1936.000000,85.000000,2025.000000,116.000000
560.000000,1370.000000,442.000000,1683.000000
1664.000000,976.000000,1869.000000,1070.000000
1467.000000,1574.000000,1556.000000,1759.000000
2512.000000,2887.000000,2420.000000,2970.000000
2386.000000,2367.000000,2134.000000,2563.000000
37.000000,1772.000000,42.000000,3222.000000
3319.000000,1551.000000,3326.000000,1580.000000
3284.000000,1464.000000,3224.000000,1541.000000
1108.000000,1034.000000,1221.000000,1048.000000
2401.000000,2187.000000,2386.000000,2367.000000
35.000000,1604.000000,42.000000,3222.000000
159.000000,2259.000000,139.000000,2544.000000
129.000000,1061.000000,76.000000,1328.000000
2025.000000,116.000000,2224.000000,301.000000
1716.000000,2247.000000,1867.000000,2453.000000
2197.000000,1967.000000,1904.000000,2072.000000
118.000000,1322.000000,76.000000,1328.000000
2208.000000,752.000000,2191.000000,849.000000
1483.000000,32.000000,1533.000000,157.000000
2444.000000,2474.000000,2550.000000,2514.000000
286.000000,2909.000000,354.000000,3120.000000
2077.000000,9.000000,1189.000000,38.000000
2885.000000,95.000000,2720.000000,192.000000
2162.000000,1736.000000,2197.000000,1967.000000
1666.000000,1281.000000,1595.000000,1403.000000
1904.000000,2072.000000,1813.000000,2177.000000
2875.000000,2533.000000,3298.000000,2605.000000
1483.000000,32.000000,931.000000,89.000000
469.000000,994.000000,428.000000,1421.000000
2626.000000,2081.000000,2401.000000,2187.000000
741.000000,1362.000000,806.000000,1436.000000
3205.000000,3184.000000,3188.000000,3294.000000
2875.000000,2533.000000,3009.000000,2601.000000
1904.000000,257.000000,1724.000000,401.000000
3011.000000,1089.000000,2895.000000,1335.000000
2915.000000,1649.000000,2919.000000,1768.000000
1166.000000,1505.000000,1182.000000,1588.000000
2077.000000,9.000000,2541.000000,39.000000
2828.000000,2527.000000,2875.000000,2533.000000
902.000000,2803.000000,888.000000,2958.000000
2237.000000,1578.000000,2354.000000,1789.000000
589.000000,3052.000000,548.000000,3200.000000
2059.000000,2873.000000,1849.000000,2909.000000
1313.000000,2732.000000,1322.000000,2834.000000
771.000000,2195.000000,731.000000,2268.000000
2828.000000,2527.000000,3009.000000,2601.000000
1857.000000,489.000000,1869.000000,491.000000
1322.000000,2834.000000,1265.000000,3125.000000
276.000000,2271.000000,319.000000,2423.000000
3331.000000,3320.000000,2904.000000,3326.000000
2771.000000,3005.000000,2963.000000,3010.000000
3234.000000,1764.000000,3307.000000,2333.000000
888.000000,2958.000000,867.000000,3103.000000
2223.000000,2751.000000,2360.000000,2994.000000
2891.000000,1923.000000,2534.000000,2336.000000
1046.000000,446.000000,860.000000,570.000000
902.000000,2803.000000,704.000000,3170.000000
2534.000000,2336.000000,2875.000000,2533.000000
2444.000000,2474.000000,2455.000000,2739.000000
942.000000,708.000000,1037.000000,938.000000
2791.000000,1472.000000,2906.000000,1680.000000
464.000000,2392.000000,445.000000,2469.000000
3017.000000,1647.000000,3212.000000,2369.000000
1489.000000,1061.000000,1841.000000,1158.000000
2184.000000,2860.000000,2059.000000,2873.000000
2434.000000,3049.000000,2355.000000,3218.000000
2378.000000,141.000000,2425.000000,267.000000
2648.000000,3040.000000,2355.000000,3218.000000
286.000000,2909.000000,589.000000,3052.000000
1164.000000,934.000000,1164.000000,968.000000
1983.000000,2220.000000,2033.000000,2242.000000
1857.000000,489.000000,1559.000000,536.000000
3061.000000,612.000000,3305.000000,664.000000
1693.000000,1577.000000,1690.000000,1641.000000
2057.000000,2977.000000,1877.000000,3189.000000
1841.000000,1158.000000,1462.000000,1315.000000
2895.000000,1335.000000,2953.000000,1574.000000
2977.000000,687.000000,2634.000000,755.000000
2367.000000,426.000000,2147.000000,527.000000
888.000000,2958.000000,967.000000,2958.000000
2885.000000,95.000000,2695.000000,207.000000
2906.000000,2720.000000,3129.000000,2881.000000
2315.000000,140.000000,2378.000000,141.000000
1019.000000,2168.000000,1179.000000,2266.000000
1265.000000,3125.000000,1558.000000,3173.000000
40.000000,437.000000,130.000000,767.000000
2184.000000,2860.000000,2057.000000,2977.000000
2550.000000,2514.000000,2828.000000,2527.000000
2906.000000,1680.000000,2675.000000,1813.000000
2788.000000,3098.000000,2904.000000,3326.000000
1843.000000,1277.000000,1666.000000,1281.000000
2804.000000,435.000000,2743.000000,534.000000
1869.000000,1070.000000,1841.000000,1158.000000
482.000000,2315.000000,464.000000,2392.000000
2771.000000,3005.000000,2648.000000,3040.000000
2386.000000,2367.000000,2405.000000,2404.000000
3305.000000,664.000000,3319.000000,1551.000000
1485.000000,421.000000,1101.000000,427.000000
706.000000,608.000000,694.000000,799.000000
1931.000000,1437.000000,1793.000000,1459.000000
2133.000000,899.000000,1896.000000,920.000000
1533.000000,157.000000,1485.000000,421.000000
1321.000000,229.000000,1277.000000,300.000000
1570.000000,948.000000,1841.000000,1158.000000
1498.000000,941.000000,1570.000000,948.000000
2584.000000,811.000000,2626.000000,843.000000
878.000000,277.000000,1139.000000,367.000000
1323.000000,1193.000000,1202.000000,1365.000000
1084.000000,1133.000000,1088.000000,1347.000000
1296.000000,1505.000000,1182.000000,1588.000000
1595.000000,1403.000000,1296.000000,1505.000000
2904.000000,3326.000000,184.000000,3334.000000
1556.000000,1759.000000,1716.000000,2247.000000
1281.000000,2532.000000,1295.000000,2688.000000
2534.000000,2336.000000,2711.000000,2500.000000
2691.000000,2951.000000,2592.000000,3056.000000
1088.000000,1347.000000,1166.000000,1505.000000
1189.000000,38.000000,931.000000,89.000000
1903.000000,1632.000000,2071.000000,1644.000000
2133.000000,899.000000,1997.000000,1027.000000
1138.000000,544.000000,1240.000000,674.000000
1467.000000,1574.000000,1693.000000,1577.000000
1088.000000,1347.000000,1002.000000,1449.000000
1223.000000,906.000000,1221.000000,1048.000000
1267.000000,2062.000000,1442.000000,2657.000000
1912.000000,1633.000000,2162.000000,1736.000000
1164.000000,968.000000,1108.000000,998.000000
1321.000000,229.000000,1485.000000,421.000000
2180.000000,3173.000000,1962.000000,3283.000000
3017.000000,1647.000000,3234.000000,1764.000000
2727.000000,1059.000000,3011.000000,1089.000000
1221.000000,1048.000000,1438.000000,1091.000000
968.000000,2133.000000,1019.000000,2168.000000
1123.000000,1941.000000,1267.000000,2062.000000
1808.000000,175.000000,1904.000000,257.000000
2223.000000,2751.000000,2059.000000,2873.000000
212.000000,280.000000,706.000000,608.000000
2059.000000,2873.000000,2057.000000,2977.000000
3331.000000,2899.000000,3114.000000,3084.000000
2939.000000,1766.000000,2891.000000,1923.000000
2953.000000,1236.000000,2895.000000,1335.000000
1825.000000,1504.000000,1693.000000,1577.000000
2444.000000,2474.000000,2512.000000,2887.000000
325.000000,2670.000000,286.000000,2909.000000
2541.000000,39.000000,2371.000000,138.000000
1046.000000,446.000000,1138.000000,544.000000
3307.000000,2333.000000,3212.000000,2369.000000
2990.000000,553.000000,3061.000000,612.000000
1997.000000,1027.000000,1869.000000,1070.000000
2919.000000,1768.000000,2809.000000,1786.000000
1240.000000,674.000000,1343.000000,731.000000
772.000000,1957.000000,666.000000,2084.000000
428.000000,1421.000000,442.000000,1683.000000
2592.000000,3056.000000,2355.000000,3218.000000
2559.000000,1529.000000,2354.000000,1789.000000
1808.000000,175.000000,1724.000000,401.000000
2224.000000,301.000000,2149.000000,374.000000
2483.000000,1338.000000,2699.000000,1484.000000
1733.000000,1463.000000,1618.000000,1470.000000
3284.000000,1464.000000,2953.000000,1574.000000
2906.000000,1680.000000,2919.000000,1768.000000
1714.000000,2826.000000,2059.000000,2873.000000
1485.000000,421.000000,1559.000000,536.000000
2133.000000,899.000000,2282.000000,1226.000000
1857.000000,489.000000,1343.000000,731.000000
3057.000000,154.000000,3264.000000,216.000000
317.000000,900.000000,336.000000,925.000000
3307.000000,2333.000000,3308.000000,2580.000000
704.000000,3170.000000,559.000000,3204.000000
1182.000000,1588.000000,1307.000000,1800.000000
98.000000,3324.000000,184.000000,3334.000000
2133.000000,899.000000,2218.000000,1030.000000
3114.000000,3084.000000,3075.000000,3092.000000
3017.000000,1647.000000,2915.000000,1649.000000
560.000000,1370.000000,694.000000,1796.000000
1046.000000,446.000000,913.000000,481.000000
3057.000000,154.000000,2695.000000,207.000000
1767.000000,1652.000000,1720.000000,1715.000000
823.000000,2323.000000,882.000000,2570.000000
1037.000000,938.000000,763.000000,1091.000000
2648.000000,3040.000000,2788.000000,3098.000000
118.000000,1322.000000,428.000000,1421.000000
2977.000000,687.000000,3290.000000,1129.000000
1139.000000,367.000000,1101.000000,427.000000
942.000000,708.000000,1102.000000,934.000000
1687.000000,1315.000000,1931.000000,1437.000000
704.000000,3170.000000,933.000000,3222.000000
1166.000000,1505.000000,1129.000000,1579.000000
2695.000000,207.000000,2425.000000,267.000000
1834.000000,2440.000000,2134.000000,2563.000000
548.000000,2784.000000,286.000000,2909.000000
1102.000000,934.000000,1164.000000,934.000000
3009.000000,2601.000000,3129.000000,2881.000000
848.000000,212.000000,694.000000,799.000000
1157.000000,1909.000000,1267.000000,2062.000000
1724.000000,401.000000,1485.000000,421.000000
661.000000,687.000000,700.000000,945.000000
2444.000000,2474.000000,2691.000000,2951.000000
1202.000000,1365.000000,1296.000000,1505.000000
2533.000000,312.000000,2804.000000,435.000000
661.000000,687.000000,317.000000,900.000000
82.000000,1450.000000,35.000000,1604.000000
582.000000,2730.000000,589.000000,3052.000000
2085.000000,787.000000,2133.000000,899.000000
2809.000000,1786.000000,2675.000000,1813.000000
1819.000000,1868.000000,1775.000000,2159.000000
2743.000000,534.000000,2634.000000,755.000000
1343.000000,731.000000,1627.000000,903.000000
1849.000000,2909.000000,1877.000000,3189.000000
59.000000,2422.000000,42.000000,3222.000000
525.000000,1788.000000,332.000000,1826.000000
878.000000,277.000000,823.000000,495.000000
2990.000000,28.000000,3004.000000,37.000000
3011.000000,1089.000000,3006.000000,1102.000000
2584.000000,811.000000,2552.000000,854.000000
548.000000,3200.000000,582.000000,3226.000000
2077.000000,9.000000,1936.000000,85.000000
1904.000000,257.000000,1869.000000,491.000000
290.000000,3101.000000,42.000000,3222.000000
2237.000000,1578.000000,2162.000000,1736.000000
2953.000000,1574.000000,2915.000000,1649.000000
3284.000000,1464.000000,3319.000000,1551.000000
2284.000000,2068.000000,2401.000000,2187.000000
428.000000,1700.000000,332.000000,1826.000000
2551.000000,2162.000000,2534.000000,2336.000000
2791.000000,1472.000000,2953.000000,1574.000000
1570.000000,948.000000,1489.000000,1061.000000
1849.000000,2909.000000,1821.000000,3095.000000
867.000000,3103.000000,933.000000,3222.000000
548.000000,2784.000000,589.000000,3052.000000
2420.000000,2970.000000,2434.000000,3049.000000
59.000000,2422.000000,139.000000,2544.000000
3298.000000,2605.000000,3331.000000,2899.000000
2057.000000,2977.000000,1962.000000,3283.000000
3129.000000,2881.000000,3075.000000,3092.000000
2284.000000,2068.000000,2134.000000,2563.000000
2282.000000,1226.000000,2483.000000,1338.000000
967.000000,2958.000000,1076.000000,3004.000000
1483.000000,32.000000,1808.000000,175.000000
1139.000000,367.000000,913.000000,481.000000
1321.000000,229.000000,1514.000000,237.000000
548.000000,3200.000000,559.000000,3204.000000
1830.000000,526.000000,1627.000000,903.000000
1277.000000,300.000000,1333.000000,385.000000
186.000000,2156.000000,482.000000,2315.000000
3200.000000,487.000000,3305.000000,664.000000
1483.000000,32.000000,1368.000000,159.000000
535.000000,1902.000000,772.000000,1957.000000
2584.000000,811.000000,2218.000000,1030.000000
40.000000,437.000000,35.000000,1604.000000
589.000000,3052.000000,354.000000,3120.000000
1834.000000,2440.000000,1442.000000,2657.000000
2743.000000,534.000000,2584.000000,811.000000
2134.000000,2563.000000,2223.000000,2751.000000
1368.000000,159.000000,1321.000000,229.000000
2386.000000,2367.000000,2444.000000,2474.000000
559.000000,3204.000000,582.000000,3226.000000
1834.000000,3158.000000,1558.000000,3173.000000
319.000000,2423.000000,139.000000,2544.000000
935.000000,2175.000000,1179.000000,2266.000000
1483.000000,32.000000,1416.000000,130.000000
2548.000000,1754.000000,2675.000000,1813.000000
35.000000,1604.000000,37.000000,1772.000000
1280.000000,1195.000000,1088.000000,1347.000000
3129.000000,2881.000000,3008.000000,3128.000000
1714.000000,2826.000000,1558.000000,3173.000000
1690.000000,1641.000000,1720.000000,1715.000000
2354.000000,1789.000000,2380.000000,1829.000000
1857.000000,489.000000,1363.000000,635.000000
2906.000000,2720.000000,2771.000000,3005.000000
1830.000000,526.000000,1987.000000,693.000000
2134.000000,2563.000000,2059.000000,2873.000000
1990.000000,106.000000,1904.000000,257.000000
3057.000000,154.000000,2533.000000,312.000000
2906.000000,1680.000000,2809.000000,1786.000000
1221.000000,1048.000000,1280.000000,1195.000000
1498.000000,941.000000,1438.000000,1091.000000
118.000000,1322.000000,82.000000,1450.000000
130.000000,767.000000,317.000000,900.000000
1867.000000,2453.000000,2134.000000,2563.000000
130.000000,767.000000,35.000000,1604.000000
1857.000000,489.000000,1830.000000,526.000000
731.000000,2268.000000,482.000000,2315.000000
3004.000000,37.000000,3057.000000,154.000000
2050.000000,871.000000,2133.000000,899.000000
3336.000000,3284.000000,3188.000000,3294.000000
1267.000000,2062.000000,1246.000000,2491.000000
482.000000,2315.000000,455.000000,2381.000000
933.000000,3222.000000,582.000000,3226.000000
139.000000,2544.000000,325.000000,2670.000000
2895.000000,1335.000000,2791.000000,1472.000000
1179.000000,2266.000000,1246.000000,2491.000000
1084.000000,1133.000000,1003.000000,1261.000000
704.000000,3170.000000,582.000000,3226.000000
1267.000000,2062.000000,1716.000000,2247.000000
1343.000000,731.000000,1498.000000,941.000000
1108.000000,998.000000,941.000000,1109.000000
941.000000,1109.000000,1003.000000,1261.000000
2828.000000,2527.000000,2906.000000,2720.000000
781.000000,1576.000000,694.000000,1796.000000
1076.000000,3004.000000,1265.000000,3125.000000
2071.000000,1644.000000,2162.000000,1736.000000
696.000000,2314.000000,482.000000,2315.000000
2380.000000,1829.000000,2626.000000,2081.000000
878.000000,277.000000,998.000000,277.000000
1162.000000,3218.000000,1283.000000,3305.000000
212.000000,280.000000,134.000000,326.000000
3205.000000,3184.000000,3336.000000,3284.000000
2891.000000,1923.000000,2626.000000,2081.000000
2727.000000,1059.000000,2480.000000,1261.000000
1903.000000,1632.000000,1912.000000,1633.000000
700.000000,945.000000,763.000000,1091.000000
3188.000000,3294.000000,2904.000000,3326.000000
37.000000,1772.000000,59.000000,2422.000000
1483.000000,32.000000,1936.000000,85.000000
902.000000,2803.000000,867.000000,3103.000000
2931.000000,689.000000,2634.000000,755.000000
2033.000000,2242.000000,1867.000000,2453.000000
1473.000000,1086.000000,1323.000000,1193.000000
1793.000000,1459.000000,1825.000000,1504.000000
3308.000000,2580.000000,3331.000000,2899.000000
1904.000000,2072.000000,1775.000000,2159.000000
3129.000000,2881.000000,2963.000000,3010.000000
2480.000000,1261.000000,2699.000000,1484.000000
1129.000000,1579.000000,957.000000,1714.000000
3326.000000,1580.000000,3307.000000,2333.000000
2534.000000,2336.000000,2444.000000,2474.000000
159.000000,2259.000000,276.000000,2271.000000
2380.000000,1829.000000,2197.000000,1967.000000
1869.000000,491.000000,1987.000000,693.000000
2497.000000,2849.000000,2512.000000,2887.000000
1834.000000,3158.000000,1877.000000,3189.000000
2425.000000,267.000000,2533.000000,312.000000
1690.000000,1641.000000,1767.000000,1652.000000
694.000000,799.000000,763.000000,1091.000000
2915.000000,1649.000000,2906.000000,1680.000000
2574.000000,1433.000000,2577.000000,1541.000000
42.000000,3222.000000,184.000000,3334.000000
2743.000000,534.000000,2990.000000,553.000000
2077.000000,9.000000,3067.000000,27.000000
1830.000000,526.000000,1343.000000,731.000000
3114.000000,3084.000000,3336.000000,3284.000000
2237.000000,1578.000000,2071.000000,1644.000000
2050.000000,871.000000,1896.000000,920.000000
2380.000000,1829.000000,2284.000000,2068.000000
933.000000,136.000000,998.000000,277.000000
1714.000000,2826.000000,1849.000000,2909.000000
1556.000000,1759.000000,1819.000000,1868.000000
428.000000,1421.000000,428.000000,1700.000000
1267.000000,2062.000000,1019.000000,2168.000000
731.000000,2268.000000,955.000000,2297.000000
1321.000000,229.000000,1333.000000,385.000000
1498.000000,941.000000,1489.000000,1061.000000
3224.000000,1541.000000,3112.000000,1568.000000
2191.000000,849.000000,2218.000000,1030.000000
2990.000000,553.000000,2931.000000,689.000000
1295.000000,2688.000000,902.000000,2803.000000
1767.000000,1652.000000,1819.000000,1868.000000
848.000000,212.000000,823.000000,495.000000
319.000000,2423.000000,445.000000,2469.000000
2147.000000,527.000000,2191.000000,849.000000
1003.000000,1261.000000,806.000000,1436.000000
469.000000,994.000000,763.000000,1091.000000
1295.000000,2688.000000,1313.000000,2732.000000
2953.000000,1574.000000,3326.000000,1580.000000
1473.000000,1086.000000,1438.000000,1091.000000
1223.000000,906.000000,1164.000000,968.000000
3067.000000,27.000000,3057.000000,154.000000
445.000000,2469.000000,474.000000,2590.000000
1322.000000,2834.000000,1558.000000,3173.000000
3067.000000,27.000000,2990.000000,28.000000
3290.000000,1129.000000,3284.000000,1464.000000
3006.000000,1102.000000,2953.000000,1236.000000
159.000000,2259.000000,59.000000,2422.000000
2577.000000,1541.000000,2675.000000,1813.000000
2551.000000,2162.000000,2386.000000,2367.000000
1165.000000,2768.000000,902.000000,2803.000000
860.000000,570.000000,694.000000,799.000000
3308.000000,2580.000000,3298.000000,2605.000000
3057.000000,154.000000,3200.000000,487.000000
2180.000000,3173.000000,2355.000000,3218.000000
696.000000,2314.000000,474.000000,2590.000000
1558.000000,3173.000000,1283.000000,3305.000000
290.000000,3101.000000,354.000000,3120.000000
2162.000000,1736.000000,2354.000000,1789.000000
2497.000000,2849.000000,2420.000000,2970.000000
1157.000000,1909.000000,1123.000000,1941.000000
3264.000000,216.000000,3200.000000,487.000000
694.000000,799.000000,700.000000,945.000000
196.000000,2165.000000,482.000000,2315.000000
1896.000000,920.000000,1997.000000,1027.000000
2551.000000,2162.000000,2401.000000,2187.000000
3212.000000,2369.000000,3283.000000,2424.000000
3114.000000,3084.000000,3061.000000,3263.000000
1076.000000,3004.000000,1162.000000,3218.000000
2654.000000,120.000000,2720.000000,192.000000
464.000000,2392.000000,319.000000,2423.000000
535.000000,1902.000000,186.000000,2156.000000
1240.000000,674.000000,1195.000000,780.000000
1307.000000,1800.000000,1338.000000,1982.000000
1514.000000,237.000000,1485.000000,421.000000
1221.000000,1048.000000,1323.000000,1193.000000
694.000000,1796.000000,968.000000,2133.000000
2634.000000,755.000000,2584.000000,811.000000
2218.000000,1030.000000,2282.000000,1226.000000
3326.000000,1580.000000,3234.000000,1764.000000
3305.000000,664.000000,2977.000000,687.000000
955.000000,2297.000000,1246.000000,2491.000000
1990.000000,106.000000,2025.000000,116.000000
2534.000000,2336.000000,2386.000000,2367.000000
931.000000,89.000000,1139.000000,367.000000
1903.000000,1632.000000,1767.000000,1652.000000
2147.000000,527.000000,2584.000000,811.000000
196.000000,2165.000000,276.000000,2271.000000
2977.000000,687.000000,2931.000000,689.000000
772.000000,1957.000000,968.000000,2133.000000
1123.000000,1941.000000,968.000000,2133.000000
1102.000000,934.000000,1108.000000,998.000000
2378.000000,141.000000,2357.000000,262.000000
1821.000000,3095.000000,1877.000000,3189.000000
2626.000000,843.000000,2552.000000,854.000000
1129.000000,1579.000000,1157.000000,1909.000000
902.000000,2803.000000,967.000000,2958.000000
2939.000000,1766.000000,2919.000000,1768.000000
1533.000000,157.000000,1514.000000,237.000000
1295.000000,2688.000000,1165.000000,2768.000000
3326.000000,1580.000000,3336.000000,3284.000000
1281.000000,2532.000000,1442.000000,2657.000000
957.000000,1714.000000,1157.000000,1909.000000
82.000000,1450.000000,37.000000,1772.000000
1368.000000,159.000000,1514.000000,237.000000
1002.000000,1449.000000,1166.000000,1505.000000
1724.000000,401.000000,1869.000000,491.000000
1767.000000,1652.000000,2162.000000,1736.000000
1179.000000,2266.000000,955.000000,2297.000000
1108.000000,998.000000,1221.000000,1048.000000
694.000000,1796.000000,772.000000,1957.000000
1333.000000,385.000000,1485.000000,421.000000
1296.000000,1505.000000,1428.000000,1661.000000
1313.000000,2732.000000,1558.000000,3173.000000
1962.000000,3283.000000,2904.000000,3326.000000
2197.000000,1967.000000,2284.000000,2068.000000
3114.000000,3221.000000,3188.000000,3294.000000
1990.000000,106.000000,2224.000000,301.000000
1283.000000,3305.000000,2904.000000,3326.000000
42.000000,3222.000000,98.000000,3324.000000
1473.000000,1086.000000,1841.000000,1158.000000
1896.000000,920.000000,1869.000000,1070.000000
3009.000000,2601.000000,2906.000000,2720.000000
2654.000000,120.000000,2695.000000,207.000000
2367.000000,426.000000,2584.000000,811.000000
2208.000000,752.000000,2584.000000,811.000000
1595.000000,1403.000000,1618.000000,1470.000000
582.000000,2730.000000,902.000000,2803.000000
212.000000,280.000000,130.000000,767.000000
2552.000000,854.000000,2480.000000,1261.000000
1166.000000,1505.000000,1296.000000,1505.000000
290.000000,3101.000000,184.000000,3334.000000
1962.000000,3283.000000,1283.000000,3305.000000
2548.000000,1754.000000,2626.000000,2081.000000
1987.000000,693.000000,2085.000000,787.000000
1139.000000,367.000000,1046.000000,446.000000
3009.000000,2601.000000,3298.000000,2605.000000
2224.000000,301.000000,2367.000000,426.000000
696.000000,2314.000000,882.000000,2570.000000
1869.000000,491.000000,2035.000000,549.000000
1265.000000,3125.000000,1283.000000,3305.000000
317.000000,900.000000,700.000000,945.000000
1343.000000,731.000000,1195.000000,780.000000
2405.000000,2404.000000,2444.000000,2474.000000
1595.000000,1403.000000,1467.000000,1574.000000
1101.000000,427.000000,1138.000000,544.000000
