POINTS
191.000000,1.000000
1603.000000,1.000000
2584.000000,15.000000
1492.000000,20.000000
2595.000000,37.000000
685.000000,42.000000
2276.000000,42.000000
2348.000000,51.000000
2652.000000,66.000000
1956.000000,76.000000
2081.000000,80.000000
340.000000,86.000000
1879.000000,120.000000
2137.000000,130.000000
958.000000,141.000000
1003.000000,145.000000
2630.000000,147.000000
2205.000000,177.000000
151.000000,178.000000
3016.000000,182.000000
1047.000000,195.000000
1258.000000,208.000000
1629.000000,209.000000
1181.000000,217.000000
2276.000000,226.000000
139.000000,241.000000
1538.000000,253.000000
2581.000000,253.000000
1671.000000,257.000000
2680.000000,257.000000
226.000000,289.000000
2237.000000,291.000000
1932.000000,294.000000
60.000000,304.000000
2148.000000,307.000000
3179.000000,315.000000
1141.000000,320.000000
712.000000,350.000000
650.000000,360.000000
1770.000000,362.000000
1616.000000,364.000000
3081.000000,365.000000
519.000000,366.000000
77.000000,376.000000
402.000000,381.000000
1631.000000,394.000000
669.000000,397.000000
2433.000000,406.000000
1387.000000,441.000000
278.000000,456.000000
784.000000,463.000000
305.000000,475.000000
1256.000000,480.000000
1038.000000,485.000000
1427.000000,488.000000
3151.000000,499.000000
886.000000,508.000000
595.000000,521.000000
50.000000,543.000000
2469.000000,547.000000
3143.000000,548.000000
451.000000,566.000000
2414.000000,589.000000
3059.000000,603.000000
225.000000,608.000000
2477.000000,615.000000
1376.000000,629.000000
3008.000000,636.000000
1207.000000,643.000000
173.000000,666.000000
3231.000000,673.000000
473.000000,674.000000
2463.000000,704.000000
2253.000000,714.000000
2448.000000,724.000000
2961.000000,742.000000
2134.000000,749.000000
3150.000000,752.000000
2761.000000,764.000000
3138.000000,793.000000
1788.000000,819.000000
2716.000000,843.000000
1045.000000,871.000000
310.000000,872.000000
2368.000000,873.000000
3241.000000,875.000000
1543.000000,878.000000
3342.000000,895.000000
2952.000000,899.000000
205.000000,908.000000
2326.000000,919.000000
16.000000,928.000000
2734.000000,928.000000
2395.000000,956.000000
1736.000000,958.000000
1844.000000,963.000000
180.000000,964.000000
564.000000,992.000000
2356.000000,993.000000
1029.000000,1040.000000
49.000000,1043.000000
2357.000000,1055.000000
1065.000000,1065.000000
2934.000000,1067.000000
424.000000,1071.000000
1726.000000,1074.000000
1828.000000,1076.000000
778.000000,1083.000000
3138.000000,1106.000000
750.000000,1120.000000
193.000000,1123.000000
3007.000000,1140.000000
1416.000000,1143.000000
2344.000000,1143.000000
2229.000000,1150.000000
2255.000000,1157.000000
863.000000,1160.000000
1084.000000,1163.000000
2199.000000,1199.000000
2403.000000,1200.000000
3182.000000,1200.000000
1588.000000,1212.000000
1096.000000,1217.000000
2355.000000,1226.000000
2139.000000,1227.000000
3269.000000,1244.000000
2449.000000,1252.000000
2694.000000,1257.000000
704.000000,1278.000000
3326.000000,1281.000000
3175.000000,1290.000000
2373.000000,1294.000000
1132.000000,1324.000000
2682.000000,1329.000000
708.000000,1336.000000
1103.000000,1338.000000
1733.000000,1340.000000
1276.000000,1341.000000
758.000000,1349.000000
2163.000000,1361.000000
1833.000000,1367.000000
3233.000000,1367.000000
342.000000,1379.000000
2889.000000,1384.000000
1368.000000,1390.000000
1929.000000,1394.000000
1058.000000,1408.000000
1803.000000,1416.000000
167.000000,1417.000000
1500.000000,1449.000000
228.000000,1456.000000
2875.000000,1456.000000
115.000000,1458.000000
452.000000,1471.000000
862.000000,1471.000000
3065.000000,1471.000000
2739.000000,1483.000000
1130.000000,1498.000000
3002.000000,1514.000000
2024.000000,1524.000000
3046.000000,1552.000000
1616.000000,1583.000000
1222.000000,1645.000000
1025.000000,1660.000000
1361.000000,1664.000000
3284.000000,1665.000000
3155.000000,1684.000000
784.000000,1687.000000
1912.000000,1689.000000
1328.000000,1692.000000
2875.000000,1710.000000
1093.000000,1723.000000
900.000000,1737.000000
2033.000000,1741.000000
2391.000000,1756.000000
2417.000000,1769.000000
2974.000000,1782.000000
809.000000,1784.000000
2734.000000,1810.000000
3053.000000,1811.000000
2519.000000,1828.000000
1959.000000,1839.000000
1018.000000,1840.000000
2580.000000,1851.000000
2384.000000,1864.000000
100.000000,1872.000000
230.000000,1879.000000
812.000000,1887.000000
951.000000,1896.000000
3348.000000,1915.000000
1330.000000,1923.000000
2772.000000,1937.000000
2077.000000,1942.000000
1231.000000,1952.000000
2424.000000,1960.000000
1427.000000,1962.000000
2803.000000,1964.000000
80.000000,1973.000000
167.000000,1986.000000
2478.000000,1986.000000
2435.000000,1987.000000
1824.000000,1991.000000
819.000000,2004.000000
1865.000000,2030.000000
2859.000000,2036.000000
3131.000000,2046.000000
2824.000000,2069.000000
1908.000000,2077.000000
2016.000000,2077.000000
584.000000,2089.000000
293.000000,2131.000000
1823.000000,2143.000000
1317.000000,2145.000000
1303.000000,2172.000000
3021.000000,2176.000000
3040.000000,2176.000000
2677.000000,2179.000000
861.000000,2184.000000
2755.000000,2195.000000
822.000000,2211.000000
1118.000000,2218.000000
2872.000000,2218.000000
3071.000000,2222.000000
2805.000000,2230.000000
190.000000,2270.000000
585.000000,2272.000000
2451.000000,2280.000000
909.000000,2311.000000
2094.000000,2311.000000
2012.000000,2326.000000
796.000000,2333.000000
1861.000000,2335.000000
972.000000,2336.000000
3079.000000,2344.000000
1563.000000,2346.000000
1522.000000,2371.000000
75.000000,2377.000000
538.000000,2401.000000
529.000000,2418.000000
2159.000000,2419.000000
3231.000000,2446.000000
646.000000,2462.000000
880.000000,2470.000000
2077.000000,2490.000000
1661.000000,2516.000000
2248.000000,2516.000000
3183.000000,2517.000000
1238.000000,2522.000000
2051.000000,2538.000000
1674.000000,2551.000000
1997.000000,2558.000000
261.000000,2566.000000
527.000000,2566.000000
2142.000000,2576.000000
2991.000000,2580.000000
2346.000000,2584.000000
1213.000000,2592.000000
2227.000000,2607.000000
2455.000000,2614.000000
1017.000000,2630.000000
103.000000,2634.000000
1296.000000,2640.000000
392.000000,2644.000000
1556.000000,2646.000000
123.000000,2663.000000
121.000000,2669.000000
918.000000,2671.000000
1069.000000,2679.000000
2051.000000,2682.000000
1289.000000,2707.000000
911.000000,2733.000000
232.000000,2736.000000
2924.000000,2744.000000
494.000000,2749.000000
949.000000,2752.000000
1545.000000,2765.000000
1265.000000,2781.000000
1256.000000,2785.000000
694.000000,2803.000000
93.000000,2808.000000
2516.000000,2836.000000
3024.000000,2843.000000
2229.000000,2851.000000
1124.000000,2856.000000
3071.000000,2874.000000
2079.000000,2878.000000
1462.000000,2898.000000
2074.000000,2909.000000
2891.000000,2916.000000
2195.000000,2919.000000
1511.000000,2928.000000
1320.000000,2940.000000
3056.000000,2949.000000
2088.000000,2954.000000
3312.000000,2969.000000
1139.000000,2987.000000
1387.000000,2987.000000
110.000000,2988.000000
256.000000,2989.000000
3143.000000,2999.000000
2060.000000,3003.000000
1513.000000,3022.000000
2992.000000,3033.000000
603.000000,3036.000000
1578.000000,3050.000000
221.000000,3062.000000
1558.000000,3078.000000
2677.000000,3080.000000
3167.000000,3116.000000
308.000000,3117.000000
2308.000000,3125.000000
995.000000,3126.000000
1348.000000,3130.000000
1311.000000,3143.000000
639.000000,3144.000000
20.000000,3160.000000
1946.000000,3160.000000
3350.000000,3168.000000
1473.000000,3178.000000
1377.000000,3180.000000
2859.000000,3195.000000
1768.000000,3196.000000
1259.000000,3212.000000
1084.000000,3252.000000
279.000000,3255.000000
1701.000000,3260.000000
1267.000000,3271.000000
1041.000000,3278.000000
1381.000000,3280.000000
1813.000000,3289.000000
3297.000000,3290.000000
2383.000000,3295.000000
573.000000,3316.000000
936.000000,3319.000000
2298.000000,3320.000000
3254.000000,3330.000000
LINES
2694.000000,1257.000000,2682.000000,1329.000000
538.000000,2401.000000,646.000000,2462.000000
1908.000000,2077.000000,2016.000000,2077.000000
1803.000000,1416.000000,1616.000000,1583.000000
2891.000000,2916.000000,2859.000000,3195.000000
2298.000000,3320.000000,3254.000000,3330.000000
2033.000000,1741.000000,2077.000000,1942.000000
2395.000000,956.000000,2449.000000,1252.000000
1908.000000,2077.000000,1861.000000,2335.000000
1330.000000,1923.000000,1231.000000,1952.000000
1348.000000,3130.000000,1377.000000,3180.000000
1017.000000,2630.000000,949.000000,2752.000000
2581.000000,253.000000,2469.000000,547.000000
1462.000000,2898.000000,1387.000000,2987.000000
519.000000,366.000000,595.000000,521.000000
1130.000000,1498.000000,1025.000000,1660.000000
669.000000,397.000000,886.000000,508.000000
3059.000000,603.000000,3138.000000,793.000000
1828.000000,1076.000000,2139.000000,1227.000000
1259.000000,3212.000000,1084.000000,3252.000000
911.000000,2733.000000,1124.000000,2856.000000
3175.000000,1290.000000,3233.000000,1367.000000
402.000000,381.000000,305.000000,475.000000
1003.000000,145.000000,1181.000000,217.000000
2384.000000,1864.000000,2424.000000,1960.000000
3002.000000,1514.000000,3046.000000,1552.000000
1377.000000,3180.000000,1259.000000,3212.000000
564.000000,992.000000,342.000000,1379.000000
519.000000,366.000000,669.000000,397.000000
2148.000000,307.000000,2134.000000,749.000000
1768.000000,3196.000000,1813.000000,3289.000000
1289.000000,2707.000000,1256.000000,2785.000000
205.000000,908.000000,16.000000,928.000000
3016.000000,182.000000,3081.000000,365.000000
2051.000000,2682.000000,2074.000000,2909.000000
1207.000000,643.000000,1096.000000,1217.000000
20.000000,3160.000000,279.000000,3255.000000
261.000000,2566.000000,123.000000,2663.000000
1084.000000,3252.000000,936.000000,3319.000000
2414.000000,589.000000,2477.000000,615.000000
639.000000,3144.000000,936.000000,3319.000000
2237.000000,291.000000,2253.000000,714.000000
2391.000000,1756.000000,2384.000000,1864.000000
2051.000000,2682.000000,2060.000000,3003.000000
2142.000000,2576.000000,2229.000000,2851.000000
1132.000000,1324.000000,1103.000000,1338.000000
1387.000000,2987.000000,1348.000000,3130.000000
2403.000000,1200.000000,2355.000000,1226.000000
972.000000,2336.000000,880.000000,2470.000000
2803.000000,1964.000000,3131.000000,2046.000000
1823.000000,2143.000000,1317.000000,2145.000000
1908.000000,2077.000000,1823.000000,2143.000000
1929.000000,1394.000000,1803.000000,1416.000000
2403.000000,1200.000000,2373.000000,1294.000000
1377.000000,3180.000000,1381.000000,3280.000000
2417.000000,1769.000000,2478.000000,1986.000000
812.000000,1887.000000,584.000000,2089.000000
167.000000,1417.000000,228.000000,1456.000000
3155.000000,1684.000000,2875.000000,1710.000000
1788.000000,819.000000,1543.000000,878.000000
342.000000,1379.000000,452.000000,1471.000000
3021.000000,2176.000000,2872.000000,2218.000000
278.000000,456.000000,173.000000,666.000000
2463.000000,704.000000,2368.000000,873.000000
2772.000000,1937.000000,2824.000000,2069.000000
3016.000000,182.000000,3179.000000,315.000000
900.000000,1737.000000,809.000000,1784.000000
1265.000000,2781.000000,1139.000000,2987.000000
708.000000,1336.000000,862.000000,1471.000000
784.000000,1687.000000,812.000000,1887.000000
424.000000,1071.000000,342.000000,1379.000000
1317.000000,2145.000000,1522.000000,2371.000000
2872.000000,2218.000000,2805.000000,2230.000000
1538.000000,253.000000,1256.000000,480.000000
1500.000000,1449.000000,1361.000000,1664.000000
1368.000000,1390.000000,1500.000000,1449.000000
3326.000000,1281.000000,3348.000000,1915.000000
1823.000000,2143.000000,1563.000000,2346.000000
1084.000000,3252.000000,1267.000000,3271.000000
995.000000,3126.000000,1084.000000,3252.000000
639.000000,3144.000000,279.000000,3255.000000
1141.000000,320.000000,1038.000000,485.000000
1213.000000,2592.000000,1017.000000,2630.000000
230.000000,1879.000000,167.000000,1986.000000
918.000000,2671.000000,694.000000,2803.000000
1500.000000,1449.000000,1616.000000,1583.000000
3183.000000,2517.000000,2924.000000,2744.000000
900.000000,1737.000000,1018.000000,1840.000000
2734.000000,1810.000000,2519.000000,1828.000000
225.000000,608.000000,473.000000,674.000000
3053.000000,1811.000000,3131.000000,2046.000000
2519.000000,1828.000000,2580.000000,1851.000000
1929.000000,1394.000000,2024.000000,1524.000000
3143.000000,548.000000,3231.000000,673.000000
3151.000000,499.000000,3231.000000,673.000000
1259.000000,3212.000000,1267.000000,3271.000000
392.000000,2644.000000,121.000000,2669.000000
1511.000000,2928.000000,1578.000000,3050.000000
750.000000,1120.000000,704.000000,1278.000000
949.000000,2752.000000,1124.000000,2856.000000
1578.000000,3050.000000,1946.000000,3160.000000
573.000000,3316.000000,936.000000,3319.000000
2716.000000,843.000000,2734.000000,928.000000
778.000000,1083.000000,704.000000,1278.000000
3182.000000,1200.000000,3269.000000,1244.000000
784.000000,463.000000,595.000000,521.000000
193.000000,1123.000000,167.000000,1417.000000
3155.000000,1684.000000,3053.000000,1811.000000
1256.000000,480.000000,1207.000000,643.000000
1879.000000,120.000000,1629.000000,209.000000
1029.000000,1040.000000,778.000000,1083.000000
3056.000000,2949.000000,3167.000000,3116.000000
2652.000000,66.000000,2630.000000,147.000000
1701.000000,3260.000000,1381.000000,3280.000000
784.000000,463.000000,1029.000000,1040.000000
2875.000000,1710.000000,2974.000000,1782.000000
2734.000000,1810.000000,2772.000000,1937.000000
3021.000000,2176.000000,3079.000000,2344.000000
2755.000000,2195.000000,2872.000000,2218.000000
3143.000000,548.000000,3150.000000,752.000000
103.000000,2634.000000,121.000000,2669.000000
1238.000000,2522.000000,1017.000000,2630.000000
784.000000,463.000000,310.000000,872.000000
2584.000000,15.000000,2595.000000,37.000000
1058.000000,1408.000000,900.000000,1737.000000
2033.000000,1741.000000,2391.000000,1756.000000
2469.000000,547.000000,2477.000000,615.000000
2195.000000,2919.000000,2088.000000,2954.000000
1376.000000,629.000000,1207.000000,643.000000
2682.000000,1329.000000,2875.000000,1456.000000
193.000000,1123.000000,342.000000,1379.000000
50.000000,543.000000,173.000000,666.000000
1118.000000,2218.000000,972.000000,2336.000000
2139.000000,1227.000000,1833.000000,1367.000000
1492.000000,20.000000,685.000000,42.000000
1545.000000,2765.000000,1462.000000,2898.000000
1701.000000,3260.000000,1813.000000,3289.000000
564.000000,992.000000,750.000000,1120.000000
2772.000000,1937.000000,2755.000000,2195.000000
1556.000000,2646.000000,1545.000000,2765.000000
1462.000000,2898.000000,1511.000000,2928.000000
1631.000000,394.000000,1376.000000,629.000000
180.000000,964.000000,424.000000,1071.000000
115.000000,1458.000000,80.000000,1973.000000
1047.000000,195.000000,1181.000000,217.000000
3183.000000,2517.000000,2991.000000,2580.000000
1029.000000,1040.000000,1096.000000,1217.000000
1207.000000,643.000000,1543.000000,878.000000
1671.000000,257.000000,1770.000000,362.000000
595.000000,521.000000,451.000000,566.000000
3326.000000,1281.000000,3284.000000,1665.000000
694.000000,2803.000000,639.000000,3144.000000
2859.000000,2036.000000,2872.000000,2218.000000
190.000000,2270.000000,538.000000,2401.000000
3056.000000,2949.000000,2859.000000,3195.000000
1671.000000,257.000000,1616.000000,364.000000
3071.000000,2874.000000,3056.000000,2949.000000
2373.000000,1294.000000,2682.000000,1329.000000
1946.000000,3160.000000,2298.000000,3320.000000
80.000000,1973.000000,167.000000,1986.000000
2276.000000,226.000000,2237.000000,291.000000
1861.000000,2335.000000,1661.000000,2516.000000
958.000000,141.000000,1047.000000,195.000000
1018.000000,1840.000000,951.000000,1896.000000
669.000000,397.000000,784.000000,463.000000
49.000000,1043.000000,193.000000,1123.000000
2137.000000,130.000000,1932.000000,294.000000
2368.000000,873.000000,2395.000000,956.000000
2373.000000,1294.000000,2417.000000,1769.000000
1267.000000,3271.000000,1381.000000,3280.000000
1348.000000,3130.000000,1311.000000,3143.000000
2355.000000,1226.000000,2373.000000,1294.000000
2077.000000,1942.000000,2094.000000,2311.000000
1045.000000,871.000000,1029.000000,1040.000000
2276.000000,42.000000,1956.000000,76.000000
16.000000,928.000000,180.000000,964.000000
2580.000000,1851.000000,2478.000000,1986.000000
3326.000000,1281.000000,3175.000000,1290.000000
2739.000000,1483.000000,2417.000000,1769.000000
1213.000000,2592.000000,1289.000000,2707.000000
1956.000000,76.000000,2081.000000,80.000000
2694.000000,1257.000000,2373.000000,1294.000000
1578.000000,3050.000000,1558.000000,3078.000000
3138.000000,1106.000000,3326.000000,1281.000000
2595.000000,37.000000,2630.000000,147.000000
2677.000000,2179.000000,2805.000000,2230.000000
1556.000000,2646.000000,1462.000000,2898.000000
2024.000000,1524.000000,2417.000000,1769.000000
473.000000,674.000000,310.000000,872.000000
2134.000000,749.000000,2357.000000,1055.000000
2348.000000,51.000000,2205.000000,177.000000
2961.000000,742.000000,2734.000000,928.000000
226.000000,289.000000,402.000000,381.000000
3138.000000,1106.000000,3269.000000,1244.000000
3348.000000,1915.000000,3350.000000,3168.000000
3183.000000,2517.000000,3312.000000,2969.000000
3233.000000,1367.000000,3065.000000,1471.000000
1823.000000,2143.000000,1861.000000,2335.000000
646.000000,2462.000000,918.000000,2671.000000
2584.000000,15.000000,2348.000000,51.000000
1492.000000,20.000000,1258.000000,208.000000
3342.000000,895.000000,3326.000000,1281.000000
2991.000000,2580.000000,2924.000000,2744.000000
1047.000000,195.000000,1038.000000,485.000000
2016.000000,2077.000000,2094.000000,2311.000000
1096.000000,1217.000000,1276.000000,1341.000000
1141.000000,320.000000,1207.000000,643.000000
2516.000000,2836.000000,2891.000000,2916.000000
1231.000000,1952.000000,1118.000000,2218.000000
2384.000000,1864.000000,2478.000000,1986.000000
93.000000,2808.000000,20.000000,3160.000000
115.000000,1458.000000,100.000000,1872.000000
650.000000,360.000000,669.000000,397.000000
2060.000000,3003.000000,1946.000000,3160.000000
1543.000000,878.000000,1726.000000,1074.000000
3182.000000,1200.000000,3175.000000,1290.000000
708.000000,1336.000000,784.000000,1687.000000
2463.000000,704.000000,2395.000000,956.000000
2248.000000,2516.000000,2346.000000,2584.000000
278.000000,456.000000,305.000000,475.000000
2859.000000,2036.000000,2824.000000,2069.000000
2734.000000,1810.000000,2580.000000,1851.000000
2680.000000,257.000000,2961.000000,742.000000
2772.000000,1937.000000,2859.000000,2036.000000
2859.000000,2036.000000,3021.000000,2176.000000
1069.000000,2679.000000,1289.000000,2707.000000
861.000000,2184.000000,909.000000,2311.000000
1824.000000,1991.000000,1317.000000,2145.000000
2478.000000,1986.000000,2677.000000,2179.000000
1828.000000,1076.000000,1733.000000,1340.000000
2463.000000,704.000000,2716.000000,843.000000
2148.000000,307.000000,2253.000000,714.000000
232.000000,2736.000000,256.000000,2989.000000
1629.000000,209.000000,1616.000000,364.000000
2974.000000,1782.000000,3053.000000,1811.000000
2448.000000,724.000000,2368.000000,873.000000
796.000000,2333.000000,646.000000,2462.000000
191.000000,1.000000,1492.000000,20.000000
3143.000000,548.000000,3059.000000,603.000000
3151.000000,499.000000,3059.000000,603.000000
1103.000000,1338.000000,1130.000000,1498.000000
1377.000000,3180.000000,1267.000000,3271.000000
1093.000000,1723.000000,1330.000000,1923.000000
226.000000,289.000000,60.000000,304.000000
2229.000000,1150.000000,2139.000000,1227.000000
3007.000000,1140.000000,3175.000000,1290.000000
909.000000,2311.000000,880.000000,2470.000000
1207.000000,643.000000,1416.000000,1143.000000
100.000000,1872.000000,230.000000,1879.000000
121.000000,2669.000000,93.000000,2808.000000
2435.000000,1987.000000,2094.000000,2311.000000
1997.000000,2558.000000,1946.000000,3160.000000
3231.000000,673.000000,3342.000000,895.000000
1674.000000,2551.000000,1997.000000,2558.000000
151.000000,178.000000,139.000000,241.000000
1558.000000,3078.000000,1473.000000,3178.000000
1511.000000,2928.000000,1387.000000,2987.000000
1522.000000,2371.000000,1238.000000,2522.000000
2992.000000,3033.000000,3167.000000,3116.000000
564.000000,992.000000,704.000000,1278.000000
2227.000000,2607.000000,2455.000000,2614.000000
911.000000,2733.000000,1139.000000,2987.000000
2739.000000,1483.000000,2519.000000,1828.000000
2199.000000,1199.000000,2163.000000,1361.000000
1416.000000,1143.000000,1276.000000,1341.000000
2469.000000,547.000000,2414.000000,589.000000
1513.000000,3022.000000,1578.000000,3050.000000
1069.000000,2679.000000,1124.000000,2856.000000
1303.000000,2172.000000,1238.000000,2522.000000
2803.000000,1964.000000,3021.000000,2176.000000
2276.000000,226.000000,2433.000000,406.000000
863.000000,1160.000000,1103.000000,1338.000000
3040.000000,2176.000000,3071.000000,2222.000000
2739.000000,1483.000000,3046.000000,1552.000000
2451.000000,2280.000000,2094.000000,2311.000000
2875.000000,1456.000000,3046.000000,1552.000000
2255.000000,1157.000000,2355.000000,1226.000000
1473.000000,3178.000000,1381.000000,3280.000000
2051.000000,2538.000000,1997.000000,2558.000000
1238.000000,2522.000000,1556.000000,2646.000000
669.000000,397.000000,595.000000,521.000000
1267.000000,3271.000000,936.000000,3319.000000
226.000000,289.000000,278.000000,456.000000
2824.000000,2069.000000,2755.000000,2195.000000
1029.000000,1040.000000,863.000000,1160.000000
951.000000,1896.000000,861.000000,2184.000000
2074.000000,2909.000000,2088.000000,2954.000000
1045.000000,871.000000,1096.000000,1217.000000
2451.000000,2280.000000,2455.000000,2614.000000
2276.000000,42.000000,2081.000000,80.000000
3056.000000,2949.000000,3143.000000,2999.000000
2677.000000,2179.000000,2755.000000,2195.000000
1865.000000,2030.000000,2016.000000,2077.000000
2326.000000,919.000000,2395.000000,956.000000
784.000000,1687.000000,809.000000,1784.000000
2199.000000,1199.000000,2139.000000,1227.000000
3231.000000,673.000000,3138.000000,793.000000
1997.000000,2558.000000,2060.000000,3003.000000
2859.000000,3195.000000,3254.000000,3330.000000
3326.000000,1281.000000,3233.000000,1367.000000
232.000000,2736.000000,308.000000,3117.000000
1265.000000,2781.000000,1124.000000,2856.000000
3312.000000,2969.000000,3350.000000,3168.000000
3342.000000,895.000000,3348.000000,1915.000000
3284.000000,1665.000000,3348.000000,1915.000000
167.000000,1986.000000,293.000000,2131.000000
3065.000000,1471.000000,3046.000000,1552.000000
1361.000000,1664.000000,1330.000000,1923.000000
1616.000000,1583.000000,1427.000000,1962.000000
1207.000000,643.000000,1788.000000,819.000000
77.000000,376.000000,278.000000,456.000000
1538.000000,253.000000,1387.000000,441.000000
2139.000000,1227.000000,1929.000000,1394.000000
3179.000000,315.000000,3231.000000,673.000000
1631.000000,394.000000,1427.000000,488.000000
1603.000000,1.000000,1629.000000,209.000000
2595.000000,37.000000,2348.000000,51.000000
2581.000000,253.000000,2961.000000,742.000000
1545.000000,2765.000000,1946.000000,3160.000000
2455.000000,2614.000000,2924.000000,2744.000000
3131.000000,2046.000000,3231.000000,2446.000000
3059.000000,603.000000,2952.000000,899.000000
93.000000,2808.000000,256.000000,2989.000000
2805.000000,2230.000000,2451.000000,2280.000000
340.000000,86.000000,151.000000,178.000000
2227.000000,2607.000000,2229.000000,2851.000000
529.000000,2418.000000,392.000000,2644.000000
2077.000000,1942.000000,2016.000000,2077.000000
812.000000,1887.000000,819.000000,2004.000000
1320.000000,2940.000000,1139.000000,2987.000000
1473.000000,3178.000000,1377.000000,3180.000000
1317.000000,2145.000000,1303.000000,2172.000000
1803.000000,1416.000000,1959.000000,1839.000000
1047.000000,195.000000,886.000000,508.000000
1256.000000,480.000000,1376.000000,629.000000
167.000000,1417.000000,115.000000,1458.000000
1912.000000,1689.000000,1959.000000,1839.000000
1788.000000,819.000000,1736.000000,958.000000
2581.000000,253.000000,2477.000000,615.000000
1733.000000,1340.000000,1833.000000,1367.000000
1543.000000,878.000000,1416.000000,1143.000000
712.000000,350.000000,519.000000,366.000000
2580.000000,1851.000000,2677.000000,2179.000000
564.000000,992.000000,424.000000,1071.000000
646.000000,2462.000000,880.000000,2470.000000
110.000000,2988.000000,20.000000,3160.000000
1041.000000,3278.000000,936.000000,3319.000000
1956.000000,76.000000,1879.000000,120.000000
1733.000000,1340.000000,1616.000000,1583.000000
2024.000000,1524.000000,2033.000000,1741.000000
2934.000000,1067.000000,3138.000000,1106.000000
3059.000000,603.000000,2961.000000,742.000000
2348.000000,51.000000,2276.000000,226.000000
585.000000,2272.000000,538.000000,2401.000000
1416.000000,1143.000000,1500.000000,1449.000000
232.000000,2736.000000,694.000000,2803.000000
1017.000000,2630.000000,911.000000,2733.000000
1726.000000,1074.000000,1416.000000,1143.000000
2891.000000,2916.000000,2677.000000,3080.000000
2346.000000,2584.000000,2227.000000,2607.000000
49.000000,1043.000000,75.000000,2377.000000
2229.000000,1150.000000,2199.000000,1199.000000
180.000000,964.000000,49.000000,1043.000000
3007.000000,1140.000000,2889.000000,1384.000000
77.000000,376.000000,173.000000,666.000000
2739.000000,1483.000000,2875.000000,1710.000000
529.000000,2418.000000,646.000000,2462.000000
704.000000,1278.000000,342.000000,1379.000000
1588.000000,1212.000000,1500.000000,1449.000000
2012.000000,2326.000000,2077.000000,2490.000000
585.000000,2272.000000,796.000000,2333.000000
2395.000000,956.000000,2356.000000,993.000000
2229.000000,2851.000000,2195.000000,2919.000000
3143.000000,548.000000,3138.000000,793.000000
1093.000000,1723.000000,900.000000,1737.000000
2924.000000,2744.000000,2516.000000,2836.000000
639.000000,3144.000000,573.000000,3316.000000
3056.000000,2949.000000,2992.000000,3033.000000
2051.000000,2538.000000,2051.000000,2682.000000
3350.000000,3168.000000,3297.000000,3290.000000
880.000000,2470.000000,1017.000000,2630.000000
1289.000000,2707.000000,1265.000000,2781.000000
685.000000,42.000000,1003.000000,145.000000
110.000000,2988.000000,221.000000,3062.000000
1231.000000,1952.000000,1303.000000,2172.000000
221.000000,3062.000000,308.000000,3117.000000
1038.000000,485.000000,886.000000,508.000000
3059.000000,603.000000,3008.000000,636.000000
1997.000000,2558.000000,2051.000000,2682.000000
2584.000000,15.000000,3016.000000,182.000000
2424.000000,1960.000000,2478.000000,1986.000000
1674.000000,2551.000000,1545.000000,2765.000000
1661.000000,2516.000000,1674.000000,2551.000000
564.000000,992.000000,778.000000,1083.000000
3297.000000,3290.000000,3254.000000,3330.000000
2403.000000,1200.000000,2449.000000,1252.000000
1861.000000,2335.000000,1522.000000,2371.000000
1768.000000,3196.000000,1701.000000,3260.000000
279.000000,3255.000000,573.000000,3316.000000
911.000000,2733.000000,694.000000,2803.000000
3065.000000,1471.000000,3002.000000,1514.000000
1824.000000,1991.000000,1823.000000,2143.000000
2974.000000,1782.000000,2734.000000,1810.000000
1545.000000,2765.000000,1511.000000,2928.000000
2463.000000,704.000000,2448.000000,724.000000
584.000000,2089.000000,293.000000,2131.000000
3231.000000,2446.000000,3312.000000,2969.000000
1736.000000,958.000000,1844.000000,963.000000
1084.000000,3252.000000,1041.000000,3278.000000
3233.000000,1367.000000,3284.000000,1665.000000
60.000000,304.000000,50.000000,543.000000
2033.000000,1741.000000,2384.000000,1864.000000
191.000000,1.000000,1603.000000,1.000000
2253.000000,714.000000,2448.000000,724.000000
3056.000000,2949.000000,3350.000000,3168.000000
1139.000000,2987.000000,995.000000,3126.000000
2077.000000,1942.000000,1824.000000,1991.000000
972.000000,2336.000000,1017.000000,2630.000000
538.000000,2401.000000,529.000000,2418.000000
1018.000000,1840.000000,1231.000000,1952.000000
784.000000,1687.000000,900.000000,1737.000000
232.000000,2736.000000,93.000000,2808.000000
3231.000000,673.000000,3150.000000,752.000000
1096.000000,1217.000000,1103.000000,1338.000000
2772.000000,1937.000000,2803.000000,1964.000000
1017.000000,2630.000000,1069.000000,2679.000000
2630.000000,147.000000,2680.000000,257.000000
819.000000,2004.000000,822.000000,2211.000000
1387.000000,2987.000000,1558.000000,3078.000000
2159.000000,2419.000000,2077.000000,2490.000000
3269.000000,1244.000000,3175.000000,1290.000000
342.000000,1379.000000,228.000000,1456.000000
2373.000000,1294.000000,2163.000000,1361.000000
115.000000,1458.000000,452.000000,1471.000000
2652.000000,66.000000,3008.000000,636.000000
115.000000,1458.000000,584.000000,2089.000000
1222.000000,1645.000000,1361.000000,1664.000000
3241.000000,875.000000,3326.000000,1281.000000
1207.000000,643.000000,1045.000000,871.000000
2875.000000,1710.000000,2519.000000,1828.000000
1141.000000,320.000000,1256.000000,480.000000
3150.000000,752.000000,3138.000000,793.000000
1861.000000,2335.000000,1563.000000,2346.000000
1047.000000,195.000000,1141.000000,320.000000
1616.000000,1583.000000,1959.000000,1839.000000
1381.000000,3280.000000,936.000000,3319.000000
3138.000000,793.000000,3342.000000,895.000000
75.000000,2377.000000,20.000000,3160.000000
1320.000000,2940.000000,995.000000,3126.000000
2081.000000,80.000000,1879.000000,120.000000
2652.000000,66.000000,3151.000000,499.000000
2755.000000,2195.000000,2805.000000,2230.000000
167.000000,1986.000000,190.000000,2270.000000
784.000000,463.000000,564.000000,992.000000
75.000000,2377.000000,103.000000,2634.000000
3151.000000,499.000000,3143.000000,548.000000
646.000000,2462.000000,527.000000,2566.000000
2859.000000,3195.000000,2383.000000,3295.000000
2677.000000,2179.000000,2451.000000,2280.000000
2761.000000,764.000000,2734.000000,928.000000
1631.000000,394.000000,1387.000000,441.000000
451.000000,566.000000,225.000000,608.000000
1674.000000,2551.000000,1556.000000,2646.000000
2477.000000,615.000000,2253.000000,714.000000
2677.000000,3080.000000,2383.000000,3295.000000
2449.000000,1252.000000,2373.000000,1294.000000
1588.000000,1212.000000,1733.000000,1340.000000
225.000000,608.000000,173.000000,666.000000
2889.000000,1384.000000,3065.000000,1471.000000
191.000000,1.000000,340.000000,86.000000
862.000000,1471.000000,784.000000,1687.000000
1017.000000,2630.000000,1124.000000,2856.000000
305.000000,475.000000,451.000000,566.000000
1427.000000,1962.000000,1317.000000,2145.000000
80.000000,1973.000000,75.000000,2377.000000
2924.000000,2744.000000,3024.000000,2843.000000
1320.000000,2940.000000,1259.000000,3212.000000
812.000000,1887.000000,951.000000,1896.000000
694.000000,2803.000000,936.000000,3319.000000
2148.000000,307.000000,1770.000000,362.000000
1387.000000,2987.000000,1311.000000,3143.000000
2477.000000,615.000000,2961.000000,742.000000
819.000000,2004.000000,584.000000,2089.000000
3024.000000,2843.000000,3071.000000,2874.000000
1328.000000,1692.000000,1093.000000,1723.000000
2891.000000,2916.000000,3056.000000,2949.000000
2433.000000,406.000000,2469.000000,547.000000
1726.000000,1074.000000,1588.000000,1212.000000
2139.000000,1227.000000,2024.000000,1524.000000
2384.000000,1864.000000,2435.000000,1987.000000
2344.000000,1143.000000,2229.000000,1150.000000
1844.000000,963.000000,2139.000000,1227.000000
1578.000000,3050.000000,1768.000000,3196.000000
1058.000000,1408.000000,1130.000000,1498.000000
1387.000000,441.000000,1256.000000,480.000000
1181.000000,217.000000,1141.000000,320.000000
694.000000,2803.000000,603.000000,3036.000000
2595.000000,37.000000,2652.000000,66.000000
2677.000000,3080.000000,2308.000000,3125.000000
3021.000000,2176.000000,3040.000000,2176.000000
2079.000000,2878.000000,2074.000000,2909.000000
2961.000000,742.000000,2761.000000,764.000000
256.000000,2989.000000,308.000000,3117.000000
1522.000000,2371.000000,1661.000000,2516.000000
2391.000000,1756.000000,2417.000000,1769.000000
1065.000000,1065.000000,1096.000000,1217.000000
1946.000000,3160.000000,1768.000000,3196.000000
2276.000000,42.000000,2348.000000,51.000000
1726.000000,1074.000000,1828.000000,1076.000000
123.000000,2663.000000,121.000000,2669.000000
2734.000000,928.000000,2934.000000,1067.000000
60.000000,304.000000,16.000000,928.000000
103.000000,2634.000000,123.000000,2663.000000
1381.000000,3280.000000,2298.000000,3320.000000
342.000000,1379.000000,167.000000,1417.000000
861.000000,2184.000000,796.000000,2333.000000
1387.000000,441.000000,1427.000000,488.000000
2889.000000,1384.000000,3002.000000,1514.000000
1768.000000,3196.000000,1381.000000,3280.000000
3348.000000,1915.000000,3231.000000,2446.000000
2716.000000,843.000000,2395.000000,956.000000
861.000000,2184.000000,972.000000,2336.000000
2163.000000,1361.000000,2024.000000,1524.000000
2734.000000,928.000000,2395.000000,956.000000
2205.000000,177.000000,2237.000000,291.000000
173.000000,666.000000,205.000000,908.000000
308.000000,3117.000000,279.000000,3255.000000
1492.000000,20.000000,1003.000000,145.000000
100.000000,1872.000000,167.000000,1986.000000
1770.000000,362.000000,1631.000000,394.000000
1296.000000,2640.000000,1556.000000,2646.000000
1258.000000,208.000000,1181.000000,217.000000
139.000000,241.000000,60.000000,304.000000
392.000000,2644.000000,494.000000,2749.000000
2134.000000,749.000000,2229.000000,1150.000000
1222.000000,1645.000000,1328.000000,1692.000000
2159.000000,2419.000000,2248.000000,2516.000000
995.000000,3126.000000,936.000000,3319.000000
1058.000000,1408.000000,862.000000,1471.000000
1879.000000,120.000000,1932.000000,294.000000
704.000000,1278.000000,708.000000,1336.000000
230.000000,1879.000000,584.000000,2089.000000
3024.000000,2843.000000,2891.000000,2916.000000
1959.000000,1839.000000,1824.000000,1991.000000
49.000000,1043.000000,80.000000,1973.000000
2088.000000,2954.000000,2060.000000,3003.000000
778.000000,1083.000000,863.000000,1160.000000
1025.000000,1660.000000,900.000000,1737.000000
1118.000000,2218.000000,1238.000000,2522.000000
2449.000000,1252.000000,2694.000000,1257.000000
2079.000000,2878.000000,2195.000000,2919.000000
1733.000000,1340.000000,1500.000000,1449.000000
2253.000000,714.000000,2134.000000,749.000000
2761.000000,764.000000,2716.000000,843.000000
2077.000000,2490.000000,1997.000000,2558.000000
1631.000000,394.000000,1788.000000,819.000000
452.000000,1471.000000,812.000000,1887.000000
173.000000,666.000000,16.000000,928.000000
1824.000000,1991.000000,2016.000000,2077.000000
1093.000000,1723.000000,1231.000000,1952.000000
180.000000,964.000000,193.000000,1123.000000
1058.000000,1408.000000,1025.000000,1660.000000
2237.000000,291.000000,2148.000000,307.000000
2383.000000,3295.000000,2298.000000,3320.000000
402.000000,381.000000,278.000000,456.000000
139.000000,241.000000,226.000000,289.000000
2463.000000,704.000000,2961.000000,742.000000
2308.000000,3125.000000,2383.000000,3295.000000
1265.000000,2781.000000,1256.000000,2785.000000
2652.000000,66.000000,3081.000000,365.000000
1416.000000,1143.000000,1096.000000,1217.000000
1788.000000,819.000000,1844.000000,963.000000
93.000000,2808.000000,221.000000,3062.000000
1563.000000,2346.000000,1522.000000,2371.000000
2094.000000,2311.000000,2012.000000,2326.000000
3167.000000,3116.000000,3297.000000,3290.000000
3065.000000,1471.000000,3284.000000,1665.000000
2455.000000,2614.000000,2516.000000,2836.000000
293.000000,2131.000000,190.000000,2270.000000
2924.000000,2744.000000,2891.000000,2916.000000
3021.000000,2176.000000,3071.000000,2222.000000
3008.000000,636.000000,2961.000000,742.000000
3348.000000,1915.000000,3131.000000,2046.000000
191.000000,1.000000,151.000000,178.000000
3179.000000,315.000000,3081.000000,365.000000
2424.000000,1960.000000,2435.000000,1987.000000
1276.000000,1341.000000,1130.000000,1498.000000
2094.000000,2311.000000,2159.000000,2419.000000
958.000000,141.000000,1003.000000,145.000000
3081.000000,365.000000,3151.000000,499.000000
2414.000000,589.000000,2253.000000,714.000000
1103.000000,1338.000000,862.000000,1471.000000
2875.000000,1710.000000,3053.000000,1811.000000
863.000000,1160.000000,862.000000,1471.000000
2139.000000,1227.000000,2163.000000,1361.000000
1511.000000,2928.000000,1513.000000,3022.000000
2094.000000,2311.000000,2077.000000,2490.000000
2357.000000,1055.000000,2344.000000,1143.000000
1462.000000,2898.000000,1320.000000,2940.000000
972.000000,2336.000000,1238.000000,2522.000000
538.000000,2401.000000,392.000000,2644.000000
784.000000,463.000000,886.000000,508.000000
1003.000000,145.000000,1258.000000,208.000000
3183.000000,2517.000000,3056.000000,2949.000000
1824.000000,1991.000000,1908.000000,2077.000000
3312.000000,2969.000000,3143.000000,2999.000000
1736.000000,958.000000,1726.000000,1074.000000
564.000000,992.000000,1029.000000,1040.000000
3269.000000,1244.000000,3326.000000,1281.000000
1833.000000,1367.000000,1929.000000,1394.000000
93.000000,2808.000000,110.000000,2988.000000
1603.000000,1.000000,2276.000000,42.000000
2581.000000,253.000000,2433.000000,406.000000
3071.000000,2222.000000,3079.000000,2344.000000
704.000000,1278.000000,452.000000,1471.000000
1833.000000,1367.000000,1803.000000,1416.000000
2872.000000,2218.000000,2924.000000,2744.000000
2872.000000,2218.000000,2991.000000,2580.000000
103.000000,2634.000000,93.000000,2808.000000
2227.000000,2607.000000,2516.000000,2836.000000
1361.000000,1664.000000,1427.000000,1962.000000
1946.000000,3160.000000,1813.000000,3289.000000
2024.000000,1524.000000,2391.000000,1756.000000
1726.000000,1074.000000,1733.000000,1340.000000
861.000000,2184.000000,822.000000,2211.000000
584.000000,2089.000000,585.000000,2272.000000
1303.000000,2172.000000,1522.000000,2371.000000
2417.000000,1769.000000,2384.000000,1864.000000
3079.000000,2344.000000,3231.000000,2446.000000
1124.000000,2856.000000,1139.000000,2987.000000
2012.000000,2326.000000,1861.000000,2335.000000
2451.000000,2280.000000,2248.000000,2516.000000
1522.000000,2371.000000,1556.000000,2646.000000
1803.000000,1416.000000,1912.000000,1689.000000
1959.000000,1839.000000,1427.000000,1962.000000
310.000000,872.000000,564.000000,992.000000
527.000000,2566.000000,392.000000,2644.000000
115.000000,1458.000000,230.000000,1879.000000
1629.000000,209.000000,1538.000000,253.000000
228.000000,1456.000000,452.000000,1471.000000
3183.000000,2517.000000,3071.000000,2874.000000
256.000000,2989.000000,221.000000,3062.000000
2373.000000,1294.000000,2739.000000,1483.000000
2952.000000,899.000000,2934.000000,1067.000000
2326.000000,919.000000,2357.000000,1055.000000
1803.000000,1416.000000,2024.000000,1524.000000
3241.000000,875.000000,2934.000000,1067.000000
861.000000,2184.000000,1118.000000,2218.000000
812.000000,1887.000000,861.000000,2184.000000
863.000000,1160.000000,704.000000,1278.000000
3053.000000,1811.000000,2803.000000,1964.000000
2478.000000,1986.000000,2435.000000,1987.000000
2357.000000,1055.000000,2229.000000,1150.000000
1222.000000,1645.000000,1093.000000,1723.000000
3179.000000,315.000000,3342.000000,895.000000
2229.000000,2851.000000,2079.000000,2878.000000
1003.000000,145.000000,1047.000000,195.000000
1603.000000,1.000000,1492.000000,20.000000
1093.000000,1723.000000,1018.000000,1840.000000
1513.000000,3022.000000,1558.000000,3078.000000
340.000000,86.000000,226.000000,289.000000
2077.000000,1942.000000,2435.000000,1987.000000
3046.000000,1552.000000,3284.000000,1665.000000
809.000000,1784.000000,1018.000000,1840.000000
3143.000000,2999.000000,3350.000000,3168.000000
1629.000000,209.000000,1671.000000,257.000000
527.000000,2566.000000,694.000000,2803.000000
2373.000000,1294.000000,2024.000000,1524.000000
1770.000000,362.000000,2134.000000,749.000000
909.000000,2311.000000,796.000000,2333.000000
1616.000000,364.000000,1631.000000,394.000000
2159.000000,2419.000000,2227.000000,2607.000000
1492.000000,20.000000,1256.000000,480.000000
2463.000000,704.000000,2761.000000,764.000000
2992.000000,3033.000000,2859.000000,3195.000000
226.000000,289.000000,77.000000,376.000000
2516.000000,2836.000000,2229.000000,2851.000000
778.000000,1083.000000,750.000000,1120.000000
2357.000000,1055.000000,2449.000000,1252.000000
1427.000000,488.000000,1376.000000,629.000000
1320.000000,2940.000000,1387.000000,2987.000000
205.000000,908.000000,180.000000,964.000000
1276.000000,1341.000000,1368.000000,1390.000000
1629.000000,209.000000,1770.000000,362.000000
1492.000000,20.000000,1538.000000,253.000000
2889.000000,1384.000000,2875.000000,1456.000000
1861.000000,2335.000000,1997.000000,2558.000000
1265.000000,2781.000000,1462.000000,2898.000000
3231.000000,2446.000000,3183.000000,2517.000000
3179.000000,315.000000,3151.000000,499.000000
603.000000,3036.000000,308.000000,3117.000000
2074.000000,2909.000000,2060.000000,3003.000000
3138.000000,1106.000000,3007.000000,1140.000000
1824.000000,1991.000000,1865.000000,2030.000000
2195.000000,2919.000000,2677.000000,3080.000000
2417.000000,1769.000000,2519.000000,1828.000000
1861.000000,2335.000000,1674.000000,2551.000000
2772.000000,1937.000000,2677.000000,2179.000000
2630.000000,147.000000,2581.000000,253.000000
2992.000000,3033.000000,3254.000000,3330.000000
2682.000000,1329.000000,2889.000000,1384.000000
2395.000000,956.000000,2357.000000,1055.000000
1276.000000,1341.000000,1500.000000,1449.000000
2024.000000,1524.000000,1912.000000,1689.000000
191.000000,1.000000,60.000000,304.000000
650.000000,360.000000,886.000000,508.000000
392.000000,2644.000000,123.000000,2663.000000
3071.000000,2222.000000,3231.000000,2446.000000
2934.000000,1067.000000,2694.000000,1257.000000
1132.000000,1324.000000,1276.000000,1341.000000
3284.000000,1665.000000,3053.000000,1811.000000
584.000000,2089.000000,822.000000,2211.000000
2081.000000,80.000000,1932.000000,294.000000
49.000000,1043.000000,115.000000,1458.000000
694.000000,2803.000000,995.000000,3126.000000
3138.000000,1106.000000,3182.000000,1200.000000
310.000000,872.000000,205.000000,908.000000
2652.000000,66.000000,2680.000000,257.000000
1045.000000,871.000000,1065.000000,1065.000000
1130.000000,1498.000000,1093.000000,1723.000000
1103.000000,1338.000000,1058.000000,1408.000000
1029.000000,1040.000000,1065.000000,1065.000000
1065.000000,1065.000000,1084.000000,1163.000000
685.000000,42.000000,958.000000,141.000000
712.000000,350.000000,886.000000,508.000000
1946.000000,3160.000000,2383.000000,3295.000000
451.000000,566.000000,473.000000,674.000000
1603.000000,1.000000,1956.000000,76.000000
221.000000,3062.000000,20.000000,3160.000000
1661.000000,2516.000000,1556.000000,2646.000000
1238.000000,2522.000000,1289.000000,2707.000000
2580.000000,1851.000000,2772.000000,1937.000000
685.000000,42.000000,712.000000,350.000000
1265.000000,2781.000000,1320.000000,2940.000000
2229.000000,1150.000000,2255.000000,1157.000000
278.000000,456.000000,225.000000,608.000000
1736.000000,958.000000,1828.000000,1076.000000
2195.000000,2919.000000,2308.000000,3125.000000
708.000000,1336.000000,452.000000,1471.000000
1556.000000,2646.000000,1289.000000,2707.000000
3284.000000,1665.000000,3155.000000,1684.000000
103.000000,2634.000000,20.000000,3160.000000
1545.000000,2765.000000,1578.000000,3050.000000
911.000000,2733.000000,995.000000,3126.000000
2081.000000,80.000000,2137.000000,130.000000
2357.000000,1055.000000,2403.000000,1200.000000
2595.000000,37.000000,2276.000000,226.000000
1017.000000,2630.000000,918.000000,2671.000000
1038.000000,485.000000,1029.000000,1040.000000
1348.000000,3130.000000,1259.000000,3212.000000
1256.000000,2785.000000,1124.000000,2856.000000
402.000000,381.000000,451.000000,566.000000
1330.000000,1923.000000,1427.000000,1962.000000
1543.000000,878.000000,1736.000000,958.000000
2326.000000,919.000000,2356.000000,993.000000
305.000000,475.000000,225.000000,608.000000
1069.000000,2679.000000,1256.000000,2785.000000
2051.000000,2538.000000,2142.000000,2576.000000
3241.000000,875.000000,3342.000000,895.000000
2652.000000,66.000000,3016.000000,182.000000
796.000000,2333.000000,880.000000,2470.000000
2081.000000,80.000000,2205.000000,177.000000
2974.000000,1782.000000,2803.000000,1964.000000
3138.000000,793.000000,3241.000000,875.000000
911.000000,2733.000000,949.000000,2752.000000
809.000000,1784.000000,812.000000,1887.000000
880.000000,2470.000000,918.000000,2671.000000
1231.000000,1952.000000,1427.000000,1962.000000
603.000000,3036.000000,639.000000,3144.000000
936.000000,3319.000000,3254.000000,3330.000000
151.000000,178.000000,60.000000,304.000000
584.000000,2089.000000,538.000000,2401.000000
2435.000000,1987.000000,2677.000000,2179.000000
704.000000,1278.000000,758.000000,1349.000000
1387.000000,2987.000000,1513.000000,3022.000000
1320.000000,2940.000000,1311.000000,3143.000000
16.000000,928.000000,75.000000,2377.000000
167.000000,1986.000000,75.000000,2377.000000
1959.000000,1839.000000,2077.000000,1942.000000
1932.000000,294.000000,2148.000000,307.000000
2253.000000,714.000000,2368.000000,873.000000
2477.000000,615.000000,2448.000000,724.000000
2934.000000,1067.000000,2889.000000,1384.000000
3079.000000,2344.000000,2991.000000,2580.000000
2356.000000,993.000000,2357.000000,1055.000000
230.000000,1879.000000,293.000000,2131.000000
2344.000000,1143.000000,2255.000000,1157.000000
1029.000000,1040.000000,1084.000000,1163.000000
2079.000000,2878.000000,2088.000000,2954.000000
909.000000,2311.000000,972.000000,2336.000000
2677.000000,3080.000000,2859.000000,3195.000000
2734.000000,928.000000,2694.000000,1257.000000
310.000000,872.000000,424.000000,1071.000000
2875.000000,1710.000000,2734.000000,1810.000000
3241.000000,875.000000,3138.000000,1106.000000
918.000000,2671.000000,911.000000,2733.000000
2199.000000,1199.000000,2373.000000,1294.000000
1558.000000,3078.000000,1768.000000,3196.000000
3231.000000,2446.000000,3350.000000,3168.000000
2060.000000,3003.000000,2383.000000,3295.000000
115.000000,1458.000000,812.000000,1887.000000
796.000000,2333.000000,538.000000,2401.000000
1038.000000,485.000000,1207.000000,643.000000
784.000000,463.000000,473.000000,674.000000
1770.000000,362.000000,1788.000000,819.000000
1096.000000,1217.000000,1132.000000,1324.000000
3131.000000,2046.000000,3071.000000,2222.000000
340.000000,86.000000,519.000000,366.000000
1733.000000,1340.000000,1803.000000,1416.000000
225.000000,608.000000,205.000000,908.000000
1231.000000,1952.000000,861.000000,2184.000000
1132.000000,1324.000000,1130.000000,1498.000000
2584.000000,15.000000,2652.000000,66.000000
1844.000000,963.000000,1828.000000,1076.000000
2248.000000,2516.000000,2455.000000,2614.000000
1317.000000,2145.000000,1563.000000,2346.000000
2276.000000,226.000000,2581.000000,253.000000
1844.000000,963.000000,2229.000000,1150.000000
995.000000,3126.000000,1259.000000,3212.000000
2875.000000,1456.000000,2739.000000,1483.000000
704.000000,1278.000000,862.000000,1471.000000
310.000000,872.000000,180.000000,964.000000
190.000000,2270.000000,392.000000,2644.000000
2477.000000,615.000000,2463.000000,704.000000
2516.000000,2836.000000,2195.000000,2919.000000
584.000000,2089.000000,796.000000,2333.000000
2433.000000,406.000000,2253.000000,714.000000
2680.000000,257.000000,3008.000000,636.000000
2384.000000,1864.000000,2077.000000,1942.000000
3046.000000,1552.000000,3155.000000,1684.000000
2051.000000,2538.000000,2227.000000,2607.000000
293.000000,2131.000000,538.000000,2401.000000
308.000000,3117.000000,639.000000,3144.000000
191.000000,1.000000,685.000000,42.000000
2346.000000,2584.000000,2455.000000,2614.000000
2803.000000,1964.000000,2859.000000,2036.000000
2077.000000,2490.000000,2051.000000,2538.000000
1058.000000,1408.000000,784.000000,1687.000000
529.000000,2418.000000,527.000000,2566.000000
1558.000000,3078.000000,1348.000000,3130.000000
3024.000000,2843.000000,3056.000000,2949.000000
1368.000000,1390.000000,1222.000000,1645.000000
2805.000000,2230.000000,2455.000000,2614.000000
2859.000000,3195.000000,2298.000000,3320.000000
151.000000,178.000000,226.000000,289.000000
3131.000000,2046.000000,3040.000000,2176.000000
2516.000000,2836.000000,2677.000000,3080.000000
712.000000,350.000000,650.000000,360.000000
3175.000000,1290.000000,2889.000000,1384.000000
16.000000,928.000000,20.000000,3160.000000
2134.000000,749.000000,1788.000000,819.000000
1311.000000,3143.000000,1259.000000,3212.000000
100.000000,1872.000000,80.000000,1973.000000
77.000000,376.000000,50.000000,543.000000
2682.000000,1329.000000,2739.000000,1483.000000
3167.000000,3116.000000,3350.000000,3168.000000
2368.000000,873.000000,2326.000000,919.000000
2137.000000,130.000000,2205.000000,177.000000
1258.000000,208.000000,1141.000000,320.000000
3053.000000,1811.000000,3348.000000,1915.000000
2248.000000,2516.000000,2227.000000,2607.000000
1865.000000,2030.000000,1908.000000,2077.000000
228.000000,1456.000000,115.000000,1458.000000
452.000000,1471.000000,784.000000,1687.000000
2051.000000,2682.000000,2079.000000,2878.000000
193.000000,1123.000000,115.000000,1458.000000
1296.000000,2640.000000,1289.000000,2707.000000
121.000000,2669.000000,232.000000,2736.000000
822.000000,2211.000000,796.000000,2333.000000
2344.000000,1143.000000,2403.000000,1200.000000
2051.000000,2682.000000,2229.000000,2851.000000
1616.000000,1583.000000,1361.000000,1664.000000
2395.000000,956.000000,2694.000000,1257.000000
758.000000,1349.000000,862.000000,1471.000000
494.000000,2749.000000,694.000000,2803.000000
1256.000000,480.000000,1427.000000,488.000000
1238.000000,2522.000000,1296.000000,2640.000000
3183.000000,2517.000000,3024.000000,2843.000000
1912.000000,1689.000000,2033.000000,1741.000000
1368.000000,1390.000000,1361.000000,1664.000000
424.000000,1071.000000,193.000000,1123.000000
2961.000000,742.000000,2952.000000,899.000000
2195.000000,2919.000000,2060.000000,3003.000000
221.000000,3062.000000,279.000000,3255.000000
1047.000000,195.000000,712.000000,350.000000
1538.000000,253.000000,1616.000000,364.000000
2094.000000,2311.000000,1861.000000,2335.000000
809.000000,1784.000000,951.000000,1896.000000
1238.000000,2522.000000,1213.000000,2592.000000
1427.000000,1962.000000,1824.000000,1991.000000
650.000000,360.000000,519.000000,366.000000
819.000000,2004.000000,861.000000,2184.000000
2134.000000,749.000000,2368.000000,873.000000
2824.000000,2069.000000,2872.000000,2218.000000
2229.000000,1150.000000,2355.000000,1226.000000
1828.000000,1076.000000,1833.000000,1367.000000
519.000000,366.000000,402.000000,381.000000
685.000000,42.000000,519.000000,366.000000
1376.000000,629.000000,1788.000000,819.000000
2205.000000,177.000000,2276.000000,226.000000
1671.000000,257.000000,1631.000000,394.000000
2584.000000,15.000000,2276.000000,42.000000
2142.000000,2576.000000,2227.000000,2607.000000
3056.000000,2949.000000,3312.000000,2969.000000
685.000000,42.000000,340.000000,86.000000
1908.000000,2077.000000,2094.000000,2311.000000
190.000000,2270.000000,261.000000,2566.000000
1130.000000,1498.000000,1222.000000,1645.000000
2581.000000,253.000000,2680.000000,257.000000
1556.000000,2646.000000,1265.000000,2781.000000
2451.000000,2280.000000,2159.000000,2419.000000
1932.000000,294.000000,1770.000000,362.000000
1018.000000,1840.000000,861.000000,2184.000000
2872.000000,2218.000000,3079.000000,2344.000000
232.000000,2736.000000,494.000000,2749.000000
1813.000000,3289.000000,2298.000000,3320.000000
3151.000000,499.000000,3008.000000,636.000000
1328.000000,1692.000000,1330.000000,1923.000000
3046.000000,1552.000000,2875.000000,1710.000000
2875.000000,1456.000000,3002.000000,1514.000000
3175.000000,1290.000000,3065.000000,1471.000000
1368.000000,1390.000000,1130.000000,1498.000000
1267.000000,3271.000000,1041.000000,3278.000000
50.000000,543.000000,16.000000,928.000000
225.000000,608.000000,310.000000,872.000000
2276.000000,42.000000,2205.000000,177.000000
936.000000,3319.000000,2298.000000,3320.000000
340.000000,86.000000,402.000000,381.000000
595.000000,521.000000,473.000000,674.000000
16.000000,928.000000,49.000000,1043.000000
3079.000000,2344.000000,3183.000000,2517.000000
2077.000000,2490.000000,2227.000000,2607.000000
1348.000000,3130.000000,1473.000000,3178.000000
261.000000,2566.000000,103.000000,2634.000000
2872.000000,2218.000000,2455.000000,2614.000000
685.000000,42.000000,1047.000000,195.000000
2952.000000,899.000000,2734.000000,928.000000
2199.000000,1199.000000,2355.000000,1226.000000
392.000000,2644.000000,232.000000,2736.000000
2694.000000,1257.000000,2889.000000,1384.000000
1416.000000,1143.000000,1588.000000,1212.000000
2237.000000,291.000000,2433.000000,406.000000
1303.000000,2172.000000,1118.000000,2218.000000
2137.000000,130.000000,2148.000000,307.000000
75.000000,2377.000000,261.000000,2566.000000
2435.000000,1987.000000,2451.000000,2280.000000
1629.000000,209.000000,1932.000000,294.000000
2195.000000,2919.000000,2383.000000,3295.000000
2012.000000,2326.000000,1997.000000,2558.000000
1473.000000,3178.000000,1768.000000,3196.000000
3059.000000,603.000000,2934.000000,1067.000000
261.000000,2566.000000,392.000000,2644.000000
1603.000000,1.000000,2584.000000,15.000000
886.000000,508.000000,1029.000000,1040.000000
2134.000000,749.000000,1844.000000,963.000000
2433.000000,406.000000,2414.000000,589.000000
527.000000,2566.000000,494.000000,2749.000000
2934.000000,1067.000000,3007.000000,1140.000000
2142.000000,2576.000000,2051.000000,2682.000000
1231.000000,1952.000000,1317.000000,2145.000000
2519.000000,1828.000000,2478.000000,1986.000000
646.000000,2462.000000,694.000000,2803.000000
1603.000000,1.000000,1538.000000,253.000000
2134.000000,749.000000,2326.000000,919.000000
1084.000000,1163.000000,1096.000000,1217.000000
3138.000000,793.000000,2934.000000,1067.000000
402.000000,381.000000,595.000000,521.000000
190.000000,2270.000000,75.000000,2377.000000
2595.000000,37.000000,2581.000000,253.000000
1038.000000,485.000000,1045.000000,871.000000
694.000000,2803.000000,308.000000,3117.000000
1029.000000,1040.000000,1103.000000,1338.000000
2033.000000,1741.000000,1959.000000,1839.000000
1997.000000,2558.000000,1545.000000,2765.000000
3007.000000,1140.000000,3182.000000,1200.000000
3167.000000,3116.000000,3254.000000,3330.000000
3131.000000,2046.000000,3021.000000,2176.000000
1956.000000,76.000000,1629.000000,209.000000
708.000000,1336.000000,758.000000,1349.000000
2344.000000,1143.000000,2355.000000,1226.000000
1025.000000,1660.000000,1093.000000,1723.000000
1616.000000,364.000000,1387.000000,441.000000
1361.000000,1664.000000,1328.000000,1692.000000
60.000000,304.000000,77.000000,376.000000
1258.000000,208.000000,1256.000000,480.000000
1381.000000,3280.000000,1813.000000,3289.000000
1017.000000,2630.000000,1289.000000,2707.000000
2734.000000,1810.000000,2803.000000,1964.000000
2205.000000,177.000000,2148.000000,307.000000
