POINTS
2616.000000,16.000000
1190.000000,18.000000
2672.000000,19.000000
576.000000,25.000000
1393.000000,27.000000
762.000000,49.000000
2833.000000,49.000000
1304.000000,74.000000
1461.000000,77.000000
1494.000000,79.000000
1160.000000,83.000000
126.000000,88.000000
2741.000000,89.000000
46.000000,96.000000
1093.000000,98.000000
1030.000000,99.000000
3061.000000,99.000000
2463.000000,124.000000
1734.000000,136.000000
548.000000,144.000000
1593.000000,167.000000
3170.000000,167.000000
3238.000000,171.000000
1167.000000,179.000000
1807.000000,179.000000
2070.000000,185.000000
1003.000000,186.000000
2307.000000,187.000000
2269.000000,209.000000
2914.000000,216.000000
256.000000,224.000000
2114.000000,241.000000
2134.000000,267.000000
1548.000000,277.000000
1259.000000,282.000000
813.000000,287.000000
2024.000000,301.000000
1275.000000,310.000000
1214.000000,376.000000
2238.000000,380.000000
2273.000000,398.000000
825.000000,415.000000
2395.000000,422.000000
2520.000000,429.000000
2642.000000,431.000000
1.000000,450.000000
447.000000,461.000000
1386.000000,464.000000
1961.000000,465.000000
769.000000,467.000000
259.000000,472.000000
2996.000000,484.000000
1848.000000,486.000000
187.000000,491.000000
2914.000000,520.000000
2446.000000,521.000000
424.000000,531.000000
653.000000,534.000000
891.000000,542.000000
450.000000,545.000000
914.000000,554.000000
865.000000,563.000000
2469.000000,568.000000
335.000000,575.000000
1035.000000,585.000000
1176.000000,608.000000
1501.000000,643.000000
1185.000000,672.000000
2987.000000,677.000000
1239.000000,682.000000
3289.000000,685.000000
2351.000000,707.000000
1096.000000,714.000000
2696.000000,719.000000
1103.000000,724.000000
701.000000,744.000000
1882.000000,759.000000
535.000000,762.000000
1799.000000,762.000000
920.000000,763.000000
2515.000000,772.000000
809.000000,783.000000
3266.000000,812.000000
1995.000000,813.000000
2401.000000,836.000000
3005.000000,837.000000
405.000000,849.000000
3030.000000,855.000000
801.000000,872.000000
758.000000,876.000000
214.000000,888.000000
2383.000000,893.000000
2793.000000,899.000000
1738.000000,913.000000
3225.000000,916.000000
83.000000,939.000000
2881.000000,945.000000
2238.000000,949.000000
1284.000000,970.000000
2236.000000,975.000000
3117.000000,1000.000000
1750.000000,1010.000000
382.000000,1030.000000
772.000000,1034.000000
2454.000000,1061.000000
2294.000000,1072.000000
55.000000,1073.000000
2273.000000,1097.000000
2655.000000,1122.000000
375.000000,1125.000000
1946.000000,1133.000000
2214.000000,1136.000000
243.000000,1140.000000
2668.000000,1148.000000
2295.000000,1152.000000
1443.000000,1156.000000
582.000000,1162.000000
588.000000,1163.000000
770.000000,1167.000000
2414.000000,1198.000000
1804.000000,1210.000000
2261.000000,1223.000000
1186.000000,1235.000000
1296.000000,1254.000000
2879.000000,1262.000000
3180.000000,1265.000000
2926.000000,1285.000000
1793.000000,1317.000000
1409.000000,1330.000000
3352.000000,1330.000000
2506.000000,1335.000000
3317.000000,1352.000000
3326.000000,1354.000000
3255.000000,1358.000000
1622.000000,1365.000000
483.000000,1368.000000
2264.000000,1391.000000
2661.000000,1393.000000
2842.000000,1395.000000
861.000000,1425.000000
2786.000000,1442.000000
2918.000000,1451.000000
299.000000,1469.000000
656.000000,1489.000000
1207.000000,1514.000000
520.000000,1515.000000
2848.000000,1526.000000
1218.000000,1536.000000
356.000000,1538.000000
2611.000000,1552.000000
2528.000000,1555.000000
2440.000000,1570.000000
1120.000000,1576.000000
1837.000000,1577.000000
2888.000000,1597.000000
622.000000,1640.000000
2290.000000,1641.000000
2718.000000,1643.000000
3114.000000,1644.000000
1562.000000,1647.000000
305.000000,1673.000000
1646.000000,1677.000000
657.000000,1681.000000
2340.000000,1682.000000
1538.000000,1699.000000
1572.000000,1720.000000
2784.000000,1720.000000
338.000000,1721.000000
2291.000000,1721.000000
1271.000000,1730.000000
635.000000,1760.000000
1223.000000,1760.000000
2571.000000,1774.000000
1305.000000,1780.000000
755.000000,1793.000000
254.000000,1802.000000
1606.000000,1809.000000
1069.000000,1814.000000
2655.000000,1817.000000
247.000000,1827.000000
903.000000,1833.000000
598.000000,1863.000000
991.000000,1866.000000
569.000000,1875.000000
1121.000000,1880.000000
1817.000000,1892.000000
1650.000000,1911.000000
2034.000000,1926.000000
155.000000,1947.000000
2818.000000,1947.000000
2298.000000,1950.000000
1096.000000,1963.000000
2371.000000,1965.000000
324.000000,1972.000000
1869.000000,2018.000000
765.000000,2019.000000
990.000000,2033.000000
1300.000000,2045.000000
2321.000000,2045.000000
2470.000000,2064.000000
547.000000,2066.000000
645.000000,2068.000000
2678.000000,2070.000000
3080.000000,2081.000000
438.000000,2088.000000
2126.000000,2103.000000
134.000000,2105.000000
442.000000,2111.000000
2547.000000,2117.000000
1603.000000,2124.000000
1533.000000,2129.000000
2737.000000,2134.000000
3179.000000,2146.000000
2661.000000,2147.000000
3284.000000,2152.000000
2948.000000,2171.000000
3308.000000,2178.000000
1702.000000,2183.000000
3089.000000,2189.000000
3109.000000,2196.000000
3300.000000,2203.000000
1603.000000,2246.000000
1345.000000,2249.000000
390.000000,2253.000000
1465.000000,2261.000000
2254.000000,2267.000000
2123.000000,2272.000000
1478.000000,2274.000000
2736.000000,2277.000000
506.000000,2296.000000
2114.000000,2310.000000
1407.000000,2314.000000
235.000000,2322.000000
492.000000,2340.000000
1899.000000,2357.000000
943.000000,2389.000000
1735.000000,2394.000000
223.000000,2405.000000
1673.000000,2428.000000
1229.000000,2429.000000
968.000000,2445.000000
910.000000,2458.000000
510.000000,2462.000000
1510.000000,2466.000000
3232.000000,2476.000000
1297.000000,2480.000000
2965.000000,2485.000000
1121.000000,2497.000000
1314.000000,2503.000000
2037.000000,2506.000000
2227.000000,2506.000000
1190.000000,2518.000000
1241.000000,2518.000000
1175.000000,2550.000000
1206.000000,2579.000000
2687.000000,2582.000000
488.000000,2599.000000
767.000000,2599.000000
1864.000000,2604.000000
3200.000000,2612.000000
2786.000000,2649.000000
609.000000,2683.000000
3009.000000,2689.000000
3.000000,2697.000000
935.000000,2699.000000
1344.000000,2701.000000
182.000000,2707.000000
2203.000000,2709.000000
353.000000,2718.000000
1308.000000,2718.000000
243.000000,2752.000000
2026.000000,2769.000000
2552.000000,2771.000000
2092.000000,2772.000000
1759.000000,2776.000000
1110.000000,2779.000000
551.000000,2784.000000
1362.000000,2784.000000
1784.000000,2793.000000
1365.000000,2803.000000
1350.000000,2811.000000
2356.000000,2811.000000
2526.000000,2823.000000
2124.000000,2831.000000
1531.000000,2850.000000
2661.000000,2859.000000
431.000000,2860.000000
1041.000000,2876.000000
3167.000000,2880.000000
400.000000,2886.000000
1526.000000,2891.000000
1330.000000,2895.000000
225.000000,2909.000000
1066.000000,2915.000000
169.000000,2918.000000
1469.000000,2918.000000
130.000000,2920.000000
1899.000000,2952.000000
1292.000000,2954.000000
1476.000000,2960.000000
2390.000000,2965.000000
854.000000,3002.000000
911.000000,3022.000000
1198.000000,3032.000000
1299.000000,3061.000000
2661.000000,3069.000000
2942.000000,3073.000000
475.000000,3078.000000
2025.000000,3080.000000
1800.000000,3101.000000
104.000000,3102.000000
886.000000,3109.000000
1401.000000,3121.000000
2298.000000,3132.000000
1187.000000,3144.000000
715.000000,3172.000000
3098.000000,3181.000000
551.000000,3186.000000
1993.000000,3186.000000
3011.000000,3190.000000
2631.000000,3195.000000
1480.000000,3201.000000
231.000000,3218.000000
1663.000000,3219.000000
2148.000000,3219.000000
1212.000000,3226.000000
4.000000,3248.000000
1294.000000,3267.000000
1489.000000,3296.000000
1805.000000,3304.000000
2086.000000,3314.000000
2441.000000,3316.000000
1089.000000,3321.000000
2740.000000,3346.000000
1655.000000,3351.000000
139.000000,3353.000000
LINES
2661.000000,1393.000000,2528.000000,1555.000000
405.000000,849.000000,243.000000,1140.000000
235.000000,2322.000000,223.000000,2405.000000
3232.000000,2476.000000,2965.000000,2485.000000
576.000000,25.000000,256.000000,224.000000
1655.000000,3351.000000,139.000000,3353.000000
1121.000000,2497.000000,1206.000000,2579.000000
1501.000000,643.000000,1738.000000,913.000000
424.000000,531.000000,450.000000,545.000000
375.000000,1125.000000,582.000000,1162.000000
2661.000000,1393.000000,2611.000000,1552.000000
483.000000,1368.000000,656.000000,1489.000000
2528.000000,1555.000000,2655.000000,1817.000000
488.000000,2599.000000,609.000000,2683.000000
551.000000,2784.000000,431.000000,2860.000000
1702.000000,2183.000000,1735.000000,2394.000000
943.000000,2389.000000,1121.000000,2497.000000
1961.000000,465.000000,1848.000000,486.000000
506.000000,2296.000000,943.000000,2389.000000
1345.000000,2249.000000,1510.000000,2466.000000
353.000000,2718.000000,551.000000,2784.000000
2298.000000,1950.000000,2371.000000,1965.000000
582.000000,1162.000000,483.000000,1368.000000
2793.000000,899.000000,2668.000000,1148.000000
2321.000000,2045.000000,2470.000000,2064.000000
1738.000000,913.000000,1750.000000,1010.000000
943.000000,2389.000000,910.000000,2458.000000
3089.000000,2189.000000,3109.000000,2196.000000
1314.000000,2503.000000,1241.000000,2518.000000
1345.000000,2249.000000,1407.000000,2314.000000
1304.000000,74.000000,1494.000000,79.000000
1186.000000,1235.000000,1296.000000,1254.000000
2227.000000,2506.000000,2092.000000,2772.000000
2528.000000,1555.000000,2571.000000,1774.000000
1239.000000,682.000000,801.000000,872.000000
770.000000,1167.000000,1207.000000,1514.000000
1259.000000,282.000000,1275.000000,310.000000
1103.000000,724.000000,801.000000,872.000000
3030.000000,855.000000,3225.000000,916.000000
382.000000,1030.000000,375.000000,1125.000000
1350.000000,2811.000000,1330.000000,2895.000000
990.000000,2033.000000,506.000000,2296.000000
2661.000000,2859.000000,3167.000000,2880.000000
2784.000000,1720.000000,2655.000000,1817.000000
1807.000000,179.000000,2070.000000,185.000000
2987.000000,677.000000,3005.000000,837.000000
3308.000000,2178.000000,3200.000000,2612.000000
2123.000000,2272.000000,2114.000000,2310.000000
475.000000,3078.000000,715.000000,3172.000000
2696.000000,719.000000,2793.000000,899.000000
2469.000000,568.000000,2515.000000,772.000000
2672.000000,19.000000,2463.000000,124.000000
2687.000000,2582.000000,2356.000000,2811.000000
1121.000000,1880.000000,1300.000000,2045.000000
891.000000,542.000000,1035.000000,585.000000
3308.000000,2178.000000,3167.000000,2880.000000
382.000000,1030.000000,582.000000,1162.000000
1409.000000,1330.000000,1622.000000,1365.000000
2668.000000,1148.000000,2661.000000,1393.000000
1121.000000,2497.000000,1175.000000,2550.000000
1345.000000,2249.000000,1297.000000,2480.000000
2784.000000,1720.000000,3080.000000,2081.000000
914.000000,554.000000,1103.000000,724.000000
1759.000000,2776.000000,1784.000000,2793.000000
2842.000000,1395.000000,2918.000000,1451.000000
4.000000,3248.000000,139.000000,3353.000000
1510.000000,2466.000000,1362.000000,2784.000000
1284.000000,970.000000,1186.000000,1235.000000
767.000000,2599.000000,609.000000,2683.000000
2793.000000,899.000000,2879.000000,1262.000000
548.000000,144.000000,813.000000,287.000000
547.000000,2066.000000,645.000000,2068.000000
622.000000,1640.000000,305.000000,1673.000000
1.000000,450.000000,83.000000,939.000000
2888.000000,1597.000000,2784.000000,1720.000000
424.000000,531.000000,335.000000,575.000000
3061.000000,99.000000,3238.000000,171.000000
854.000000,3002.000000,911.000000,3022.000000
551.000000,3186.000000,1089.000000,3321.000000
1041.000000,2876.000000,1066.000000,2915.000000
2655.000000,1817.000000,2371.000000,1965.000000
2298.000000,3132.000000,2148.000000,3219.000000
2833.000000,49.000000,3061.000000,99.000000
914.000000,554.000000,1035.000000,585.000000
2356.000000,2811.000000,2025.000000,3080.000000
1538.000000,1699.000000,1572.000000,1720.000000
400.000000,2886.000000,475.000000,3078.000000
1562.000000,1647.000000,1271.000000,1730.000000
1187.000000,3144.000000,1212.000000,3226.000000
2238.000000,949.000000,2273.000000,1097.000000
2668.000000,1148.000000,2506.000000,1335.000000
2114.000000,2310.000000,1899.000000,2357.000000
1239.000000,682.000000,1284.000000,970.000000
3170.000000,167.000000,2914.000000,216.000000
375.000000,1125.000000,243.000000,1140.000000
3255.000000,1358.000000,3114.000000,1644.000000
1864.000000,2604.000000,1899.000000,2952.000000
3114.000000,1644.000000,3284.000000,2152.000000
1167.000000,179.000000,1259.000000,282.000000
1646.000000,1677.000000,1650.000000,1911.000000
1190.000000,18.000000,1393.000000,27.000000
1533.000000,2129.000000,1465.000000,2261.000000
1299.000000,3061.000000,1401.000000,3121.000000
2254.000000,2267.000000,2227.000000,2506.000000
83.000000,939.000000,55.000000,1073.000000
2269.000000,209.000000,2134.000000,267.000000
2506.000000,1335.000000,2264.000000,1391.000000
1271.000000,1730.000000,1305.000000,1780.000000
582.000000,1162.000000,770.000000,1167.000000
1190.000000,18.000000,1030.000000,99.000000
861.000000,1425.000000,1207.000000,1514.000000
1735.000000,2394.000000,1864.000000,2604.000000
3.000000,2697.000000,182.000000,2707.000000
2291.000000,1721.000000,2371.000000,1965.000000
134.000000,2105.000000,442.000000,2111.000000
259.000000,472.000000,424.000000,531.000000
442.000000,2111.000000,506.000000,2296.000000
1330.000000,2895.000000,1198.000000,3032.000000
569.000000,1875.000000,547.000000,2066.000000
1003.000000,186.000000,1214.000000,376.000000
2298.000000,1950.000000,2321.000000,2045.000000
405.000000,849.000000,214.000000,888.000000
2996.000000,484.000000,2914.000000,520.000000
3061.000000,99.000000,3170.000000,167.000000
1465.000000,2261.000000,1673.000000,2428.000000
2124.000000,2831.000000,1899.000000,2952.000000
1259.000000,282.000000,1386.000000,464.000000
2273.000000,1097.000000,2295.000000,1152.000000
2888.000000,1597.000000,2718.000000,1643.000000
1096.000000,1963.000000,943.000000,2389.000000
2321.000000,2045.000000,2254.000000,2267.000000
1206.000000,2579.000000,1110.000000,2779.000000
1494.000000,79.000000,1593.000000,167.000000
3289.000000,685.000000,3266.000000,812.000000
2506.000000,1335.000000,2440.000000,1570.000000
3098.000000,3181.000000,3011.000000,3190.000000
2463.000000,124.000000,2307.000000,187.000000
547.000000,2066.000000,442.000000,2111.000000
535.000000,762.000000,382.000000,1030.000000
576.000000,25.000000,762.000000,49.000000
2918.000000,1451.000000,2848.000000,1526.000000
1297.000000,2480.000000,1314.000000,2503.000000
535.000000,762.000000,758.000000,876.000000
2552.000000,2771.000000,2526.000000,2823.000000
1465.000000,2261.000000,1864.000000,2604.000000
1093.000000,98.000000,1030.000000,99.000000
1190.000000,2518.000000,1241.000000,2518.000000
1489.000000,3296.000000,1655.000000,3351.000000
914.000000,554.000000,1096.000000,714.000000
2034.000000,1926.000000,2126.000000,2103.000000
1494.000000,79.000000,1734.000000,136.000000
1864.000000,2604.000000,2092.000000,2772.000000
825.000000,415.000000,769.000000,467.000000
576.000000,25.000000,126.000000,88.000000
405.000000,849.000000,382.000000,1030.000000
2526.000000,2823.000000,2390.000000,2965.000000
1121.000000,1880.000000,1121.000000,2497.000000
3284.000000,2152.000000,3308.000000,2178.000000
2291.000000,1721.000000,2298.000000,1950.000000
1121.000000,1880.000000,1229.000000,2429.000000
1121.000000,1880.000000,1096.000000,1963.000000
2024.000000,301.000000,1386.000000,464.000000
243.000000,2752.000000,130.000000,2920.000000
1995.000000,813.000000,2236.000000,975.000000
214.000000,888.000000,55.000000,1073.000000
223.000000,2405.000000,3.000000,2697.000000
598.000000,1863.000000,569.000000,1875.000000
1275.000000,310.000000,1214.000000,376.000000
2616.000000,16.000000,1190.000000,18.000000
2024.000000,301.000000,1501.000000,643.000000
2655.000000,1122.000000,2668.000000,1148.000000
1646.000000,1677.000000,1572.000000,1720.000000
767.000000,2599.000000,854.000000,3002.000000
1817.000000,1892.000000,1650.000000,1911.000000
375.000000,1125.000000,483.000000,1368.000000
2528.000000,1555.000000,2440.000000,1570.000000
1593.000000,167.000000,1548.000000,277.000000
2470.000000,2064.000000,2687.000000,2582.000000
390.000000,2253.000000,235.000000,2322.000000
2526.000000,2823.000000,2661.000000,3069.000000
809.000000,783.000000,801.000000,872.000000
1759.000000,2776.000000,1800.000000,3101.000000
1218.000000,1536.000000,1562.000000,1647.000000
1562.000000,1647.000000,1646.000000,1677.000000
1292.000000,2954.000000,1198.000000,3032.000000
2642.000000,431.000000,3005.000000,837.000000
715.000000,3172.000000,1089.000000,3321.000000
891.000000,542.000000,914.000000,554.000000
2687.000000,2582.000000,2661.000000,2859.000000
510.000000,2462.000000,488.000000,2599.000000
2273.000000,398.000000,2520.000000,429.000000
2696.000000,719.000000,2655.000000,1122.000000
1207.000000,1514.000000,1218.000000,1536.000000
1362.000000,2784.000000,1365.000000,2803.000000
1110.000000,2779.000000,1066.000000,2915.000000
1.000000,450.000000,134.000000,2105.000000
1330.000000,2895.000000,1469.000000,2918.000000
225.000000,2909.000000,231.000000,3218.000000
1167.000000,179.000000,1003.000000,186.000000
886.000000,3109.000000,1089.000000,3321.000000
588.000000,1163.000000,656.000000,1489.000000
1603.000000,2246.000000,1465.000000,2261.000000
2520.000000,429.000000,2642.000000,431.000000
2736.000000,2277.000000,2687.000000,2582.000000
2026.000000,2769.000000,2124.000000,2831.000000
1409.000000,1330.000000,1218.000000,1536.000000
182.000000,2707.000000,243.000000,2752.000000
1096.000000,714.000000,1103.000000,724.000000
813.000000,287.000000,1176.000000,608.000000
551.000000,3186.000000,139.000000,3353.000000
1646.000000,1677.000000,1817.000000,1892.000000
2678.000000,2070.000000,2547.000000,2117.000000
3225.000000,916.000000,3117.000000,1000.000000
2879.000000,1262.000000,2786.000000,1442.000000
1207.000000,1514.000000,1120.000000,1576.000000
701.000000,744.000000,801.000000,872.000000
1494.000000,79.000000,1386.000000,464.000000
2024.000000,301.000000,1961.000000,465.000000
1305.000000,1780.000000,1650.000000,1911.000000
3005.000000,837.000000,3117.000000,1000.000000
2261.000000,1223.000000,2264.000000,1391.000000
1393.000000,27.000000,1304.000000,74.000000
324.000000,1972.000000,442.000000,2111.000000
2616.000000,16.000000,1734.000000,136.000000
2269.000000,209.000000,2114.000000,241.000000
1345.000000,2249.000000,1314.000000,2503.000000
770.000000,1167.000000,861.000000,1425.000000
3080.000000,2081.000000,3089.000000,2189.000000
1480.000000,3201.000000,1489.000000,3296.000000
126.000000,88.000000,46.000000,96.000000
2678.000000,2070.000000,2737.000000,2134.000000
2070.000000,185.000000,2114.000000,241.000000
1848.000000,486.000000,1501.000000,643.000000
825.000000,415.000000,1035.000000,585.000000
3179.000000,2146.000000,3109.000000,2196.000000
1961.000000,465.000000,1995.000000,813.000000
1784.000000,2793.000000,1899.000000,2952.000000
2264.000000,1391.000000,2290.000000,1641.000000
2965.000000,2485.000000,3009.000000,2689.000000
2918.000000,1451.000000,3114.000000,1644.000000
2070.000000,185.000000,2307.000000,187.000000
2034.000000,1926.000000,2298.000000,1950.000000
1066.000000,2915.000000,911.000000,3022.000000
169.000000,2918.000000,130.000000,2920.000000
1041.000000,2876.000000,854.000000,3002.000000
1650.000000,1911.000000,1533.000000,2129.000000
2470.000000,2064.000000,2254.000000,2267.000000
1993.000000,3186.000000,1805.000000,3304.000000
256.000000,224.000000,187.000000,491.000000
2672.000000,19.000000,1807.000000,179.000000
2086.000000,3314.000000,2441.000000,3316.000000
2307.000000,187.000000,2273.000000,398.000000
769.000000,467.000000,450.000000,545.000000
1160.000000,83.000000,1093.000000,98.000000
657.000000,1681.000000,903.000000,1833.000000
1066.000000,2915.000000,1198.000000,3032.000000
2371.000000,1965.000000,2470.000000,2064.000000
182.000000,2707.000000,353.000000,2718.000000
256.000000,224.000000,259.000000,472.000000
2025.000000,3080.000000,1800.000000,3101.000000
1469.000000,2918.000000,1476.000000,2960.000000
2214.000000,1136.000000,2295.000000,1152.000000
2741.000000,89.000000,2642.000000,431.000000
3080.000000,2081.000000,2948.000000,2171.000000
2295.000000,1152.000000,2414.000000,1198.000000
2470.000000,2064.000000,2227.000000,2506.000000
2696.000000,719.000000,3005.000000,837.000000
1476.000000,2960.000000,1299.000000,3061.000000
2114.000000,2310.000000,2037.000000,2506.000000
2236.000000,975.000000,1946.000000,1133.000000
2321.000000,2045.000000,2123.000000,2272.000000
2520.000000,429.000000,2446.000000,521.000000
551.000000,2784.000000,475.000000,3078.000000
1864.000000,2604.000000,1784.000000,2793.000000
1121.000000,2497.000000,1110.000000,2779.000000
3238.000000,171.000000,3289.000000,685.000000
1.000000,450.000000,335.000000,575.000000
2547.000000,2117.000000,2736.000000,2277.000000
1275.000000,310.000000,1386.000000,464.000000
2356.000000,2811.000000,2298.000000,3132.000000
2879.000000,1262.000000,2926.000000,1285.000000
126.000000,88.000000,1.000000,450.000000
431.000000,2860.000000,400.000000,2886.000000
231.000000,3218.000000,4.000000,3248.000000
1190.000000,18.000000,1304.000000,74.000000
2668.000000,1148.000000,2879.000000,1262.000000
767.000000,2599.000000,935.000000,2699.000000
3266.000000,812.000000,3225.000000,916.000000
1882.000000,759.000000,1738.000000,913.000000
2793.000000,899.000000,2881.000000,945.000000
1271.000000,1730.000000,1606.000000,1809.000000
247.000000,1827.000000,569.000000,1875.000000
2571.000000,1774.000000,2371.000000,1965.000000
1622.000000,1365.000000,1562.000000,1647.000000
1800.000000,3101.000000,1663.000000,3219.000000
2672.000000,19.000000,2642.000000,431.000000
223.000000,2405.000000,510.000000,2462.000000
1300.000000,2045.000000,1345.000000,2249.000000
335.000000,575.000000,83.000000,939.000000
1393.000000,27.000000,1734.000000,136.000000
1899.000000,2357.000000,1735.000000,2394.000000
1093.000000,98.000000,1167.000000,179.000000
861.000000,1425.000000,656.000000,1489.000000
1603.000000,2124.000000,1603.000000,2246.000000
223.000000,2405.000000,182.000000,2707.000000
2655.000000,1817.000000,2818.000000,1947.000000
1494.000000,79.000000,1548.000000,277.000000
2571.000000,1774.000000,2655.000000,1817.000000
169.000000,2918.000000,4.000000,3248.000000
1185.000000,672.000000,1103.000000,724.000000
2340.000000,1682.000000,2571.000000,1774.000000
588.000000,1163.000000,770.000000,1167.000000
2552.000000,2771.000000,2661.000000,2859.000000
338.000000,1721.000000,569.000000,1875.000000
609.000000,2683.000000,551.000000,2784.000000
1294.000000,3267.000000,1489.000000,3296.000000
2642.000000,431.000000,2696.000000,719.000000
2134.000000,267.000000,2273.000000,398.000000
214.000000,888.000000,83.000000,939.000000
1167.000000,179.000000,1275.000000,310.000000
2996.000000,484.000000,3030.000000,855.000000
55.000000,1073.000000,299.000000,1469.000000
1218.000000,1536.000000,1120.000000,1576.000000
1308.000000,2718.000000,1365.000000,2803.000000
475.000000,3078.000000,231.000000,3218.000000
3170.000000,167.000000,2996.000000,484.000000
1869.000000,2018.000000,1603.000000,2124.000000
2470.000000,2064.000000,2736.000000,2277.000000
991.000000,1866.000000,1121.000000,1880.000000
2848.000000,1526.000000,2718.000000,1643.000000
1314.000000,2503.000000,1344.000000,2701.000000
2148.000000,3219.000000,2441.000000,3316.000000
854.000000,3002.000000,475.000000,3078.000000
861.000000,1425.000000,657.000000,1681.000000
1837.000000,1577.000000,1817.000000,1892.000000
2290.000000,1641.000000,2340.000000,1682.000000
382.000000,1030.000000,243.000000,1140.000000
1271.000000,1730.000000,1223.000000,1760.000000
1526.000000,2891.000000,1476.000000,2960.000000
2948.000000,2171.000000,2736.000000,2277.000000
991.000000,1866.000000,990.000000,2033.000000
1185.000000,672.000000,1096.000000,714.000000
968.000000,2445.000000,935.000000,2699.000000
400.000000,2886.000000,225.000000,2909.000000
1501.000000,643.000000,1239.000000,682.000000
3300.000000,2203.000000,2965.000000,2485.000000
1899.000000,2952.000000,1800.000000,3101.000000
447.000000,461.000000,424.000000,531.000000
1314.000000,2503.000000,1206.000000,2579.000000
1538.000000,1699.000000,1271.000000,1730.000000
1480.000000,3201.000000,1663.000000,3219.000000
1478.000000,2274.000000,1510.000000,2466.000000
3080.000000,2081.000000,3179.000000,2146.000000
214.000000,888.000000,243.000000,1140.000000
2655.000000,1817.000000,2678.000000,2070.000000
2307.000000,187.000000,2269.000000,209.000000
2737.000000,2134.000000,2661.000000,2147.000000
911.000000,3022.000000,886.000000,3109.000000
1223.000000,1760.000000,1069.000000,1814.000000
1175.000000,2550.000000,1206.000000,2579.000000
653.000000,534.000000,701.000000,744.000000
2295.000000,1152.000000,2261.000000,1223.000000
2678.000000,2070.000000,2661.000000,2147.000000
2356.000000,2811.000000,2526.000000,2823.000000
3114.000000,1644.000000,3080.000000,2081.000000
2227.000000,2506.000000,2356.000000,2811.000000
1501.000000,643.000000,1799.000000,762.000000
2414.000000,1198.000000,2261.000000,1223.000000
3109.000000,2196.000000,2965.000000,2485.000000
2148.000000,3219.000000,2086.000000,3314.000000
1223.000000,1760.000000,1121.000000,1880.000000
2092.000000,2772.000000,2124.000000,2831.000000
438.000000,2088.000000,442.000000,2111.000000
3317.000000,1352.000000,3326.000000,1354.000000
2784.000000,1720.000000,2948.000000,2171.000000
506.000000,2296.000000,609.000000,2683.000000
920.000000,763.000000,809.000000,783.000000
1804.000000,1210.000000,1622.000000,1365.000000
1350.000000,2811.000000,1198.000000,3032.000000
1848.000000,486.000000,1995.000000,813.000000
2470.000000,2064.000000,2547.000000,2117.000000
3180.000000,1265.000000,3317.000000,1352.000000
483.000000,1368.000000,520.000000,1515.000000
801.000000,872.000000,770.000000,1167.000000
305.000000,1673.000000,247.000000,1827.000000
758.000000,876.000000,770.000000,1167.000000
1304.000000,74.000000,1167.000000,179.000000
653.000000,534.000000,450.000000,545.000000
1817.000000,1892.000000,2034.000000,1926.000000
2469.000000,568.000000,2696.000000,719.000000
1848.000000,486.000000,1799.000000,762.000000
1294.000000,3267.000000,1655.000000,3351.000000
231.000000,3218.000000,139.000000,3353.000000
2611.000000,1552.000000,2718.000000,1643.000000
1386.000000,464.000000,1501.000000,643.000000
762.000000,49.000000,813.000000,287.000000
1443.000000,1156.000000,1186.000000,1235.000000
2737.000000,2134.000000,2948.000000,2171.000000
1393.000000,27.000000,1461.000000,77.000000
3098.000000,3181.000000,2740.000000,3346.000000
1807.000000,179.000000,2134.000000,267.000000
3109.000000,2196.000000,2736.000000,2277.000000
1461.000000,77.000000,1494.000000,79.000000
2918.000000,1451.000000,2888.000000,1597.000000
2446.000000,521.000000,2351.000000,707.000000
225.000000,2909.000000,104.000000,3102.000000
588.000000,1163.000000,483.000000,1368.000000
1069.000000,1814.000000,903.000000,1833.000000
1035.000000,585.000000,1185.000000,672.000000
1759.000000,2776.000000,1663.000000,3219.000000
1401.000000,3121.000000,1212.000000,3226.000000
2914.000000,520.000000,3005.000000,837.000000
1807.000000,179.000000,2024.000000,301.000000
1110.000000,2779.000000,1198.000000,3032.000000
2881.000000,945.000000,3117.000000,1000.000000
2661.000000,2147.000000,2736.000000,2277.000000
2914.000000,520.000000,2987.000000,677.000000
2996.000000,484.000000,2987.000000,677.000000
2294.000000,1072.000000,2295.000000,1152.000000
1409.000000,1330.000000,1207.000000,1514.000000
1223.000000,1760.000000,1305.000000,1780.000000
1229.000000,2429.000000,1190.000000,2518.000000
1121.000000,2497.000000,1190.000000,2518.000000
2914.000000,216.000000,2996.000000,484.000000
3.000000,2697.000000,4.000000,3248.000000
2203.000000,2709.000000,2092.000000,2772.000000
1759.000000,2776.000000,1476.000000,2960.000000
2124.000000,2831.000000,2025.000000,3080.000000
2383.000000,893.000000,2238.000000,949.000000
3009.000000,2689.000000,3167.000000,2880.000000
2631.000000,3195.000000,2740.000000,3346.000000
2948.000000,2171.000000,3089.000000,2189.000000
1212.000000,3226.000000,1294.000000,3267.000000
1296.000000,1254.000000,1409.000000,1330.000000
2446.000000,521.000000,2469.000000,568.000000
1946.000000,1133.000000,1804.000000,1210.000000
2025.000000,3080.000000,2298.000000,3132.000000
400.000000,2886.000000,231.000000,3218.000000
1673.000000,2428.000000,1864.000000,2604.000000
1120.000000,1576.000000,1223.000000,1760.000000
2026.000000,2769.000000,1899.000000,2952.000000
2616.000000,16.000000,2672.000000,19.000000
390.000000,2253.000000,223.000000,2405.000000
3317.000000,1352.000000,3255.000000,1358.000000
254.000000,1802.000000,247.000000,1827.000000
1304.000000,74.000000,1259.000000,282.000000
1650.000000,1911.000000,1869.000000,2018.000000
2291.000000,1721.000000,2571.000000,1774.000000
1344.000000,2701.000000,1308.000000,2718.000000
772.000000,1034.000000,770.000000,1167.000000
2290.000000,1641.000000,1817.000000,1892.000000
520.000000,1515.000000,305.000000,1673.000000
2996.000000,484.000000,3289.000000,685.000000
1805.000000,3304.000000,1655.000000,3351.000000
813.000000,287.000000,825.000000,415.000000
55.000000,1073.000000,243.000000,1140.000000
1069.000000,1814.000000,991.000000,1866.000000
1223.000000,1760.000000,903.000000,1833.000000
1305.000000,1780.000000,1121.000000,1880.000000
243.000000,2752.000000,431.000000,2860.000000
758.000000,876.000000,382.000000,1030.000000
769.000000,467.000000,653.000000,534.000000
914.000000,554.000000,865.000000,563.000000
2414.000000,1198.000000,2264.000000,1391.000000
488.000000,2599.000000,353.000000,2718.000000
3170.000000,167.000000,3289.000000,685.000000
335.000000,575.000000,214.000000,888.000000
755.000000,1793.000000,903.000000,1833.000000
1409.000000,1330.000000,1562.000000,1647.000000
2528.000000,1555.000000,2718.000000,1643.000000
2818.000000,1947.000000,2737.000000,2134.000000
225.000000,2909.000000,4.000000,3248.000000
622.000000,1640.000000,569.000000,1875.000000
1066.000000,2915.000000,1089.000000,3321.000000
1069.000000,1814.000000,1121.000000,1880.000000
701.000000,744.000000,758.000000,876.000000
1800.000000,3101.000000,1805.000000,3304.000000
1239.000000,682.000000,770.000000,1167.000000
2214.000000,1136.000000,2264.000000,1391.000000
2351.000000,707.000000,2238.000000,949.000000
134.000000,2105.000000,235.000000,2322.000000
1443.000000,1156.000000,1622.000000,1365.000000
492.000000,2340.000000,223.000000,2405.000000
2236.000000,975.000000,1750.000000,1010.000000
1206.000000,2579.000000,1344.000000,2701.000000
1.000000,450.000000,187.000000,491.000000
1961.000000,465.000000,2238.000000,949.000000
2025.000000,3080.000000,1993.000000,3186.000000
2238.000000,380.000000,2273.000000,398.000000
861.000000,1425.000000,1120.000000,1576.000000
2668.000000,1148.000000,2414.000000,1198.000000
968.000000,2445.000000,1121.000000,2497.000000
126.000000,88.000000,256.000000,224.000000
1869.000000,2018.000000,2114.000000,2310.000000
1212.000000,3226.000000,1089.000000,3321.000000
2440.000000,1570.000000,2290.000000,1641.000000
910.000000,2458.000000,767.000000,2599.000000
1103.000000,724.000000,920.000000,763.000000
2126.000000,2103.000000,2123.000000,2272.000000
3326.000000,1354.000000,3255.000000,1358.000000
2024.000000,301.000000,1848.000000,486.000000
2661.000000,3069.000000,3011.000000,3190.000000
1308.000000,2718.000000,1350.000000,2811.000000
259.000000,472.000000,187.000000,491.000000
247.000000,1827.000000,438.000000,2088.000000
2034.000000,1926.000000,1869.000000,2018.000000
2616.000000,16.000000,1393.000000,27.000000
2833.000000,49.000000,2914.000000,216.000000
3232.000000,2476.000000,3200.000000,2612.000000
755.000000,1793.000000,991.000000,1866.000000
1304.000000,74.000000,1461.000000,77.000000
2718.000000,1643.000000,2655.000000,1817.000000
2440.000000,1570.000000,2571.000000,1774.000000
450.000000,545.000000,535.000000,762.000000
1030.000000,99.000000,813.000000,287.000000
1175.000000,2550.000000,1110.000000,2779.000000
2642.000000,431.000000,2914.000000,520.000000
2463.000000,124.000000,2273.000000,398.000000
2833.000000,49.000000,2741.000000,89.000000
1510.000000,2466.000000,1314.000000,2503.000000
1869.000000,2018.000000,2126.000000,2103.000000
1121.000000,1880.000000,990.000000,2033.000000
2848.000000,1526.000000,2611.000000,1552.000000
299.000000,1469.000000,305.000000,1673.000000
1407.000000,2314.000000,1510.000000,2466.000000
1494.000000,79.000000,1259.000000,282.000000
1995.000000,813.000000,1738.000000,913.000000
55.000000,1073.000000,134.000000,2105.000000
1218.000000,1536.000000,1271.000000,1730.000000
488.000000,2599.000000,551.000000,2784.000000
765.000000,2019.000000,506.000000,2296.000000
3179.000000,2146.000000,3308.000000,2178.000000
1562.000000,1647.000000,1538.000000,1699.000000
762.000000,49.000000,548.000000,144.000000
1160.000000,83.000000,1167.000000,179.000000
2401.000000,836.000000,2383.000000,893.000000
1663.000000,3219.000000,1805.000000,3304.000000
635.000000,1760.000000,569.000000,1875.000000
2842.000000,1395.000000,2786.000000,1442.000000
1365.000000,2803.000000,1469.000000,2918.000000
2134.000000,267.000000,2238.000000,380.000000
2506.000000,1335.000000,2290.000000,1641.000000
801.000000,872.000000,758.000000,876.000000
1793.000000,1317.000000,1622.000000,1365.000000
1386.000000,464.000000,1176.000000,608.000000
1362.000000,2784.000000,1531.000000,2850.000000
3117.000000,1000.000000,2926.000000,1285.000000
2114.000000,241.000000,2134.000000,267.000000
3180.000000,1265.000000,2918.000000,1451.000000
2236.000000,975.000000,2273.000000,1097.000000
2126.000000,2103.000000,2114.000000,2310.000000
547.000000,2066.000000,438.000000,2088.000000
2552.000000,2771.000000,2356.000000,2811.000000
2441.000000,3316.000000,2740.000000,3346.000000
2881.000000,945.000000,2879.000000,1262.000000
813.000000,287.000000,769.000000,467.000000
1603.000000,2246.000000,1735.000000,2394.000000
1239.000000,682.000000,1186.000000,1235.000000
2848.000000,1526.000000,2888.000000,1597.000000
2214.000000,1136.000000,2261.000000,1223.000000
1330.000000,2895.000000,1299.000000,3061.000000
1650.000000,1911.000000,1300.000000,2045.000000
55.000000,1073.000000,155.000000,1947.000000
1476.000000,2960.000000,1401.000000,3121.000000
2526.000000,2823.000000,2661.000000,2859.000000
2236.000000,975.000000,2214.000000,1136.000000
3326.000000,1354.000000,3308.000000,2178.000000
2661.000000,3069.000000,2631.000000,3195.000000
2914.000000,216.000000,2642.000000,431.000000
2236.000000,975.000000,1793.000000,1317.000000
1239.000000,682.000000,1103.000000,724.000000
2273.000000,1097.000000,2214.000000,1136.000000
2254.000000,2267.000000,2114.000000,2310.000000
3109.000000,2196.000000,3300.000000,2203.000000
2114.000000,2310.000000,2227.000000,2506.000000
431.000000,2860.000000,475.000000,3078.000000
1167.000000,179.000000,1214.000000,376.000000
903.000000,1833.000000,991.000000,1866.000000
569.000000,1875.000000,645.000000,2068.000000
1899.000000,2952.000000,2025.000000,3080.000000
1229.000000,2429.000000,1121.000000,2497.000000
2294.000000,1072.000000,2273.000000,1097.000000
2340.000000,1682.000000,2291.000000,1721.000000
2294.000000,1072.000000,2414.000000,1198.000000
1308.000000,2718.000000,1110.000000,2779.000000
910.000000,2458.000000,935.000000,2699.000000
2672.000000,19.000000,2833.000000,49.000000
1864.000000,2604.000000,2026.000000,2769.000000
2672.000000,19.000000,2741.000000,89.000000
1.000000,450.000000,55.000000,1073.000000
3289.000000,685.000000,3225.000000,916.000000
622.000000,1640.000000,657.000000,1681.000000
3300.000000,2203.000000,3200.000000,2612.000000
1750.000000,1010.000000,1443.000000,1156.000000
758.000000,876.000000,772.000000,1034.000000
801.000000,872.000000,772.000000,1034.000000
2383.000000,893.000000,2454.000000,1061.000000
656.000000,1489.000000,520.000000,1515.000000
104.000000,3102.000000,4.000000,3248.000000
865.000000,563.000000,701.000000,744.000000
1035.000000,585.000000,1096.000000,714.000000
1186.000000,1235.000000,1207.000000,1514.000000
1401.000000,3121.000000,1663.000000,3219.000000
1531.000000,2850.000000,1526.000000,2891.000000
483.000000,1368.000000,299.000000,1469.000000
2463.000000,124.000000,2520.000000,429.000000
3200.000000,2612.000000,3009.000000,2689.000000
769.000000,467.000000,865.000000,563.000000
1330.000000,2895.000000,1292.000000,2954.000000
886.000000,3109.000000,715.000000,3172.000000
576.000000,25.000000,548.000000,144.000000
1241.000000,2518.000000,1206.000000,2579.000000
3352.000000,1330.000000,3308.000000,2178.000000
2070.000000,185.000000,2134.000000,267.000000
3167.000000,2880.000000,2661.000000,3069.000000
2227.000000,2506.000000,2687.000000,2582.000000
2290.000000,1641.000000,2291.000000,1721.000000
2786.000000,1442.000000,2848.000000,1526.000000
187.000000,491.000000,335.000000,575.000000
2786.000000,2649.000000,2661.000000,2859.000000
2383.000000,893.000000,2294.000000,1072.000000
1805.000000,3304.000000,2086.000000,3314.000000
854.000000,3002.000000,886.000000,3109.000000
483.000000,1368.000000,356.000000,1538.000000
656.000000,1489.000000,657.000000,1681.000000
1308.000000,2718.000000,1362.000000,2784.000000
2401.000000,836.000000,2655.000000,1122.000000
2661.000000,2859.000000,2661.000000,3069.000000
155.000000,1947.000000,324.000000,1972.000000
1837.000000,1577.000000,1646.000000,1677.000000
3232.000000,2476.000000,3009.000000,2689.000000
243.000000,1140.000000,483.000000,1368.000000
3289.000000,685.000000,3030.000000,855.000000
2942.000000,3073.000000,3098.000000,3181.000000
2965.000000,2485.000000,2687.000000,2582.000000
447.000000,461.000000,259.000000,472.000000
1603.000000,2124.000000,1465.000000,2261.000000
506.000000,2296.000000,510.000000,2462.000000
442.000000,2111.000000,390.000000,2253.000000
551.000000,2784.000000,854.000000,3002.000000
2214.000000,1136.000000,1793.000000,1317.000000
2371.000000,1965.000000,2547.000000,2117.000000
1066.000000,2915.000000,886.000000,3109.000000
2616.000000,16.000000,1807.000000,179.000000
353.000000,2718.000000,243.000000,2752.000000
2227.000000,2506.000000,2203.000000,2709.000000
2696.000000,719.000000,2515.000000,772.000000
1663.000000,3219.000000,1655.000000,3351.000000
1817.000000,1892.000000,2298.000000,1950.000000
324.000000,1972.000000,134.000000,2105.000000
2025.000000,3080.000000,2086.000000,3314.000000
1869.000000,2018.000000,1899.000000,2357.000000
656.000000,1489.000000,622.000000,1640.000000
2025.000000,3080.000000,2148.000000,3219.000000
2395.000000,422.000000,2446.000000,521.000000
2469.000000,568.000000,2351.000000,707.000000
2786.000000,2649.000000,3009.000000,2689.000000
2254.000000,2267.000000,2123.000000,2272.000000
510.000000,2462.000000,609.000000,2683.000000
645.000000,2068.000000,442.000000,2111.000000
548.000000,144.000000,447.000000,461.000000
520.000000,1515.000000,622.000000,1640.000000
2672.000000,19.000000,2520.000000,429.000000
2291.000000,1721.000000,1817.000000,1892.000000
758.000000,876.000000,582.000000,1162.000000
1187.000000,3144.000000,1089.000000,3321.000000
1121.000000,2497.000000,935.000000,2699.000000
1837.000000,1577.000000,1562.000000,1647.000000
1294.000000,3267.000000,1089.000000,3321.000000
551.000000,3186.000000,231.000000,3218.000000
2356.000000,2811.000000,2124.000000,2831.000000
1393.000000,27.000000,1494.000000,79.000000
1041.000000,2876.000000,911.000000,3022.000000
3005.000000,837.000000,2793.000000,899.000000
1190.000000,18.000000,1160.000000,83.000000
1526.000000,2891.000000,1469.000000,2918.000000
247.000000,1827.000000,155.000000,1947.000000
2736.000000,2277.000000,2965.000000,2485.000000
2414.000000,1198.000000,2506.000000,1335.000000
1650.000000,1911.000000,1345.000000,2249.000000
765.000000,2019.000000,990.000000,2033.000000
243.000000,1140.000000,299.000000,1469.000000
598.000000,1863.000000,645.000000,2068.000000
1501.000000,643.000000,1185.000000,672.000000
535.000000,762.000000,214.000000,888.000000
442.000000,2111.000000,235.000000,2322.000000
755.000000,1793.000000,645.000000,2068.000000
1562.000000,1647.000000,1572.000000,1720.000000
2965.000000,2485.000000,2786.000000,2649.000000
935.000000,2699.000000,1110.000000,2779.000000
299.000000,1469.000000,356.000000,1538.000000
622.000000,1640.000000,635.000000,1760.000000
1003.000000,186.000000,813.000000,287.000000
1603.000000,2124.000000,1702.000000,2183.000000
767.000000,2599.000000,551.000000,2784.000000
2395.000000,422.000000,2520.000000,429.000000
324.000000,1972.000000,438.000000,2088.000000
1480.000000,3201.000000,1294.000000,3267.000000
2454.000000,1061.000000,2668.000000,1148.000000
1121.000000,1880.000000,1345.000000,2249.000000
2926.000000,1285.000000,2842.000000,1395.000000
2351.000000,707.000000,2515.000000,772.000000
2037.000000,2506.000000,2227.000000,2506.000000
2203.000000,2709.000000,2356.000000,2811.000000
305.000000,1673.000000,338.000000,1721.000000
3308.000000,2178.000000,3300.000000,2203.000000
755.000000,1793.000000,990.000000,2033.000000
3255.000000,1358.000000,3284.000000,2152.000000
3005.000000,837.000000,2881.000000,945.000000
335.000000,575.000000,535.000000,762.000000
506.000000,2296.000000,492.000000,2340.000000
1035.000000,585.000000,1176.000000,608.000000
2718.000000,1643.000000,2784.000000,1720.000000
1531.000000,2850.000000,1469.000000,2918.000000
701.000000,744.000000,809.000000,783.000000
1239.000000,682.000000,1443.000000,1156.000000
1622.000000,1365.000000,1837.000000,1577.000000
3167.000000,2880.000000,2942.000000,3073.000000
2401.000000,836.000000,2454.000000,1061.000000
3.000000,2697.000000,130.000000,2920.000000
130.000000,2920.000000,4.000000,3248.000000
134.000000,2105.000000,223.000000,2405.000000
3170.000000,167.000000,3238.000000,171.000000
1478.000000,2274.000000,1864.000000,2604.000000
1190.000000,2518.000000,1206.000000,2579.000000
825.000000,415.000000,891.000000,542.000000
861.000000,1425.000000,903.000000,1833.000000
475.000000,3078.000000,551.000000,3186.000000
2238.000000,949.000000,2294.000000,1072.000000
1606.000000,1809.000000,1650.000000,1911.000000
1365.000000,2803.000000,1330.000000,2895.000000
1304.000000,74.000000,1160.000000,83.000000
55.000000,1073.000000,305.000000,1673.000000
2371.000000,1965.000000,2321.000000,2045.000000
1.000000,450.000000,3.000000,2697.000000
2238.000000,949.000000,2236.000000,975.000000
2687.000000,2582.000000,2552.000000,2771.000000
2942.000000,3073.000000,3011.000000,3190.000000
1345.000000,2249.000000,1229.000000,2429.000000
765.000000,2019.000000,645.000000,2068.000000
755.000000,1793.000000,598.000000,1863.000000
2026.000000,2769.000000,2092.000000,2772.000000
1190.000000,18.000000,762.000000,49.000000
1759.000000,2776.000000,1531.000000,2850.000000
2037.000000,2506.000000,1864.000000,2604.000000
1807.000000,179.000000,1548.000000,277.000000
390.000000,2253.000000,492.000000,2340.000000
3225.000000,916.000000,2926.000000,1285.000000
576.000000,25.000000,259.000000,472.000000
715.000000,3172.000000,551.000000,3186.000000
223.000000,2405.000000,353.000000,2718.000000
3300.000000,2203.000000,3232.000000,2476.000000
3011.000000,3190.000000,2631.000000,3195.000000
1603.000000,2246.000000,1673.000000,2428.000000
3117.000000,1000.000000,2879.000000,1262.000000
2696.000000,719.000000,2401.000000,836.000000
2818.000000,1947.000000,2678.000000,2070.000000
1465.000000,2261.000000,1478.000000,2274.000000
1198.000000,3032.000000,1187.000000,3144.000000
2454.000000,1061.000000,2294.000000,1072.000000
1882.000000,759.000000,1995.000000,813.000000
657.000000,1681.000000,755.000000,1793.000000
645.000000,2068.000000,506.000000,2296.000000
2786.000000,1442.000000,2918.000000,1451.000000
2668.000000,1148.000000,2786.000000,1442.000000
1759.000000,2776.000000,1526.000000,2891.000000
2879.000000,1262.000000,2842.000000,1395.000000
2086.000000,3314.000000,1655.000000,3351.000000
247.000000,1827.000000,324.000000,1972.000000
3030.000000,855.000000,3117.000000,1000.000000
1817.000000,1892.000000,1869.000000,2018.000000
134.000000,2105.000000,3.000000,2697.000000
3180.000000,1265.000000,3352.000000,1330.000000
225.000000,2909.000000,130.000000,2920.000000
1330.000000,2895.000000,1476.000000,2960.000000
2401.000000,836.000000,2238.000000,949.000000
305.000000,1673.000000,254.000000,1802.000000
1882.000000,759.000000,1799.000000,762.000000
1185.000000,672.000000,1239.000000,682.000000
2454.000000,1061.000000,2655.000000,1122.000000
243.000000,2752.000000,225.000000,2909.000000
450.000000,545.000000,335.000000,575.000000
1750.000000,1010.000000,1804.000000,1210.000000
3200.000000,2612.000000,3167.000000,2880.000000
3180.000000,1265.000000,2926.000000,1285.000000
1229.000000,2429.000000,1297.000000,2480.000000
865.000000,563.000000,809.000000,783.000000
2661.000000,3069.000000,2942.000000,3073.000000
1299.000000,3061.000000,1212.000000,3226.000000
1478.000000,2274.000000,1407.000000,2314.000000
1646.000000,1677.000000,1606.000000,1809.000000
1218.000000,1536.000000,1223.000000,1760.000000
943.000000,2389.000000,968.000000,2445.000000
1198.000000,3032.000000,1212.000000,3226.000000
1750.000000,1010.000000,1946.000000,1133.000000
2661.000000,1393.000000,2786.000000,1442.000000
1759.000000,2776.000000,1362.000000,2784.000000
2506.000000,1335.000000,2528.000000,1555.000000
2888.000000,1597.000000,3114.000000,1644.000000
1848.000000,486.000000,1882.000000,759.000000
3308.000000,2178.000000,3109.000000,2196.000000
1401.000000,3121.000000,1294.000000,3267.000000
1702.000000,2183.000000,1603.000000,2246.000000
3179.000000,2146.000000,3089.000000,2189.000000
1510.000000,2466.000000,1759.000000,2776.000000
55.000000,1073.000000,247.000000,1827.000000
2793.000000,899.000000,2655.000000,1122.000000
1214.000000,376.000000,1176.000000,608.000000
3225.000000,916.000000,3180.000000,1265.000000
2642.000000,431.000000,2996.000000,484.000000
390.000000,2253.000000,506.000000,2296.000000
3114.000000,1644.000000,2784.000000,1720.000000
914.000000,554.000000,920.000000,763.000000
510.000000,2462.000000,353.000000,2718.000000
3.000000,2697.000000,243.000000,2752.000000
1096.000000,1963.000000,990.000000,2033.000000
3180.000000,1265.000000,3255.000000,1358.000000
155.000000,1947.000000,134.000000,2105.000000
2737.000000,2134.000000,2736.000000,2277.000000
2134.000000,267.000000,1961.000000,465.000000
1206.000000,2579.000000,1308.000000,2718.000000
653.000000,534.000000,535.000000,762.000000
2086.000000,3314.000000,2740.000000,3346.000000
535.000000,762.000000,405.000000,849.000000
2672.000000,19.000000,2307.000000,187.000000
1946.000000,1133.000000,1793.000000,1317.000000
2390.000000,2965.000000,2441.000000,3316.000000
1864.000000,2604.000000,1759.000000,2776.000000
2740.000000,3346.000000,1655.000000,3351.000000
2611.000000,1552.000000,2528.000000,1555.000000
1603.000000,2124.000000,1533.000000,2129.000000
3255.000000,1358.000000,3308.000000,2178.000000
492.000000,2340.000000,510.000000,2462.000000
1284.000000,970.000000,1443.000000,1156.000000
1548.000000,277.000000,1386.000000,464.000000
447.000000,461.000000,450.000000,545.000000
3352.000000,1330.000000,3317.000000,1352.000000
762.000000,49.000000,1030.000000,99.000000
825.000000,415.000000,865.000000,563.000000
1738.000000,913.000000,1443.000000,1156.000000
2203.000000,2709.000000,2124.000000,2831.000000
1292.000000,2954.000000,1299.000000,3061.000000
2642.000000,431.000000,2446.000000,521.000000
2390.000000,2965.000000,2631.000000,3195.000000
1443.000000,1156.000000,1296.000000,1254.000000
2351.000000,707.000000,2401.000000,836.000000
635.000000,1760.000000,755.000000,1793.000000
3266.000000,812.000000,3352.000000,1330.000000
1650.000000,1911.000000,1603.000000,2124.000000
1110.000000,2779.000000,1041.000000,2876.000000
2238.000000,380.000000,2238.000000,949.000000
1804.000000,1210.000000,1793.000000,1317.000000
1093.000000,98.000000,1003.000000,186.000000
2134.000000,267.000000,2024.000000,301.000000
1993.000000,3186.000000,2086.000000,3314.000000
1533.000000,2129.000000,1345.000000,2249.000000
1538.000000,1699.000000,1606.000000,1809.000000
1593.000000,167.000000,1807.000000,179.000000
2273.000000,398.000000,2395.000000,422.000000
1995.000000,813.000000,2238.000000,949.000000
1995.000000,813.000000,1750.000000,1010.000000
2238.000000,380.000000,2446.000000,521.000000
46.000000,96.000000,1.000000,450.000000
576.000000,25.000000,46.000000,96.000000
506.000000,2296.000000,767.000000,2599.000000
1480.000000,3201.000000,1655.000000,3351.000000
3009.000000,2689.000000,2661.000000,2859.000000
1296.000000,1254.000000,1207.000000,1514.000000
1465.000000,2261.000000,1407.000000,2314.000000
3011.000000,3190.000000,2740.000000,3346.000000
1214.000000,376.000000,1386.000000,464.000000
104.000000,3102.000000,231.000000,3218.000000
1750.000000,1010.000000,1622.000000,1365.000000
353.000000,2718.000000,431.000000,2860.000000
2390.000000,2965.000000,2298.000000,3132.000000
2784.000000,1720.000000,2818.000000,1947.000000
2037.000000,2506.000000,2092.000000,2772.000000
1066.000000,2915.000000,1187.000000,3144.000000
2631.000000,3195.000000,2441.000000,3316.000000
657.000000,1681.000000,635.000000,1760.000000
1548.000000,277.000000,2024.000000,301.000000
1110.000000,2779.000000,1350.000000,2811.000000
914.000000,554.000000,809.000000,783.000000
2321.000000,2045.000000,2126.000000,2103.000000
548.000000,144.000000,259.000000,472.000000
1734.000000,136.000000,1807.000000,179.000000
943.000000,2389.000000,767.000000,2599.000000
854.000000,3002.000000,715.000000,3172.000000
3005.000000,837.000000,3030.000000,855.000000
1793.000000,1317.000000,1837.000000,1577.000000
1096.000000,1963.000000,1121.000000,2497.000000
968.000000,2445.000000,910.000000,2458.000000
1735.000000,2394.000000,2037.000000,2506.000000
2996.000000,484.000000,3005.000000,837.000000
1702.000000,2183.000000,1899.000000,2357.000000
1572.000000,1720.000000,1606.000000,1809.000000
2070.000000,185.000000,2269.000000,209.000000
1305.000000,1780.000000,1300.000000,2045.000000
2238.000000,380.000000,2351.000000,707.000000
1362.000000,2784.000000,1469.000000,2918.000000
990.000000,2033.000000,943.000000,2389.000000
2833.000000,49.000000,2642.000000,431.000000
548.000000,144.000000,769.000000,467.000000
1314.000000,2503.000000,1362.000000,2784.000000
3061.000000,99.000000,2914.000000,216.000000
259.000000,472.000000,335.000000,575.000000
1899.000000,2357.000000,2037.000000,2506.000000
3080.000000,2081.000000,3284.000000,2152.000000
861.000000,1425.000000,1223.000000,1760.000000
305.000000,1673.000000,569.000000,1875.000000
2506.000000,1335.000000,2661.000000,1393.000000
2948.000000,2171.000000,3109.000000,2196.000000
2238.000000,380.000000,1961.000000,465.000000
935.000000,2699.000000,1041.000000,2876.000000
891.000000,542.000000,865.000000,563.000000
3255.000000,1358.000000,2918.000000,1451.000000
2661.000000,1393.000000,2848.000000,1526.000000
770.000000,1167.000000,656.000000,1489.000000
2547.000000,2117.000000,2661.000000,2147.000000
1807.000000,179.000000,2307.000000,187.000000
1089.000000,3321.000000,139.000000,3353.000000
1176.000000,608.000000,1185.000000,672.000000
2298.000000,3132.000000,2441.000000,3316.000000
701.000000,744.000000,535.000000,762.000000
2926.000000,1285.000000,2918.000000,1451.000000
2655.000000,1817.000000,2547.000000,2117.000000
1089.000000,3321.000000,1655.000000,3351.000000
55.000000,1073.000000,254.000000,1802.000000
1799.000000,762.000000,1738.000000,913.000000
1190.000000,18.000000,576.000000,25.000000
1476.000000,2960.000000,1663.000000,3219.000000
126.000000,88.000000,187.000000,491.000000
2515.000000,772.000000,2401.000000,836.000000
356.000000,1538.000000,305.000000,1673.000000
755.000000,1793.000000,765.000000,2019.000000
1176.000000,608.000000,1501.000000,643.000000
920.000000,763.000000,801.000000,872.000000
770.000000,1167.000000,1186.000000,1235.000000
582.000000,1162.000000,588.000000,1163.000000
1793.000000,1317.000000,2264.000000,1391.000000
653.000000,534.000000,865.000000,563.000000
2269.000000,209.000000,2273.000000,398.000000
635.000000,1760.000000,598.000000,1863.000000
813.000000,287.000000,1035.000000,585.000000
447.000000,461.000000,769.000000,467.000000
3352.000000,1330.000000,3326.000000,1354.000000
1345.000000,2249.000000,1465.000000,2261.000000
1030.000000,99.000000,1003.000000,186.000000
2440.000000,1570.000000,2340.000000,1682.000000
1478.000000,2274.000000,1759.000000,2776.000000
2356.000000,2811.000000,2390.000000,2965.000000
2818.000000,1947.000000,2948.000000,2171.000000
1735.000000,2394.000000,1673.000000,2428.000000
1869.000000,2018.000000,1702.000000,2183.000000
1198.000000,3032.000000,1299.000000,3061.000000
569.000000,1875.000000,438.000000,2088.000000
3289.000000,685.000000,3352.000000,1330.000000
2390.000000,2965.000000,2661.000000,3069.000000
767.000000,2599.000000,1041.000000,2876.000000
1837.000000,1577.000000,2290.000000,1641.000000
2273.000000,398.000000,2446.000000,521.000000
1734.000000,136.000000,1593.000000,167.000000
1443.000000,1156.000000,1409.000000,1330.000000
225.000000,2909.000000,169.000000,2918.000000
1160.000000,83.000000,1030.000000,99.000000
2298.000000,1950.000000,2126.000000,2103.000000
1271.000000,1730.000000,1650.000000,1911.000000
520.000000,1515.000000,356.000000,1538.000000
2642.000000,431.000000,2469.000000,568.000000
1800.000000,3101.000000,1993.000000,3186.000000
1239.000000,682.000000,1738.000000,913.000000
2687.000000,2582.000000,2786.000000,2649.000000
1401.000000,3121.000000,1480.000000,3201.000000
1759.000000,2776.000000,1899.000000,2952.000000
3080.000000,2081.000000,3308.000000,2178.000000
2454.000000,1061.000000,2414.000000,1198.000000
1297.000000,2480.000000,1241.000000,2518.000000
1344.000000,2701.000000,1362.000000,2784.000000
1003.000000,186.000000,1176.000000,608.000000
338.000000,1721.000000,247.000000,1827.000000
3266.000000,812.000000,3180.000000,1265.000000
431.000000,2860.000000,225.000000,2909.000000
1229.000000,2429.000000,1241.000000,2518.000000
1365.000000,2803.000000,1350.000000,2811.000000
2264.000000,1391.000000,1837.000000,1577.000000
3167.000000,2880.000000,3098.000000,3181.000000
