POINTS
1141.000000,7.000000
1604.000000,16.000000
1433.000000,25.000000
1266.000000,33.000000
705.000000,94.000000
330.000000,105.000000
2834.000000,111.000000
2550.000000,141.000000
1013.000000,151.000000
1408.000000,153.000000
1038.000000,166.000000
476.000000,174.000000
2038.000000,201.000000
2636.000000,203.000000
915.000000,217.000000
1956.000000,221.000000
1320.000000,226.000000
1051.000000,237.000000
2305.000000,239.000000
2808.000000,253.000000
527.000000,256.000000
296.000000,258.000000
2455.000000,265.000000
3204.000000,266.000000
2407.000000,272.000000
1162.000000,278.000000
1169.000000,278.000000
526.000000,289.000000
1229.000000,289.000000
1729.000000,307.000000
1497.000000,344.000000
1616.000000,344.000000
2450.000000,354.000000
367.000000,368.000000
346.000000,377.000000
2171.000000,378.000000
420.000000,437.000000
3186.000000,451.000000
1084.000000,456.000000
2877.000000,472.000000
1637.000000,497.000000
1840.000000,528.000000
3245.000000,534.000000
2176.000000,555.000000
2786.000000,562.000000
1657.000000,577.000000
1779.000000,596.000000
2806.000000,609.000000
2068.000000,610.000000
1735.000000,619.000000
3071.000000,627.000000
2386.000000,657.000000
763.000000,663.000000
1375.000000,663.000000
26.000000,666.000000
2904.000000,683.000000
42.000000,685.000000
770.000000,691.000000
1851.000000,710.000000
3159.000000,735.000000
80.000000,741.000000
2195.000000,743.000000
2984.000000,753.000000
1063.000000,791.000000
1837.000000,794.000000
788.000000,813.000000
2763.000000,815.000000
3002.000000,827.000000
3164.000000,827.000000
1603.000000,843.000000
2014.000000,847.000000
2001.000000,874.000000
2693.000000,895.000000
2624.000000,912.000000
3098.000000,916.000000
3355.000000,956.000000
2358.000000,958.000000
2186.000000,962.000000
3213.000000,981.000000
1995.000000,993.000000
849.000000,1003.000000
2117.000000,1005.000000
1106.000000,1029.000000
1158.000000,1048.000000
1508.000000,1057.000000
3154.000000,1057.000000
2698.000000,1069.000000
1183.000000,1089.000000
2991.000000,1094.000000
1362.000000,1108.000000
2861.000000,1113.000000
1414.000000,1127.000000
2326.000000,1134.000000
2319.000000,1136.000000
2710.000000,1144.000000
974.000000,1160.000000
1806.000000,1180.000000
765.000000,1187.000000
2436.000000,1207.000000
1429.000000,1215.000000
1780.000000,1222.000000
3302.000000,1224.000000
2640.000000,1233.000000
3291.000000,1235.000000
1307.000000,1244.000000
2123.000000,1248.000000
3106.000000,1256.000000
2446.000000,1260.000000
2883.000000,1265.000000
1687.000000,1280.000000
608.000000,1293.000000
3357.000000,1328.000000
652.000000,1332.000000
3217.000000,1341.000000
2758.000000,1349.000000
755.000000,1358.000000
223.000000,1363.000000
1384.000000,1365.000000
372.000000,1370.000000
405.000000,1370.000000
1299.000000,1383.000000
2182.000000,1403.000000
3006.000000,1405.000000
3179.000000,1413.000000
3341.000000,1421.000000
3065.000000,1424.000000
2204.000000,1433.000000
2872.000000,1439.000000
58.000000,1465.000000
2784.000000,1473.000000
2293.000000,1483.000000
3355.000000,1487.000000
2224.000000,1491.000000
127.000000,1494.000000
1339.000000,1498.000000
1533.000000,1500.000000
2516.000000,1508.000000
3257.000000,1523.000000
853.000000,1525.000000
2807.000000,1531.000000
968.000000,1562.000000
1886.000000,1568.000000
3208.000000,1574.000000
2206.000000,1582.000000
1967.000000,1586.000000
3104.000000,1596.000000
2942.000000,1610.000000
1593.000000,1620.000000
2885.000000,1636.000000
1807.000000,1671.000000
2029.000000,1681.000000
610.000000,1691.000000
3125.000000,1691.000000
262.000000,1707.000000
35.000000,1732.000000
1142.000000,1738.000000
2458.000000,1744.000000
1558.000000,1754.000000
2089.000000,1757.000000
2493.000000,1761.000000
1968.000000,1767.000000
4.000000,1780.000000
2265.000000,1782.000000
1552.000000,1788.000000
1845.000000,1797.000000
3061.000000,1801.000000
801.000000,1818.000000
984.000000,1819.000000
1630.000000,1822.000000
55.000000,1838.000000
744.000000,1843.000000
980.000000,1843.000000
66.000000,1864.000000
3035.000000,1882.000000
412.000000,1886.000000
705.000000,1887.000000
1140.000000,1889.000000
50.000000,1891.000000
588.000000,1896.000000
1711.000000,1898.000000
1760.000000,1906.000000
2211.000000,1930.000000
2778.000000,1940.000000
2049.000000,1946.000000
811.000000,1964.000000
1971.000000,1990.000000
3060.000000,2000.000000
128.000000,2007.000000
1966.000000,2009.000000
1720.000000,2014.000000
3214.000000,2026.000000
1783.000000,2027.000000
2707.000000,2047.000000
2692.000000,2066.000000
32.000000,2102.000000
1230.000000,2103.000000
122.000000,2107.000000
6.000000,2108.000000
2560.000000,2109.000000
410.000000,2137.000000
1037.000000,2148.000000
376.000000,2150.000000
940.000000,2159.000000
2573.000000,2159.000000
1079.000000,2160.000000
1210.000000,2165.000000
2851.000000,2171.000000
96.000000,2177.000000
655.000000,2190.000000
346.000000,2199.000000
2130.000000,2212.000000
212.000000,2218.000000
903.000000,2219.000000
3014.000000,2219.000000
2455.000000,2226.000000
1678.000000,2232.000000
1426.000000,2246.000000
939.000000,2248.000000
2142.000000,2257.000000
427.000000,2266.000000
823.000000,2274.000000
201.000000,2326.000000
1803.000000,2326.000000
1470.000000,2335.000000
3037.000000,2349.000000
1669.000000,2356.000000
2615.000000,2358.000000
1597.000000,2370.000000
3312.000000,2372.000000
1229.000000,2380.000000
101.000000,2403.000000
1884.000000,2406.000000
2664.000000,2414.000000
2688.000000,2435.000000
3273.000000,2437.000000
2017.000000,2438.000000
3282.000000,2451.000000
2420.000000,2455.000000
2106.000000,2462.000000
2111.000000,2473.000000
370.000000,2474.000000
1683.000000,2474.000000
1408.000000,2492.000000
1588.000000,2494.000000
1572.000000,2515.000000
642.000000,2516.000000
2965.000000,2517.000000
1137.000000,2529.000000
2409.000000,2533.000000
2093.000000,2544.000000
1375.000000,2547.000000
1713.000000,2548.000000
893.000000,2555.000000
371.000000,2570.000000
818.000000,2593.000000
305.000000,2594.000000
1920.000000,2619.000000
1950.000000,2626.000000
2929.000000,2647.000000
91.000000,2655.000000
1377.000000,2655.000000
1192.000000,2665.000000
2312.000000,2698.000000
383.000000,2699.000000
925.000000,2705.000000
1952.000000,2713.000000
306.000000,2720.000000
862.000000,2734.000000
697.000000,2735.000000
2315.000000,2741.000000
2082.000000,2804.000000
884.000000,2816.000000
3112.000000,2823.000000
1707.000000,2828.000000
2487.000000,2828.000000
3091.000000,2829.000000
1407.000000,2834.000000
1562.000000,2835.000000
1954.000000,2840.000000
459.000000,2848.000000
1387.000000,2853.000000
1972.000000,2854.000000
320.000000,2856.000000
451.000000,2890.000000
169.000000,2894.000000
1449.000000,2905.000000
1893.000000,2922.000000
408.000000,2936.000000
1103.000000,2943.000000
2276.000000,2992.000000
1573.000000,2994.000000
1477.000000,3003.000000
1189.000000,3004.000000
2279.000000,3005.000000
1442.000000,3009.000000
1617.000000,3020.000000
2148.000000,3030.000000
1179.000000,3040.000000
2954.000000,3045.000000
165.000000,3053.000000
2228.000000,3062.000000
574.000000,3063.000000
2270.000000,3067.000000
1237.000000,3073.000000
3087.000000,3094.000000
811.000000,3110.000000
702.000000,3139.000000
64.000000,3152.000000
1752.000000,3155.000000
1670.000000,3167.000000
1226.000000,3175.000000
1491.000000,3181.000000
376.000000,3187.000000
770.000000,3195.000000
464.000000,3196.000000
1436.000000,3196.000000
1543.000000,3200.000000
40.000000,3234.000000
1114.000000,3234.000000
2668.000000,3239.000000
1493.000000,3250.000000
1587.000000,3275.000000
2342.000000,3279.000000
708.000000,3285.000000
1688.000000,3286.000000
86.000000,3288.000000
2606.000000,3295.000000
2182.000000,3300.000000
2377.000000,3300.000000
1924.000000,3327.000000
2310.000000,3330.000000
2647.000000,3341.000000
266.000000,3342.000000
1930.000000,3342.000000
860.000000,3343.000000
2234.000000,3357.000000
2444.000000,3362.000000
LINES
2342.000000,3279.000000,2182.000000,3300.000000
801.000000,1818.000000,984.000000,1819.000000
1783.000000,2027.000000,1678.000000,2232.000000
3355.000000,1487.000000,3257.000000,1523.000000
451.000000,2890.000000,574.000000,3063.000000
371.000000,2570.000000,383.000000,2699.000000
770.000000,691.000000,849.000000,1003.000000
1657.000000,577.000000,1779.000000,596.000000
1840.000000,528.000000,2068.000000,610.000000
1320.000000,226.000000,1229.000000,289.000000
376.000000,2150.000000,427.000000,2266.000000
1142.000000,1738.000000,984.000000,1819.000000
1971.000000,1990.000000,1966.000000,2009.000000
296.000000,258.000000,26.000000,666.000000
330.000000,105.000000,26.000000,666.000000
266.000000,3342.000000,860.000000,3343.000000
1266.000000,33.000000,1169.000000,278.000000
320.000000,2856.000000,169.000000,2894.000000
1384.000000,1365.000000,1533.000000,1500.000000
610.000000,1691.000000,744.000000,1843.000000
1630.000000,1822.000000,1711.000000,1898.000000
306.000000,2720.000000,320.000000,2856.000000
1588.000000,2494.000000,1713.000000,2548.000000
2807.000000,1531.000000,2778.000000,1940.000000
2929.000000,2647.000000,2954.000000,3045.000000
2758.000000,1349.000000,2784.000000,1473.000000
1299.000000,1383.000000,1142.000000,1738.000000
1630.000000,1822.000000,1760.000000,1906.000000
2315.000000,2741.000000,2276.000000,2992.000000
1442.000000,3009.000000,1617.000000,3020.000000
223.000000,1363.000000,372.000000,1370.000000
1707.000000,2828.000000,1752.000000,3155.000000
811.000000,3110.000000,702.000000,3139.000000
770.000000,3195.000000,708.000000,3285.000000
705.000000,1887.000000,811.000000,1964.000000
2710.000000,1144.000000,2640.000000,1233.000000
1886.000000,1568.000000,1807.000000,1671.000000
1339.000000,1498.000000,1142.000000,1738.000000
1807.000000,1671.000000,1558.000000,1754.000000
1299.000000,1383.000000,1339.000000,1498.000000
2211.000000,1930.000000,1966.000000,2009.000000
2668.000000,3239.000000,2444.000000,3362.000000
2420.000000,2455.000000,2106.000000,2462.000000
2615.000000,2358.000000,2420.000000,2455.000000
1637.000000,497.000000,1375.000000,663.000000
702.000000,3139.000000,770.000000,3195.000000
2319.000000,1136.000000,2123.000000,1248.000000
2450.000000,354.000000,2624.000000,912.000000
939.000000,2248.000000,1229.000000,2380.000000
420.000000,437.000000,763.000000,663.000000
1426.000000,2246.000000,1229.000000,2380.000000
940.000000,2159.000000,903.000000,2219.000000
1707.000000,2828.000000,1449.000000,2905.000000
2407.000000,272.000000,2450.000000,354.000000
1210.000000,2165.000000,1229.000000,2380.000000
1995.000000,993.000000,1806.000000,1180.000000
122.000000,2107.000000,212.000000,2218.000000
2929.000000,2647.000000,3112.000000,2823.000000
818.000000,2593.000000,925.000000,2705.000000
1954.000000,2840.000000,1972.000000,2854.000000
1442.000000,3009.000000,1436.000000,3196.000000
3273.000000,2437.000000,3282.000000,2451.000000
1678.000000,2232.000000,1426.000000,2246.000000
1729.000000,307.000000,1657.000000,577.000000
1543.000000,3200.000000,1493.000000,3250.000000
346.000000,377.000000,26.000000,666.000000
1669.000000,2356.000000,1884.000000,2406.000000
1051.000000,237.000000,1169.000000,278.000000
476.000000,174.000000,296.000000,258.000000
306.000000,2720.000000,169.000000,2894.000000
2707.000000,2047.000000,2851.000000,2171.000000
1362.000000,1108.000000,1307.000000,1244.000000
66.000000,1864.000000,50.000000,1891.000000
1114.000000,3234.000000,1493.000000,3250.000000
2093.000000,2544.000000,1950.000000,2626.000000
58.000000,1465.000000,127.000000,1494.000000
2668.000000,3239.000000,2606.000000,3295.000000
305.000000,2594.000000,91.000000,2655.000000
788.000000,813.000000,608.000000,1293.000000
2991.000000,1094.000000,2861.000000,1113.000000
370.000000,2474.000000,305.000000,2594.000000
763.000000,663.000000,1375.000000,663.000000
980.000000,1843.000000,1140.000000,1889.000000
3291.000000,1235.000000,3357.000000,1328.000000
262.000000,1707.000000,6.000000,2108.000000
2455.000000,265.000000,2407.000000,272.000000
91.000000,2655.000000,169.000000,2894.000000
1408.000000,153.000000,1616.000000,344.000000
3355.000000,956.000000,3213.000000,981.000000
128.000000,2007.000000,6.000000,2108.000000
652.000000,1332.000000,755.000000,1358.000000
1106.000000,1029.000000,1183.000000,1089.000000
763.000000,663.000000,770.000000,691.000000
1966.000000,2009.000000,1678.000000,2232.000000
849.000000,1003.000000,1106.000000,1029.000000
1893.000000,2922.000000,1752.000000,3155.000000
1433.000000,25.000000,1266.000000,33.000000
2358.000000,958.000000,2319.000000,1136.000000
1617.000000,3020.000000,1752.000000,3155.000000
1713.000000,2548.000000,1952.000000,2713.000000
3006.000000,1405.000000,2942.000000,1610.000000
2142.000000,2257.000000,2106.000000,2462.000000
330.000000,105.000000,476.000000,174.000000
451.000000,2890.000000,408.000000,2936.000000
1266.000000,33.000000,1320.000000,226.000000
1449.000000,2905.000000,1573.000000,2994.000000
801.000000,1818.000000,811.000000,1964.000000
1845.000000,1797.000000,1971.000000,1990.000000
3245.000000,534.000000,3355.000000,956.000000
101.000000,2403.000000,305.000000,2594.000000
3061.000000,1801.000000,3214.000000,2026.000000
405.000000,1370.000000,610.000000,1691.000000
755.000000,1358.000000,1299.000000,1383.000000
801.000000,1818.000000,744.000000,1843.000000
1558.000000,1754.000000,1630.000000,1822.000000
3006.000000,1405.000000,3065.000000,1424.000000
1956.000000,221.000000,2171.000000,378.000000
2319.000000,1136.000000,2182.000000,1403.000000
1387.000000,2853.000000,1442.000000,3009.000000
3071.000000,627.000000,3159.000000,735.000000
2358.000000,958.000000,2436.000000,1207.000000
1562.000000,2835.000000,1449.000000,2905.000000
3060.000000,2000.000000,3214.000000,2026.000000
2991.000000,1094.000000,3006.000000,1405.000000
1669.000000,2356.000000,1597.000000,2370.000000
1179.000000,3040.000000,770.000000,3195.000000
346.000000,2199.000000,201.000000,2326.000000
642.000000,2516.000000,893.000000,2555.000000
408.000000,2936.000000,165.000000,3053.000000
1158.000000,1048.000000,1183.000000,1089.000000
1670.000000,3167.000000,1491.000000,3181.000000
2493.000000,1761.000000,2560.000000,2109.000000
765.000000,1187.000000,755.000000,1358.000000
823.000000,2274.000000,642.000000,2516.000000
2778.000000,1940.000000,3060.000000,2000.000000
1707.000000,2828.000000,1893.000000,2922.000000
1084.000000,456.000000,1375.000000,663.000000
1375.000000,663.000000,1603.000000,843.000000
3065.000000,1424.000000,3104.000000,1596.000000
101.000000,2403.000000,91.000000,2655.000000
3257.000000,1523.000000,3208.000000,1574.000000
1780.000000,1222.000000,1687.000000,1280.000000
801.000000,1818.000000,980.000000,1843.000000
2929.000000,2647.000000,3091.000000,2829.000000
64.000000,3152.000000,40.000000,3234.000000
1884.000000,2406.000000,1713.000000,2548.000000
1687.000000,1280.000000,1533.000000,1500.000000
2942.000000,1610.000000,2885.000000,1636.000000
80.000000,741.000000,4.000000,1780.000000
1597.000000,2370.000000,1588.000000,2494.000000
2206.000000,1582.000000,2265.000000,1782.000000
939.000000,2248.000000,823.000000,2274.000000
1604.000000,16.000000,1408.000000,153.000000
1688.000000,3286.000000,1930.000000,3342.000000
346.000000,2199.000000,212.000000,2218.000000
2965.000000,2517.000000,3112.000000,2823.000000
6.000000,2108.000000,96.000000,2177.000000
96.000000,2177.000000,91.000000,2655.000000
2758.000000,1349.000000,2516.000000,1508.000000
370.000000,2474.000000,371.000000,2570.000000
2204.000000,1433.000000,2224.000000,1491.000000
3312.000000,2372.000000,3273.000000,2437.000000
884.000000,2816.000000,1103.000000,2943.000000
1142.000000,1738.000000,1140.000000,1889.000000
169.000000,2894.000000,64.000000,3152.000000
3112.000000,2823.000000,3091.000000,2829.000000
2693.000000,895.000000,2446.000000,1260.000000
1063.000000,791.000000,1106.000000,1029.000000
1079.000000,2160.000000,1229.000000,2380.000000
2877.000000,472.000000,2806.000000,609.000000
1552.000000,1788.000000,1711.000000,1898.000000
451.000000,2890.000000,811.000000,3110.000000
2123.000000,1248.000000,1886.000000,1568.000000
915.000000,217.000000,1051.000000,237.000000
2929.000000,2647.000000,2487.000000,2828.000000
2089.000000,1757.000000,1968.000000,1767.000000
2664.000000,2414.000000,2420.000000,2455.000000
1967.000000,1586.000000,2029.000000,1681.000000
2130.000000,2212.000000,2142.000000,2257.000000
372.000000,1370.000000,58.000000,1465.000000
1588.000000,2494.000000,1572.000000,2515.000000
1414.000000,1127.000000,1429.000000,1215.000000
1604.000000,16.000000,1616.000000,344.000000
2117.000000,1005.000000,2319.000000,1136.000000
2312.000000,2698.000000,2315.000000,2741.000000
1470.000000,2335.000000,1588.000000,2494.000000
3355.000000,956.000000,3154.000000,1057.000000
2573.000000,2159.000000,3037.000000,2349.000000
1952.000000,2713.000000,1707.000000,2828.000000
2493.000000,1761.000000,2211.000000,1930.000000
853.000000,1525.000000,968.000000,1562.000000
763.000000,663.000000,1106.000000,1029.000000
2224.000000,1491.000000,1886.000000,1568.000000
2806.000000,609.000000,2904.000000,683.000000
1408.000000,153.000000,1497.000000,344.000000
1429.000000,1215.000000,1307.000000,1244.000000
3154.000000,1057.000000,3302.000000,1224.000000
410.000000,2137.000000,427.000000,2266.000000
2688.000000,2435.000000,2409.000000,2533.000000
262.000000,1707.000000,55.000000,1838.000000
527.000000,256.000000,420.000000,437.000000
3186.000000,451.000000,2904.000000,683.000000
1657.000000,577.000000,1603.000000,843.000000
1851.000000,710.000000,1837.000000,794.000000
2171.000000,378.000000,2176.000000,555.000000
367.000000,368.000000,346.000000,377.000000
165.000000,3053.000000,64.000000,3152.000000
262.000000,1707.000000,128.000000,2007.000000
3091.000000,2829.000000,2954.000000,3045.000000
3061.000000,1801.000000,3035.000000,1882.000000
968.000000,1562.000000,1142.000000,1738.000000
608.000000,1293.000000,223.000000,1363.000000
2458.000000,1744.000000,2265.000000,1782.000000
2778.000000,1940.000000,2707.000000,2047.000000
2182.000000,3300.000000,2310.000000,3330.000000
1307.000000,1244.000000,1384.000000,1365.000000
42.000000,685.000000,80.000000,741.000000
574.000000,3063.000000,376.000000,3187.000000
66.000000,1864.000000,6.000000,2108.000000
1114.000000,3234.000000,860.000000,3343.000000
2228.000000,3062.000000,2270.000000,3067.000000
1142.000000,1738.000000,980.000000,1843.000000
1426.000000,2246.000000,1597.000000,2370.000000
2636.000000,203.000000,2455.000000,265.000000
2014.000000,847.000000,2001.000000,874.000000
346.000000,2199.000000,427.000000,2266.000000
1038.000000,166.000000,1051.000000,237.000000
80.000000,741.000000,788.000000,813.000000
1956.000000,221.000000,2305.000000,239.000000
3208.000000,1574.000000,3125.000000,1691.000000
1137.000000,2529.000000,925.000000,2705.000000
32.000000,2102.000000,122.000000,2107.000000
2807.000000,1531.000000,2885.000000,1636.000000
526.000000,289.000000,420.000000,437.000000
3357.000000,1328.000000,3355.000000,1487.000000
122.000000,2107.000000,376.000000,2150.000000
2293.000000,1483.000000,2224.000000,1491.000000
96.000000,2177.000000,212.000000,2218.000000
1597.000000,2370.000000,1683.000000,2474.000000
1226.000000,3175.000000,1493.000000,3250.000000
376.000000,3187.000000,464.000000,3196.000000
652.000000,1332.000000,853.000000,1525.000000
1617.000000,3020.000000,1924.000000,3327.000000
1603.000000,843.000000,1687.000000,1280.000000
788.000000,813.000000,765.000000,1187.000000
3312.000000,2372.000000,3087.000000,3094.000000
2624.000000,912.000000,2436.000000,1207.000000
1683.000000,2474.000000,1713.000000,2548.000000
2176.000000,555.000000,2386.000000,657.000000
1266.000000,33.000000,1408.000000,153.000000
1669.000000,2356.000000,1713.000000,2548.000000
427.000000,2266.000000,823.000000,2274.000000
1657.000000,577.000000,1837.000000,794.000000
893.000000,2555.000000,818.000000,2593.000000
2111.000000,2473.000000,2093.000000,2544.000000
55.000000,1838.000000,66.000000,1864.000000
55.000000,1838.000000,50.000000,1891.000000
1968.000000,1767.000000,2049.000000,1946.000000
3037.000000,2349.000000,3312.000000,2372.000000
4.000000,1780.000000,50.000000,1891.000000
853.000000,1525.000000,801.000000,1818.000000
2707.000000,2047.000000,2692.000000,2066.000000
2883.000000,1265.000000,2872.000000,1439.000000
3154.000000,1057.000000,2991.000000,1094.000000
1950.000000,2626.000000,1952.000000,2713.000000
58.000000,1465.000000,262.000000,1707.000000
2984.000000,753.000000,3002.000000,827.000000
1408.000000,2492.000000,1572.000000,2515.000000
2305.000000,239.000000,2450.000000,354.000000
2808.000000,253.000000,2450.000000,354.000000
3037.000000,2349.000000,2615.000000,2358.000000
3159.000000,735.000000,3355.000000,956.000000
1230.000000,2103.000000,1079.000000,2160.000000
1735.000000,619.000000,1837.000000,794.000000
262.000000,1707.000000,412.000000,1886.000000
2861.000000,1113.000000,2883.000000,1265.000000
1375.000000,663.000000,1362.000000,1108.000000
2455.000000,265.000000,2450.000000,354.000000
1229.000000,289.000000,1497.000000,344.000000
1593.000000,1620.000000,1558.000000,1754.000000
2270.000000,3067.000000,2342.000000,3279.000000
330.000000,105.000000,296.000000,258.000000
849.000000,1003.000000,974.000000,1160.000000
3186.000000,451.000000,3245.000000,534.000000
2688.000000,2435.000000,2965.000000,2517.000000
2117.000000,1005.000000,2123.000000,1248.000000
3217.000000,1341.000000,3179.000000,1413.000000
1670.000000,3167.000000,1543.000000,3200.000000
2550.000000,141.000000,2038.000000,201.000000
1779.000000,596.000000,1735.000000,619.000000
1845.000000,1797.000000,1630.000000,1822.000000
2904.000000,683.000000,2763.000000,815.000000
2082.000000,2804.000000,1972.000000,2854.000000
2808.000000,253.000000,2786.000000,562.000000
1806.000000,1180.000000,1780.000000,1222.000000
1229.000000,2380.000000,1192.000000,2665.000000
3282.000000,2451.000000,3112.000000,2823.000000
1573.000000,2994.000000,1477.000000,3003.000000
1508.000000,1057.000000,1687.000000,1280.000000
371.000000,2570.000000,305.000000,2594.000000
372.000000,1370.000000,262.000000,1707.000000
3087.000000,3094.000000,2647.000000,3341.000000
925.000000,2705.000000,1103.000000,2943.000000
2211.000000,1930.000000,2560.000000,2109.000000
3282.000000,2451.000000,3087.000000,3094.000000
2450.000000,354.000000,2386.000000,657.000000
2786.000000,562.000000,2624.000000,912.000000
367.000000,368.000000,420.000000,437.000000
1436.000000,3196.000000,1493.000000,3250.000000
574.000000,3063.000000,464.000000,3196.000000
2049.000000,1946.000000,1971.000000,1990.000000
1230.000000,2103.000000,1426.000000,2246.000000
2310.000000,3330.000000,2234.000000,3357.000000
383.000000,2699.000000,459.000000,2848.000000
893.000000,2555.000000,925.000000,2705.000000
2182.000000,1403.000000,1886.000000,1568.000000
1497.000000,344.000000,1637.000000,497.000000
412.000000,1886.000000,588.000000,1896.000000
708.000000,3285.000000,266.000000,3342.000000
2573.000000,2159.000000,2615.000000,2358.000000
1573.000000,2994.000000,1442.000000,3009.000000
2206.000000,1582.000000,2458.000000,1744.000000
1995.000000,993.000000,2123.000000,1248.000000
2001.000000,874.000000,1995.000000,993.000000
1508.000000,1057.000000,1429.000000,1215.000000
1967.000000,1586.000000,1845.000000,1797.000000
2455.000000,2226.000000,2615.000000,2358.000000
1141.000000,7.000000,705.000000,94.000000
3071.000000,627.000000,2904.000000,683.000000
1845.000000,1797.000000,1760.000000,1906.000000
1491.000000,3181.000000,1436.000000,3196.000000
2647.000000,3341.000000,2444.000000,3362.000000
2319.000000,1136.000000,2446.000000,1260.000000
770.000000,3195.000000,860.000000,3343.000000
64.000000,3152.000000,266.000000,3342.000000
3355.000000,956.000000,3357.000000,1328.000000
2885.000000,1636.000000,3035.000000,1882.000000
823.000000,2274.000000,893.000000,2555.000000
2270.000000,3067.000000,2668.000000,3239.000000
2305.000000,239.000000,2407.000000,272.000000
2784.000000,1473.000000,2493.000000,1761.000000
1229.000000,2380.000000,893.000000,2555.000000
1013.000000,151.000000,915.000000,217.000000
526.000000,289.000000,763.000000,663.000000
2550.000000,141.000000,2808.000000,253.000000
1299.000000,1383.000000,968.000000,1562.000000
1687.000000,1280.000000,1886.000000,1568.000000
1387.000000,2853.000000,1103.000000,2943.000000
1470.000000,2335.000000,1572.000000,2515.000000
1966.000000,2009.000000,2130.000000,2212.000000
1952.000000,2713.000000,1954.000000,2840.000000
1616.000000,344.000000,1657.000000,577.000000
3106.000000,1256.000000,3065.000000,1424.000000
91.000000,2655.000000,306.000000,2720.000000
3213.000000,981.000000,3154.000000,1057.000000
2692.000000,2066.000000,2560.000000,2109.000000
80.000000,741.000000,608.000000,1293.000000
2954.000000,3045.000000,2668.000000,3239.000000
2130.000000,2212.000000,1678.000000,2232.000000
3098.000000,916.000000,3213.000000,981.000000
2664.000000,2414.000000,2409.000000,2533.000000
526.000000,289.000000,1084.000000,456.000000
1604.000000,16.000000,1433.000000,25.000000
1141.000000,7.000000,1266.000000,33.000000
1587.000000,3275.000000,1688.000000,3286.000000
1449.000000,2905.000000,1442.000000,3009.000000
2573.000000,2159.000000,2851.000000,2171.000000
1377.000000,2655.000000,1103.000000,2943.000000
3060.000000,2000.000000,3014.000000,2219.000000
1587.000000,3275.000000,1930.000000,3342.000000
1603.000000,843.000000,1508.000000,1057.000000
811.000000,1964.000000,655.000000,2190.000000
1377.000000,2655.000000,1387.000000,2853.000000
1426.000000,2246.000000,1470.000000,2335.000000
1779.000000,596.000000,1851.000000,710.000000
2446.000000,1260.000000,2758.000000,1349.000000
1657.000000,577.000000,1375.000000,663.000000
939.000000,2248.000000,893.000000,2555.000000
2068.000000,610.000000,2186.000000,962.000000
2668.000000,3239.000000,2647.000000,3341.000000
1657.000000,577.000000,1735.000000,619.000000
853.000000,1525.000000,610.000000,1691.000000
383.000000,2699.000000,320.000000,2856.000000
2455.000000,2226.000000,2420.000000,2455.000000
744.000000,1843.000000,705.000000,1887.000000
1230.000000,2103.000000,1210.000000,2165.000000
2693.000000,895.000000,2436.000000,1207.000000
2904.000000,683.000000,2984.000000,753.000000
1162.000000,278.000000,1084.000000,456.000000
1637.000000,497.000000,1657.000000,577.000000
2560.000000,2109.000000,2455.000000,2226.000000
1837.000000,794.000000,1995.000000,993.000000
1183.000000,1089.000000,974.000000,1160.000000
2904.000000,683.000000,3002.000000,827.000000
1442.000000,3009.000000,1237.000000,3073.000000
32.000000,2102.000000,6.000000,2108.000000
2786.000000,562.000000,2806.000000,609.000000
3273.000000,2437.000000,2965.000000,2517.000000
1806.000000,1180.000000,1886.000000,1568.000000
80.000000,741.000000,58.000000,1465.000000
1013.000000,151.000000,526.000000,289.000000
3179.000000,1413.000000,3208.000000,1574.000000
2493.000000,1761.000000,2265.000000,1782.000000
1884.000000,2406.000000,2017.000000,2438.000000
2093.000000,2544.000000,2082.000000,2804.000000
1587.000000,3275.000000,860.000000,3343.000000
642.000000,2516.000000,697.000000,2735.000000
1752.000000,3155.000000,1688.000000,3286.000000
1362.000000,1108.000000,1429.000000,1215.000000
1950.000000,2626.000000,2082.000000,2804.000000
3302.000000,1224.000000,3357.000000,1328.000000
1140.000000,1889.000000,1230.000000,2103.000000
1037.000000,2148.000000,1079.000000,2160.000000
305.000000,2594.000000,306.000000,2720.000000
3006.000000,1405.000000,2872.000000,1439.000000
1307.000000,1244.000000,1299.000000,1383.000000
296.000000,258.000000,346.000000,377.000000
1339.000000,1498.000000,1558.000000,1754.000000
86.000000,3288.000000,266.000000,3342.000000
2326.000000,1134.000000,2436.000000,1207.000000
1604.000000,16.000000,2038.000000,201.000000
2984.000000,753.000000,3164.000000,827.000000
1713.000000,2548.000000,1377.000000,2655.000000
2279.000000,3005.000000,2228.000000,3062.000000
1103.000000,2943.000000,1179.000000,3040.000000
2640.000000,1233.000000,2758.000000,1349.000000
642.000000,2516.000000,459.000000,2848.000000
1179.000000,3040.000000,1114.000000,3234.000000
1229.000000,2380.000000,1137.000000,2529.000000
1807.000000,1671.000000,1845.000000,1797.000000
2877.000000,472.000000,2786.000000,562.000000
1604.000000,16.000000,2834.000000,111.000000
1470.000000,2335.000000,1408.000000,2492.000000
1141.000000,7.000000,1013.000000,151.000000
3312.000000,2372.000000,3282.000000,2451.000000
1229.000000,289.000000,1084.000000,456.000000
2068.000000,610.000000,1851.000000,710.000000
1229.000000,289.000000,1375.000000,663.000000
2326.000000,1134.000000,2446.000000,1260.000000
2326.000000,1134.000000,2319.000000,1136.000000
1179.000000,3040.000000,811.000000,3110.000000
3125.000000,1691.000000,3061.000000,1801.000000
2698.000000,1069.000000,2710.000000,1144.000000
1141.000000,7.000000,330.000000,105.000000
1375.000000,2547.000000,1103.000000,2943.000000
427.000000,2266.000000,370.000000,2474.000000
705.000000,94.000000,526.000000,289.000000
702.000000,3139.000000,464.000000,3196.000000
201.000000,2326.000000,305.000000,2594.000000
1683.000000,2474.000000,1588.000000,2494.000000
1384.000000,1365.000000,1299.000000,1383.000000
915.000000,217.000000,1162.000000,278.000000
3355.000000,1487.000000,3125.000000,1691.000000
1886.000000,1568.000000,1593.000000,1620.000000
925.000000,2705.000000,884.000000,2816.000000
3106.000000,1256.000000,3179.000000,1413.000000
1497.000000,344.000000,1616.000000,344.000000
408.000000,2936.000000,574.000000,3063.000000
3357.000000,1328.000000,3217.000000,1341.000000
1760.000000,1906.000000,1971.000000,1990.000000
201.000000,2326.000000,101.000000,2403.000000
1713.000000,2548.000000,1920.000000,2619.000000
2455.000000,2226.000000,2142.000000,2257.000000
2182.000000,3300.000000,2234.000000,3357.000000
1572.000000,2515.000000,1713.000000,2548.000000
1063.000000,791.000000,1158.000000,1048.000000
763.000000,663.000000,788.000000,813.000000
2111.000000,2473.000000,2409.000000,2533.000000
3112.000000,2823.000000,3087.000000,3094.000000
3006.000000,1405.000000,2885.000000,1636.000000
1084.000000,456.000000,763.000000,663.000000
1339.000000,1498.000000,1593.000000,1620.000000
2358.000000,958.000000,2186.000000,962.000000
128.000000,2007.000000,122.000000,2107.000000
1956.000000,221.000000,2176.000000,555.000000
1752.000000,3155.000000,1587.000000,3275.000000
1408.000000,153.000000,1320.000000,226.000000
1720.000000,2014.000000,1426.000000,2246.000000
3002.000000,827.000000,2861.000000,1113.000000
860.000000,3343.000000,2444.000000,3362.000000
2224.000000,1491.000000,2206.000000,1582.000000
1320.000000,226.000000,1497.000000,344.000000
1840.000000,528.000000,2176.000000,555.000000
1920.000000,2619.000000,1952.000000,2713.000000
64.000000,3152.000000,86.000000,3288.000000
2089.000000,1757.000000,2265.000000,1782.000000
1616.000000,344.000000,1637.000000,497.000000
705.000000,1887.000000,588.000000,1896.000000
1038.000000,166.000000,1169.000000,278.000000
58.000000,1465.000000,4.000000,1780.000000
2664.000000,2414.000000,2688.000000,2435.000000
702.000000,3139.000000,708.000000,3285.000000
169.000000,2894.000000,165.000000,3053.000000
818.000000,2593.000000,862.000000,2734.000000
1179.000000,3040.000000,1237.000000,3073.000000
80.000000,741.000000,223.000000,1363.000000
201.000000,2326.000000,370.000000,2474.000000
372.000000,1370.000000,610.000000,1691.000000
2148.000000,3030.000000,2182.000000,3300.000000
1967.000000,1586.000000,2265.000000,1782.000000
2276.000000,2992.000000,2279.000000,3005.000000
1950.000000,2626.000000,1972.000000,2854.000000
588.000000,1896.000000,655.000000,2190.000000
1377.000000,2655.000000,1407.000000,2834.000000
2606.000000,3295.000000,2647.000000,3341.000000
2688.000000,2435.000000,2929.000000,2647.000000
2560.000000,2109.000000,2573.000000,2159.000000
1752.000000,3155.000000,1670.000000,3167.000000
2270.000000,3067.000000,2182.000000,3300.000000
2446.000000,1260.000000,2293.000000,1483.000000
2106.000000,2462.000000,2111.000000,2473.000000
1837.000000,794.000000,1806.000000,1180.000000
763.000000,663.000000,849.000000,1003.000000
1920.000000,2619.000000,1950.000000,2626.000000
412.000000,1886.000000,410.000000,2137.000000
1707.000000,2828.000000,1573.000000,2994.000000
1141.000000,7.000000,1169.000000,278.000000
2455.000000,2226.000000,2106.000000,2462.000000
1433.000000,25.000000,1408.000000,153.000000
2693.000000,895.000000,2624.000000,912.000000
811.000000,3110.000000,770.000000,3195.000000
2929.000000,2647.000000,2270.000000,3067.000000
1226.000000,3175.000000,1436.000000,3196.000000
2279.000000,3005.000000,2270.000000,3067.000000
770.000000,3195.000000,1114.000000,3234.000000
3214.000000,2026.000000,3014.000000,2219.000000
862.000000,2734.000000,697.000000,2735.000000
2693.000000,895.000000,2698.000000,1069.000000
1711.000000,1898.000000,1720.000000,2014.000000
459.000000,2848.000000,451.000000,2890.000000
1954.000000,2840.000000,1893.000000,2922.000000
1729.000000,307.000000,1840.000000,528.000000
26.000000,666.000000,4.000000,1780.000000
127.000000,1494.000000,262.000000,1707.000000
3106.000000,1256.000000,3006.000000,1405.000000
1470.000000,2335.000000,1597.000000,2370.000000
1339.000000,1498.000000,1552.000000,1788.000000
1140.000000,1889.000000,811.000000,1964.000000
1720.000000,2014.000000,1678.000000,2232.000000
3204.000000,266.000000,3355.000000,956.000000
2450.000000,354.000000,2176.000000,555.000000
2182.000000,1403.000000,2204.000000,1433.000000
459.000000,2848.000000,320.000000,2856.000000
2195.000000,743.000000,2358.000000,958.000000
1956.000000,221.000000,2450.000000,354.000000
2698.000000,1069.000000,2861.000000,1113.000000
1552.000000,1788.000000,1720.000000,2014.000000
58.000000,1465.000000,35.000000,1732.000000
1387.000000,2853.000000,1189.000000,3004.000000
40.000000,3234.000000,86.000000,3288.000000
903.000000,2219.000000,823.000000,2274.000000
2082.000000,2804.000000,2148.000000,3030.000000
96.000000,2177.000000,40.000000,3234.000000
1707.000000,2828.000000,1562.000000,2835.000000
2560.000000,2109.000000,2142.000000,2257.000000
1051.000000,237.000000,1162.000000,278.000000
2176.000000,555.000000,2068.000000,610.000000
2710.000000,1144.000000,2883.000000,1265.000000
1967.000000,1586.000000,1807.000000,1671.000000
1426.000000,2246.000000,1669.000000,2356.000000
2877.000000,472.000000,2904.000000,683.000000
925.000000,2705.000000,862.000000,2734.000000
2182.000000,1403.000000,2224.000000,1491.000000
2615.000000,2358.000000,2664.000000,2414.000000
974.000000,1160.000000,1299.000000,1383.000000
3179.000000,1413.000000,3104.000000,1596.000000
1995.000000,993.000000,1886.000000,1568.000000
1803.000000,2326.000000,2017.000000,2438.000000
1837.000000,794.000000,1687.000000,1280.000000
3355.000000,1487.000000,3312.000000,2372.000000
2872.000000,1439.000000,2784.000000,1473.000000
420.000000,437.000000,42.000000,685.000000
1604.000000,16.000000,2550.000000,141.000000
376.000000,2150.000000,212.000000,2218.000000
2082.000000,2804.000000,2276.000000,2992.000000
3002.000000,827.000000,3164.000000,827.000000
26.000000,666.000000,80.000000,741.000000
3355.000000,956.000000,3302.000000,1224.000000
2834.000000,111.000000,2808.000000,253.000000
2851.000000,2171.000000,3037.000000,2349.000000
128.000000,2007.000000,32.000000,2102.000000
1162.000000,278.000000,1229.000000,289.000000
2276.000000,2992.000000,2148.000000,3030.000000
1780.000000,1222.000000,1886.000000,1568.000000
2310.000000,3330.000000,2444.000000,3362.000000
2409.000000,2533.000000,2487.000000,2828.000000
2606.000000,3295.000000,2444.000000,3362.000000
64.000000,3152.000000,376.000000,3187.000000
1375.000000,2547.000000,1377.000000,2655.000000
1930.000000,3342.000000,2234.000000,3357.000000
2111.000000,2473.000000,2312.000000,2698.000000
1952.000000,2713.000000,1972.000000,2854.000000
1678.000000,2232.000000,1669.000000,2356.000000
1735.000000,619.000000,1851.000000,710.000000
165.000000,3053.000000,376.000000,3187.000000
2550.000000,141.000000,2636.000000,203.000000
4.000000,1780.000000,55.000000,1838.000000
1493.000000,3250.000000,1587.000000,3275.000000
383.000000,2699.000000,306.000000,2720.000000
1470.000000,2335.000000,1229.000000,2380.000000
610.000000,1691.000000,262.000000,1707.000000
1183.000000,1089.000000,1299.000000,1383.000000
2211.000000,1930.000000,2142.000000,2257.000000
1604.000000,16.000000,1956.000000,221.000000
2270.000000,3067.000000,2377.000000,3300.000000
1429.000000,1215.000000,1384.000000,1365.000000
2698.000000,1069.000000,2640.000000,1233.000000
3204.000000,266.000000,2904.000000,683.000000
296.000000,258.000000,367.000000,368.000000
2420.000000,2455.000000,2409.000000,2533.000000
3341.000000,1421.000000,3355.000000,1487.000000
1140.000000,1889.000000,1037.000000,2148.000000
2342.000000,3279.000000,2444.000000,3362.000000
2049.000000,1946.000000,1966.000000,2009.000000
2784.000000,1473.000000,2807.000000,1531.000000
3060.000000,2000.000000,2851.000000,2171.000000
1760.000000,1906.000000,1783.000000,2027.000000
1837.000000,794.000000,2014.000000,847.000000
3355.000000,1487.000000,3061.000000,1801.000000
2182.000000,1403.000000,2293.000000,1483.000000
212.000000,2218.000000,201.000000,2326.000000
3035.000000,1882.000000,3214.000000,2026.000000
320.000000,2856.000000,165.000000,3053.000000
980.000000,1843.000000,811.000000,1964.000000
527.000000,256.000000,367.000000,368.000000
823.000000,2274.000000,370.000000,2474.000000
1558.000000,1754.000000,1845.000000,1797.000000
1720.000000,2014.000000,1783.000000,2027.000000
3164.000000,827.000000,3355.000000,956.000000
476.000000,174.000000,527.000000,256.000000
2786.000000,562.000000,2763.000000,815.000000
2315.000000,2741.000000,2082.000000,2804.000000
2885.000000,1636.000000,2778.000000,1940.000000
2834.000000,111.000000,3204.000000,266.000000
3204.000000,266.000000,3245.000000,534.000000
2806.000000,609.000000,2763.000000,815.000000
2017.000000,2438.000000,1920.000000,2619.000000
1230.000000,2103.000000,1037.000000,2148.000000
1508.000000,1057.000000,1414.000000,1127.000000
1339.000000,1498.000000,1533.000000,1500.000000
2954.000000,3045.000000,3087.000000,3094.000000
708.000000,3285.000000,860.000000,3343.000000
2942.000000,1610.000000,3061.000000,1801.000000
1037.000000,2148.000000,939.000000,2248.000000
2640.000000,1233.000000,2446.000000,1260.000000
1229.000000,289.000000,1637.000000,497.000000
853.000000,1525.000000,984.000000,1819.000000
3217.000000,1341.000000,3257.000000,1523.000000
464.000000,3196.000000,266.000000,3342.000000
464.000000,3196.000000,708.000000,3285.000000
1604.000000,16.000000,1729.000000,307.000000
35.000000,1732.000000,4.000000,1780.000000
2624.000000,912.000000,2358.000000,958.000000
2436.000000,1207.000000,2446.000000,1260.000000
2861.000000,1113.000000,2710.000000,1144.000000
223.000000,1363.000000,405.000000,1370.000000
2089.000000,1757.000000,2049.000000,1946.000000
1729.000000,307.000000,1616.000000,344.000000
1558.000000,1754.000000,1552.000000,1788.000000
1137.000000,2529.000000,893.000000,2555.000000
1237.000000,3073.000000,1226.000000,3175.000000
1967.000000,1586.000000,1968.000000,1767.000000
974.000000,1160.000000,755.000000,1358.000000
2029.000000,1681.000000,1968.000000,1767.000000
744.000000,1843.000000,412.000000,1886.000000
346.000000,377.000000,420.000000,437.000000
1210.000000,2165.000000,1426.000000,2246.000000
1408.000000,2492.000000,1375.000000,2547.000000
1142.000000,1738.000000,1230.000000,2103.000000
527.000000,256.000000,296.000000,258.000000
50.000000,1891.000000,6.000000,2108.000000
1114.000000,3234.000000,1587.000000,3275.000000
2182.000000,3300.000000,1924.000000,3327.000000
1967.000000,1586.000000,2089.000000,1757.000000
372.000000,1370.000000,405.000000,1370.000000
1375.000000,2547.000000,1192.000000,2665.000000
2446.000000,1260.000000,2516.000000,1508.000000
370.000000,2474.000000,383.000000,2699.000000
642.000000,2516.000000,818.000000,2593.000000
2195.000000,743.000000,2186.000000,962.000000
3204.000000,266.000000,3186.000000,451.000000
2409.000000,2533.000000,2315.000000,2741.000000
1229.000000,2380.000000,1375.000000,2547.000000
1142.000000,1738.000000,1552.000000,1788.000000
2186.000000,962.000000,2319.000000,1136.000000
3217.000000,1341.000000,3341.000000,1421.000000
1803.000000,2326.000000,1669.000000,2356.000000
1840.000000,528.000000,1779.000000,596.000000
3302.000000,1224.000000,3291.000000,1235.000000
412.000000,1886.000000,128.000000,2007.000000
610.000000,1691.000000,412.000000,1886.000000
2234.000000,3357.000000,2444.000000,3362.000000
2784.000000,1473.000000,2778.000000,1940.000000
1930.000000,3342.000000,860.000000,3343.000000
3214.000000,2026.000000,3312.000000,2372.000000
744.000000,1843.000000,588.000000,1896.000000
655.000000,2190.000000,823.000000,2274.000000
2068.000000,610.000000,2014.000000,847.000000
3291.000000,1235.000000,3217.000000,1341.000000
1013.000000,151.000000,1038.000000,166.000000
1995.000000,993.000000,2117.000000,1005.000000
3245.000000,534.000000,3159.000000,735.000000
2808.000000,253.000000,2877.000000,472.000000
1760.000000,1906.000000,1720.000000,2014.000000
3186.000000,451.000000,3071.000000,627.000000
1603.000000,843.000000,1362.000000,1108.000000
2965.000000,2517.000000,2929.000000,2647.000000
3179.000000,1413.000000,3065.000000,1424.000000
1572.000000,2515.000000,1377.000000,2655.000000
3159.000000,735.000000,3164.000000,827.000000
2106.000000,2462.000000,2093.000000,2544.000000
2487.000000,2828.000000,2270.000000,3067.000000
3014.000000,2219.000000,3037.000000,2349.000000
3037.000000,2349.000000,2688.000000,2435.000000
2883.000000,1265.000000,2758.000000,1349.000000
2038.000000,201.000000,1956.000000,221.000000
2014.000000,847.000000,2186.000000,962.000000
2386.000000,657.000000,2195.000000,743.000000
2182.000000,3300.000000,1930.000000,3342.000000
788.000000,813.000000,849.000000,1003.000000
266.000000,3342.000000,2444.000000,3362.000000
3037.000000,2349.000000,3273.000000,2437.000000
1449.000000,2905.000000,1477.000000,3003.000000
608.000000,1293.000000,755.000000,1358.000000
853.000000,1525.000000,744.000000,1843.000000
2224.000000,1491.000000,2458.000000,1744.000000
3098.000000,916.000000,2991.000000,1094.000000
1387.000000,2853.000000,1237.000000,3073.000000
451.000000,2890.000000,702.000000,3139.000000
1840.000000,528.000000,1657.000000,577.000000
370.000000,2474.000000,642.000000,2516.000000
1678.000000,2232.000000,1803.000000,2326.000000
2991.000000,1094.000000,3302.000000,1224.000000
2228.000000,3062.000000,2182.000000,3300.000000
122.000000,2107.000000,96.000000,2177.000000
1688.000000,3286.000000,1924.000000,3327.000000
1142.000000,1738.000000,1426.000000,2246.000000
3355.000000,1487.000000,3214.000000,2026.000000
1806.000000,1180.000000,1687.000000,1280.000000
642.000000,2516.000000,383.000000,2699.000000
1971.000000,1990.000000,1783.000000,2027.000000
1687.000000,1280.000000,1384.000000,1365.000000
2315.000000,2741.000000,2487.000000,2828.000000
2068.000000,610.000000,1837.000000,794.000000
1079.000000,2160.000000,1210.000000,2165.000000
1063.000000,791.000000,1362.000000,1108.000000
262.000000,1707.000000,35.000000,1732.000000
1711.000000,1898.000000,1760.000000,1906.000000
1752.000000,3155.000000,1543.000000,3200.000000
2017.000000,2438.000000,2093.000000,2544.000000
1141.000000,7.000000,526.000000,289.000000
2707.000000,2047.000000,2560.000000,2109.000000
1952.000000,2713.000000,1893.000000,2922.000000
849.000000,1003.000000,765.000000,1187.000000
2573.000000,2159.000000,2455.000000,2226.000000
811.000000,1964.000000,1037.000000,2148.000000
4.000000,1780.000000,6.000000,2108.000000
655.000000,2190.000000,427.000000,2266.000000
1713.000000,2548.000000,1562.000000,2835.000000
697.000000,2735.000000,451.000000,2890.000000
2409.000000,2533.000000,2929.000000,2647.000000
2377.000000,3300.000000,2444.000000,3362.000000
608.000000,1293.000000,853.000000,1525.000000
2093.000000,2544.000000,2312.000000,2698.000000
1013.000000,151.000000,1051.000000,237.000000
2615.000000,2358.000000,2688.000000,2435.000000
2265.000000,1782.000000,2211.000000,1930.000000
412.000000,1886.000000,122.000000,2107.000000
2386.000000,657.000000,2624.000000,912.000000
705.000000,94.000000,527.000000,256.000000
2265.000000,1782.000000,2049.000000,1946.000000
91.000000,2655.000000,64.000000,3152.000000
1407.000000,2834.000000,1387.000000,2853.000000
2692.000000,2066.000000,2851.000000,2171.000000
2450.000000,354.000000,2786.000000,562.000000
1573.000000,2994.000000,1617.000000,3020.000000
2446.000000,1260.000000,2182.000000,1403.000000
3291.000000,1235.000000,3106.000000,1256.000000
705.000000,94.000000,476.000000,174.000000
697.000000,2735.000000,884.000000,2816.000000
223.000000,1363.000000,58.000000,1465.000000
1442.000000,3009.000000,1491.000000,3181.000000
1162.000000,278.000000,1169.000000,278.000000
2204.000000,1433.000000,2293.000000,1483.000000
2763.000000,815.000000,2693.000000,895.000000
2550.000000,141.000000,2305.000000,239.000000
1543.000000,3200.000000,1587.000000,3275.000000
1183.000000,1089.000000,1362.000000,1108.000000
1169.000000,278.000000,1229.000000,289.000000
1142.000000,1738.000000,1720.000000,2014.000000
3035.000000,1882.000000,3060.000000,2000.000000
1189.000000,3004.000000,1237.000000,3073.000000
2409.000000,2533.000000,2312.000000,2698.000000
811.000000,1964.000000,903.000000,2219.000000
3273.000000,2437.000000,3112.000000,2823.000000
884.000000,2816.000000,1179.000000,3040.000000
371.000000,2570.000000,306.000000,2720.000000
1141.000000,7.000000,1604.000000,16.000000
968.000000,1562.000000,984.000000,1819.000000
372.000000,1370.000000,127.000000,1494.000000
3104.000000,1596.000000,3125.000000,1691.000000
2991.000000,1094.000000,2883.000000,1265.000000
262.000000,1707.000000,66.000000,1864.000000
1192.000000,2665.000000,925.000000,2705.000000
35.000000,1732.000000,55.000000,1838.000000
1593.000000,1620.000000,1807.000000,1671.000000
6.000000,2108.000000,40.000000,3234.000000
860.000000,3343.000000,2234.000000,3357.000000
212.000000,2218.000000,101.000000,2403.000000
2386.000000,657.000000,2358.000000,958.000000
1237.000000,3073.000000,1114.000000,3234.000000
1229.000000,2380.000000,1408.000000,2492.000000
763.000000,663.000000,1063.000000,791.000000
2872.000000,1439.000000,2885.000000,1636.000000
2450.000000,354.000000,2171.000000,378.000000
884.000000,2816.000000,451.000000,2890.000000
2305.000000,239.000000,2455.000000,265.000000
1968.000000,1767.000000,1845.000000,1797.000000
705.000000,1887.000000,655.000000,2190.000000
1837.000000,794.000000,2001.000000,874.000000
2834.000000,111.000000,2550.000000,141.000000
2014.000000,847.000000,2117.000000,1005.000000
2883.000000,1265.000000,2784.000000,1473.000000
3164.000000,827.000000,3098.000000,916.000000
2029.000000,1681.000000,2089.000000,1757.000000
2176.000000,555.000000,2195.000000,743.000000
884.000000,2816.000000,811.000000,3110.000000
2550.000000,141.000000,2455.000000,265.000000
1106.000000,1029.000000,974.000000,1160.000000
1840.000000,528.000000,1851.000000,710.000000
818.000000,2593.000000,697.000000,2735.000000
2123.000000,1248.000000,2182.000000,1403.000000
705.000000,94.000000,330.000000,105.000000
608.000000,1293.000000,405.000000,1370.000000
2692.000000,2066.000000,2573.000000,2159.000000
320.000000,2856.000000,408.000000,2936.000000
122.000000,2107.000000,6.000000,2108.000000
2312.000000,2698.000000,2082.000000,2804.000000
3002.000000,827.000000,3098.000000,916.000000
903.000000,2219.000000,939.000000,2248.000000
3014.000000,2219.000000,3312.000000,2372.000000
1384.000000,1365.000000,1339.000000,1498.000000
1141.000000,7.000000,1433.000000,25.000000
3098.000000,916.000000,3355.000000,956.000000
3065.000000,1424.000000,3125.000000,1691.000000
3357.000000,1328.000000,3341.000000,1421.000000
3065.000000,1424.000000,2942.000000,1610.000000
765.000000,1187.000000,608.000000,1293.000000
410.000000,2137.000000,655.000000,2190.000000
376.000000,3187.000000,266.000000,3342.000000
2458.000000,1744.000000,2493.000000,1761.000000
1106.000000,1029.000000,1158.000000,1048.000000
3204.000000,266.000000,2877.000000,472.000000
346.000000,377.000000,42.000000,685.000000
770.000000,691.000000,788.000000,813.000000
1375.000000,663.000000,1063.000000,791.000000
2493.000000,1761.000000,2778.000000,1940.000000
2763.000000,815.000000,2624.000000,912.000000
1183.000000,1089.000000,1307.000000,1244.000000
608.000000,1293.000000,652.000000,1332.000000
1079.000000,2160.000000,939.000000,2248.000000
1884.000000,2406.000000,1920.000000,2619.000000
2130.000000,2212.000000,2017.000000,2438.000000
755.000000,1358.000000,853.000000,1525.000000
1103.000000,2943.000000,1189.000000,3004.000000
1837.000000,794.000000,1603.000000,843.000000
1320.000000,226.000000,1169.000000,278.000000
2211.000000,1930.000000,2049.000000,1946.000000
1508.000000,1057.000000,1362.000000,1108.000000
801.000000,1818.000000,705.000000,1887.000000
2516.000000,1508.000000,2458.000000,1744.000000
2808.000000,253.000000,2455.000000,265.000000
1924.000000,3327.000000,1930.000000,3342.000000
1237.000000,3073.000000,1436.000000,3196.000000
2342.000000,3279.000000,2377.000000,3300.000000
1617.000000,3020.000000,1670.000000,3167.000000
3091.000000,2829.000000,3087.000000,3094.000000
2082.000000,2804.000000,1893.000000,2922.000000
1299.000000,1383.000000,853.000000,1525.000000
1956.000000,221.000000,1840.000000,528.000000
2778.000000,1940.000000,2851.000000,2171.000000
2148.000000,3030.000000,2228.000000,3062.000000
2710.000000,1144.000000,2758.000000,1349.000000
3341.000000,1421.000000,3257.000000,1523.000000
2991.000000,1094.000000,3106.000000,1256.000000
2763.000000,815.000000,3002.000000,827.000000
3002.000000,827.000000,2991.000000,1094.000000
1956.000000,221.000000,1729.000000,307.000000
1572.000000,2515.000000,1375.000000,2547.000000
2784.000000,1473.000000,2885.000000,1636.000000
1886.000000,1568.000000,1967.000000,1586.000000
1226.000000,3175.000000,1114.000000,3234.000000
1752.000000,3155.000000,2182.000000,3300.000000
588.000000,1896.000000,410.000000,2137.000000
1707.000000,2828.000000,1617.000000,3020.000000
2954.000000,3045.000000,2647.000000,3341.000000
2186.000000,962.000000,2117.000000,1005.000000
412.000000,1886.000000,376.000000,2150.000000
2784.000000,1473.000000,2516.000000,1508.000000
376.000000,2150.000000,346.000000,2199.000000
2130.000000,2212.000000,1803.000000,2326.000000
2358.000000,958.000000,2326.000000,1134.000000
1893.000000,2922.000000,2182.000000,3300.000000
2487.000000,2828.000000,2279.000000,3005.000000
2106.000000,2462.000000,2409.000000,2533.000000
405.000000,1370.000000,853.000000,1525.000000
642.000000,2516.000000,451.000000,2890.000000
2206.000000,1582.000000,1967.000000,1586.000000
2130.000000,2212.000000,2106.000000,2462.000000
1442.000000,3009.000000,1670.000000,3167.000000
2954.000000,3045.000000,2270.000000,3067.000000
410.000000,2137.000000,376.000000,2150.000000
574.000000,3063.000000,702.000000,3139.000000
3106.000000,1256.000000,3217.000000,1341.000000
2014.000000,847.000000,1995.000000,993.000000
1387.000000,2853.000000,1449.000000,2905.000000
1377.000000,2655.000000,1562.000000,2835.000000
1037.000000,2148.000000,940.000000,2159.000000
3245.000000,534.000000,3071.000000,627.000000
1533.000000,1500.000000,1886.000000,1568.000000
1972.000000,2854.000000,1893.000000,2922.000000
1189.000000,3004.000000,1179.000000,3040.000000
2279.000000,3005.000000,2148.000000,3030.000000
1952.000000,2713.000000,1562.000000,2835.000000
3071.000000,627.000000,2984.000000,753.000000
2211.000000,1930.000000,2130.000000,2212.000000
3302.000000,1224.000000,3106.000000,1256.000000
26.000000,666.000000,42.000000,685.000000
2942.000000,1610.000000,3125.000000,1691.000000
427.000000,2266.000000,201.000000,2326.000000
862.000000,2734.000000,884.000000,2816.000000
1752.000000,3155.000000,1924.000000,3327.000000
2270.000000,3067.000000,2444.000000,3362.000000
1407.000000,2834.000000,1449.000000,2905.000000
1533.000000,1500.000000,1593.000000,1620.000000
2778.000000,1940.000000,2560.000000,2109.000000
915.000000,217.000000,526.000000,289.000000
1137.000000,2529.000000,1192.000000,2665.000000
2068.000000,610.000000,2195.000000,743.000000
3257.000000,1523.000000,3125.000000,1691.000000
1063.000000,791.000000,1183.000000,1089.000000
1429.000000,1215.000000,1687.000000,1280.000000
3208.000000,1574.000000,3104.000000,1596.000000
527.000000,256.000000,526.000000,289.000000
1362.000000,1108.000000,1414.000000,1127.000000
2516.000000,1508.000000,2493.000000,1761.000000
2487.000000,2828.000000,2276.000000,2992.000000
3179.000000,1413.000000,3257.000000,1523.000000
811.000000,1964.000000,940.000000,2159.000000
1407.000000,2834.000000,1562.000000,2835.000000
2017.000000,2438.000000,2106.000000,2462.000000
1141.000000,7.000000,1038.000000,166.000000
1477.000000,3003.000000,1442.000000,3009.000000
1669.000000,2356.000000,1683.000000,2474.000000
2224.000000,1491.000000,2516.000000,1508.000000
2636.000000,203.000000,2808.000000,253.000000
2693.000000,895.000000,2640.000000,1233.000000
1491.000000,3181.000000,1493.000000,3250.000000
1552.000000,1788.000000,1630.000000,1822.000000
3159.000000,735.000000,2984.000000,753.000000
2693.000000,895.000000,2861.000000,1113.000000
655.000000,2190.000000,903.000000,2219.000000
420.000000,437.000000,788.000000,813.000000
1803.000000,2326.000000,1884.000000,2406.000000
1966.000000,2009.000000,1783.000000,2027.000000
1491.000000,3181.000000,1543.000000,3200.000000
1968.000000,1767.000000,1971.000000,1990.000000
2851.000000,2171.000000,3014.000000,2219.000000
2093.000000,2544.000000,1920.000000,2619.000000
459.000000,2848.000000,408.000000,2936.000000
1886.000000,1568.000000,2206.000000,1582.000000
96.000000,2177.000000,101.000000,2403.000000
915.000000,217.000000,1084.000000,456.000000
165.000000,3053.000000,574.000000,3063.000000
3035.000000,1882.000000,2778.000000,1940.000000
420.000000,437.000000,80.000000,741.000000
3098.000000,916.000000,3154.000000,1057.000000
2942.000000,1610.000000,3035.000000,1882.000000
2834.000000,111.000000,2877.000000,472.000000
91.000000,2655.000000,40.000000,3234.000000
2342.000000,3279.000000,2310.000000,3330.000000
2082.000000,2804.000000,2182.000000,3300.000000
2293.000000,1483.000000,2516.000000,1508.000000
2038.000000,201.000000,2305.000000,239.000000
2883.000000,1265.000000,3006.000000,1405.000000
984.000000,1819.000000,980.000000,1843.000000
3002.000000,827.000000,2693.000000,895.000000
1192.000000,2665.000000,1103.000000,2943.000000
974.000000,1160.000000,765.000000,1187.000000
940.000000,2159.000000,939.000000,2248.000000
3037.000000,2349.000000,2965.000000,2517.000000
