POINTS
1520.000000,4.000000
2825.000000,14.000000
2805.000000,20.000000
603.000000,25.000000
2488.000000,52.000000
1243.000000,56.000000
1823.000000,79.000000
2271.000000,81.000000
2081.000000,97.000000
1851.000000,103.000000
585.000000,113.000000
2798.000000,120.000000
960.000000,131.000000
1659.000000,149.000000
3115.000000,156.000000
3323.000000,185.000000
863.000000,187.000000
1473.000000,193.000000
3172.000000,214.000000
2408.000000,223.000000
2542.000000,226.000000
1125.000000,233.000000
1619.000000,234.000000
1520.000000,236.000000
1902.000000,257.000000
416.000000,270.000000
2311.000000,282.000000
2617.000000,296.000000
1165.000000,303.000000
1203.000000,303.000000
440.000000,306.000000
744.000000,311.000000
2617.000000,318.000000
2683.000000,321.000000
889.000000,322.000000
1520.000000,359.000000
363.000000,372.000000
3294.000000,373.000000
1742.000000,375.000000
1704.000000,376.000000
1582.000000,383.000000
1155.000000,396.000000
2148.000000,403.000000
1181.000000,407.000000
1101.000000,411.000000
1565.000000,421.000000
1406.000000,434.000000
70.000000,468.000000
2885.000000,468.000000
107.000000,481.000000
510.000000,521.000000
1491.000000,529.000000
1411.000000,534.000000
2439.000000,552.000000
1999.000000,557.000000
1170.000000,574.000000
1468.000000,584.000000
1979.000000,588.000000
2935.000000,595.000000
811.000000,600.000000
3314.000000,620.000000
1098.000000,638.000000
3205.000000,663.000000
2995.000000,664.000000
1758.000000,671.000000
220.000000,679.000000
1108.000000,682.000000
1038.000000,719.000000
3119.000000,730.000000
495.000000,731.000000
2226.000000,746.000000
1856.000000,751.000000
2908.000000,762.000000
1208.000000,767.000000
2069.000000,767.000000
172.000000,770.000000
816.000000,786.000000
472.000000,799.000000
36.000000,806.000000
1468.000000,815.000000
85.000000,830.000000
1859.000000,833.000000
1250.000000,834.000000
1087.000000,839.000000
1789.000000,847.000000
1288.000000,848.000000
4.000000,856.000000
1602.000000,857.000000
48.000000,864.000000
505.000000,870.000000
637.000000,876.000000
2422.000000,877.000000
1731.000000,879.000000
3371.000000,888.000000
2197.000000,892.000000
2031.000000,893.000000
805.000000,910.000000
285.000000,915.000000
286.000000,918.000000
2498.000000,936.000000
2433.000000,952.000000
362.000000,953.000000
838.000000,959.000000
305.000000,966.000000
62.000000,991.000000
2678.000000,1002.000000
1901.000000,1007.000000
1779.000000,1063.000000
2294.000000,1067.000000
350.000000,1071.000000
2368.000000,1080.000000
3281.000000,1084.000000
1540.000000,1097.000000
2844.000000,1100.000000
1768.000000,1106.000000
3117.000000,1116.000000
905.000000,1136.000000
3397.000000,1143.000000
628.000000,1160.000000
2019.000000,1179.000000
1249.000000,1213.000000
118.000000,1219.000000
916.000000,1230.000000
457.000000,1232.000000
1126.000000,1236.000000
1725.000000,1237.000000
2634.000000,1237.000000
1171.000000,1243.000000
3003.000000,1262.000000
274.000000,1276.000000
359.000000,1277.000000
535.000000,1279.000000
2991.000000,1292.000000
2259.000000,1303.000000
769.000000,1319.000000
2005.000000,1340.000000
2372.000000,1359.000000
1874.000000,1389.000000
2855.000000,1396.000000
3194.000000,1419.000000
2633.000000,1423.000000
319.000000,1425.000000
2338.000000,1425.000000
3380.000000,1428.000000
2526.000000,1436.000000
2455.000000,1439.000000
1954.000000,1442.000000
3322.000000,1445.000000
1041.000000,1454.000000
2907.000000,1468.000000
970.000000,1471.000000
992.000000,1472.000000
711.000000,1474.000000
1441.000000,1484.000000
1444.000000,1496.000000
3328.000000,1506.000000
1849.000000,1522.000000
1821.000000,1523.000000
2276.000000,1523.000000
2256.000000,1557.000000
2528.000000,1559.000000
2645.000000,1572.000000
2154.000000,1583.000000
639.000000,1594.000000
1978.000000,1598.000000
466.000000,1608.000000
358.000000,1619.000000
2686.000000,1621.000000
2178.000000,1622.000000
3366.000000,1625.000000
145.000000,1629.000000
2846.000000,1629.000000
498.000000,1630.000000
881.000000,1633.000000
189.000000,1634.000000
188.000000,1643.000000
1347.000000,1651.000000
73.000000,1654.000000
126.000000,1657.000000
2683.000000,1660.000000
497.000000,1662.000000
2711.000000,1664.000000
2212.000000,1668.000000
1303.000000,1689.000000
1512.000000,1711.000000
441.000000,1719.000000
3035.000000,1720.000000
1150.000000,1722.000000
2667.000000,1726.000000
2971.000000,1729.000000
2146.000000,1737.000000
994.000000,1769.000000
1586.000000,1783.000000
2763.000000,1790.000000
1143.000000,1794.000000
1044.000000,1797.000000
1307.000000,1845.000000
1198.000000,1846.000000
2085.000000,1870.000000
1385.000000,1875.000000
1003.000000,1881.000000
2184.000000,1894.000000
909.000000,1903.000000
3248.000000,1945.000000
2239.000000,1950.000000
1759.000000,1962.000000
1024.000000,1967.000000
60.000000,1975.000000
1605.000000,1976.000000
2337.000000,1980.000000
1277.000000,1981.000000
766.000000,1995.000000
2846.000000,1999.000000
3030.000000,2007.000000
1967.000000,2008.000000
3129.000000,2027.000000
51.000000,2030.000000
3147.000000,2046.000000
1960.000000,2055.000000
1638.000000,2065.000000
1454.000000,2075.000000
3100.000000,2104.000000
613.000000,2106.000000
1364.000000,2106.000000
796.000000,2118.000000
590.000000,2123.000000
210.000000,2135.000000
2761.000000,2135.000000
2798.000000,2142.000000
2599.000000,2159.000000
1143.000000,2161.000000
1717.000000,2204.000000
1256.000000,2253.000000
1685.000000,2258.000000
2481.000000,2260.000000
1756.000000,2261.000000
2466.000000,2265.000000
3387.000000,2269.000000
3016.000000,2270.000000
3348.000000,2273.000000
1304.000000,2275.000000
698.000000,2291.000000
2404.000000,2301.000000
2900.000000,2338.000000
1458.000000,2352.000000
463.000000,2360.000000
363.000000,2365.000000
1179.000000,2373.000000
854.000000,2378.000000
1382.000000,2380.000000
974.000000,2401.000000
2459.000000,2445.000000
69.000000,2450.000000
3299.000000,2456.000000
1245.000000,2481.000000
2731.000000,2482.000000
3216.000000,2509.000000
174.000000,2513.000000
3061.000000,2538.000000
228.000000,2539.000000
2130.000000,2546.000000
2286.000000,2546.000000
634.000000,2560.000000
2820.000000,2563.000000
948.000000,2567.000000
49.000000,2571.000000
1508.000000,2572.000000
539.000000,2582.000000
2308.000000,2594.000000
2430.000000,2599.000000
2425.000000,2613.000000
1787.000000,2621.000000
2692.000000,2631.000000
3033.000000,2633.000000
2518.000000,2635.000000
275.000000,2670.000000
2178.000000,2683.000000
2791.000000,2685.000000
3280.000000,2688.000000
3121.000000,2720.000000
2400.000000,2772.000000
2049.000000,2798.000000
2819.000000,2799.000000
2327.000000,2801.000000
2786.000000,2804.000000
1241.000000,2811.000000
2154.000000,2822.000000
727.000000,2823.000000
710.000000,2829.000000
1275.000000,2836.000000
1468.000000,2853.000000
124.000000,2860.000000
760.000000,2873.000000
3308.000000,2886.000000
1731.000000,2924.000000
2537.000000,2940.000000
1817.000000,2950.000000
2838.000000,2970.000000
933.000000,2979.000000
3083.000000,2979.000000
3058.000000,2994.000000
574.000000,3016.000000
2122.000000,3017.000000
351.000000,3034.000000
749.000000,3038.000000
370.000000,3048.000000
632.000000,3082.000000
1608.000000,3082.000000
3357.000000,3083.000000
3341.000000,3086.000000
2126.000000,3094.000000
893.000000,3113.000000
2078.000000,3133.000000
182.000000,3135.000000
157.000000,3151.000000
158.000000,3154.000000
1029.000000,3157.000000
249.000000,3178.000000
2772.000000,3188.000000
1234.000000,3192.000000
862.000000,3211.000000
436.000000,3217.000000
2969.000000,3236.000000
2326.000000,3271.000000
438.000000,3273.000000
1209.000000,3292.000000
1038.000000,3295.000000
1000.000000,3301.000000
3339.000000,3316.000000
2390.000000,3319.000000
691.000000,3328.000000
804.000000,3329.000000
790.000000,3333.000000
2468.000000,3337.000000
1390.000000,3359.000000
300.000000,3376.000000
2369.000000,3384.000000
1396.000000,3387.000000
1671.000000,3390.000000
3167.000000,3390.000000
LINES
1902.000000,257.000000,1742.000000,375.000000
2838.000000,2970.000000,2772.000000,3188.000000
916.000000,1230.000000,1126.000000,1236.000000
2408.000000,223.000000,2542.000000,226.000000
2798.000000,2142.000000,2900.000000,2338.000000
1243.000000,56.000000,1203.000000,303.000000
1823.000000,79.000000,1902.000000,257.000000
1041.000000,1454.000000,970.000000,1471.000000
1851.000000,103.000000,1902.000000,257.000000
1256.000000,2253.000000,1382.000000,2380.000000
472.000000,799.000000,457.000000,1232.000000
2326.000000,3271.000000,2390.000000,3319.000000
457.000000,1232.000000,359.000000,1277.000000
1874.000000,1389.000000,1444.000000,1496.000000
220.000000,679.000000,172.000000,770.000000
1170.000000,574.000000,1288.000000,848.000000
1181.000000,407.000000,1098.000000,638.000000
359.000000,1277.000000,535.000000,1279.000000
1605.000000,1976.000000,1454.000000,2075.000000
2683.000000,321.000000,2885.000000,468.000000
1029.000000,3157.000000,1234.000000,3192.000000
416.000000,270.000000,440.000000,306.000000
2838.000000,2970.000000,3058.000000,2994.000000
3119.000000,730.000000,3117.000000,1116.000000
1758.000000,671.000000,1731.000000,879.000000
3172.000000,214.000000,3314.000000,620.000000
1859.000000,833.000000,1901.000000,1007.000000
639.000000,1594.000000,766.000000,1995.000000
2271.000000,81.000000,2311.000000,282.000000
854.000000,2378.000000,948.000000,2567.000000
1851.000000,103.000000,2148.000000,403.000000
2634.000000,1237.000000,2526.000000,1436.000000
2259.000000,1303.000000,2005.000000,1340.000000
2226.000000,746.000000,2069.000000,767.000000
1126.000000,1236.000000,1041.000000,1454.000000
838.000000,959.000000,628.000000,1160.000000
749.000000,3038.000000,438.000000,3273.000000
1742.000000,375.000000,1758.000000,671.000000
472.000000,799.000000,362.000000,953.000000
749.000000,3038.000000,862.000000,3211.000000
1171.000000,1243.000000,1441.000000,1484.000000
3308.000000,2886.000000,3357.000000,3083.000000
2885.000000,468.000000,2935.000000,595.000000
2459.000000,2445.000000,2430.000000,2599.000000
1901.000000,1007.000000,1779.000000,1063.000000
2846.000000,1999.000000,3100.000000,2104.000000
3281.000000,1084.000000,3397.000000,1143.000000
1520.000000,4.000000,2825.000000,14.000000
970.000000,1471.000000,881.000000,1633.000000
1742.000000,375.000000,1468.000000,584.000000
1954.000000,1442.000000,1849.000000,1522.000000
495.000000,731.000000,285.000000,915.000000
2459.000000,2445.000000,2731.000000,2482.000000
2633.000000,1423.000000,2526.000000,1436.000000
1685.000000,2258.000000,1756.000000,2261.000000
3387.000000,2269.000000,3299.000000,2456.000000
2819.000000,2799.000000,2786.000000,2804.000000
639.000000,1594.000000,881.000000,1633.000000
1288.000000,848.000000,1540.000000,1097.000000
889.000000,322.000000,1098.000000,638.000000
2805.000000,20.000000,1851.000000,103.000000
1901.000000,1007.000000,1768.000000,1106.000000
637.000000,876.000000,457.000000,1232.000000
3172.000000,214.000000,2683.000000,321.000000
1304.000000,2275.000000,1382.000000,2380.000000
992.000000,1472.000000,1044.000000,1797.000000
495.000000,731.000000,816.000000,786.000000
1098.000000,638.000000,1038.000000,719.000000
73.000000,1654.000000,51.000000,2030.000000
124.000000,2860.000000,351.000000,3034.000000
2683.000000,1660.000000,2667.000000,1726.000000
1382.000000,2380.000000,1508.000000,2572.000000
2678.000000,1002.000000,2844.000000,1100.000000
285.000000,915.000000,286.000000,918.000000
1849.000000,1522.000000,1821.000000,1523.000000
1758.000000,671.000000,1856.000000,751.000000
1143.000000,2161.000000,1179.000000,2373.000000
1759.000000,1962.000000,1756.000000,2261.000000
1520.000000,359.000000,1582.000000,383.000000
2294.000000,1067.000000,2005.000000,1340.000000
2786.000000,2804.000000,2838.000000,2970.000000
1638.000000,2065.000000,1364.000000,2106.000000
2197.000000,892.000000,1901.000000,1007.000000
1768.000000,1106.000000,2019.000000,1179.000000
2855.000000,1396.000000,2846.000000,1629.000000
249.000000,3178.000000,300.000000,3376.000000
2481.000000,2260.000000,2466.000000,2265.000000
1364.000000,2106.000000,1458.000000,2352.000000
1250.000000,834.000000,1087.000000,839.000000
1155.000000,396.000000,1101.000000,411.000000
1303.000000,1689.000000,1150.000000,1722.000000
60.000000,1975.000000,210.000000,2135.000000
2212.000000,1668.000000,2184.000000,1894.000000
1181.000000,407.000000,1406.000000,434.000000
1582.000000,383.000000,1565.000000,421.000000
363.000000,372.000000,510.000000,521.000000
358.000000,1619.000000,60.000000,1975.000000
2820.000000,2563.000000,3033.000000,2633.000000
816.000000,786.000000,637.000000,876.000000
1565.000000,421.000000,1491.000000,529.000000
1759.000000,1962.000000,1960.000000,2055.000000
1441.000000,1484.000000,1347.000000,1651.000000
362.000000,953.000000,350.000000,1071.000000
1821.000000,1523.000000,1586.000000,1783.000000
1143.000000,2161.000000,1304.000000,2275.000000
49.000000,2571.000000,124.000000,2860.000000
1029.000000,3157.000000,1000.000000,3301.000000
2599.000000,2159.000000,2481.000000,2260.000000
2761.000000,2135.000000,2798.000000,2142.000000
1508.000000,2572.000000,1787.000000,2621.000000
1044.000000,1797.000000,1024.000000,1967.000000
1203.000000,303.000000,1406.000000,434.000000
1245.000000,2481.000000,1241.000000,2811.000000
2772.000000,3188.000000,2969.000000,3236.000000
1125.000000,233.000000,1203.000000,303.000000
70.000000,468.000000,4.000000,856.000000
1181.000000,407.000000,1101.000000,411.000000
3281.000000,1084.000000,3322.000000,1445.000000
358.000000,1619.000000,189.000000,1634.000000
370.000000,3048.000000,249.000000,3178.000000
1444.000000,1496.000000,1586.000000,1783.000000
698.000000,2291.000000,463.000000,2360.000000
974.000000,2401.000000,933.000000,2979.000000
3058.000000,2994.000000,2969.000000,3236.000000
1150.000000,1722.000000,1198.000000,1846.000000
974.000000,2401.000000,1241.000000,2811.000000
3328.000000,1506.000000,3366.000000,1625.000000
613.000000,2106.000000,590.000000,2123.000000
350.000000,1071.000000,359.000000,1277.000000
710.000000,2829.000000,749.000000,3038.000000
3339.000000,3316.000000,3167.000000,3390.000000
3366.000000,1625.000000,3387.000000,2269.000000
2908.000000,762.000000,3003.000000,1262.000000
2239.000000,1950.000000,2466.000000,2265.000000
574.000000,3016.000000,632.000000,3082.000000
1756.000000,2261.000000,2130.000000,2546.000000
3299.000000,2456.000000,3216.000000,2509.000000
804.000000,3329.000000,790.000000,3333.000000
2372.000000,1359.000000,2455.000000,1439.000000
960.000000,131.000000,863.000000,187.000000
495.000000,731.000000,472.000000,799.000000
889.000000,322.000000,1101.000000,411.000000
363.000000,372.000000,70.000000,468.000000
2481.000000,2260.000000,2404.000000,2301.000000
2178.000000,2683.000000,2154.000000,2822.000000
909.000000,1903.000000,1024.000000,1967.000000
351.000000,3034.000000,370.000000,3048.000000
2146.000000,1737.000000,2184.000000,1894.000000
1717.000000,2204.000000,1756.000000,2261.000000
933.000000,2979.000000,893.000000,3113.000000
2368.000000,1080.000000,2372.000000,1359.000000
2798.000000,120.000000,2683.000000,321.000000
970.000000,1471.000000,639.000000,1594.000000
1249.000000,1213.000000,916.000000,1230.000000
710.000000,2829.000000,574.000000,3016.000000
2488.000000,52.000000,2408.000000,223.000000
2667.000000,1726.000000,2846.000000,1999.000000
305.000000,966.000000,350.000000,1071.000000
1817.000000,2950.000000,1671.000000,3390.000000
1209.000000,3292.000000,1000.000000,3301.000000
62.000000,991.000000,118.000000,1219.000000
1468.000000,584.000000,1602.000000,857.000000
2308.000000,2594.000000,2154.000000,2822.000000
2455.000000,1439.000000,2528.000000,1559.000000
838.000000,959.000000,905.000000,1136.000000
3016.000000,2270.000000,3216.000000,2509.000000
1143.000000,1794.000000,1277.000000,1981.000000
3280.000000,2688.000000,3121.000000,2720.000000
1520.000000,236.000000,1704.000000,376.000000
2226.000000,746.000000,2422.000000,877.000000
1586.000000,1783.000000,1967.000000,2008.000000
905.000000,1136.000000,769.000000,1319.000000
3016.000000,2270.000000,3348.000000,2273.000000
3322.000000,1445.000000,3366.000000,1625.000000
3033.000000,2633.000000,3121.000000,2720.000000
1540.000000,1097.000000,1444.000000,1496.000000
1256.000000,2253.000000,1179.000000,2373.000000
1390.000000,3359.000000,1396.000000,3387.000000
350.000000,1071.000000,118.000000,1219.000000
1602.000000,857.000000,1731.000000,879.000000
2761.000000,2135.000000,2481.000000,2260.000000
2404.000000,2301.000000,2430.000000,2599.000000
2805.000000,20.000000,2798.000000,120.000000
1902.000000,257.000000,1999.000000,557.000000
1768.000000,1106.000000,1874.000000,1389.000000
2844.000000,1100.000000,3003.000000,1262.000000
760.000000,2873.000000,933.000000,2979.000000
994.000000,1769.000000,909.000000,1903.000000
2805.000000,20.000000,2488.000000,52.000000
2271.000000,81.000000,2408.000000,223.000000
1491.000000,529.000000,1468.000000,584.000000
1307.000000,1845.000000,1385.000000,1875.000000
49.000000,2571.000000,182.000000,3135.000000
1165.000000,303.000000,1155.000000,396.000000
691.000000,3328.000000,790.000000,3333.000000
691.000000,3328.000000,300.000000,3376.000000
2459.000000,2445.000000,2518.000000,2635.000000
727.000000,2823.000000,760.000000,2873.000000
188.000000,1643.000000,126.000000,1657.000000
1520.000000,359.000000,1491.000000,529.000000
1243.000000,56.000000,1473.000000,193.000000
1243.000000,56.000000,1406.000000,434.000000
574.000000,3016.000000,749.000000,3038.000000
498.000000,1630.000000,497.000000,1662.000000
3115.000000,156.000000,3172.000000,214.000000
637.000000,876.000000,805.000000,910.000000
73.000000,1654.000000,60.000000,1975.000000
603.000000,25.000000,585.000000,113.000000
3172.000000,214.000000,2995.000000,664.000000
1520.000000,4.000000,1243.000000,56.000000
2327.000000,2801.000000,2154.000000,2822.000000
2327.000000,2801.000000,2122.000000,3017.000000
1208.000000,767.000000,1087.000000,839.000000
2846.000000,1629.000000,3035.000000,1720.000000
51.000000,2030.000000,210.000000,2135.000000
286.000000,918.000000,362.000000,953.000000
2368.000000,1080.000000,2259.000000,1303.000000
2855.000000,1396.000000,2633.000000,1423.000000
2935.000000,595.000000,2908.000000,762.000000
1759.000000,1962.000000,1605.000000,1976.000000
2184.000000,1894.000000,2239.000000,1950.000000
2078.000000,3133.000000,1671.000000,3390.000000
637.000000,876.000000,628.000000,1160.000000
2337.000000,1980.000000,2466.000000,2265.000000
2369.000000,3384.000000,3167.000000,3390.000000
3194.000000,1419.000000,3035.000000,1720.000000
1304.000000,2275.000000,1458.000000,2352.000000
2617.000000,318.000000,2148.000000,403.000000
2197.000000,892.000000,2031.000000,893.000000
351.000000,3034.000000,182.000000,3135.000000
2372.000000,1359.000000,2338.000000,1425.000000
2498.000000,936.000000,2368.000000,1080.000000
838.000000,959.000000,769.000000,1319.000000
274.000000,1276.000000,359.000000,1277.000000
2148.000000,403.000000,2069.000000,767.000000
2308.000000,2594.000000,2178.000000,2683.000000
2259.000000,1303.000000,2372.000000,1359.000000
2481.000000,2260.000000,2900.000000,2338.000000
1208.000000,767.000000,1250.000000,834.000000
107.000000,481.000000,220.000000,679.000000
1038.000000,719.000000,816.000000,786.000000
1243.000000,56.000000,1125.000000,233.000000
85.000000,830.000000,305.000000,966.000000
1256.000000,2253.000000,1304.000000,2275.000000
466.000000,1608.000000,441.000000,1719.000000
51.000000,2030.000000,363.000000,2365.000000
3299.000000,2456.000000,3280.000000,2688.000000
1277.000000,1981.000000,1458.000000,2352.000000
510.000000,521.000000,811.000000,600.000000
1817.000000,2950.000000,2122.000000,3017.000000
1999.000000,557.000000,2069.000000,767.000000
174.000000,2513.000000,228.000000,2539.000000
1406.000000,434.000000,1411.000000,534.000000
3119.000000,730.000000,3281.000000,1084.000000
1277.000000,1981.000000,1304.000000,2275.000000
2731.000000,2482.000000,2692.000000,2631.000000
1731.000000,879.000000,1901.000000,1007.000000
2078.000000,3133.000000,2326.000000,3271.000000
300.000000,3376.000000,1396.000000,3387.000000
948.000000,2567.000000,933.000000,2979.000000
2294.000000,1067.000000,2368.000000,1080.000000
172.000000,770.000000,36.000000,806.000000
2146.000000,1737.000000,1967.000000,2008.000000
2239.000000,1950.000000,1960.000000,2055.000000
2805.000000,20.000000,2542.000000,226.000000
438.000000,3273.000000,691.000000,3328.000000
639.000000,1594.000000,994.000000,1769.000000
639.000000,1594.000000,498.000000,1630.000000
351.000000,3034.000000,249.000000,3178.000000
1821.000000,1523.000000,1967.000000,2008.000000
1347.000000,1651.000000,1303.000000,1689.000000
305.000000,966.000000,62.000000,991.000000
85.000000,830.000000,286.000000,918.000000
2711.000000,1664.000000,2763.000000,1790.000000
3397.000000,1143.000000,3322.000000,1445.000000
2481.000000,2260.000000,2731.000000,2482.000000
2537.000000,2940.000000,2126.000000,3094.000000
2031.000000,893.000000,1901.000000,1007.000000
698.000000,2291.000000,634.000000,2560.000000
2439.000000,552.000000,2226.000000,746.000000
2825.000000,14.000000,3323.000000,185.000000
2256.000000,1557.000000,2178.000000,1622.000000
1150.000000,1722.000000,1143.000000,1794.000000
2154.000000,1583.000000,1978.000000,1598.000000
1250.000000,834.000000,1249.000000,1213.000000
3194.000000,1419.000000,3328.000000,1506.000000
3100.000000,2104.000000,2798.000000,2142.000000
2085.000000,1870.000000,2184.000000,1894.000000
220.000000,679.000000,495.000000,731.000000
274.000000,1276.000000,73.000000,1654.000000
2368.000000,1080.000000,2634.000000,1237.000000
2146.000000,1737.000000,2085.000000,1870.000000
632.000000,3082.000000,438.000000,3273.000000
1250.000000,834.000000,1288.000000,848.000000
2481.000000,2260.000000,2459.000000,2445.000000
881.000000,1633.000000,1044.000000,1797.000000
994.000000,1769.000000,1003.000000,1881.000000
1540.000000,1097.000000,1441.000000,1484.000000
2337.000000,1980.000000,2599.000000,2159.000000
2069.000000,767.000000,2197.000000,892.000000
2408.000000,223.000000,2148.000000,403.000000
4.000000,856.000000,73.000000,1654.000000
535.000000,1279.000000,466.000000,1608.000000
3380.000000,1428.000000,3387.000000,2269.000000
3397.000000,1143.000000,3380.000000,1428.000000
2390.000000,3319.000000,2468.000000,3337.000000
2390.000000,3319.000000,2369.000000,3384.000000
1406.000000,434.000000,1491.000000,529.000000
960.000000,131.000000,1125.000000,233.000000
1125.000000,233.000000,1101.000000,411.000000
3308.000000,2886.000000,3083.000000,2979.000000
3323.000000,185.000000,3172.000000,214.000000
3003.000000,1262.000000,2991.000000,1292.000000
2430.000000,2599.000000,2425.000000,2613.000000
1512.000000,1711.000000,1605.000000,1976.000000
2439.000000,552.000000,2069.000000,767.000000
2338.000000,1425.000000,2455.000000,1439.000000
2991.000000,1292.000000,2907.000000,1468.000000
1277.000000,1981.000000,1454.000000,2075.000000
3119.000000,730.000000,2908.000000,762.000000
466.000000,1608.000000,498.000000,1630.000000
2239.000000,1950.000000,2337.000000,1980.000000
1789.000000,847.000000,1731.000000,879.000000
1277.000000,1981.000000,1364.000000,2106.000000
1979.000000,588.000000,2069.000000,767.000000
2971.000000,1729.000000,2763.000000,1790.000000
2518.000000,2635.000000,2400.000000,2772.000000
3380.000000,1428.000000,3366.000000,1625.000000
1520.000000,4.000000,1659.000000,149.000000
1029.000000,3157.000000,1038.000000,3295.000000
796.000000,2118.000000,698.000000,2291.000000
637.000000,876.000000,838.000000,959.000000
2526.000000,1436.000000,2455.000000,1439.000000
639.000000,1594.000000,441.000000,1719.000000
1303.000000,1689.000000,1307.000000,1845.000000
1508.000000,2572.000000,1468.000000,2853.000000
2805.000000,20.000000,2683.000000,321.000000
2488.000000,52.000000,2271.000000,81.000000
1143.000000,1794.000000,1198.000000,1846.000000
3121.000000,2720.000000,2838.000000,2970.000000
2197.000000,892.000000,2019.000000,1179.000000
495.000000,731.000000,172.000000,770.000000
126.000000,1657.000000,60.000000,1975.000000
1165.000000,303.000000,1203.000000,303.000000
744.000000,311.000000,811.000000,600.000000
2439.000000,552.000000,2908.000000,762.000000
893.000000,3113.000000,862.000000,3211.000000
2226.000000,746.000000,2197.000000,892.000000
1638.000000,2065.000000,1717.000000,2204.000000
3248.000000,1945.000000,3129.000000,2027.000000
1540.000000,1097.000000,1249.000000,1213.000000
1685.000000,2258.000000,1508.000000,2572.000000
363.000000,2365.000000,228.000000,2539.000000
2542.000000,226.000000,2617.000000,318.000000
1817.000000,2950.000000,1608.000000,3082.000000
498.000000,1630.000000,441.000000,1719.000000
124.000000,2860.000000,182.000000,3135.000000
2400.000000,2772.000000,2537.000000,2940.000000
727.000000,2823.000000,710.000000,2829.000000
3387.000000,2269.000000,3357.000000,3083.000000
174.000000,2513.000000,49.000000,2571.000000
463.000000,2360.000000,539.000000,2582.000000
1468.000000,2853.000000,1608.000000,3082.000000
3058.000000,2994.000000,2772.000000,3188.000000
3341.000000,3086.000000,2969.000000,3236.000000
3281.000000,1084.000000,2991.000000,1292.000000
2425.000000,2613.000000,2400.000000,2772.000000
2763.000000,1790.000000,3030.000000,2007.000000
960.000000,131.000000,744.000000,311.000000
1038.000000,719.000000,1087.000000,839.000000
2126.000000,3094.000000,2326.000000,3271.000000
1181.000000,407.000000,1170.000000,574.000000
634.000000,2560.000000,727.000000,2823.000000
370.000000,3048.000000,632.000000,3082.000000
1823.000000,79.000000,1659.000000,149.000000
2791.000000,2685.000000,2819.000000,2799.000000
3033.000000,2633.000000,2819.000000,2799.000000
2184.000000,1894.000000,2337.000000,1980.000000
3371.000000,888.000000,3397.000000,1143.000000
933.000000,2979.000000,749.000000,3038.000000
854.000000,2378.000000,933.000000,2979.000000
1859.000000,833.000000,1731.000000,879.000000
2855.000000,1396.000000,2907.000000,1468.000000
351.000000,3034.000000,157.000000,3151.000000
613.000000,2106.000000,210.000000,2135.000000
2276.000000,1523.000000,2256.000000,1557.000000
854.000000,2378.000000,974.000000,2401.000000
2935.000000,595.000000,2995.000000,664.000000
2154.000000,1583.000000,2146.000000,1737.000000
440.000000,306.000000,363.000000,372.000000
463.000000,2360.000000,634.000000,2560.000000
1234.000000,3192.000000,1038.000000,3295.000000
48.000000,864.000000,62.000000,991.000000
188.000000,1643.000000,73.000000,1654.000000
1411.000000,534.000000,1468.000000,815.000000
2433.000000,952.000000,2368.000000,1080.000000
893.000000,3113.000000,1029.000000,3157.000000
1385.000000,1875.000000,1454.000000,2075.000000
1725.000000,1237.000000,1874.000000,1389.000000
727.000000,2823.000000,933.000000,2979.000000
1999.000000,557.000000,1856.000000,751.000000
603.000000,25.000000,416.000000,270.000000
3216.000000,2509.000000,3061.000000,2538.000000
1520.000000,359.000000,1565.000000,421.000000
49.000000,2571.000000,157.000000,3151.000000
1385.000000,1875.000000,1605.000000,1976.000000
1468.000000,2853.000000,1390.000000,3359.000000
1179.000000,2373.000000,1245.000000,2481.000000
1756.000000,2261.000000,1787.000000,2621.000000
2900.000000,2338.000000,2731.000000,2482.000000
1347.000000,1651.000000,1512.000000,1711.000000
2599.000000,2159.000000,2466.000000,2265.000000
1198.000000,1846.000000,1277.000000,1981.000000
2791.000000,2685.000000,2400.000000,2772.000000
3314.000000,620.000000,2995.000000,664.000000
2846.000000,1999.000000,2761.000000,2135.000000
3016.000000,2270.000000,3061.000000,2538.000000
2404.000000,2301.000000,2459.000000,2445.000000
319.000000,1425.000000,145.000000,1629.000000
3366.000000,1625.000000,3248.000000,1945.000000
1787.000000,2621.000000,1731.000000,2924.000000
157.000000,3151.000000,249.000000,3178.000000
1101.000000,411.000000,1098.000000,638.000000
816.000000,786.000000,805.000000,910.000000
1954.000000,1442.000000,2154.000000,1583.000000
1473.000000,193.000000,1406.000000,434.000000
2645.000000,1572.000000,2667.000000,1726.000000
2212.000000,1668.000000,2146.000000,1737.000000
2294.000000,1067.000000,2019.000000,1179.000000
2085.000000,1870.000000,1967.000000,2008.000000
1209.000000,3292.000000,1396.000000,3387.000000
1143.000000,2161.000000,698.000000,2291.000000
2900.000000,2338.000000,3033.000000,2633.000000
2633.000000,1423.000000,2528.000000,1559.000000
970.000000,1471.000000,711.000000,1474.000000
60.000000,1975.000000,613.000000,2106.000000
3371.000000,888.000000,3281.000000,1084.000000
2154.000000,1583.000000,2178.000000,1622.000000
1155.000000,396.000000,1181.000000,407.000000
2468.000000,3337.000000,3167.000000,3390.000000
1619.000000,234.000000,1520.000000,236.000000
1234.000000,3192.000000,1209.000000,3292.000000
574.000000,3016.000000,370.000000,3048.000000
189.000000,1634.000000,188.000000,1643.000000
440.000000,306.000000,510.000000,521.000000
933.000000,2979.000000,1029.000000,3157.000000
440.000000,306.000000,744.000000,311.000000
974.000000,2401.000000,1245.000000,2481.000000
118.000000,1219.000000,274.000000,1276.000000
2846.000000,1999.000000,3030.000000,2007.000000
2005.000000,1340.000000,1874.000000,1389.000000
2667.000000,1726.000000,2763.000000,1790.000000
1454.000000,2075.000000,1364.000000,2106.000000
1241.000000,2811.000000,1468.000000,2853.000000
2178.000000,2683.000000,2049.000000,2798.000000
505.000000,870.000000,637.000000,876.000000
466.000000,1608.000000,358.000000,1619.000000
286.000000,918.000000,305.000000,966.000000
2645.000000,1572.000000,2686.000000,1621.000000
1444.000000,1496.000000,1347.000000,1651.000000
1821.000000,1523.000000,1978.000000,1598.000000
438.000000,3273.000000,300.000000,3376.000000
2686.000000,1621.000000,2711.000000,1664.000000
1638.000000,2065.000000,1458.000000,2352.000000
1087.000000,839.000000,1249.000000,1213.000000
363.000000,2365.000000,69.000000,2450.000000
2466.000000,2265.000000,2404.000000,2301.000000
2761.000000,2135.000000,2900.000000,2338.000000
3030.000000,2007.000000,3147.000000,2046.000000
1638.000000,2065.000000,1756.000000,2261.000000
1960.000000,2055.000000,1756.000000,2261.000000
2683.000000,1660.000000,2711.000000,1664.000000
2408.000000,223.000000,2617.000000,318.000000
2130.000000,2546.000000,2178.000000,2683.000000
1143.000000,2161.000000,1256.000000,2253.000000
2772.000000,3188.000000,2468.000000,3337.000000
1685.000000,2258.000000,1458.000000,2352.000000
590.000000,2123.000000,463.000000,2360.000000
811.000000,600.000000,1038.000000,719.000000
1087.000000,839.000000,905.000000,1136.000000
2488.000000,52.000000,1851.000000,103.000000
2692.000000,2631.000000,2791.000000,2685.000000
3061.000000,2538.000000,3121.000000,2720.000000
3117.000000,1116.000000,3003.000000,1262.000000
495.000000,731.000000,505.000000,870.000000
2049.000000,2798.000000,1731.000000,2924.000000
1209.000000,3292.000000,1390.000000,3359.000000
916.000000,1230.000000,769.000000,1319.000000
1768.000000,1106.000000,1725.000000,1237.000000
2969.000000,3236.000000,3339.000000,3316.000000
3281.000000,1084.000000,3003.000000,1262.000000
1817.000000,2950.000000,2078.000000,3133.000000
69.000000,2450.000000,228.000000,2539.000000
3323.000000,185.000000,3397.000000,1143.000000
1171.000000,1243.000000,1347.000000,1651.000000
1520.000000,4.000000,603.000000,25.000000
1540.000000,1097.000000,1768.000000,1106.000000
2907.000000,1468.000000,2846.000000,1629.000000
49.000000,2571.000000,275.000000,2670.000000
2825.000000,14.000000,2798.000000,120.000000
2276.000000,1523.000000,2154.000000,1583.000000
585.000000,113.000000,440.000000,306.000000
2991.000000,1292.000000,3322.000000,1445.000000
1044.000000,1797.000000,1003.000000,1881.000000
2633.000000,1423.000000,2645.000000,1572.000000
2005.000000,1340.000000,2154.000000,1583.000000
1241.000000,2811.000000,933.000000,2979.000000
613.000000,2106.000000,463.000000,2360.000000
2005.000000,1340.000000,2338.000000,1425.000000
158.000000,3154.000000,300.000000,3376.000000
2885.000000,468.000000,2439.000000,552.000000
285.000000,915.000000,362.000000,953.000000
51.000000,2030.000000,49.000000,2571.000000
3119.000000,730.000000,3371.000000,888.000000
3121.000000,2720.000000,2819.000000,2799.000000
634.000000,2560.000000,933.000000,2979.000000
274.000000,1276.000000,319.000000,1425.000000
2798.000000,120.000000,3172.000000,214.000000
766.000000,1995.000000,796.000000,2118.000000
3083.000000,2979.000000,3058.000000,2994.000000
2791.000000,2685.000000,2786.000000,2804.000000
1000.000000,3301.000000,804.000000,3329.000000
1468.000000,815.000000,1602.000000,857.000000
3380.000000,1428.000000,3322.000000,1445.000000
2148.000000,403.000000,2439.000000,552.000000
1759.000000,1962.000000,1967.000000,2008.000000
744.000000,311.000000,889.000000,322.000000
2711.000000,1664.000000,2667.000000,1726.000000
3194.000000,1419.000000,3322.000000,1445.000000
1725.000000,1237.000000,1444.000000,1496.000000
2731.000000,2482.000000,2820.000000,2563.000000
2908.000000,762.000000,3117.000000,1116.000000
1087.000000,839.000000,916.000000,1230.000000
854.000000,2378.000000,634.000000,2560.000000
749.000000,3038.000000,691.000000,3328.000000
727.000000,2823.000000,749.000000,3038.000000
3030.000000,2007.000000,3100.000000,2104.000000
3205.000000,663.000000,2995.000000,664.000000
1638.000000,2065.000000,1685.000000,2258.000000
1209.000000,3292.000000,1038.000000,3295.000000
1473.000000,193.000000,1520.000000,236.000000
2433.000000,952.000000,2294.000000,1067.000000
69.000000,2450.000000,174.000000,2513.000000
805.000000,910.000000,838.000000,959.000000
1731.000000,2924.000000,1608.000000,3082.000000
3121.000000,2720.000000,3083.000000,2979.000000
497.000000,1662.000000,441.000000,1719.000000
1742.000000,375.000000,1999.000000,557.000000
2338.000000,1425.000000,2154.000000,1583.000000
2259.000000,1303.000000,2338.000000,1425.000000
2019.000000,1179.000000,2005.000000,1340.000000
2422.000000,877.000000,2678.000000,1002.000000
1901.000000,1007.000000,2019.000000,1179.000000
1241.000000,2811.000000,1234.000000,3192.000000
3129.000000,2027.000000,3147.000000,2046.000000
2178.000000,1622.000000,2212.000000,1668.000000
1041.000000,1454.000000,1044.000000,1797.000000
210.000000,2135.000000,463.000000,2360.000000
172.000000,770.000000,286.000000,918.000000
1288.000000,848.000000,1779.000000,1063.000000
3035.000000,1720.000000,2971.000000,1729.000000
3299.000000,2456.000000,3357.000000,3083.000000
1385.000000,1875.000000,1277.000000,1981.000000
463.000000,2360.000000,275.000000,2670.000000
2081.000000,97.000000,1851.000000,103.000000
590.000000,2123.000000,210.000000,2135.000000
1171.000000,1243.000000,1041.000000,1454.000000
60.000000,1975.000000,51.000000,2030.000000
603.000000,25.000000,744.000000,311.000000
603.000000,25.000000,70.000000,468.000000
3083.000000,2979.000000,3341.000000,3086.000000
1170.000000,574.000000,1108.000000,682.000000
51.000000,2030.000000,69.000000,2450.000000
960.000000,131.000000,889.000000,322.000000
2537.000000,2940.000000,2772.000000,3188.000000
3281.000000,1084.000000,3117.000000,1116.000000
2308.000000,2594.000000,2430.000000,2599.000000
1731.000000,2924.000000,1817.000000,2950.000000
36.000000,806.000000,4.000000,856.000000
2686.000000,1621.000000,2667.000000,1726.000000
2369.000000,3384.000000,1671.000000,3390.000000
2286.000000,2546.000000,2430.000000,2599.000000
1303.000000,1689.000000,1512.000000,1711.000000
1742.000000,375.000000,1565.000000,421.000000
1856.000000,751.000000,1789.000000,847.000000
1823.000000,79.000000,1742.000000,375.000000
1170.000000,574.000000,1208.000000,767.000000
463.000000,2360.000000,228.000000,2539.000000
3194.000000,1419.000000,3366.000000,1625.000000
363.000000,372.000000,495.000000,731.000000
1978.000000,1598.000000,2146.000000,1737.000000
1098.000000,638.000000,1108.000000,682.000000
36.000000,806.000000,85.000000,830.000000
1277.000000,1981.000000,1143.000000,2161.000000
2148.000000,403.000000,1999.000000,557.000000
275.000000,2670.000000,124.000000,2860.000000
1520.000000,4.000000,1473.000000,193.000000
3100.000000,2104.000000,3016.000000,2270.000000
574.000000,3016.000000,351.000000,3034.000000
275.000000,2670.000000,351.000000,3034.000000
2126.000000,3094.000000,2468.000000,3337.000000
1468.000000,815.000000,1288.000000,848.000000
1979.000000,588.000000,1856.000000,751.000000
2786.000000,2804.000000,2537.000000,2940.000000
811.000000,600.000000,495.000000,731.000000
769.000000,1319.000000,639.000000,1594.000000
535.000000,1279.000000,639.000000,1594.000000
2459.000000,2445.000000,2692.000000,2631.000000
2634.000000,1237.000000,2455.000000,1439.000000
2645.000000,1572.000000,2337.000000,1980.000000
69.000000,2450.000000,49.000000,2571.000000
1108.000000,682.000000,1038.000000,719.000000
2798.000000,120.000000,3115.000000,156.000000
1241.000000,2811.000000,1275.000000,2836.000000
2634.000000,1237.000000,2633.000000,1423.000000
2239.000000,1950.000000,1967.000000,2008.000000
3323.000000,185.000000,3371.000000,888.000000
1256.000000,2253.000000,1245.000000,2481.000000
970.000000,1471.000000,992.000000,1472.000000
1823.000000,79.000000,1851.000000,103.000000
3357.000000,3083.000000,3339.000000,3316.000000
628.000000,1160.000000,769.000000,1319.000000
1347.000000,1651.000000,1150.000000,1722.000000
1003.000000,1881.000000,1024.000000,1967.000000
3280.000000,2688.000000,3308.000000,2886.000000
2130.000000,2546.000000,2286.000000,2546.000000
3323.000000,185.000000,3294.000000,373.000000
1171.000000,1243.000000,1044.000000,1797.000000
472.000000,799.000000,505.000000,870.000000
639.000000,1594.000000,466.000000,1608.000000
1787.000000,2621.000000,1468.000000,2853.000000
1038.000000,3295.000000,1000.000000,3301.000000
1143.000000,2161.000000,854.000000,2378.000000
634.000000,2560.000000,539.000000,2582.000000
1742.000000,375.000000,1704.000000,376.000000
157.000000,3151.000000,158.000000,3154.000000
2617.000000,296.000000,2683.000000,321.000000
370.000000,3048.000000,438.000000,3273.000000
916.000000,1230.000000,711.000000,1474.000000
2763.000000,1790.000000,2846.000000,1999.000000
916.000000,1230.000000,970.000000,1471.000000
2969.000000,3236.000000,3167.000000,3390.000000
3121.000000,2720.000000,3308.000000,2886.000000
1468.000000,584.000000,1468.000000,815.000000
1250.000000,834.000000,1540.000000,1097.000000
441.000000,1719.000000,766.000000,1995.000000
766.000000,1995.000000,613.000000,2106.000000
905.000000,1136.000000,916.000000,1230.000000
2430.000000,2599.000000,2518.000000,2635.000000
1234.000000,3192.000000,1390.000000,3359.000000
2991.000000,1292.000000,2855.000000,1396.000000
2692.000000,2631.000000,2518.000000,2635.000000
2617.000000,318.000000,2885.000000,468.000000
1473.000000,193.000000,1619.000000,234.000000
893.000000,3113.000000,1000.000000,3301.000000
749.000000,3038.000000,893.000000,3113.000000
1856.000000,751.000000,2031.000000,893.000000
2846.000000,1629.000000,2711.000000,1664.000000
1024.000000,1967.000000,766.000000,1995.000000
3248.000000,1945.000000,3387.000000,2269.000000
603.000000,25.000000,863.000000,187.000000
2122.000000,3017.000000,2126.000000,3094.000000
85.000000,830.000000,48.000000,864.000000
2400.000000,2772.000000,2327.000000,2801.000000
2900.000000,2338.000000,3061.000000,2538.000000
3357.000000,3083.000000,3341.000000,3086.000000
157.000000,3151.000000,300.000000,3376.000000
539.000000,2582.000000,275.000000,2670.000000
691.000000,3328.000000,804.000000,3329.000000
505.000000,870.000000,457.000000,1232.000000
711.000000,1474.000000,639.000000,1594.000000
1041.000000,1454.000000,992.000000,1472.000000
2404.000000,2301.000000,2286.000000,2546.000000
319.000000,1425.000000,358.000000,1619.000000
2772.000000,3188.000000,3167.000000,3390.000000
2633.000000,1423.000000,2686.000000,1621.000000
1125.000000,233.000000,889.000000,322.000000
3294.000000,373.000000,3314.000000,620.000000
1758.000000,671.000000,1602.000000,857.000000
2819.000000,2799.000000,2838.000000,2970.000000
816.000000,786.000000,1087.000000,839.000000
2846.000000,1999.000000,2481.000000,2260.000000
1303.000000,1689.000000,1198.000000,1846.000000
2286.000000,2546.000000,2178.000000,2683.000000
2122.000000,3017.000000,2078.000000,3133.000000
2308.000000,2594.000000,2425.000000,2613.000000
862.000000,3211.000000,1000.000000,3301.000000
1999.000000,557.000000,1758.000000,671.000000
811.000000,600.000000,1098.000000,638.000000
2498.000000,936.000000,2634.000000,1237.000000
2311.000000,282.000000,2148.000000,403.000000
118.000000,1219.000000,73.000000,1654.000000
1411.000000,534.000000,1468.000000,584.000000
2256.000000,1557.000000,2154.000000,1583.000000
1608.000000,3082.000000,1396.000000,3387.000000
862.000000,3211.000000,804.000000,3329.000000
2908.000000,762.000000,2678.000000,1002.000000
1303.000000,1689.000000,1385.000000,1875.000000
2791.000000,2685.000000,2537.000000,2940.000000
3348.000000,2273.000000,3299.000000,2456.000000
539.000000,2582.000000,710.000000,2829.000000
2838.000000,2970.000000,3083.000000,2979.000000
359.000000,1277.000000,358.000000,1619.000000
1779.000000,1063.000000,1768.000000,1106.000000
3387.000000,2269.000000,3348.000000,2273.000000
2542.000000,226.000000,2617.000000,296.000000
145.000000,1629.000000,189.000000,1634.000000
1468.000000,2853.000000,1731.000000,2924.000000
1468.000000,584.000000,1758.000000,671.000000
2498.000000,936.000000,2678.000000,1002.000000
145.000000,1629.000000,188.000000,1643.000000
760.000000,2873.000000,749.000000,3038.000000
1508.000000,2572.000000,1241.000000,2811.000000
1602.000000,857.000000,1779.000000,1063.000000
1756.000000,2261.000000,2049.000000,2798.000000
916.000000,1230.000000,1041.000000,1454.000000
2825.000000,14.000000,3115.000000,156.000000
3058.000000,2994.000000,3341.000000,3086.000000
1520.000000,236.000000,1406.000000,434.000000
1731.000000,879.000000,1779.000000,1063.000000
2908.000000,762.000000,2844.000000,1100.000000
2846.000000,1629.000000,2971.000000,1729.000000
118.000000,1219.000000,359.000000,1277.000000
1960.000000,2055.000000,2404.000000,2301.000000
3172.000000,214.000000,2885.000000,468.000000
1520.000000,236.000000,1520.000000,359.000000
1520.000000,4.000000,2805.000000,20.000000
2488.000000,52.000000,2542.000000,226.000000
172.000000,770.000000,85.000000,830.000000
862.000000,3211.000000,691.000000,3328.000000
1249.000000,1213.000000,1126.000000,1236.000000
1203.000000,303.000000,1181.000000,407.000000
2844.000000,1100.000000,2634.000000,1237.000000
3323.000000,185.000000,3314.000000,620.000000
3147.000000,2046.000000,3100.000000,2104.000000
3016.000000,2270.000000,2900.000000,2338.000000
1411.000000,534.000000,1170.000000,574.000000
510.000000,521.000000,495.000000,731.000000
2212.000000,1668.000000,2337.000000,1980.000000
1874.000000,1389.000000,1821.000000,1523.000000
1275.000000,2836.000000,1468.000000,2853.000000
70.000000,468.000000,220.000000,679.000000
2991.000000,1292.000000,3035.000000,1720.000000
2528.000000,1559.000000,2645.000000,1572.000000
933.000000,2979.000000,1234.000000,3192.000000
2308.000000,2594.000000,2400.000000,2772.000000
816.000000,786.000000,838.000000,959.000000
744.000000,311.000000,510.000000,521.000000
441.000000,1719.000000,613.000000,2106.000000
2645.000000,1572.000000,2212.000000,1668.000000
974.000000,2401.000000,948.000000,2567.000000
1444.000000,1496.000000,1821.000000,1523.000000
769.000000,1319.000000,711.000000,1474.000000
463.000000,2360.000000,363.000000,2365.000000
358.000000,1619.000000,188.000000,1643.000000
1171.000000,1243.000000,1150.000000,1722.000000
539.000000,2582.000000,727.000000,2823.000000
210.000000,2135.000000,363.000000,2365.000000
36.000000,806.000000,48.000000,864.000000
1165.000000,303.000000,1101.000000,411.000000
174.000000,2513.000000,275.000000,2670.000000
249.000000,3178.000000,438.000000,3273.000000
2617.000000,296.000000,2617.000000,318.000000
2338.000000,1425.000000,2528.000000,1559.000000
1307.000000,1845.000000,1277.000000,1981.000000
1619.000000,234.000000,1742.000000,375.000000
1954.000000,1442.000000,1978.000000,1598.000000
2081.000000,97.000000,2148.000000,403.000000
1999.000000,557.000000,1979.000000,588.000000
2049.000000,2798.000000,2122.000000,3017.000000
881.000000,1633.000000,994.000000,1769.000000
3248.000000,1945.000000,3147.000000,2046.000000
1565.000000,421.000000,1468.000000,584.000000
2019.000000,1179.000000,1874.000000,1389.000000
2338.000000,1425.000000,2212.000000,1668.000000
2197.000000,892.000000,2433.000000,952.000000
2678.000000,1002.000000,2634.000000,1237.000000
2390.000000,3319.000000,1671.000000,3390.000000
2542.000000,226.000000,2683.000000,321.000000
2422.000000,877.000000,2197.000000,892.000000
628.000000,1160.000000,535.000000,1279.000000
3348.000000,2273.000000,3216.000000,2509.000000
1704.000000,376.000000,1582.000000,383.000000
2995.000000,664.000000,3119.000000,730.000000
2763.000000,1790.000000,3129.000000,2027.000000
994.000000,1769.000000,1044.000000,1797.000000
1540.000000,1097.000000,1725.000000,1237.000000
1849.000000,1522.000000,1978.000000,1598.000000
2276.000000,1523.000000,2212.000000,1668.000000
495.000000,731.000000,637.000000,876.000000
359.000000,1277.000000,319.000000,1425.000000
3147.000000,2046.000000,3348.000000,2273.000000
1170.000000,574.000000,1468.000000,815.000000
628.000000,1160.000000,457.000000,1232.000000
1520.000000,236.000000,1582.000000,383.000000
1143.000000,2161.000000,974.000000,2401.000000
909.000000,1903.000000,766.000000,1995.000000
1960.000000,2055.000000,2130.000000,2546.000000
613.000000,2106.000000,698.000000,2291.000000
2537.000000,2940.000000,2122.000000,3017.000000
603.000000,25.000000,960.000000,131.000000
319.000000,1425.000000,73.000000,1654.000000
1125.000000,233.000000,1165.000000,303.000000
1143.000000,1794.000000,1024.000000,1967.000000
2846.000000,1629.000000,2763.000000,1790.000000
603.000000,25.000000,1243.000000,56.000000
3397.000000,1143.000000,3387.000000,2269.000000
1179.000000,2373.000000,974.000000,2401.000000
2686.000000,1621.000000,2846.000000,1629.000000
70.000000,468.000000,172.000000,770.000000
3035.000000,1720.000000,3129.000000,2027.000000
2404.000000,2301.000000,2130.000000,2546.000000
1458.000000,2352.000000,1508.000000,2572.000000
3030.000000,2007.000000,3129.000000,2027.000000
1967.000000,2008.000000,1960.000000,2055.000000
1859.000000,833.000000,1789.000000,847.000000
1659.000000,149.000000,1619.000000,234.000000
3035.000000,1720.000000,2763.000000,1790.000000
2633.000000,1423.000000,2846.000000,1629.000000
535.000000,1279.000000,769.000000,1319.000000
1685.000000,2258.000000,1787.000000,2621.000000
3172.000000,214.000000,3294.000000,373.000000
2634.000000,1237.000000,3003.000000,1262.000000
1468.000000,2853.000000,1396.000000,3387.000000
2422.000000,877.000000,2433.000000,952.000000
358.000000,1619.000000,441.000000,1719.000000
2488.000000,52.000000,2081.000000,97.000000
1108.000000,682.000000,1087.000000,839.000000
1638.000000,2065.000000,1454.000000,2075.000000
1619.000000,234.000000,1704.000000,376.000000
1605.000000,1976.000000,1638.000000,2065.000000
441.000000,1719.000000,60.000000,1975.000000
1512.000000,1711.000000,1586.000000,1783.000000
358.000000,1619.000000,145.000000,1629.000000
145.000000,1629.000000,73.000000,1654.000000
275.000000,2670.000000,574.000000,3016.000000
2294.000000,1067.000000,2259.000000,1303.000000
2820.000000,2563.000000,2692.000000,2631.000000
1458.000000,2352.000000,1382.000000,2380.000000
811.000000,600.000000,816.000000,786.000000
790.000000,3333.000000,1396.000000,3387.000000
639.000000,1594.000000,497.000000,1662.000000
300.000000,3376.000000,1671.000000,3390.000000
363.000000,372.000000,107.000000,481.000000
539.000000,2582.000000,574.000000,3016.000000
2400.000000,2772.000000,2154.000000,2822.000000
2537.000000,2940.000000,2838.000000,2970.000000
70.000000,468.000000,107.000000,481.000000
4.000000,856.000000,51.000000,2030.000000
1902.000000,257.000000,2148.000000,403.000000
1874.000000,1389.000000,1849.000000,1522.000000
359.000000,1277.000000,466.000000,1608.000000
1307.000000,1845.000000,1198.000000,1846.000000
1823.000000,79.000000,1619.000000,234.000000
1275.000000,2836.000000,1234.000000,3192.000000
1441.000000,1484.000000,1444.000000,1496.000000
1203.000000,303.000000,1155.000000,396.000000
1779.000000,1063.000000,1540.000000,1097.000000
2286.000000,2546.000000,2308.000000,2594.000000
3314.000000,620.000000,3371.000000,888.000000
2085.000000,1870.000000,2239.000000,1950.000000
362.000000,953.000000,359.000000,1277.000000
796.000000,2118.000000,1143.000000,2161.000000
1000.000000,3301.000000,790.000000,3333.000000
863.000000,187.000000,744.000000,311.000000
2820.000000,2563.000000,2791.000000,2685.000000
2338.000000,1425.000000,2276.000000,1523.000000
2617.000000,318.000000,2439.000000,552.000000
2126.000000,3094.000000,2390.000000,3319.000000
1170.000000,574.000000,1098.000000,638.000000
2468.000000,3337.000000,2369.000000,3384.000000
1520.000000,4.000000,1823.000000,79.000000
1243.000000,56.000000,960.000000,131.000000
1249.000000,1213.000000,1171.000000,1243.000000
2005.000000,1340.000000,1954.000000,1442.000000
585.000000,113.000000,744.000000,311.000000
73.000000,1654.000000,126.000000,1657.000000
2271.000000,81.000000,2148.000000,403.000000
3322.000000,1445.000000,3328.000000,1506.000000
2667.000000,1726.000000,2337.000000,1980.000000
172.000000,770.000000,285.000000,915.000000
2908.000000,762.000000,2422.000000,877.000000
1468.000000,2853.000000,1234.000000,3192.000000
2846.000000,1999.000000,2599.000000,2159.000000
1396.000000,3387.000000,1671.000000,3390.000000
4.000000,856.000000,62.000000,991.000000
1208.000000,767.000000,1288.000000,848.000000
1024.000000,1967.000000,1143.000000,2161.000000
3216.000000,2509.000000,3280.000000,2688.000000
1978.000000,1598.000000,1967.000000,2008.000000
744.000000,311.000000,1098.000000,638.000000
2078.000000,3133.000000,2390.000000,3319.000000
1087.000000,839.000000,838.000000,959.000000
2178.000000,1622.000000,2146.000000,1737.000000
766.000000,1995.000000,1143.000000,2161.000000
2271.000000,81.000000,2081.000000,97.000000
1787.000000,2621.000000,2049.000000,2798.000000
495.000000,731.000000,362.000000,953.000000
1150.000000,1722.000000,1044.000000,1797.000000
1520.000000,359.000000,1406.000000,434.000000
2126.000000,3094.000000,2078.000000,3133.000000
1181.000000,407.000000,1411.000000,534.000000
2425.000000,2613.000000,2518.000000,2635.000000
416.000000,270.000000,70.000000,468.000000
2798.000000,2142.000000,3016.000000,2270.000000
632.000000,3082.000000,436.000000,3217.000000
1608.000000,3082.000000,1671.000000,3390.000000
2667.000000,1726.000000,2599.000000,2159.000000
3216.000000,2509.000000,3121.000000,2720.000000
585.000000,113.000000,416.000000,270.000000
2498.000000,936.000000,2433.000000,952.000000
1406.000000,434.000000,1468.000000,584.000000
2069.000000,767.000000,2031.000000,893.000000
3115.000000,156.000000,3323.000000,185.000000
4.000000,856.000000,48.000000,864.000000
2422.000000,877.000000,2498.000000,936.000000
2991.000000,1292.000000,2846.000000,1629.000000
182.000000,3135.000000,157.000000,3151.000000
2239.000000,1950.000000,2404.000000,2301.000000
3314.000000,620.000000,3119.000000,730.000000
1856.000000,751.000000,1859.000000,833.000000
363.000000,372.000000,220.000000,679.000000
2439.000000,552.000000,2422.000000,877.000000
4.000000,856.000000,118.000000,1219.000000
436.000000,3217.000000,438.000000,3273.000000
2885.000000,468.000000,2908.000000,762.000000
2526.000000,1436.000000,2528.000000,1559.000000
2130.000000,2546.000000,2049.000000,2798.000000
2634.000000,1237.000000,2372.000000,1359.000000
1108.000000,682.000000,1208.000000,767.000000
362.000000,953.000000,457.000000,1232.000000
3147.000000,2046.000000,3387.000000,2269.000000
1444.000000,1496.000000,1512.000000,1711.000000
1249.000000,1213.000000,1441.000000,1484.000000
3061.000000,2538.000000,3033.000000,2633.000000
362.000000,953.000000,305.000000,966.000000
2995.000000,664.000000,2908.000000,762.000000
457.000000,1232.000000,535.000000,1279.000000
3003.000000,1262.000000,2855.000000,1396.000000
3194.000000,1419.000000,3248.000000,1945.000000
370.000000,3048.000000,436.000000,3217.000000
2846.000000,1999.000000,2798.000000,2142.000000
1512.000000,1711.000000,1385.000000,1875.000000
1520.000000,4.000000,1619.000000,234.000000
2900.000000,2338.000000,2820.000000,2563.000000
2256.000000,1557.000000,2212.000000,1668.000000
1758.000000,671.000000,1789.000000,847.000000
613.000000,2106.000000,796.000000,2118.000000
188.000000,1643.000000,60.000000,1975.000000
70.000000,468.000000,36.000000,806.000000
1024.000000,1967.000000,1277.000000,1981.000000
992.000000,1472.000000,881.000000,1633.000000
2327.000000,2801.000000,2537.000000,2940.000000
1671.000000,3390.000000,3167.000000,3390.000000
3341.000000,3086.000000,3339.000000,3316.000000
2805.000000,20.000000,1823.000000,79.000000
2408.000000,223.000000,2311.000000,282.000000
749.000000,3038.000000,632.000000,3082.000000
1586.000000,1783.000000,1605.000000,1976.000000
1143.000000,1794.000000,1044.000000,1797.000000
1382.000000,2380.000000,1245.000000,2481.000000
1856.000000,751.000000,2069.000000,767.000000
1003.000000,1881.000000,909.000000,1903.000000
2528.000000,1559.000000,2212.000000,1668.000000
1856.000000,751.000000,1901.000000,1007.000000
62.000000,991.000000,350.000000,1071.000000
2154.000000,2822.000000,2122.000000,3017.000000
1126.000000,1236.000000,1171.000000,1243.000000
1759.000000,1962.000000,1638.000000,2065.000000
698.000000,2291.000000,854.000000,2378.000000
2049.000000,2798.000000,2154.000000,2822.000000
1000.000000,3301.000000,1396.000000,3387.000000
2634.000000,1237.000000,2855.000000,1396.000000
3299.000000,2456.000000,3308.000000,2886.000000
3314.000000,620.000000,3205.000000,663.000000
994.000000,1769.000000,766.000000,1995.000000
1586.000000,1783.000000,1759.000000,1962.000000
3035.000000,1720.000000,3248.000000,1945.000000
1245.000000,2481.000000,1508.000000,2572.000000
2885.000000,468.000000,2995.000000,664.000000
2686.000000,1621.000000,2683.000000,1660.000000
2518.000000,2635.000000,2791.000000,2685.000000
1874.000000,1389.000000,1954.000000,1442.000000
1704.000000,376.000000,1565.000000,421.000000
2617.000000,318.000000,2683.000000,321.000000
3308.000000,2886.000000,3341.000000,3086.000000
1717.000000,2204.000000,1685.000000,2258.000000
2820.000000,2563.000000,2819.000000,2799.000000
2991.000000,1292.000000,3194.000000,1419.000000
2197.000000,892.000000,2294.000000,1067.000000
2537.000000,2940.000000,2468.000000,3337.000000
416.000000,270.000000,363.000000,372.000000
2049.000000,2798.000000,1817.000000,2950.000000
3147.000000,2046.000000,3016.000000,2270.000000
3205.000000,663.000000,3119.000000,730.000000
228.000000,2539.000000,275.000000,2670.000000
4.000000,856.000000,49.000000,2571.000000
85.000000,830.000000,62.000000,991.000000
790.000000,3333.000000,300.000000,3376.000000
1468.000000,815.000000,1779.000000,1063.000000
2825.000000,14.000000,2805.000000,20.000000
