POINTS
2809.000000,5.000000
2854.000000,10.000000
312.000000,15.000000
2646.000000,18.000000
3308.000000,21.000000
1762.000000,22.000000
1850.000000,24.000000
2408.000000,31.000000
2182.000000,95.000000
1957.000000,99.000000
2934.000000,104.000000
1802.000000,118.000000
1872.000000,118.000000
405.000000,124.000000
484.000000,127.000000
1760.000000,149.000000
38.000000,158.000000
1471.000000,159.000000
3126.000000,164.000000
3429.000000,165.000000
603.000000,170.000000
2006.000000,192.000000
3053.000000,201.000000
2677.000000,207.000000
527.000000,210.000000
173.000000,217.000000
2896.000000,223.000000
67.000000,239.000000
3176.000000,244.000000
727.000000,261.000000
1938.000000,292.000000
2093.000000,293.000000
3173.000000,293.000000
936.000000,305.000000
2756.000000,330.000000
865.000000,389.000000
3127.000000,417.000000
2883.000000,419.000000
1517.000000,436.000000
2563.000000,436.000000
3345.000000,452.000000
714.000000,454.000000
289.000000,465.000000
2204.000000,498.000000
270.000000,509.000000
2700.000000,518.000000
2198.000000,527.000000
2248.000000,537.000000
1996.000000,539.000000
1410.000000,550.000000
3283.000000,561.000000
1234.000000,567.000000
949.000000,578.000000
963.000000,591.000000
1330.000000,623.000000
2945.000000,638.000000
3262.000000,641.000000
685.000000,644.000000
1129.000000,644.000000
3094.000000,653.000000
2914.000000,654.000000
2537.000000,674.000000
1353.000000,675.000000
3187.000000,687.000000
2648.000000,690.000000
225.000000,707.000000
2306.000000,714.000000
895.000000,737.000000
2385.000000,750.000000
2036.000000,752.000000
2242.000000,752.000000
2683.000000,763.000000
474.000000,766.000000
3412.000000,767.000000
2354.000000,816.000000
3176.000000,821.000000
1020.000000,831.000000
1689.000000,832.000000
322.000000,844.000000
974.000000,856.000000
1492.000000,867.000000
2490.000000,869.000000
1430.000000,873.000000
2241.000000,876.000000
877.000000,887.000000
2871.000000,911.000000
2083.000000,917.000000
1570.000000,933.000000
253.000000,956.000000
144.000000,958.000000
3192.000000,972.000000
1812.000000,974.000000
2614.000000,975.000000
3434.000000,983.000000
39.000000,987.000000
1718.000000,993.000000
938.000000,1007.000000
2328.000000,1007.000000
321.000000,1009.000000
376.000000,1009.000000
3425.000000,1012.000000
3052.000000,1024.000000
3194.000000,1046.000000
3142.000000,1053.000000
858.000000,1061.000000
3282.000000,1063.000000
1502.000000,1068.000000
808.000000,1095.000000
785.000000,1109.000000
819.000000,1111.000000
570.000000,1121.000000
2170.000000,1128.000000
3038.000000,1138.000000
2849.000000,1153.000000
2727.000000,1172.000000
348.000000,1174.000000
686.000000,1174.000000
655.000000,1205.000000
663.000000,1207.000000
1874.000000,1221.000000
224.000000,1223.000000
2392.000000,1228.000000
548.000000,1248.000000
1118.000000,1256.000000
2304.000000,1276.000000
1497.000000,1279.000000
2935.000000,1283.000000
1197.000000,1289.000000
1929.000000,1302.000000
631.000000,1304.000000
3197.000000,1308.000000
1011.000000,1333.000000
1714.000000,1336.000000
1330.000000,1343.000000
66.000000,1349.000000
880.000000,1361.000000
1531.000000,1364.000000
1110.000000,1365.000000
149.000000,1373.000000
3237.000000,1376.000000
1472.000000,1393.000000
2532.000000,1400.000000
2067.000000,1402.000000
3032.000000,1402.000000
681.000000,1429.000000
1226.000000,1449.000000
277.000000,1455.000000
2244.000000,1456.000000
43.000000,1466.000000
1502.000000,1480.000000
1808.000000,1481.000000
300.000000,1497.000000
1640.000000,1509.000000
2304.000000,1529.000000
3179.000000,1532.000000
3293.000000,1538.000000
2743.000000,1564.000000
1656.000000,1565.000000
986.000000,1569.000000
336.000000,1576.000000
2585.000000,1582.000000
3402.000000,1604.000000
279.000000,1619.000000
1201.000000,1626.000000
701.000000,1645.000000
2071.000000,1648.000000
273.000000,1660.000000
2289.000000,1678.000000
696.000000,1690.000000
2718.000000,1692.000000
1978.000000,1695.000000
2002.000000,1697.000000
150.000000,1717.000000
3430.000000,1727.000000
259.000000,1732.000000
2899.000000,1733.000000
1617.000000,1736.000000
3221.000000,1739.000000
186.000000,1750.000000
67.000000,1752.000000
530.000000,1766.000000
1133.000000,1772.000000
543.000000,1800.000000
2904.000000,1803.000000
3300.000000,1805.000000
229.000000,1812.000000
3099.000000,1821.000000
1168.000000,1828.000000
1293.000000,1830.000000
973.000000,1840.000000
1910.000000,1854.000000
528.000000,1857.000000
504.000000,1870.000000
1141.000000,1872.000000
2896.000000,1872.000000
2197.000000,1899.000000
673.000000,1903.000000
2287.000000,1938.000000
2248.000000,1943.000000
1934.000000,1949.000000
1316.000000,1954.000000
1776.000000,1977.000000
1627.000000,1980.000000
1029.000000,2000.000000
2420.000000,2003.000000
2665.000000,2003.000000
1009.000000,2014.000000
1427.000000,2026.000000
2267.000000,2026.000000
2951.000000,2038.000000
735.000000,2048.000000
80.000000,2051.000000
249.000000,2058.000000
775.000000,2071.000000
81.000000,2103.000000
1994.000000,2110.000000
671.000000,2123.000000
2929.000000,2130.000000
1477.000000,2131.000000
726.000000,2137.000000
2525.000000,2137.000000
2977.000000,2140.000000
3350.000000,2156.000000
2672.000000,2171.000000
2521.000000,2192.000000
96.000000,2205.000000
677.000000,2232.000000
561.000000,2252.000000
1843.000000,2256.000000
681.000000,2291.000000
2656.000000,2291.000000
845.000000,2302.000000
2838.000000,2306.000000
2606.000000,2314.000000
335.000000,2339.000000
2845.000000,2339.000000
672.000000,2341.000000
2967.000000,2359.000000
2983.000000,2371.000000
1071.000000,2384.000000
711.000000,2390.000000
2094.000000,2391.000000
2965.000000,2392.000000
590.000000,2410.000000
917.000000,2421.000000
3077.000000,2423.000000
2024.000000,2433.000000
1334.000000,2437.000000
773.000000,2446.000000
1022.000000,2448.000000
2288.000000,2453.000000
320.000000,2454.000000
2076.000000,2457.000000
100.000000,2471.000000
461.000000,2472.000000
642.000000,2493.000000
3080.000000,2509.000000
228.000000,2516.000000
3026.000000,2525.000000
614.000000,2526.000000
2136.000000,2530.000000
1951.000000,2535.000000
1077.000000,2537.000000
1837.000000,2543.000000
1235.000000,2549.000000
984.000000,2551.000000
2931.000000,2626.000000
924.000000,2651.000000
2608.000000,2660.000000
3219.000000,2665.000000
2149.000000,2666.000000
1609.000000,2667.000000
2016.000000,2686.000000
1408.000000,2696.000000
2209.000000,2696.000000
3317.000000,2708.000000
922.000000,2728.000000
2699.000000,2733.000000
1199.000000,2737.000000
1513.000000,2746.000000
181.000000,2754.000000
131.000000,2783.000000
1431.000000,2788.000000
630.000000,2794.000000
2942.000000,2795.000000
1014.000000,2797.000000
2271.000000,2808.000000
2082.000000,2842.000000
723.000000,2862.000000
2343.000000,2873.000000
3293.000000,2875.000000
3431.000000,2901.000000
2722.000000,2906.000000
292.000000,2914.000000
3395.000000,2917.000000
3407.000000,2921.000000
301.000000,2924.000000
476.000000,2929.000000
1446.000000,2961.000000
2271.000000,2975.000000
1129.000000,2978.000000
2776.000000,2983.000000
2912.000000,2989.000000
3395.000000,2989.000000
3219.000000,3012.000000
1615.000000,3018.000000
2552.000000,3021.000000
1171.000000,3029.000000
1795.000000,3035.000000
309.000000,3037.000000
520.000000,3038.000000
562.000000,3041.000000
780.000000,3050.000000
3201.000000,3054.000000
3300.000000,3071.000000
1842.000000,3086.000000
832.000000,3093.000000
390.000000,3094.000000
2431.000000,3104.000000
77.000000,3132.000000
2385.000000,3135.000000
2653.000000,3145.000000
2268.000000,3146.000000
1288.000000,3168.000000
965.000000,3169.000000
2621.000000,3178.000000
362.000000,3195.000000
667.000000,3227.000000
2013.000000,3240.000000
2008.000000,3242.000000
595.000000,3261.000000
1661.000000,3282.000000
2960.000000,3286.000000
2935.000000,3320.000000
493.000000,3321.000000
2567.000000,3329.000000
359.000000,3358.000000
2230.000000,3368.000000
2349.000000,3375.000000
2209.000000,3408.000000
1367.000000,3417.000000
1971.000000,3420.000000
173.000000,3432.000000
3404.000000,3437.000000
LINES
714.000000,454.000000,474.000000,766.000000
2896.000000,223.000000,2756.000000,330.000000
1837.000000,2543.000000,1513.000000,2746.000000
663.000000,1207.000000,548.000000,1248.000000
548.000000,1248.000000,300.000000,1497.000000
173.000000,217.000000,67.000000,239.000000
3293.000000,1538.000000,3430.000000,1727.000000
2287.000000,1938.000000,2267.000000,2026.000000
229.000000,1812.000000,80.000000,2051.000000
3219.000000,2665.000000,3317.000000,2708.000000
1957.000000,99.000000,2006.000000,192.000000
292.000000,2914.000000,301.000000,2924.000000
1071.000000,2384.000000,1077.000000,2537.000000
2838.000000,2306.000000,2606.000000,2314.000000
2653.000000,3145.000000,2621.000000,3178.000000
66.000000,1349.000000,149.000000,1373.000000
858.000000,1061.000000,808.000000,1095.000000
67.000000,239.000000,270.000000,509.000000
877.000000,887.000000,938.000000,1007.000000
2914.000000,654.000000,2871.000000,911.000000
2672.000000,2171.000000,2838.000000,2306.000000
1477.000000,2131.000000,1843.000000,2256.000000
2912.000000,2989.000000,2960.000000,3286.000000
1477.000000,2131.000000,1334.000000,2437.000000
2013.000000,3240.000000,2230.000000,3368.000000
2408.000000,31.000000,2182.000000,95.000000
2036.000000,752.000000,1689.000000,832.000000
2665.000000,2003.000000,2672.000000,2171.000000
336.000000,1576.000000,701.000000,1645.000000
917.000000,2421.000000,773.000000,2446.000000
493.000000,3321.000000,359.000000,3358.000000
701.000000,1645.000000,530.000000,1766.000000
1020.000000,831.000000,1118.000000,1256.000000
100.000000,2471.000000,228.000000,2516.000000
336.000000,1576.000000,259.000000,1732.000000
2899.000000,1733.000000,3099.000000,1821.000000
2094.000000,2391.000000,2076.000000,2457.000000
3142.000000,1053.000000,3197.000000,1308.000000
1171.000000,3029.000000,965.000000,3169.000000
2008.000000,3242.000000,1971.000000,3420.000000
548.000000,1248.000000,631.000000,1304.000000
3350.000000,2156.000000,3077.000000,2423.000000
1957.000000,99.000000,1872.000000,118.000000
1617.000000,1736.000000,1627.000000,1980.000000
1431.000000,2788.000000,1446.000000,2961.000000
1129.000000,2978.000000,1288.000000,3168.000000
362.000000,3195.000000,493.000000,3321.000000
2756.000000,330.000000,2883.000000,419.000000
2935.000000,3320.000000,2209.000000,3408.000000
3293.000000,2875.000000,3407.000000,2921.000000
312.000000,15.000000,484.000000,127.000000
359.000000,3358.000000,173.000000,3432.000000
1077.000000,2537.000000,1235.000000,2549.000000
3187.000000,687.000000,3412.000000,767.000000
2977.000000,2140.000000,3350.000000,2156.000000
2067.000000,1402.000000,1656.000000,1565.000000
2304.000000,1276.000000,2067.000000,1402.000000
877.000000,887.000000,785.000000,1109.000000
225.000000,707.000000,322.000000,844.000000
775.000000,2071.000000,726.000000,2137.000000
1492.000000,867.000000,1430.000000,873.000000
2267.000000,2026.000000,2094.000000,2391.000000
562.000000,3041.000000,595.000000,3261.000000
2614.000000,975.000000,2328.000000,1007.000000
3345.000000,452.000000,3283.000000,561.000000
2896.000000,1872.000000,3350.000000,2156.000000
735.000000,2048.000000,775.000000,2071.000000
1609.000000,2667.000000,1431.000000,2788.000000
225.000000,707.000000,253.000000,956.000000
277.000000,1455.000000,300.000000,1497.000000
67.000000,1752.000000,81.000000,2103.000000
1517.000000,436.000000,1234.000000,567.000000
1011.000000,1333.000000,1110.000000,1365.000000
144.000000,958.000000,39.000000,987.000000
80.000000,2051.000000,96.000000,2205.000000
3080.000000,2509.000000,3219.000000,2665.000000
312.000000,15.000000,405.000000,124.000000
1431.000000,2788.000000,1795.000000,3035.000000
3038.000000,1138.000000,2849.000000,1153.000000
1760.000000,149.000000,1689.000000,832.000000
845.000000,2302.000000,917.000000,2421.000000
3293.000000,2875.000000,3395.000000,2917.000000
1011.000000,1333.000000,880.000000,1361.000000
2242.000000,752.000000,2083.000000,917.000000
671.000000,2123.000000,726.000000,2137.000000
43.000000,1466.000000,67.000000,1752.000000
974.000000,856.000000,877.000000,887.000000
808.000000,1095.000000,785.000000,1109.000000
2420.000000,2003.000000,2665.000000,2003.000000
681.000000,1429.000000,986.000000,1569.000000
1513.000000,2746.000000,1431.000000,2788.000000
3179.000000,1532.000000,3221.000000,1739.000000
2845.000000,2339.000000,2931.000000,2626.000000
2983.000000,2371.000000,2965.000000,2392.000000
735.000000,2048.000000,671.000000,2123.000000
2244.000000,1456.000000,2289.000000,1678.000000
2929.000000,2130.000000,2977.000000,2140.000000
309.000000,3037.000000,390.000000,3094.000000
936.000000,305.000000,865.000000,389.000000
289.000000,465.000000,474.000000,766.000000
2931.000000,2626.000000,2699.000000,2733.000000
348.000000,1174.000000,655.000000,1205.000000
2960.000000,3286.000000,2935.000000,3320.000000
2912.000000,2989.000000,2935.000000,3320.000000
2608.000000,2660.000000,2552.000000,3021.000000
321.000000,1009.000000,376.000000,1009.000000
80.000000,2051.000000,81.000000,2103.000000
1609.000000,2667.000000,1408.000000,2696.000000
877.000000,887.000000,858.000000,1061.000000
663.000000,1207.000000,681.000000,1429.000000
1071.000000,2384.000000,1022.000000,2448.000000
3173.000000,293.000000,3127.000000,417.000000
2809.000000,5.000000,3308.000000,21.000000
2614.000000,975.000000,2392.000000,1228.000000
1656.000000,1565.000000,1910.000000,1854.000000
3431.000000,2901.000000,3404.000000,3437.000000
3142.000000,1053.000000,3038.000000,1138.000000
2934.000000,104.000000,2896.000000,223.000000
2248.000000,537.000000,2242.000000,752.000000
66.000000,1349.000000,43.000000,1466.000000
150.000000,1717.000000,186.000000,1750.000000
727.000000,261.000000,714.000000,454.000000
67.000000,1752.000000,80.000000,2051.000000
667.000000,3227.000000,493.000000,3321.000000
1812.000000,974.000000,1929.000000,1302.000000
229.000000,1812.000000,671.000000,2123.000000
2646.000000,18.000000,2093.000000,293.000000
1951.000000,2535.000000,2016.000000,2686.000000
2585.000000,1582.000000,2718.000000,1692.000000
2656.000000,2291.000000,2838.000000,2306.000000
1640.000000,1509.000000,1316.000000,1954.000000
1910.000000,1854.000000,1776.000000,1977.000000
1776.000000,1977.000000,1843.000000,2256.000000
773.000000,2446.000000,614.000000,2526.000000
38.000000,158.000000,67.000000,239.000000
3431.000000,2901.000000,3407.000000,2921.000000
2537.000000,674.000000,2490.000000,869.000000
1497.000000,1279.000000,1531.000000,1364.000000
671.000000,2123.000000,677.000000,2232.000000
686.000000,1174.000000,663.000000,1207.000000
655.000000,1205.000000,548.000000,1248.000000
3308.000000,21.000000,3429.000000,165.000000
81.000000,2103.000000,77.000000,3132.000000
1617.000000,1736.000000,1427.000000,2026.000000
2248.000000,537.000000,2306.000000,714.000000
2013.000000,3240.000000,1971.000000,3420.000000
590.000000,2410.000000,614.000000,2526.000000
832.000000,3093.000000,667.000000,3227.000000
2431.000000,3104.000000,2385.000000,3135.000000
2809.000000,5.000000,2934.000000,104.000000
2306.000000,714.000000,2242.000000,752.000000
895.000000,737.000000,974.000000,856.000000
949.000000,578.000000,963.000000,591.000000
1517.000000,436.000000,1689.000000,832.000000
832.000000,3093.000000,965.000000,3169.000000
2722.000000,2906.000000,2912.000000,2989.000000
877.000000,887.000000,808.000000,1095.000000
520.000000,3038.000000,390.000000,3094.000000
2838.000000,2306.000000,2967.000000,2359.000000
1408.000000,2696.000000,1446.000000,2961.000000
2722.000000,2906.000000,2776.000000,2983.000000
1874.000000,1221.000000,1714.000000,1336.000000
2002.000000,1697.000000,1910.000000,1854.000000
880.000000,1361.000000,986.000000,1569.000000
2563.000000,436.000000,2248.000000,537.000000
3026.000000,2525.000000,2931.000000,2626.000000
277.000000,1455.000000,150.000000,1717.000000
96.000000,2205.000000,77.000000,3132.000000
2067.000000,1402.000000,2071.000000,1648.000000
474.000000,766.000000,322.000000,844.000000
1872.000000,118.000000,1760.000000,149.000000
1446.000000,2961.000000,1795.000000,3035.000000
3194.000000,1046.000000,3142.000000,1053.000000
181.000000,2754.000000,301.000000,2924.000000
2665.000000,2003.000000,2838.000000,2306.000000
181.000000,2754.000000,476.000000,2929.000000
2242.000000,752.000000,2241.000000,876.000000
2563.000000,436.000000,2700.000000,518.000000
2727.000000,1172.000000,2935.000000,1283.000000
2024.000000,2433.000000,2076.000000,2457.000000
1497.000000,1279.000000,1714.000000,1336.000000
1110.000000,1365.000000,1226.000000,1449.000000
2271.000000,2808.000000,2013.000000,3240.000000
2606.000000,2314.000000,2931.000000,2626.000000
1316.000000,1954.000000,1022.000000,2448.000000
1171.000000,3029.000000,1288.000000,3168.000000
973.000000,1840.000000,673.000000,1903.000000
2271.000000,2808.000000,2271.000000,2975.000000
1472.000000,1393.000000,1502.000000,1480.000000
2718.000000,1692.000000,2287.000000,1938.000000
681.000000,1429.000000,336.000000,1576.000000
1929.000000,1302.000000,2067.000000,1402.000000
322.000000,844.000000,253.000000,956.000000
1199.000000,2737.000000,1446.000000,2961.000000
1929.000000,1302.000000,1808.000000,1481.000000
2537.000000,674.000000,2385.000000,750.000000
2385.000000,750.000000,2490.000000,869.000000
1502.000000,1068.000000,1714.000000,1336.000000
1762.000000,22.000000,936.000000,305.000000
1994.000000,2110.000000,1843.000000,2256.000000
2094.000000,2391.000000,2024.000000,2433.000000
1656.000000,1565.000000,1617.000000,1736.000000
336.000000,1576.000000,504.000000,1870.000000
3126.000000,164.000000,2896.000000,223.000000
2288.000000,2453.000000,2149.000000,2666.000000
2036.000000,752.000000,1812.000000,974.000000
922.000000,2728.000000,723.000000,2862.000000
2136.000000,2530.000000,2149.000000,2666.000000
484.000000,127.000000,527.000000,210.000000
673.000000,1903.000000,1009.000000,2014.000000
1609.000000,2667.000000,1513.000000,2746.000000
321.000000,1009.000000,224.000000,1223.000000
1934.000000,1949.000000,1776.000000,1977.000000
335.000000,2339.000000,320.000000,2454.000000
3395.000000,2989.000000,3404.000000,3437.000000
3317.000000,2708.000000,3431.000000,2901.000000
2420.000000,2003.000000,2525.000000,2137.000000
630.000000,2794.000000,723.000000,2862.000000
484.000000,127.000000,603.000000,170.000000
2016.000000,2686.000000,2082.000000,2842.000000
1760.000000,149.000000,2036.000000,752.000000
677.000000,2232.000000,681.000000,2291.000000
228.000000,2516.000000,181.000000,2754.000000
3300.000000,1805.000000,3099.000000,1821.000000
2931.000000,2626.000000,3219.000000,2665.000000
1502.000000,1480.000000,1640.000000,1509.000000
3052.000000,1024.000000,2849.000000,1153.000000
1071.000000,2384.000000,1334.000000,2437.000000
2328.000000,1007.000000,2170.000000,1128.000000
984.000000,2551.000000,924.000000,2651.000000
249.000000,2058.000000,96.000000,2205.000000
3345.000000,452.000000,3262.000000,641.000000
1661.000000,3282.000000,1971.000000,3420.000000
2271.000000,2975.000000,2268.000000,3146.000000
2871.000000,911.000000,3052.000000,1024.000000
3282.000000,1063.000000,3197.000000,1308.000000
655.000000,1205.000000,663.000000,1207.000000
3053.000000,201.000000,3173.000000,293.000000
1874.000000,1221.000000,1929.000000,1302.000000
1994.000000,2110.000000,2094.000000,2391.000000
1077.000000,2537.000000,1199.000000,2737.000000
3317.000000,2708.000000,3219.000000,3012.000000
3127.000000,417.000000,3094.000000,653.000000
785.000000,1109.000000,686.000000,1174.000000
2431.000000,3104.000000,2621.000000,3178.000000
279.000000,1619.000000,273.000000,1660.000000
562.000000,3041.000000,362.000000,3195.000000
603.000000,170.000000,727.000000,261.000000
1009.000000,2014.000000,735.000000,2048.000000
1367.000000,3417.000000,1971.000000,3420.000000
1718.000000,993.000000,1714.000000,1336.000000
2431.000000,3104.000000,2567.000000,3329.000000
173.000000,217.000000,289.000000,465.000000
312.000000,15.000000,38.000000,158.000000
530.000000,1766.000000,543.000000,1800.000000
2354.000000,816.000000,2328.000000,1007.000000
2267.000000,2026.000000,1994.000000,2110.000000
1978.000000,1695.000000,1910.000000,1854.000000
80.000000,2051.000000,249.000000,2058.000000
225.000000,707.000000,144.000000,958.000000
3283.000000,561.000000,3187.000000,687.000000
1334.000000,2437.000000,1408.000000,2696.000000
2304.000000,1529.000000,2585.000000,1582.000000
1513.000000,2746.000000,1795.000000,3035.000000
1118.000000,1256.000000,880.000000,1361.000000
714.000000,454.000000,895.000000,737.000000
2209.000000,2696.000000,2271.000000,2808.000000
1627.000000,1980.000000,1427.000000,2026.000000
2532.000000,1400.000000,2585.000000,1582.000000
924.000000,2651.000000,922.000000,2728.000000
3429.000000,165.000000,3412.000000,767.000000
309.000000,3037.000000,77.000000,3132.000000
3317.000000,2708.000000,3293.000000,2875.000000
590.000000,2410.000000,642.000000,2493.000000
2756.000000,330.000000,2563.000000,436.000000
1627.000000,1980.000000,1843.000000,2256.000000
229.000000,1812.000000,504.000000,1870.000000
1615.000000,3018.000000,1661.000000,3282.000000
405.000000,124.000000,173.000000,217.000000
320.000000,2454.000000,461.000000,2472.000000
3197.000000,1308.000000,3032.000000,1402.000000
2537.000000,674.000000,2683.000000,763.000000
630.000000,2794.000000,562.000000,3041.000000
2209.000000,3408.000000,1971.000000,3420.000000
405.000000,124.000000,527.000000,210.000000
2883.000000,419.000000,2914.000000,654.000000
1171.000000,3029.000000,1367.000000,3417.000000
1615.000000,3018.000000,1288.000000,3168.000000
474.000000,766.000000,785.000000,1109.000000
504.000000,1870.000000,673.000000,1903.000000
2934.000000,104.000000,3126.000000,164.000000
279.000000,1619.000000,150.000000,1717.000000
561.000000,2252.000000,335.000000,2339.000000
2929.000000,2130.000000,2838.000000,2306.000000
1129.000000,644.000000,1020.000000,831.000000
181.000000,2754.000000,630.000000,2794.000000
1850.000000,24.000000,1872.000000,118.000000
1971.000000,3420.000000,3404.000000,3437.000000
2896.000000,223.000000,3127.000000,417.000000
3430.000000,1727.000000,3221.000000,1739.000000
520.000000,3038.000000,562.000000,3041.000000
2071.000000,1648.000000,2197.000000,1899.000000
2289.000000,1678.000000,2287.000000,1938.000000
845.000000,2302.000000,773.000000,2446.000000
3194.000000,1046.000000,3282.000000,1063.000000
2071.000000,1648.000000,2289.000000,1678.000000
1471.000000,159.000000,1234.000000,567.000000
2525.000000,2137.000000,2656.000000,2291.000000
2838.000000,2306.000000,2845.000000,2339.000000
922.000000,2728.000000,1014.000000,2797.000000
1367.000000,3417.000000,3404.000000,3437.000000
1235.000000,2549.000000,1199.000000,2737.000000
1330.000000,1343.000000,1110.000000,1365.000000
2204.000000,498.000000,2198.000000,527.000000
570.000000,1121.000000,686.000000,1174.000000
493.000000,3321.000000,1367.000000,3417.000000
1199.000000,2737.000000,1014.000000,2797.000000
405.000000,124.000000,484.000000,127.000000
2567.000000,3329.000000,2349.000000,3375.000000
225.000000,707.000000,39.000000,987.000000
711.000000,2390.000000,773.000000,2446.000000
1689.000000,832.000000,1812.000000,974.000000
3237.000000,1376.000000,3430.000000,1727.000000
672.000000,2341.000000,590.000000,2410.000000
2024.000000,2433.000000,1837.000000,2543.000000
1689.000000,832.000000,1430.000000,873.000000
614.000000,2526.000000,630.000000,2794.000000
3192.000000,972.000000,3194.000000,1046.000000
2965.000000,2392.000000,3077.000000,2423.000000
986.000000,1569.000000,673.000000,1903.000000
2197.000000,1899.000000,1994.000000,2110.000000
2304.000000,1529.000000,2289.000000,1678.000000
2244.000000,1456.000000,2304.000000,1529.000000
2385.000000,3135.000000,2349.000000,3375.000000
2354.000000,816.000000,2490.000000,869.000000
845.000000,2302.000000,1022.000000,2448.000000
2931.000000,2626.000000,2608.000000,2660.000000
1288.000000,3168.000000,1661.000000,3282.000000
3395.000000,2917.000000,3300.000000,3071.000000
2328.000000,1007.000000,2392.000000,1228.000000
2067.000000,1402.000000,1808.000000,1481.000000
3176.000000,821.000000,3142.000000,1053.000000
2024.000000,2433.000000,1951.000000,2535.000000
312.000000,15.000000,1762.000000,22.000000
1133.000000,1772.000000,1141.000000,1872.000000
150.000000,1717.000000,229.000000,1812.000000
630.000000,2794.000000,520.000000,3038.000000
1850.000000,24.000000,1802.000000,118.000000
1014.000000,2797.000000,723.000000,2862.000000
2209.000000,3408.000000,3404.000000,3437.000000
2648.000000,690.000000,2683.000000,763.000000
1802.000000,118.000000,1872.000000,118.000000
300.000000,1497.000000,336.000000,1576.000000
2271.000000,2975.000000,2431.000000,3104.000000
1477.000000,2131.000000,1408.000000,2696.000000
2431.000000,3104.000000,2349.000000,3375.000000
2287.000000,1938.000000,2248.000000,1943.000000
1199.000000,2737.000000,1129.000000,2978.000000
701.000000,1645.000000,673.000000,1903.000000
67.000000,1752.000000,229.000000,1812.000000
1850.000000,24.000000,2408.000000,31.000000
667.000000,3227.000000,595.000000,3261.000000
1014.000000,2797.000000,1129.000000,2978.000000
2899.000000,1733.000000,3221.000000,1739.000000
3434.000000,983.000000,3425.000000,1012.000000
2677.000000,207.000000,2756.000000,330.000000
1502.000000,1068.000000,1497.000000,1279.000000
2385.000000,3135.000000,2268.000000,3146.000000
2552.000000,3021.000000,2431.000000,3104.000000
3350.000000,2156.000000,3431.000000,2901.000000
2170.000000,1128.000000,1929.000000,1302.000000
2646.000000,18.000000,2677.000000,207.000000
1201.000000,1626.000000,1168.000000,1828.000000
808.000000,1095.000000,819.000000,1111.000000
1850.000000,24.000000,1957.000000,99.000000
3262.000000,641.000000,3412.000000,767.000000
936.000000,305.000000,1234.000000,567.000000
2699.000000,2733.000000,2942.000000,2795.000000
2170.000000,1128.000000,2304.000000,1276.000000
548.000000,1248.000000,681.000000,1429.000000
3434.000000,983.000000,3402.000000,1604.000000
2809.000000,5.000000,2854.000000,10.000000
3402.000000,1604.000000,3430.000000,1727.000000
3308.000000,21.000000,3176.000000,244.000000
1168.000000,1828.000000,1141.000000,1872.000000
2700.000000,518.000000,2914.000000,654.000000
677.000000,2232.000000,561.000000,2252.000000
173.000000,3432.000000,3404.000000,3437.000000
1812.000000,974.000000,2170.000000,1128.000000
2967.000000,2359.000000,2965.000000,2392.000000
701.000000,1645.000000,696.000000,1690.000000
2683.000000,763.000000,2849.000000,1153.000000
2525.000000,2137.000000,2521.000000,2192.000000
1617.000000,1736.000000,1776.000000,1977.000000
562.000000,3041.000000,390.000000,3094.000000
2304.000000,1276.000000,2304.000000,1529.000000
819.000000,1111.000000,686.000000,1174.000000
2608.000000,2660.000000,2699.000000,2733.000000
38.000000,158.000000,39.000000,987.000000
527.000000,210.000000,289.000000,465.000000
3192.000000,972.000000,3282.000000,1063.000000
100.000000,2471.000000,131.000000,2783.000000
672.000000,2341.000000,711.000000,2390.000000
3187.000000,687.000000,3176.000000,821.000000
686.000000,1174.000000,655.000000,1205.000000
603.000000,170.000000,936.000000,305.000000
3094.000000,653.000000,3142.000000,1053.000000
3317.000000,2708.000000,3201.000000,3054.000000
1118.000000,1256.000000,1011.000000,1333.000000
1842.000000,3086.000000,2008.000000,3242.000000
1640.000000,1509.000000,1427.000000,2026.000000
3197.000000,1308.000000,3237.000000,1376.000000
335.000000,2339.000000,461.000000,2472.000000
1288.000000,3168.000000,1367.000000,3417.000000
3293.000000,2875.000000,3431.000000,2901.000000
1234.000000,567.000000,1129.000000,644.000000
681.000000,2291.000000,711.000000,2390.000000
2521.000000,2192.000000,2288.000000,2453.000000
3197.000000,1308.000000,3179.000000,1532.000000
362.000000,3195.000000,173.000000,3432.000000
3126.000000,164.000000,3176.000000,244.000000
2241.000000,876.000000,2170.000000,1128.000000
1656.000000,1565.000000,1978.000000,1695.000000
1689.000000,832.000000,1492.000000,867.000000
2912.000000,2989.000000,3201.000000,3054.000000
2646.000000,18.000000,2248.000000,537.000000
3282.000000,1063.000000,3237.000000,1376.000000
2653.000000,3145.000000,2935.000000,3320.000000
3434.000000,983.000000,3431.000000,2901.000000
1235.000000,2549.000000,1408.000000,2696.000000
1760.000000,149.000000,1517.000000,436.000000
2977.000000,2140.000000,2967.000000,2359.000000
1872.000000,118.000000,2006.000000,192.000000
1951.000000,2535.000000,2082.000000,2842.000000
3094.000000,653.000000,3187.000000,687.000000
2288.000000,2453.000000,2608.000000,2660.000000
2951.000000,2038.000000,3350.000000,2156.000000
2854.000000,10.000000,2934.000000,104.000000
3425.000000,1012.000000,3402.000000,1604.000000
3201.000000,3054.000000,3404.000000,3437.000000
1129.000000,644.000000,1353.000000,675.000000
1141.000000,1872.000000,1029.000000,2000.000000
3430.000000,1727.000000,3431.000000,2901.000000
3176.000000,821.000000,3194.000000,1046.000000
1808.000000,1481.000000,1656.000000,1565.000000
77.000000,3132.000000,173.000000,3432.000000
1951.000000,2535.000000,1795.000000,3035.000000
67.000000,239.000000,225.000000,707.000000
144.000000,958.000000,321.000000,1009.000000
711.000000,2390.000000,590.000000,2410.000000
895.000000,737.000000,785.000000,1109.000000
1996.000000,539.000000,2242.000000,752.000000
277.000000,1455.000000,279.000000,1619.000000
673.000000,1903.000000,735.000000,2048.000000
1760.000000,149.000000,1996.000000,539.000000
1517.000000,436.000000,1430.000000,873.000000
3407.000000,2921.000000,3395.000000,2989.000000
224.000000,1223.000000,66.000000,1349.000000
986.000000,1569.000000,1201.000000,1626.000000
2677.000000,207.000000,2563.000000,436.000000
865.000000,389.000000,963.000000,591.000000
984.000000,2551.000000,1014.000000,2797.000000
1776.000000,1977.000000,1627.000000,1980.000000
3176.000000,244.000000,3173.000000,293.000000
2912.000000,2989.000000,2653.000000,3145.000000
2198.000000,527.000000,2248.000000,537.000000
714.000000,454.000000,685.000000,644.000000
131.000000,2783.000000,309.000000,3037.000000
1951.000000,2535.000000,1837.000000,2543.000000
780.000000,3050.000000,667.000000,3227.000000
1110.000000,1365.000000,986.000000,1569.000000
1316.000000,1954.000000,1009.000000,2014.000000
3052.000000,1024.000000,3142.000000,1053.000000
1330.000000,623.000000,1353.000000,675.000000
1330.000000,1343.000000,1472.000000,1393.000000
1197.000000,1289.000000,1330.000000,1343.000000
2585.000000,1582.000000,2289.000000,1678.000000
2563.000000,436.000000,2648.000000,690.000000
504.000000,1870.000000,671.000000,2123.000000
2614.000000,975.000000,2727.000000,1172.000000
2306.000000,714.000000,2385.000000,750.000000
780.000000,3050.000000,965.000000,3169.000000
2606.000000,2314.000000,2845.000000,2339.000000
474.000000,766.000000,376.000000,1009.000000
3094.000000,653.000000,2871.000000,911.000000
543.000000,1800.000000,528.000000,1857.000000
2431.000000,3104.000000,2268.000000,3146.000000
1430.000000,873.000000,1118.000000,1256.000000
773.000000,2446.000000,924.000000,2651.000000
3173.000000,293.000000,3345.000000,452.000000
2521.000000,2192.000000,2656.000000,2291.000000
1430.000000,873.000000,1330.000000,1343.000000
1408.000000,2696.000000,1431.000000,2788.000000
39.000000,987.000000,321.000000,1009.000000
3201.000000,3054.000000,2960.000000,3286.000000
1168.000000,1828.000000,1316.000000,1954.000000
1760.000000,149.000000,1471.000000,159.000000
2718.000000,1692.000000,2665.000000,2003.000000
1718.000000,993.000000,1502.000000,1068.000000
2306.000000,714.000000,2354.000000,816.000000
3434.000000,983.000000,3430.000000,1727.000000
696.000000,1690.000000,673.000000,1903.000000
2170.000000,1128.000000,2392.000000,1228.000000
2006.000000,192.000000,1938.000000,292.000000
1531.000000,1364.000000,1472.000000,1393.000000
2845.000000,2339.000000,2967.000000,2359.000000
259.000000,1732.000000,229.000000,1812.000000
390.000000,3094.000000,362.000000,3195.000000
570.000000,1121.000000,348.000000,1174.000000
2743.000000,1564.000000,2585.000000,1582.000000
880.000000,1361.000000,681.000000,1429.000000
2392.000000,1228.000000,2304.000000,1276.000000
2182.000000,95.000000,1957.000000,99.000000
2809.000000,5.000000,2677.000000,207.000000
1802.000000,118.000000,1760.000000,149.000000
2776.000000,2983.000000,2912.000000,2989.000000
785.000000,1109.000000,819.000000,1111.000000
681.000000,2291.000000,335.000000,2339.000000
2606.000000,2314.000000,2288.000000,2453.000000
2525.000000,2137.000000,2672.000000,2171.000000
150.000000,1717.000000,259.000000,1732.000000
1022.000000,2448.000000,924.000000,2651.000000
773.000000,2446.000000,630.000000,2794.000000
1843.000000,2256.000000,2094.000000,2391.000000
2197.000000,1899.000000,1934.000000,1949.000000
2354.000000,816.000000,2614.000000,975.000000
2094.000000,2391.000000,2136.000000,2530.000000
2537.000000,674.000000,2648.000000,690.000000
273.000000,1660.000000,259.000000,1732.000000
1118.000000,1256.000000,1110.000000,1365.000000
2532.000000,1400.000000,2743.000000,1564.000000
2287.000000,1938.000000,2420.000000,2003.000000
1718.000000,993.000000,1874.000000,1221.000000
39.000000,987.000000,43.000000,1466.000000
3052.000000,1024.000000,3038.000000,1138.000000
2268.000000,3146.000000,2013.000000,3240.000000
1497.000000,1279.000000,1330.000000,1343.000000
3179.000000,1532.000000,3293.000000,1538.000000
1133.000000,1772.000000,1168.000000,1828.000000
3345.000000,452.000000,3412.000000,767.000000
865.000000,389.000000,714.000000,454.000000
973.000000,1840.000000,1141.000000,1872.000000
1762.000000,22.000000,603.000000,170.000000
3429.000000,165.000000,3173.000000,293.000000
1617.000000,1736.000000,1910.000000,1854.000000
1022.000000,2448.000000,984.000000,2551.000000
2914.000000,654.000000,2683.000000,763.000000
1201.000000,1626.000000,1133.000000,1772.000000
2809.000000,5.000000,1850.000000,24.000000
1472.000000,1393.000000,1226.000000,1449.000000
1022.000000,2448.000000,1077.000000,2537.000000
1471.000000,159.000000,936.000000,305.000000
3412.000000,767.000000,3434.000000,983.000000
186.000000,1750.000000,229.000000,1812.000000
917.000000,2421.000000,1022.000000,2448.000000
3308.000000,21.000000,3126.000000,164.000000
2013.000000,3240.000000,2008.000000,3242.000000
2230.000000,3368.000000,2209.000000,3408.000000
3127.000000,417.000000,3283.000000,561.000000
1661.000000,3282.000000,1367.000000,3417.000000
321.000000,1009.000000,348.000000,1174.000000
2672.000000,2171.000000,2656.000000,2291.000000
3300.000000,1805.000000,3350.000000,2156.000000
39.000000,987.000000,66.000000,1349.000000
3300.000000,3071.000000,3404.000000,3437.000000
277.000000,1455.000000,43.000000,1466.000000
2343.000000,2873.000000,2271.000000,2975.000000
1910.000000,1854.000000,1934.000000,1949.000000
1129.000000,2978.000000,780.000000,3050.000000
3283.000000,561.000000,3094.000000,653.000000
2563.000000,436.000000,2306.000000,714.000000
3219.000000,3012.000000,3300.000000,3071.000000
562.000000,3041.000000,667.000000,3227.000000
1118.000000,1256.000000,1330.000000,1343.000000
773.000000,2446.000000,642.000000,2493.000000
38.000000,158.000000,225.000000,707.000000
667.000000,3227.000000,1367.000000,3417.000000
3293.000000,2875.000000,3300.000000,3071.000000
131.000000,2783.000000,77.000000,3132.000000
2883.000000,419.000000,2700.000000,518.000000
1714.000000,1336.000000,1531.000000,1364.000000
2896.000000,1872.000000,2929.000000,2130.000000
2718.000000,1692.000000,2899.000000,1733.000000
2197.000000,1899.000000,2248.000000,1943.000000
2268.000000,3146.000000,2230.000000,3368.000000
714.000000,454.000000,289.000000,465.000000
2198.000000,527.000000,1996.000000,539.000000
681.000000,2291.000000,672.000000,2341.000000
3080.000000,2509.000000,2931.000000,2626.000000
595.000000,3261.000000,493.000000,3321.000000
1430.000000,873.000000,1502.000000,1068.000000
3080.000000,2509.000000,3317.000000,2708.000000
2149.000000,2666.000000,2016.000000,2686.000000
1978.000000,1695.000000,2002.000000,1697.000000
1938.000000,292.000000,2093.000000,293.000000
3221.000000,1739.000000,3099.000000,1821.000000
1850.000000,24.000000,2182.000000,95.000000
1334.000000,2437.000000,1235.000000,2549.000000
2608.000000,2660.000000,2149.000000,2666.000000
2743.000000,1564.000000,2899.000000,1733.000000
2230.000000,3368.000000,2349.000000,3375.000000
2385.000000,750.000000,2354.000000,816.000000
2967.000000,2359.000000,2983.000000,2371.000000
2289.000000,1678.000000,2197.000000,1899.000000
2896.000000,1872.000000,2977.000000,2140.000000
259.000000,1732.000000,186.000000,1750.000000
1837.000000,2543.000000,1408.000000,2696.000000
2149.000000,2666.000000,2209.000000,2696.000000
2935.000000,1283.000000,3197.000000,1308.000000
312.000000,15.000000,173.000000,217.000000
1640.000000,1509.000000,1656.000000,1565.000000
1762.000000,22.000000,1802.000000,118.000000
1133.000000,1772.000000,973.000000,1840.000000
548.000000,1248.000000,277.000000,1455.000000
2076.000000,2457.000000,1951.000000,2535.000000
335.000000,2339.000000,590.000000,2410.000000
1316.000000,1954.000000,1029.000000,2000.000000
723.000000,2862.000000,780.000000,3050.000000
1640.000000,1509.000000,1617.000000,1736.000000
289.000000,465.000000,225.000000,707.000000
2182.000000,95.000000,2006.000000,192.000000
1201.000000,1626.000000,1293.000000,1830.000000
1531.000000,1364.000000,1502.000000,1480.000000
1330.000000,623.000000,1129.000000,644.000000
1570.000000,933.000000,1812.000000,974.000000
2646.000000,18.000000,2408.000000,31.000000
149.000000,1373.000000,277.000000,1455.000000
376.000000,1009.000000,348.000000,1174.000000
2002.000000,1697.000000,2197.000000,1899.000000
96.000000,2205.000000,228.000000,2516.000000
1197.000000,1289.000000,1110.000000,1365.000000
936.000000,305.000000,963.000000,591.000000
3127.000000,417.000000,2883.000000,419.000000
3053.000000,201.000000,3176.000000,244.000000
1446.000000,2961.000000,1129.000000,2978.000000
320.000000,2454.000000,614.000000,2526.000000
986.000000,1569.000000,973.000000,1840.000000
309.000000,3037.000000,362.000000,3195.000000
775.000000,2071.000000,677.000000,2232.000000
631.000000,1304.000000,681.000000,1429.000000
2776.000000,2983.000000,2552.000000,3021.000000
1118.000000,1256.000000,1197.000000,1289.000000
2343.000000,2873.000000,2431.000000,3104.000000
1837.000000,2543.000000,1609.000000,2667.000000
1842.000000,3086.000000,2013.000000,3240.000000
1408.000000,2696.000000,1199.000000,2737.000000
320.000000,2454.000000,228.000000,2516.000000
924.000000,2651.000000,1014.000000,2797.000000
1014.000000,2797.000000,780.000000,3050.000000
2204.000000,498.000000,2248.000000,537.000000
527.000000,210.000000,714.000000,454.000000
530.000000,1766.000000,504.000000,1870.000000
1934.000000,1949.000000,1994.000000,2110.000000
2537.000000,674.000000,2306.000000,714.000000
2935.000000,1283.000000,2743.000000,1564.000000
461.000000,2472.000000,614.000000,2526.000000
832.000000,3093.000000,1367.000000,3417.000000
2896.000000,223.000000,2883.000000,419.000000
2343.000000,2873.000000,2552.000000,3021.000000
1640.000000,1509.000000,1201.000000,1626.000000
3350.000000,2156.000000,3317.000000,2708.000000
2960.000000,3286.000000,3404.000000,3437.000000
1497.000000,1279.000000,1472.000000,1393.000000
974.000000,856.000000,938.000000,1007.000000
2883.000000,419.000000,3094.000000,653.000000
2304.000000,1276.000000,2244.000000,1456.000000
2665.000000,2003.000000,2929.000000,2130.000000
1812.000000,974.000000,1874.000000,1221.000000
2608.000000,2660.000000,2722.000000,2906.000000
711.000000,2390.000000,642.000000,2493.000000
2977.000000,2140.000000,3077.000000,2423.000000
2532.000000,1400.000000,2304.000000,1529.000000
2809.000000,5.000000,312.000000,15.000000
2699.000000,2733.000000,2722.000000,2906.000000
131.000000,2783.000000,292.000000,2914.000000
686.000000,1174.000000,880.000000,1361.000000
2006.000000,192.000000,2093.000000,293.000000
2349.000000,3375.000000,2209.000000,3408.000000
2967.000000,2359.000000,3077.000000,2423.000000
2935.000000,3320.000000,2567.000000,3329.000000
2567.000000,3329.000000,2209.000000,3408.000000
3293.000000,1538.000000,3221.000000,1739.000000
2896.000000,1872.000000,2665.000000,2003.000000
2420.000000,2003.000000,2521.000000,2192.000000
2931.000000,2626.000000,2942.000000,2795.000000
1410.000000,550.000000,1330.000000,623.000000
2093.000000,293.000000,2248.000000,537.000000
3127.000000,417.000000,3345.000000,452.000000
2646.000000,18.000000,2182.000000,95.000000
3434.000000,983.000000,3282.000000,1063.000000
476.000000,2929.000000,520.000000,3038.000000
3395.000000,2917.000000,3407.000000,2921.000000
277.000000,1455.000000,336.000000,1576.000000
685.000000,644.000000,474.000000,766.000000
590.000000,2410.000000,461.000000,2472.000000
663.000000,1207.000000,631.000000,1304.000000
3053.000000,201.000000,3127.000000,417.000000
1714.000000,1336.000000,1808.000000,1481.000000
67.000000,239.000000,289.000000,465.000000
3176.000000,821.000000,3192.000000,972.000000
2849.000000,1153.000000,2727.000000,1172.000000
2608.000000,2660.000000,2209.000000,2696.000000
2244.000000,1456.000000,2071.000000,1648.000000
2700.000000,518.000000,2683.000000,763.000000
336.000000,1576.000000,273.000000,1660.000000
2683.000000,763.000000,2490.000000,869.000000
3179.000000,1532.000000,2743.000000,1564.000000
2935.000000,1283.000000,3032.000000,1402.000000
1316.000000,1954.000000,1334.000000,2437.000000
1029.000000,2000.000000,1009.000000,2014.000000
1410.000000,550.000000,1234.000000,567.000000
1330.000000,1343.000000,1226.000000,1449.000000
322.000000,844.000000,321.000000,1009.000000
229.000000,1812.000000,335.000000,2339.000000
924.000000,2651.000000,630.000000,2794.000000
336.000000,1576.000000,279.000000,1619.000000
2268.000000,3146.000000,2349.000000,3375.000000
2354.000000,816.000000,2170.000000,1128.000000
3099.000000,1821.000000,2896.000000,1872.000000
3300.000000,1805.000000,2896.000000,1872.000000
1129.000000,2978.000000,1171.000000,3029.000000
3187.000000,687.000000,3192.000000,972.000000
963.000000,591.000000,1129.000000,644.000000
474.000000,766.000000,321.000000,1009.000000
2071.000000,1648.000000,2002.000000,1697.000000
77.000000,3132.000000,362.000000,3195.000000
1427.000000,2026.000000,1843.000000,2256.000000
1367.000000,3417.000000,173.000000,3432.000000
3201.000000,3054.000000,3300.000000,3071.000000
2197.000000,1899.000000,2267.000000,2026.000000
43.000000,1466.000000,77.000000,3132.000000
150.000000,1717.000000,67.000000,1752.000000
301.000000,2924.000000,309.000000,3037.000000
1071.000000,2384.000000,1235.000000,2549.000000
3032.000000,1402.000000,3179.000000,1532.000000
2883.000000,419.000000,2945.000000,638.000000
2727.000000,1172.000000,2532.000000,1400.000000
681.000000,1429.000000,701.000000,1645.000000
476.000000,2929.000000,390.000000,3094.000000
895.000000,737.000000,877.000000,887.000000
3283.000000,561.000000,3262.000000,641.000000
1129.000000,644.000000,1430.000000,873.000000
474.000000,766.000000,570.000000,1121.000000
2354.000000,816.000000,2241.000000,876.000000
2945.000000,638.000000,2914.000000,654.000000
2304.000000,1276.000000,2532.000000,1400.000000
2722.000000,2906.000000,2552.000000,3021.000000
865.000000,389.000000,949.000000,578.000000
3053.000000,201.000000,2896.000000,223.000000
2585.000000,1582.000000,2287.000000,1938.000000
3412.000000,767.000000,3192.000000,972.000000
2683.000000,763.000000,2614.000000,975.000000
1502.000000,1068.000000,1330.000000,1343.000000
1843.000000,2256.000000,1408.000000,2696.000000
3038.000000,1138.000000,2935.000000,1283.000000
2082.000000,2842.000000,1795.000000,3035.000000
1502.000000,1480.000000,1201.000000,1626.000000
1141.000000,1872.000000,1316.000000,1954.000000
858.000000,1061.000000,819.000000,1111.000000
2942.000000,2795.000000,3201.000000,3054.000000
3219.000000,2665.000000,3201.000000,3054.000000
1009.000000,2014.000000,677.000000,2232.000000
1009.000000,2014.000000,1022.000000,2448.000000
642.000000,2493.000000,614.000000,2526.000000
2392.000000,1228.000000,2532.000000,1400.000000
1938.000000,292.000000,1996.000000,539.000000
3425.000000,1012.000000,3282.000000,1063.000000
348.000000,1174.000000,224.000000,1223.000000
3142.000000,1053.000000,3282.000000,1063.000000
2945.000000,638.000000,3094.000000,653.000000
2076.000000,2457.000000,2136.000000,2530.000000
1020.000000,831.000000,974.000000,856.000000
348.000000,1174.000000,277.000000,1455.000000
1802.000000,118.000000,1471.000000,159.000000
2896.000000,1872.000000,2951.000000,2038.000000
253.000000,956.000000,144.000000,958.000000
2967.000000,2359.000000,2931.000000,2626.000000
2267.000000,2026.000000,2521.000000,2192.000000
2067.000000,1402.000000,2244.000000,1456.000000
3192.000000,972.000000,3434.000000,983.000000
543.000000,1800.000000,504.000000,1870.000000
2067.000000,1402.000000,1978.000000,1695.000000
3431.000000,2901.000000,3395.000000,2989.000000
2899.000000,1733.000000,2896.000000,1872.000000
2182.000000,95.000000,2093.000000,293.000000
1353.000000,675.000000,1430.000000,873.000000
2149.000000,2666.000000,2271.000000,2808.000000
336.000000,1576.000000,530.000000,1766.000000
229.000000,1812.000000,249.000000,2058.000000
336.000000,1576.000000,229.000000,1812.000000
335.000000,2339.000000,228.000000,2516.000000
1929.000000,1302.000000,1714.000000,1336.000000
1410.000000,550.000000,1353.000000,675.000000
2136.000000,2530.000000,1951.000000,2535.000000
2149.000000,2666.000000,2082.000000,2842.000000
3429.000000,165.000000,3345.000000,452.000000
677.000000,2232.000000,335.000000,2339.000000
3237.000000,1376.000000,3179.000000,1532.000000
1517.000000,436.000000,1410.000000,550.000000
312.000000,15.000000,603.000000,170.000000
570.000000,1121.000000,655.000000,1205.000000
1843.000000,2256.000000,2024.000000,2433.000000
301.000000,2924.000000,476.000000,2929.000000
2093.000000,293.000000,2204.000000,498.000000
3429.000000,165.000000,3434.000000,983.000000
225.000000,707.000000,474.000000,766.000000
2718.000000,1692.000000,2896.000000,1872.000000
1293.000000,1830.000000,1316.000000,1954.000000
3094.000000,653.000000,3052.000000,1024.000000
2665.000000,2003.000000,2525.000000,2137.000000
2656.000000,2291.000000,2606.000000,2314.000000
2904.000000,1803.000000,3099.000000,1821.000000
2230.000000,3368.000000,1971.000000,3420.000000
780.000000,3050.000000,832.000000,3093.000000
3308.000000,21.000000,2934.000000,104.000000
2942.000000,2795.000000,2722.000000,2906.000000
1316.000000,1954.000000,1427.000000,2026.000000
1615.000000,3018.000000,1842.000000,3086.000000
96.000000,2205.000000,335.000000,2339.000000
1812.000000,974.000000,1718.000000,993.000000
1226.000000,1449.000000,1201.000000,1626.000000
696.000000,1690.000000,543.000000,1800.000000
2700.000000,518.000000,2648.000000,690.000000
3126.000000,164.000000,3053.000000,201.000000
603.000000,170.000000,714.000000,454.000000
149.000000,1373.000000,43.000000,1466.000000
527.000000,210.000000,173.000000,217.000000
2951.000000,2038.000000,2977.000000,2140.000000
2653.000000,3145.000000,2567.000000,3329.000000
2552.000000,3021.000000,2653.000000,3145.000000
685.000000,644.000000,895.000000,737.000000
3094.000000,653.000000,2914.000000,654.000000
1843.000000,2256.000000,1837.000000,2543.000000
335.000000,2339.000000,672.000000,2341.000000
922.000000,2728.000000,630.000000,2794.000000
39.000000,987.000000,224.000000,1223.000000
2136.000000,2530.000000,2016.000000,2686.000000
1009.000000,2014.000000,845.000000,2302.000000
858.000000,1061.000000,1118.000000,1256.000000
2170.000000,1128.000000,2067.000000,1402.000000
3077.000000,2423.000000,3026.000000,2525.000000
562.000000,3041.000000,780.000000,3050.000000
671.000000,2123.000000,561.000000,2252.000000
2071.000000,1648.000000,1978.000000,1695.000000
845.000000,2302.000000,711.000000,2390.000000
2809.000000,5.000000,2896.000000,223.000000
973.000000,1840.000000,1029.000000,2000.000000
81.000000,2103.000000,96.000000,2205.000000
1410.000000,550.000000,1430.000000,873.000000
1762.000000,22.000000,1471.000000,159.000000
548.000000,1248.000000,336.000000,1576.000000
1009.000000,2014.000000,775.000000,2071.000000
2743.000000,1564.000000,3221.000000,1739.000000
2204.000000,498.000000,1996.000000,539.000000
2904.000000,1803.000000,2896.000000,1872.000000
253.000000,956.000000,321.000000,1009.000000
528.000000,1857.000000,504.000000,1870.000000
3038.000000,1138.000000,3197.000000,1308.000000
1430.000000,873.000000,1570.000000,933.000000
965.000000,3169.000000,1367.000000,3417.000000
2965.000000,2392.000000,2931.000000,2626.000000
1077.000000,2537.000000,984.000000,2551.000000
2271.000000,2808.000000,2082.000000,2842.000000
2942.000000,2795.000000,2912.000000,2989.000000
1531.000000,1364.000000,1640.000000,1509.000000
963.000000,591.000000,1020.000000,831.000000
543.000000,1800.000000,673.000000,1903.000000
1020.000000,831.000000,938.000000,1007.000000
1316.000000,1954.000000,1071.000000,2384.000000
677.000000,2232.000000,845.000000,2302.000000
973.000000,1840.000000,1009.000000,2014.000000
785.000000,1109.000000,570.000000,1121.000000
984.000000,2551.000000,1199.000000,2737.000000
493.000000,3321.000000,173.000000,3432.000000
301.000000,2924.000000,390.000000,3094.000000
2621.000000,3178.000000,2567.000000,3329.000000
880.000000,1361.000000,1110.000000,1365.000000
3077.000000,2423.000000,3080.000000,2509.000000
2248.000000,1943.000000,2267.000000,2026.000000
677.000000,2232.000000,711.000000,2390.000000
2614.000000,975.000000,2849.000000,1153.000000
630.000000,2794.000000,476.000000,2929.000000
181.000000,2754.000000,131.000000,2783.000000
528.000000,1857.000000,673.000000,1903.000000
1446.000000,2961.000000,1615.000000,3018.000000
38.000000,158.000000,173.000000,217.000000
228.000000,2516.000000,614.000000,2526.000000
3077.000000,2423.000000,2931.000000,2626.000000
2935.000000,1283.000000,2532.000000,1400.000000
3032.000000,1402.000000,2743.000000,1564.000000
986.000000,1569.000000,701.000000,1645.000000
1934.000000,1949.000000,1843.000000,2256.000000
735.000000,2048.000000,726.000000,2137.000000
1760.000000,149.000000,1938.000000,292.000000
1872.000000,118.000000,1938.000000,292.000000
2646.000000,18.000000,2563.000000,436.000000
949.000000,578.000000,895.000000,737.000000
2809.000000,5.000000,2646.000000,18.000000
181.000000,2754.000000,292.000000,2914.000000
362.000000,3195.000000,595.000000,3261.000000
2727.000000,1172.000000,2392.000000,1228.000000
686.000000,1174.000000,681.000000,1429.000000
3429.000000,165.000000,3176.000000,244.000000
2849.000000,1153.000000,2935.000000,1283.000000
2083.000000,917.000000,2170.000000,1128.000000
1689.000000,832.000000,1570.000000,933.000000
2036.000000,752.000000,2083.000000,917.000000
3425.000000,1012.000000,3237.000000,1376.000000
1762.000000,22.000000,1850.000000,24.000000
685.000000,644.000000,785.000000,1109.000000
289.000000,465.000000,270.000000,509.000000
3395.000000,2989.000000,3300.000000,3071.000000
2197.000000,1899.000000,2287.000000,1938.000000
723.000000,2862.000000,562.000000,3041.000000
2094.000000,2391.000000,2288.000000,2453.000000
1938.000000,292.000000,2204.000000,498.000000
1570.000000,933.000000,1502.000000,1068.000000
3080.000000,2509.000000,3026.000000,2525.000000
938.000000,1007.000000,1118.000000,1256.000000
1168.000000,1828.000000,1293.000000,1830.000000
1020.000000,831.000000,1430.000000,873.000000
2677.000000,207.000000,2896.000000,223.000000
362.000000,3195.000000,359.000000,3358.000000
2776.000000,2983.000000,2653.000000,3145.000000
819.000000,1111.000000,880.000000,1361.000000
1615.000000,3018.000000,1795.000000,3035.000000
131.000000,2783.000000,301.000000,2924.000000
2420.000000,2003.000000,2267.000000,2026.000000
1640.000000,1509.000000,1293.000000,1830.000000
1492.000000,867.000000,1570.000000,933.000000
858.000000,1061.000000,880.000000,1361.000000
3262.000000,641.000000,3187.000000,687.000000
3077.000000,2423.000000,3317.000000,2708.000000
3237.000000,1376.000000,3402.000000,1604.000000
2083.000000,917.000000,1812.000000,974.000000
1427.000000,2026.000000,1334.000000,2437.000000
2743.000000,1564.000000,2718.000000,1692.000000
2977.000000,2140.000000,2838.000000,2306.000000
270.000000,509.000000,225.000000,707.000000
1795.000000,3035.000000,1842.000000,3086.000000
2606.000000,2314.000000,2608.000000,2660.000000
917.000000,2421.000000,924.000000,2651.000000
3094.000000,653.000000,3176.000000,821.000000
376.000000,1009.000000,570.000000,1121.000000
701.000000,1645.000000,543.000000,1800.000000
2809.000000,5.000000,2408.000000,31.000000
504.000000,1870.000000,735.000000,2048.000000
2899.000000,1733.000000,2904.000000,1803.000000
2271.000000,2808.000000,2268.000000,3146.000000
1842.000000,3086.000000,1971.000000,3420.000000
2082.000000,2842.000000,2013.000000,3240.000000
2267.000000,2026.000000,2288.000000,2453.000000
2935.000000,3320.000000,3404.000000,3437.000000
1570.000000,933.000000,1718.000000,993.000000
249.000000,2058.000000,335.000000,2339.000000
1471.000000,159.000000,1517.000000,436.000000
2288.000000,2453.000000,2136.000000,2530.000000
3395.000000,2917.000000,3395.000000,2989.000000
2242.000000,752.000000,2354.000000,816.000000
3221.000000,1739.000000,3300.000000,1805.000000
229.000000,1812.000000,561.000000,2252.000000
1427.000000,2026.000000,1477.000000,2131.000000
936.000000,305.000000,714.000000,454.000000
938.000000,1007.000000,858.000000,1061.000000
1472.000000,1393.000000,1201.000000,1626.000000
100.000000,2471.000000,77.000000,3132.000000
727.000000,261.000000,936.000000,305.000000
986.000000,1569.000000,1133.000000,1772.000000
3430.000000,1727.000000,3350.000000,2156.000000
2983.000000,2371.000000,3077.000000,2423.000000
279.000000,1619.000000,259.000000,1732.000000
1446.000000,2961.000000,1288.000000,3168.000000
2036.000000,752.000000,2242.000000,752.000000
2883.000000,419.000000,2563.000000,436.000000
1996.000000,539.000000,2036.000000,752.000000
2209.000000,2696.000000,2552.000000,3021.000000
348.000000,1174.000000,548.000000,1248.000000
3237.000000,1376.000000,3293.000000,1538.000000
963.000000,591.000000,895.000000,737.000000
228.000000,2516.000000,131.000000,2783.000000
2563.000000,436.000000,2537.000000,674.000000
2521.000000,2192.000000,2606.000000,2314.000000
2209.000000,2696.000000,2343.000000,2873.000000
1714.000000,1336.000000,1640.000000,1509.000000
3293.000000,2875.000000,3219.000000,3012.000000
603.000000,170.000000,527.000000,210.000000
2871.000000,911.000000,2849.000000,1153.000000
3219.000000,2665.000000,2942.000000,2795.000000
2431.000000,3104.000000,2653.000000,3145.000000
1842.000000,3086.000000,1661.000000,3282.000000
2854.000000,10.000000,3308.000000,21.000000
614.000000,2526.000000,181.000000,2754.000000
2490.000000,869.000000,2614.000000,975.000000
2271.000000,2808.000000,2343.000000,2873.000000
1795.000000,3035.000000,2013.000000,3240.000000
2809.000000,5.000000,1762.000000,22.000000
1226.000000,1449.000000,986.000000,1569.000000
1129.000000,2978.000000,965.000000,3169.000000
2287.000000,1938.000000,2665.000000,2003.000000
2683.000000,763.000000,2871.000000,911.000000
3430.000000,1727.000000,3300.000000,1805.000000
1234.000000,567.000000,963.000000,591.000000
726.000000,2137.000000,677.000000,2232.000000
224.000000,1223.000000,149.000000,1373.000000
348.000000,1174.000000,149.000000,1373.000000
714.000000,454.000000,949.000000,578.000000
895.000000,737.000000,1020.000000,831.000000
3219.000000,3012.000000,3201.000000,3054.000000
1234.000000,567.000000,1330.000000,623.000000
67.000000,1752.000000,77.000000,3132.000000
1808.000000,1481.000000,1640.000000,1509.000000
1951.000000,2535.000000,1513.000000,2746.000000
43.000000,1466.000000,150.000000,1717.000000
2198.000000,527.000000,2242.000000,752.000000
2002.000000,1697.000000,1934.000000,1949.000000
2241.000000,876.000000,2083.000000,917.000000
96.000000,2205.000000,100.000000,2471.000000
