POINTS
1373.000000,15.000000
886.000000,38.000000
2497.000000,51.000000
2507.000000,61.000000
2796.000000,67.000000
1117.000000,68.000000
681.000000,71.000000
2448.000000,80.000000
93.000000,86.000000
2431.000000,87.000000
2062.000000,100.000000
859.000000,126.000000
3386.000000,133.000000
3192.000000,134.000000
1794.000000,149.000000
483.000000,183.000000
756.000000,199.000000
2812.000000,215.000000
1066.000000,221.000000
2378.000000,223.000000
2379.000000,224.000000
3104.000000,224.000000
483.000000,237.000000
229.000000,263.000000
2347.000000,265.000000
1259.000000,268.000000
1818.000000,281.000000
1079.000000,294.000000
2039.000000,311.000000
793.000000,321.000000
1695.000000,344.000000
1003.000000,352.000000
1083.000000,357.000000
1809.000000,365.000000
1070.000000,372.000000
1705.000000,383.000000
828.000000,393.000000
2198.000000,407.000000
1575.000000,413.000000
1726.000000,437.000000
1092.000000,443.000000
3237.000000,467.000000
3222.000000,473.000000
580.000000,490.000000
2920.000000,494.000000
560.000000,512.000000
1116.000000,518.000000
481.000000,533.000000
578.000000,537.000000
1444.000000,543.000000
2061.000000,543.000000
1216.000000,555.000000
2013.000000,556.000000
3349.000000,566.000000
3381.000000,569.000000
2213.000000,574.000000
2648.000000,574.000000
2837.000000,584.000000
258.000000,592.000000
661.000000,633.000000
416.000000,636.000000
1788.000000,650.000000
1620.000000,656.000000
2262.000000,667.000000
390.000000,683.000000
1803.000000,705.000000
542.000000,706.000000
2951.000000,712.000000
1725.000000,717.000000
2732.000000,740.000000
597.000000,748.000000
1690.000000,752.000000
3077.000000,756.000000
1605.000000,759.000000
969.000000,770.000000
1780.000000,785.000000
196.000000,790.000000
822.000000,814.000000
1986.000000,815.000000
1219.000000,831.000000
1301.000000,834.000000
1966.000000,834.000000
681.000000,835.000000
809.000000,848.000000
2977.000000,889.000000
316.000000,900.000000
1962.000000,948.000000
649.000000,962.000000
578.000000,964.000000
3422.000000,987.000000
1932.000000,996.000000
2134.000000,1014.000000
1385.000000,1024.000000
2928.000000,1024.000000
2053.000000,1041.000000
2891.000000,1042.000000
1313.000000,1071.000000
3237.000000,1084.000000
1042.000000,1097.000000
2457.000000,1106.000000
436.000000,1109.000000
2170.000000,1110.000000
963.000000,1113.000000
3333.000000,1133.000000
593.000000,1139.000000
1590.000000,1140.000000
1884.000000,1146.000000
1975.000000,1149.000000
2152.000000,1152.000000
3272.000000,1155.000000
751.000000,1161.000000
2928.000000,1167.000000
400.000000,1173.000000
1826.000000,1206.000000
2668.000000,1208.000000
3358.000000,1213.000000
1278.000000,1214.000000
2832.000000,1218.000000
2424.000000,1223.000000
2859.000000,1244.000000
261.000000,1250.000000
2045.000000,1262.000000
2401.000000,1264.000000
435.000000,1272.000000
3186.000000,1281.000000
3188.000000,1295.000000
1363.000000,1305.000000
386.000000,1311.000000
757.000000,1313.000000
284.000000,1318.000000
3452.000000,1320.000000
2054.000000,1346.000000
2058.000000,1346.000000
250.000000,1349.000000
2141.000000,1370.000000
1650.000000,1386.000000
258.000000,1397.000000
3025.000000,1418.000000
2578.000000,1461.000000
3348.000000,1464.000000
3044.000000,1476.000000
1911.000000,1495.000000
2214.000000,1504.000000
3293.000000,1515.000000
706.000000,1542.000000
620.000000,1561.000000
3430.000000,1565.000000
2612.000000,1581.000000
359.000000,1586.000000
1007.000000,1595.000000
81.000000,1622.000000
834.000000,1653.000000
327.000000,1664.000000
2559.000000,1666.000000
1479.000000,1668.000000
759.000000,1670.000000
2421.000000,1705.000000
1459.000000,1716.000000
32.000000,1719.000000
176.000000,1722.000000
1566.000000,1731.000000
1296.000000,1738.000000
1459.000000,1739.000000
1576.000000,1746.000000
3364.000000,1764.000000
1526.000000,1789.000000
2995.000000,1800.000000
1773.000000,1803.000000
2559.000000,1804.000000
636.000000,1809.000000
2866.000000,1820.000000
1283.000000,1822.000000
121.000000,1823.000000
1969.000000,1842.000000
20.000000,1843.000000
2098.000000,1847.000000
2485.000000,1860.000000
2707.000000,1869.000000
2318.000000,1873.000000
219.000000,1876.000000
2805.000000,1878.000000
2322.000000,1880.000000
2514.000000,1888.000000
562.000000,1899.000000
2843.000000,1902.000000
915.000000,1908.000000
628.000000,1918.000000
1115.000000,1921.000000
1289.000000,1921.000000
1107.000000,1924.000000
2345.000000,1929.000000
2821.000000,1958.000000
1246.000000,1965.000000
1146.000000,1970.000000
3152.000000,2002.000000
142.000000,2004.000000
856.000000,2009.000000
1213.000000,2017.000000
2375.000000,2053.000000
514.000000,2075.000000
1102.000000,2084.000000
2113.000000,2084.000000
3323.000000,2094.000000
2672.000000,2097.000000
230.000000,2109.000000
1730.000000,2109.000000
870.000000,2110.000000
2986.000000,2124.000000
3241.000000,2139.000000
2798.000000,2146.000000
2937.000000,2156.000000
106.000000,2157.000000
3316.000000,2160.000000
948.000000,2161.000000
1497.000000,2166.000000
2385.000000,2166.000000
2002.000000,2169.000000
1649.000000,2173.000000
1091.000000,2187.000000
713.000000,2196.000000
1752.000000,2200.000000
3071.000000,2215.000000
1502.000000,2218.000000
1984.000000,2229.000000
2181.000000,2277.000000
2534.000000,2281.000000
261.000000,2286.000000
251.000000,2299.000000
913.000000,2300.000000
1250.000000,2300.000000
3005.000000,2301.000000
1599.000000,2302.000000
129.000000,2304.000000
3081.000000,2309.000000
2268.000000,2333.000000
1739.000000,2335.000000
2873.000000,2344.000000
301.000000,2357.000000
890.000000,2375.000000
212.000000,2380.000000
2124.000000,2389.000000
145.000000,2422.000000
2728.000000,2430.000000
983.000000,2434.000000
326.000000,2435.000000
1752.000000,2450.000000
561.000000,2475.000000
3430.000000,2496.000000
2464.000000,2509.000000
3357.000000,2509.000000
1523.000000,2511.000000
2047.000000,2511.000000
746.000000,2514.000000
3130.000000,2523.000000
868.000000,2542.000000
848.000000,2550.000000
1446.000000,2550.000000
404.000000,2557.000000
3117.000000,2567.000000
2219.000000,2578.000000
329.000000,2596.000000
1577.000000,2608.000000
910.000000,2624.000000
2047.000000,2661.000000
2863.000000,2666.000000
1617.000000,2670.000000
2192.000000,2681.000000
3226.000000,2694.000000
2439.000000,2727.000000
3481.000000,2745.000000
1933.000000,2747.000000
1170.000000,2770.000000
741.000000,2779.000000
2610.000000,2787.000000
431.000000,2792.000000
2701.000000,2797.000000
1987.000000,2805.000000
1482.000000,2813.000000
2462.000000,2815.000000
534.000000,2819.000000
1642.000000,2828.000000
1344.000000,2830.000000
467.000000,2838.000000
1399.000000,2840.000000
1870.000000,2865.000000
1700.000000,2870.000000
1327.000000,2873.000000
1537.000000,2899.000000
2733.000000,2906.000000
2779.000000,2920.000000
2975.000000,2920.000000
1966.000000,2922.000000
3346.000000,2935.000000
1182.000000,2936.000000
1801.000000,2948.000000
2581.000000,2952.000000
2396.000000,2992.000000
2335.000000,2997.000000
1487.000000,3001.000000
102.000000,3017.000000
342.000000,3018.000000
909.000000,3018.000000
1330.000000,3020.000000
1913.000000,3026.000000
3399.000000,3032.000000
351.000000,3038.000000
2818.000000,3050.000000
2768.000000,3084.000000
1024.000000,3088.000000
2760.000000,3103.000000
1736.000000,3105.000000
526.000000,3120.000000
217.000000,3130.000000
2766.000000,3136.000000
1184.000000,3149.000000
1445.000000,3171.000000
2202.000000,3178.000000
2758.000000,3205.000000
2327.000000,3208.000000
543.000000,3212.000000
3374.000000,3217.000000
2830.000000,3220.000000
2137.000000,3227.000000
910.000000,3239.000000
8.000000,3244.000000
337.000000,3244.000000
3344.000000,3254.000000
2190.000000,3267.000000
518.000000,3280.000000
1637.000000,3297.000000
2160.000000,3301.000000
1489.000000,3303.000000
426.000000,3319.000000
385.000000,3343.000000
610.000000,3349.000000
729.000000,3352.000000
1825.000000,3353.000000
1822.000000,3370.000000
394.000000,3384.000000
1868.000000,3385.000000
559.000000,3386.000000
302.000000,3388.000000
2705.000000,3397.000000
3452.000000,3409.000000
1023.000000,3434.000000
1562.000000,3437.000000
321.000000,3465.000000
3415.000000,3466.000000
2891.000000,3472.000000
LINES
2975.000000,2920.000000,3346.000000,2935.000000
2672.000000,2097.000000,2986.000000,2124.000000
1246.000000,1965.000000,1213.000000,2017.000000
261.000000,2286.000000,129.000000,2304.000000
1932.000000,996.000000,1884.000000,1146.000000
1079.000000,294.000000,1003.000000,352.000000
2610.000000,2787.000000,2701.000000,2797.000000
1146.000000,1970.000000,1213.000000,2017.000000
1092.000000,443.000000,1216.000000,555.000000
2812.000000,215.000000,2648.000000,574.000000
2439.000000,2727.000000,2610.000000,2787.000000
390.000000,683.000000,597.000000,748.000000
3358.000000,1213.000000,3452.000000,1320.000000
1649.000000,2173.000000,1502.000000,2218.000000
1730.000000,2109.000000,2002.000000,2169.000000
3130.000000,2523.000000,3226.000000,2694.000000
681.000000,71.000000,483.000000,237.000000
394.000000,3384.000000,302.000000,3388.000000
1794.000000,149.000000,1818.000000,281.000000
1219.000000,831.000000,1385.000000,1024.000000
3452.000000,1320.000000,3430.000000,1565.000000
1590.000000,1140.000000,1650.000000,1386.000000
2439.000000,2727.000000,2335.000000,2997.000000
1773.000000,1803.000000,1730.000000,2109.000000
2045.000000,1262.000000,2054.000000,1346.000000
3430.000000,1565.000000,3364.000000,1764.000000
251.000000,2299.000000,301.000000,2357.000000
543.000000,3212.000000,518.000000,3280.000000
1003.000000,352.000000,1092.000000,443.000000
2610.000000,2787.000000,2581.000000,2952.000000
481.000000,533.000000,390.000000,683.000000
610.000000,3349.000000,729.000000,3352.000000
1987.000000,2805.000000,1966.000000,2922.000000
2507.000000,61.000000,2448.000000,80.000000
2728.000000,2430.000000,2610.000000,2787.000000
2047.000000,2661.000000,2192.000000,2681.000000
1752.000000,2200.000000,2047.000000,2661.000000
2113.000000,2084.000000,2385.000000,2166.000000
176.000000,1722.000000,121.000000,1823.000000
1373.000000,15.000000,1575.000000,413.000000
1042.000000,1097.000000,757.000000,1313.000000
870.000000,2110.000000,948.000000,2161.000000
217.000000,3130.000000,302.000000,3388.000000
1695.000000,344.000000,1575.000000,413.000000
2821.000000,1958.000000,2986.000000,2124.000000
3117.000000,2567.000000,3226.000000,2694.000000
196.000000,790.000000,316.000000,900.000000
661.000000,633.000000,681.000000,835.000000
1116.000000,518.000000,969.000000,770.000000
2113.000000,2084.000000,2002.000000,2169.000000
1489.000000,3303.000000,1562.000000,3437.000000
828.000000,393.000000,661.000000,633.000000
3293.000000,1515.000000,3152.000000,2002.000000
1933.000000,2747.000000,1987.000000,2805.000000
1605.000000,759.000000,1385.000000,1024.000000
1497.000000,2166.000000,1649.000000,2173.000000
1216.000000,555.000000,1301.000000,834.000000
2995.000000,1800.000000,2866.000000,1820.000000
217.000000,3130.000000,337.000000,3244.000000
2612.000000,1581.000000,2559.000000,1666.000000
1705.000000,383.000000,1725.000000,717.000000
2779.000000,2920.000000,2975.000000,2920.000000
337.000000,3244.000000,426.000000,3319.000000
2581.000000,2952.000000,2396.000000,2992.000000
3005.000000,2301.000000,3081.000000,2309.000000
20.000000,1843.000000,145.000000,2422.000000
2160.000000,3301.000000,1868.000000,3385.000000
2181.000000,2277.000000,2268.000000,2333.000000
2920.000000,494.000000,2648.000000,574.000000
1617.000000,2670.000000,1642.000000,2828.000000
1962.000000,948.000000,2134.000000,1014.000000
1911.000000,1495.000000,2098.000000,1847.000000
1487.000000,3001.000000,1330.000000,3020.000000
1577.000000,2608.000000,1617.000000,2670.000000
1007.000000,1595.000000,1115.000000,1921.000000
2421.000000,1705.000000,2559.000000,1804.000000
359.000000,1586.000000,327.000000,1664.000000
1083.000000,357.000000,1575.000000,413.000000
467.000000,2838.000000,342.000000,3018.000000
1482.000000,2813.000000,1642.000000,2828.000000
301.000000,2357.000000,326.000000,2435.000000
2396.000000,2992.000000,2335.000000,2997.000000
2047.000000,2661.000000,1987.000000,2805.000000
3188.000000,1295.000000,3293.000000,1515.000000
1115.000000,1921.000000,1107.000000,1924.000000
2859.000000,1244.000000,3186.000000,1281.000000
2448.000000,80.000000,2431.000000,87.000000
3081.000000,2309.000000,2863.000000,2666.000000
713.000000,2196.000000,746.000000,2514.000000
1788.000000,650.000000,1803.000000,705.000000
2758.000000,3205.000000,2705.000000,3397.000000
620.000000,1561.000000,327.000000,1664.000000
1822.000000,3370.000000,1562.000000,3437.000000
713.000000,2196.000000,913.000000,2300.000000
3399.000000,3032.000000,3452.000000,3409.000000
848.000000,2550.000000,741.000000,2779.000000
1487.000000,3001.000000,1736.000000,3105.000000
2733.000000,2906.000000,2760.000000,3103.000000
3386.000000,133.000000,3237.000000,467.000000
1752.000000,2200.000000,2047.000000,2511.000000
2396.000000,2992.000000,2705.000000,3397.000000
913.000000,2300.000000,890.000000,2375.000000
756.000000,199.000000,578.000000,537.000000
337.000000,3244.000000,385.000000,3343.000000
3186.000000,1281.000000,3025.000000,1418.000000
3081.000000,2309.000000,3117.000000,2567.000000
1986.000000,815.000000,1966.000000,834.000000
1278.000000,1214.000000,1363.000000,1305.000000
610.000000,3349.000000,559.000000,3386.000000
1373.000000,15.000000,886.000000,38.000000
1739.000000,2335.000000,1752.000000,2450.000000
3415.000000,3466.000000,2891.000000,3472.000000
3077.000000,756.000000,2977.000000,889.000000
1102.000000,2084.000000,948.000000,2161.000000
394.000000,3384.000000,559.000000,3386.000000
1330.000000,3020.000000,1445.000000,3171.000000
385.000000,3343.000000,394.000000,3384.000000
1213.000000,2017.000000,1102.000000,2084.000000
2061.000000,543.000000,1803.000000,705.000000
1809.000000,365.000000,2013.000000,556.000000
2937.000000,2156.000000,3071.000000,2215.000000
2497.000000,51.000000,2796.000000,67.000000
3226.000000,2694.000000,2975.000000,2920.000000
302.000000,3388.000000,321.000000,3465.000000
756.000000,199.000000,483.000000,237.000000
3452.000000,1320.000000,3481.000000,2745.000000
20.000000,1843.000000,217.000000,3130.000000
1445.000000,3171.000000,1489.000000,3303.000000
2821.000000,1958.000000,2672.000000,2097.000000
636.000000,1809.000000,915.000000,1908.000000
2462.000000,2815.000000,2581.000000,2952.000000
284.000000,1318.000000,359.000000,1586.000000
561.000000,2475.000000,404.000000,2557.000000
2707.000000,1869.000000,2375.000000,2053.000000
1562.000000,3437.000000,2891.000000,3472.000000
316.000000,900.000000,261.000000,1250.000000
3381.000000,569.000000,3422.000000,987.000000
1911.000000,1495.000000,1479.000000,1668.000000
2058.000000,1346.000000,1911.000000,1495.000000
2327.000000,3208.000000,2190.000000,3267.000000
1170.000000,2770.000000,741.000000,2779.000000
2322.000000,1880.000000,2345.000000,1929.000000
2610.000000,2787.000000,2462.000000,2815.000000
1966.000000,2922.000000,1801.000000,2948.000000
2375.000000,2053.000000,2385.000000,2166.000000
1969.000000,1842.000000,2002.000000,2169.000000
3430.000000,1565.000000,3481.000000,2745.000000
1566.000000,1731.000000,1459.000000,1739.000000
628.000000,1918.000000,856.000000,2009.000000
2758.000000,3205.000000,2891.000000,3472.000000
3364.000000,1764.000000,3323.000000,2094.000000
909.000000,3018.000000,910.000000,3239.000000
3430.000000,2496.000000,3481.000000,2745.000000
2937.000000,2156.000000,2873.000000,2344.000000
2866.000000,1820.000000,2805.000000,1878.000000
1773.000000,1803.000000,2098.000000,1847.000000
1642.000000,2828.000000,1700.000000,2870.000000
3272.000000,1155.000000,3186.000000,1281.000000
2098.000000,1847.000000,2113.000000,2084.000000
1399.000000,2840.000000,1327.000000,2873.000000
3081.000000,2309.000000,2728.000000,2430.000000
3081.000000,2309.000000,2873.000000,2344.000000
2457.000000,1106.000000,2401.000000,1264.000000
3333.000000,1133.000000,3272.000000,1155.000000
2464.000000,2509.000000,2439.000000,2727.000000
2837.000000,584.000000,2891.000000,1042.000000
301.000000,2357.000000,561.000000,2475.000000
229.000000,263.000000,258.000000,592.000000
1566.000000,1731.000000,1576.000000,1746.000000
681.000000,835.000000,316.000000,900.000000
258.000000,1397.000000,81.000000,1622.000000
2062.000000,100.000000,1818.000000,281.000000
2347.000000,265.000000,2198.000000,407.000000
2977.000000,889.000000,2891.000000,1042.000000
1313.000000,1071.000000,1042.000000,1097.000000
741.000000,2779.000000,909.000000,3018.000000
261.000000,1250.000000,32.000000,1719.000000
3272.000000,1155.000000,3188.000000,1295.000000
2214.000000,1504.000000,2098.000000,1847.000000
1250.000000,2300.000000,1170.000000,2770.000000
2866.000000,1820.000000,2707.000000,1869.000000
2928.000000,1167.000000,2832.000000,1218.000000
1385.000000,1024.000000,1590.000000,1140.000000
3293.000000,1515.000000,2612.000000,1581.000000
129.000000,2304.000000,145.000000,2422.000000
212.000000,2380.000000,326.000000,2435.000000
620.000000,1561.000000,759.000000,1670.000000
8.000000,3244.000000,321.000000,3465.000000
81.000000,1622.000000,176.000000,1722.000000
261.000000,1250.000000,386.000000,1311.000000
2796.000000,67.000000,3192.000000,134.000000
2559.000000,1666.000000,2421.000000,1705.000000
542.000000,706.000000,597.000000,748.000000
261.000000,1250.000000,81.000000,1622.000000
915.000000,1908.000000,856.000000,2009.000000
3237.000000,1084.000000,3272.000000,1155.000000
1913.000000,3026.000000,1822.000000,3370.000000
2141.000000,1370.000000,1911.000000,1495.000000
1003.000000,352.000000,828.000000,393.000000
1083.000000,357.000000,1070.000000,372.000000
327.000000,1664.000000,219.000000,1876.000000
431.000000,2792.000000,534.000000,2819.000000
526.000000,3120.000000,337.000000,3244.000000
3452.000000,1320.000000,3293.000000,1515.000000
2928.000000,1024.000000,2832.000000,1218.000000
2873.000000,2344.000000,2728.000000,2430.000000
1444.000000,543.000000,1620.000000,656.000000
3237.000000,1084.000000,2928.000000,1167.000000
436.000000,1109.000000,593.000000,1139.000000
2559.000000,1666.000000,2707.000000,1869.000000
1599.000000,2302.000000,1739.000000,2335.000000
1283.000000,1822.000000,1649.000000,2173.000000
2202.000000,3178.000000,2137.000000,3227.000000
1042.000000,1097.000000,706.000000,1542.000000
681.000000,71.000000,859.000000,126.000000
969.000000,770.000000,809.000000,848.000000
2866.000000,1820.000000,2843.000000,1902.000000
1752.000000,2200.000000,1739.000000,2335.000000
1219.000000,831.000000,1313.000000,1071.000000
1023.000000,3434.000000,1562.000000,3437.000000
751.000000,1161.000000,386.000000,1311.000000
969.000000,770.000000,1219.000000,831.000000
3293.000000,1515.000000,2995.000000,1800.000000
3081.000000,2309.000000,3357.000000,2509.000000
1803.000000,705.000000,1966.000000,834.000000
886.000000,38.000000,93.000000,86.000000
562.000000,1899.000000,856.000000,2009.000000
620.000000,1561.000000,359.000000,1586.000000
1695.000000,344.000000,1705.000000,383.000000
1780.000000,785.000000,1932.000000,996.000000
1637.000000,3297.000000,1562.000000,3437.000000
2766.000000,3136.000000,2705.000000,3397.000000
1117.000000,68.000000,1066.000000,221.000000
3117.000000,2567.000000,2863.000000,2666.000000
1170.000000,2770.000000,909.000000,3018.000000
1932.000000,996.000000,1975.000000,1149.000000
559.000000,3386.000000,321.000000,3465.000000
2668.000000,1208.000000,2832.000000,1218.000000
809.000000,848.000000,1042.000000,1097.000000
1283.000000,1822.000000,1146.000000,1970.000000
1752.000000,2200.000000,1984.000000,2229.000000
1446.000000,2550.000000,1482.000000,2813.000000
1363.000000,1305.000000,1650.000000,1386.000000
620.000000,1561.000000,636.000000,1809.000000
746.000000,2514.000000,404.000000,2557.000000
3025.000000,1418.000000,3044.000000,1476.000000
2134.000000,1014.000000,2457.000000,1106.000000
2559.000000,1804.000000,2514.000000,1888.000000
2928.000000,1024.000000,3237.000000,1084.000000
3241.000000,2139.000000,3081.000000,2309.000000
261.000000,2286.000000,301.000000,2357.000000
1809.000000,365.000000,1788.000000,650.000000
1116.000000,518.000000,1216.000000,555.000000
2951.000000,712.000000,2977.000000,889.000000
342.000000,3018.000000,351.000000,3038.000000
342.000000,3018.000000,526.000000,3120.000000
915.000000,1908.000000,1146.000000,1970.000000
2668.000000,1208.000000,2612.000000,1581.000000
681.000000,71.000000,483.000000,183.000000
2134.000000,1014.000000,2152.000000,1152.000000
518.000000,3280.000000,426.000000,3319.000000
2859.000000,1244.000000,2612.000000,1581.000000
1725.000000,717.000000,1780.000000,785.000000
1083.000000,357.000000,1092.000000,443.000000
2062.000000,100.000000,2378.000000,223.000000
2672.000000,2097.000000,2798.000000,2146.000000
1620.000000,656.000000,1605.000000,759.000000
2192.000000,2681.000000,1987.000000,2805.000000
706.000000,1542.000000,759.000000,1670.000000
1445.000000,3171.000000,1637.000000,3297.000000
2192.000000,2681.000000,2439.000000,2727.000000
578.000000,964.000000,593.000000,1139.000000
1987.000000,2805.000000,1870.000000,2865.000000
2053.000000,1041.000000,2152.000000,1152.000000
258.000000,1397.000000,359.000000,1586.000000
2733.000000,2906.000000,2779.000000,2920.000000
1107.000000,1924.000000,1146.000000,1970.000000
106.000000,2157.000000,129.000000,2304.000000
1083.000000,357.000000,1216.000000,555.000000
2707.000000,1869.000000,2805.000000,1878.000000
1705.000000,383.000000,1726.000000,437.000000
2497.000000,51.000000,2431.000000,87.000000
2396.000000,2992.000000,2327.000000,3208.000000
1184.000000,3149.000000,1023.000000,3434.000000
142.000000,2004.000000,106.000000,2157.000000
2986.000000,2124.000000,2798.000000,2146.000000
1822.000000,3370.000000,1868.000000,3385.000000
706.000000,1542.000000,620.000000,1561.000000
3399.000000,3032.000000,3344.000000,3254.000000
3422.000000,987.000000,3358.000000,1213.000000
81.000000,1622.000000,32.000000,1719.000000
1283.000000,1822.000000,1246.000000,1965.000000
2137.000000,3227.000000,2190.000000,3267.000000
2137.000000,3227.000000,1822.000000,3370.000000
963.000000,1113.000000,751.000000,1161.000000
2779.000000,2920.000000,2818.000000,3050.000000
681.000000,71.000000,93.000000,86.000000
3226.000000,2694.000000,3346.000000,2935.000000
1301.000000,834.000000,1385.000000,1024.000000
1695.000000,344.000000,1726.000000,437.000000
1780.000000,785.000000,1966.000000,834.000000
856.000000,2009.000000,713.000000,2196.000000
404.000000,2557.000000,741.000000,2779.000000
1736.000000,3105.000000,1825.000000,3353.000000
1986.000000,815.000000,1962.000000,948.000000
1184.000000,3149.000000,1445.000000,3171.000000
1219.000000,831.000000,1301.000000,834.000000
2181.000000,2277.000000,2124.000000,2389.000000
2152.000000,1152.000000,2045.000000,1262.000000
2219.000000,2578.000000,2439.000000,2727.000000
145.000000,2422.000000,329.000000,2596.000000
2485.000000,1860.000000,2322.000000,1880.000000
483.000000,237.000000,229.000000,263.000000
1752.000000,2200.000000,1752.000000,2450.000000
2431.000000,87.000000,2379.000000,224.000000
1523.000000,2511.000000,1933.000000,2747.000000
1313.000000,1071.000000,1278.000000,1214.000000
2347.000000,265.000000,2039.000000,311.000000
3237.000000,467.000000,3381.000000,569.000000
1497.000000,2166.000000,1502.000000,2218.000000
2707.000000,1869.000000,2514.000000,1888.000000
359.000000,1586.000000,81.000000,1622.000000
1459.000000,1716.000000,1296.000000,1738.000000
435.000000,1272.000000,386.000000,1311.000000
2134.000000,1014.000000,2170.000000,1110.000000
1117.000000,68.000000,859.000000,126.000000
3077.000000,756.000000,3237.000000,1084.000000
1385.000000,1024.000000,1363.000000,1305.000000
102.000000,3017.000000,8.000000,3244.000000
2431.000000,87.000000,2062.000000,100.000000
913.000000,2300.000000,746.000000,2514.000000
250.000000,1349.000000,258.000000,1397.000000
3386.000000,133.000000,3381.000000,569.000000
1283.000000,1822.000000,1289.000000,1921.000000
3293.000000,1515.000000,2866.000000,1820.000000
822.000000,814.000000,681.000000,835.000000
2322.000000,1880.000000,2113.000000,2084.000000
1444.000000,543.000000,1605.000000,759.000000
1479.000000,1668.000000,2098.000000,1847.000000
2198.000000,407.000000,2213.000000,574.000000
2863.000000,2666.000000,2701.000000,2797.000000
2534.000000,2281.000000,2268.000000,2333.000000
3226.000000,2694.000000,3481.000000,2745.000000
713.000000,2196.000000,561.000000,2475.000000
1373.000000,15.000000,2062.000000,100.000000
1868.000000,3385.000000,2891.000000,3472.000000
636.000000,1809.000000,562.000000,1899.000000
2045.000000,1262.000000,2058.000000,1346.000000
2581.000000,2952.000000,2335.000000,2997.000000
2798.000000,2146.000000,2728.000000,2430.000000
534.000000,2819.000000,342.000000,3018.000000
2379.000000,224.000000,2213.000000,574.000000
2707.000000,1869.000000,2672.000000,2097.000000
1566.000000,1731.000000,1526.000000,1789.000000
351.000000,3038.000000,337.000000,3244.000000
2928.000000,1024.000000,2891.000000,1042.000000
1283.000000,1822.000000,1497.000000,2166.000000
593.000000,1139.000000,751.000000,1161.000000
2375.000000,2053.000000,2534.000000,2281.000000
1330.000000,3020.000000,1637.000000,3297.000000
1818.000000,281.000000,1809.000000,365.000000
3399.000000,3032.000000,3374.000000,3217.000000
3241.000000,2139.000000,3316.000000,2160.000000
514.000000,2075.000000,230.000000,2109.000000
2464.000000,2509.000000,2610.000000,2787.000000
2863.000000,2666.000000,2779.000000,2920.000000
3071.000000,2215.000000,3005.000000,2301.000000
3192.000000,134.000000,3104.000000,224.000000
1932.000000,996.000000,1590.000000,1140.000000
394.000000,3384.000000,321.000000,3465.000000
1575.000000,413.000000,1216.000000,555.000000
1576.000000,1746.000000,1526.000000,1789.000000
251.000000,2299.000000,212.000000,2380.000000
3386.000000,133.000000,3452.000000,1320.000000
3422.000000,987.000000,3237.000000,1084.000000
3222.000000,473.000000,3349.000000,566.000000
2507.000000,61.000000,2812.000000,215.000000
1385.000000,1024.000000,1313.000000,1071.000000
1446.000000,2550.000000,1344.000000,2830.000000
1984.000000,2229.000000,2124.000000,2389.000000
1590.000000,1140.000000,1884.000000,1146.000000
561.000000,2475.000000,746.000000,2514.000000
1736.000000,3105.000000,1637.000000,3297.000000
1637.000000,3297.000000,1489.000000,3303.000000
3077.000000,756.000000,2928.000000,1024.000000
1966.000000,2922.000000,2137.000000,3227.000000
2039.000000,311.000000,2198.000000,407.000000
1373.000000,15.000000,1794.000000,149.000000
2733.000000,2906.000000,2768.000000,3084.000000
2190.000000,3267.000000,2160.000000,3301.000000
2062.000000,100.000000,2039.000000,311.000000
1649.000000,2173.000000,1739.000000,2335.000000
229.000000,263.000000,481.000000,533.000000
2863.000000,2666.000000,2975.000000,2920.000000
1803.000000,705.000000,1986.000000,815.000000
351.000000,3038.000000,526.000000,3120.000000
1725.000000,717.000000,1690.000000,752.000000
196.000000,790.000000,32.000000,1719.000000
3293.000000,1515.000000,3430.000000,1565.000000
2995.000000,1800.000000,3152.000000,2002.000000
390.000000,683.000000,316.000000,900.000000
1705.000000,383.000000,1788.000000,650.000000
3130.000000,2523.000000,3117.000000,2567.000000
386.000000,1311.000000,757.000000,1313.000000
729.000000,3352.000000,321.000000,3465.000000
400.000000,1173.000000,261.000000,1250.000000
2214.000000,1504.000000,2421.000000,1705.000000
681.000000,835.000000,436.000000,1109.000000
2732.000000,740.000000,2457.000000,1106.000000
2812.000000,215.000000,3104.000000,224.000000
1042.000000,1097.000000,963.000000,1113.000000
261.000000,1250.000000,250.000000,1349.000000
2977.000000,889.000000,2928.000000,1024.000000
32.000000,1719.000000,20.000000,1843.000000
1079.000000,294.000000,1083.000000,357.000000
2937.000000,2156.000000,3005.000000,2301.000000
706.000000,1542.000000,1007.000000,1595.000000
2124.000000,2389.000000,2219.000000,2578.000000
1091.000000,2187.000000,913.000000,2300.000000
1259.000000,268.000000,1575.000000,413.000000
2920.000000,494.000000,3349.000000,566.000000
2760.000000,3103.000000,2766.000000,3136.000000
969.000000,770.000000,1301.000000,834.000000
106.000000,2157.000000,145.000000,2422.000000
834.000000,1653.000000,915.000000,1908.000000
756.000000,199.000000,580.000000,490.000000
2219.000000,2578.000000,2192.000000,2681.000000
327.000000,1664.000000,562.000000,1899.000000
1523.000000,2511.000000,1617.000000,2670.000000
2928.000000,1024.000000,2928.000000,1167.000000
969.000000,770.000000,1042.000000,1097.000000
580.000000,490.000000,578.000000,537.000000
1003.000000,352.000000,1083.000000,357.000000
757.000000,1313.000000,706.000000,1542.000000
562.000000,1899.000000,628.000000,1918.000000
1250.000000,2300.000000,868.000000,2542.000000
3348.000000,1464.000000,3430.000000,1565.000000
2837.000000,584.000000,2732.000000,740.000000
2768.000000,3084.000000,2830.000000,3220.000000
1007.000000,1595.000000,1296.000000,1738.000000
741.000000,2779.000000,543.000000,3212.000000
2047.000000,2511.000000,2219.000000,2578.000000
661.000000,633.000000,822.000000,814.000000
1780.000000,785.000000,1590.000000,1140.000000
93.000000,86.000000,20.000000,1843.000000
1502.000000,2218.000000,1250.000000,2300.000000
1482.000000,2813.000000,1537.000000,2899.000000
3481.000000,2745.000000,3399.000000,3032.000000
793.000000,321.000000,661.000000,633.000000
868.000000,2542.000000,848.000000,2550.000000
2198.000000,407.000000,2013.000000,556.000000
2002.000000,2169.000000,1984.000000,2229.000000
2578.000000,1461.000000,2559.000000,1666.000000
681.000000,835.000000,578.000000,964.000000
1526.000000,1789.000000,1649.000000,2173.000000
1445.000000,3171.000000,1023.000000,3434.000000
729.000000,3352.000000,1023.000000,3434.000000
230.000000,2109.000000,106.000000,2157.000000
1102.000000,2084.000000,1250.000000,2300.000000
3237.000000,467.000000,2920.000000,494.000000
327.000000,1664.000000,176.000000,1722.000000
2798.000000,2146.000000,2937.000000,2156.000000
1042.000000,1097.000000,1363.000000,1305.000000
1479.000000,1668.000000,1296.000000,1738.000000
3374.000000,3217.000000,3344.000000,3254.000000
2863.000000,2666.000000,3226.000000,2694.000000
2464.000000,2509.000000,2219.000000,2578.000000
3104.000000,224.000000,3237.000000,467.000000
93.000000,86.000000,32.000000,1719.000000
3386.000000,133.000000,3192.000000,134.000000
2805.000000,1878.000000,2843.000000,1902.000000
1705.000000,383.000000,1690.000000,752.000000
1289.000000,1921.000000,1246.000000,1965.000000
3348.000000,1464.000000,3293.000000,1515.000000
2318.000000,1873.000000,2322.000000,1880.000000
2507.000000,61.000000,2379.000000,224.000000
1091.000000,2187.000000,983.000000,2434.000000
756.000000,199.000000,793.000000,321.000000
261.000000,2286.000000,561.000000,2475.000000
2951.000000,712.000000,3077.000000,756.000000
2485.000000,1860.000000,2345.000000,1929.000000
1444.000000,543.000000,1216.000000,555.000000
1962.000000,948.000000,1932.000000,996.000000
636.000000,1809.000000,856.000000,2009.000000
1289.000000,1921.000000,1497.000000,2166.000000
1489.000000,3303.000000,1023.000000,3434.000000
2457.000000,1106.000000,2668.000000,1208.000000
886.000000,38.000000,681.000000,71.000000
2766.000000,3136.000000,2830.000000,3220.000000
467.000000,2838.000000,217.000000,3130.000000
706.000000,1542.000000,1479.000000,1668.000000
404.000000,2557.000000,431.000000,2792.000000
1250.000000,2300.000000,1523.000000,2511.000000
1117.000000,68.000000,1079.000000,294.000000
436.000000,1109.000000,435.000000,1272.000000
1024.000000,3088.000000,1023.000000,3434.000000
142.000000,2004.000000,230.000000,2109.000000
3430.000000,1565.000000,3430.000000,2496.000000
746.000000,2514.000000,868.000000,2542.000000
856.000000,2009.000000,870.000000,2110.000000
1700.000000,2870.000000,1801.000000,2948.000000
868.000000,2542.000000,910.000000,2624.000000
1024.000000,3088.000000,1184.000000,3149.000000
481.000000,533.000000,542.000000,706.000000
649.000000,962.000000,593.000000,1139.000000
543.000000,3212.000000,337.000000,3244.000000
251.000000,2299.000000,129.000000,2304.000000
3044.000000,1476.000000,2612.000000,1581.000000
1523.000000,2511.000000,1577.000000,2608.000000
2198.000000,407.000000,2061.000000,543.000000
217.000000,3130.000000,8.000000,3244.000000
1479.000000,1668.000000,1566.000000,1731.000000
3237.000000,467.000000,3222.000000,473.000000
910.000000,3239.000000,1023.000000,3434.000000
793.000000,321.000000,828.000000,393.000000
649.000000,962.000000,578.000000,964.000000
2213.000000,574.000000,2262.000000,667.000000
2728.000000,2430.000000,2464.000000,2509.000000
3422.000000,987.000000,3333.000000,1133.000000
431.000000,2792.000000,217.000000,3130.000000
1373.000000,15.000000,2497.000000,51.000000
2375.000000,2053.000000,2672.000000,2097.000000
3430.000000,1565.000000,3316.000000,2160.000000
2347.000000,265.000000,2213.000000,574.000000
359.000000,1586.000000,176.000000,1722.000000
2013.000000,556.000000,1803.000000,705.000000
3346.000000,2935.000000,3399.000000,3032.000000
390.000000,683.000000,542.000000,706.000000
2995.000000,1800.000000,2986.000000,2124.000000
746.000000,2514.000000,741.000000,2779.000000
1605.000000,759.000000,1301.000000,834.000000
2421.000000,1705.000000,2485.000000,1860.000000
1327.000000,2873.000000,1184.000000,3149.000000
1752.000000,2450.000000,2047.000000,2661.000000
1825.000000,3353.000000,1562.000000,3437.000000
2113.000000,2084.000000,1984.000000,2229.000000
1911.000000,1495.000000,2214.000000,1504.000000
1590.000000,1140.000000,1363.000000,1305.000000
2507.000000,61.000000,2431.000000,87.000000
706.000000,1542.000000,359.000000,1586.000000
793.000000,321.000000,578.000000,537.000000
3422.000000,987.000000,3452.000000,1320.000000
93.000000,86.000000,258.000000,592.000000
3364.000000,1764.000000,3152.000000,2002.000000
2378.000000,223.000000,2379.000000,224.000000
1566.000000,1731.000000,1773.000000,1803.000000
1617.000000,2670.000000,1482.000000,2813.000000
1250.000000,2300.000000,1446.000000,2550.000000
1818.000000,281.000000,1695.000000,344.000000
1884.000000,1146.000000,1826.000000,1206.000000
834.000000,1653.000000,759.000000,1670.000000
3077.000000,756.000000,3422.000000,987.000000
93.000000,86.000000,229.000000,263.000000
543.000000,3212.000000,610.000000,3349.000000
121.000000,1823.000000,20.000000,1843.000000
2268.000000,2333.000000,2124.000000,2389.000000
1283.000000,1822.000000,1213.000000,2017.000000
1117.000000,68.000000,1575.000000,413.000000
886.000000,38.000000,859.000000,126.000000
2202.000000,3178.000000,2190.000000,3267.000000
2202.000000,3178.000000,2327.000000,3208.000000
580.000000,490.000000,560.000000,512.000000
3222.000000,473.000000,2920.000000,494.000000
1690.000000,752.000000,1605.000000,759.000000
316.000000,900.000000,32.000000,1719.000000
2160.000000,3301.000000,2891.000000,3472.000000
483.000000,183.000000,483.000000,237.000000
3044.000000,1476.000000,3293.000000,1515.000000
1537.000000,2899.000000,1736.000000,3105.000000
859.000000,126.000000,828.000000,393.000000
1794.000000,149.000000,1575.000000,413.000000
2672.000000,2097.000000,2728.000000,2430.000000
229.000000,263.000000,580.000000,490.000000
1446.000000,2550.000000,1577.000000,2608.000000
2401.000000,1264.000000,2141.000000,1370.000000
2891.000000,1042.000000,2832.000000,1218.000000
93.000000,86.000000,196.000000,790.000000
2648.000000,574.000000,2732.000000,740.000000
3293.000000,1515.000000,3364.000000,1764.000000
1599.000000,2302.000000,1752.000000,2450.000000
681.000000,835.000000,809.000000,848.000000
741.000000,2779.000000,534.000000,2819.000000
3152.000000,2002.000000,2986.000000,2124.000000
1803.000000,705.000000,1780.000000,785.000000
3481.000000,2745.000000,3346.000000,2935.000000
578.000000,537.000000,542.000000,706.000000
534.000000,2819.000000,526.000000,3120.000000
2559.000000,1804.000000,2485.000000,1860.000000
8.000000,3244.000000,302.000000,3388.000000
2134.000000,1014.000000,2053.000000,1041.000000
1479.000000,1668.000000,1459.000000,1716.000000
1523.000000,2511.000000,2047.000000,2661.000000
514.000000,2075.000000,713.000000,2196.000000
2733.000000,2906.000000,2818.000000,3050.000000
1344.000000,2830.000000,1327.000000,2873.000000
3188.000000,1295.000000,3025.000000,1418.000000
1117.000000,68.000000,1259.000000,268.000000
436.000000,1109.000000,400.000000,1173.000000
1170.000000,2770.000000,1327.000000,2873.000000
2859.000000,1244.000000,3025.000000,1418.000000
1932.000000,996.000000,2053.000000,1041.000000
1479.000000,1668.000000,1773.000000,1803.000000
2612.000000,1581.000000,2866.000000,1820.000000
2830.000000,3220.000000,3415.000000,3466.000000
560.000000,512.000000,578.000000,537.000000
2047.000000,2661.000000,1933.000000,2747.000000
1373.000000,15.000000,1117.000000,68.000000
3349.000000,566.000000,3077.000000,756.000000
1966.000000,2922.000000,1913.000000,3026.000000
2995.000000,1800.000000,2821.000000,1958.000000
145.000000,2422.000000,326.000000,2435.000000
2766.000000,3136.000000,2758.000000,3205.000000
859.000000,126.000000,1066.000000,221.000000
562.000000,1899.000000,713.000000,2196.000000
2054.000000,1346.000000,2058.000000,1346.000000
481.000000,533.000000,258.000000,592.000000
1170.000000,2770.000000,1344.000000,2830.000000
1705.000000,383.000000,1803.000000,705.000000
1283.000000,1822.000000,1115.000000,1921.000000
2262.000000,667.000000,2134.000000,1014.000000
2672.000000,2097.000000,2534.000000,2281.000000
2213.000000,574.000000,2648.000000,574.000000
1642.000000,2828.000000,1537.000000,2899.000000
2045.000000,1262.000000,2141.000000,1370.000000
886.000000,38.000000,1117.000000,68.000000
562.000000,1899.000000,514.000000,2075.000000
3316.000000,2160.000000,3430.000000,2496.000000
2559.000000,1666.000000,2559.000000,1804.000000
2268.000000,2333.000000,2219.000000,2578.000000
1327.000000,2873.000000,1330.000000,3020.000000
3346.000000,2935.000000,3344.000000,3254.000000
534.000000,2819.000000,467.000000,2838.000000
1182.000000,2936.000000,1184.000000,3149.000000
1730.000000,2109.000000,1984.000000,2229.000000
1695.000000,344.000000,1809.000000,365.000000
3349.000000,566.000000,2951.000000,712.000000
2534.000000,2281.000000,2728.000000,2430.000000
562.000000,1899.000000,142.000000,2004.000000
809.000000,848.000000,751.000000,1161.000000
1007.000000,1595.000000,1479.000000,1668.000000
1537.000000,2899.000000,1801.000000,2948.000000
1577.000000,2608.000000,1482.000000,2813.000000
3452.000000,1320.000000,3348.000000,1464.000000
2732.000000,740.000000,2134.000000,1014.000000
2818.000000,3050.000000,2830.000000,3220.000000
2485.000000,1860.000000,2318.000000,1873.000000
1296.000000,1738.000000,1115.000000,1921.000000
2837.000000,584.000000,2977.000000,889.000000
834.000000,1653.000000,636.000000,1809.000000
1773.000000,1803.000000,1649.000000,2173.000000
578.000000,537.000000,661.000000,633.000000
2648.000000,574.000000,2837.000000,584.000000
1975.000000,1149.000000,1826.000000,1206.000000
1459.000000,1739.000000,1526.000000,1789.000000
1969.000000,1842.000000,2098.000000,1847.000000
751.000000,1161.000000,435.000000,1272.000000
1399.000000,2840.000000,1330.000000,3020.000000
1969.000000,1842.000000,2113.000000,2084.000000
1182.000000,2936.000000,909.000000,3018.000000
326.000000,2435.000000,329.000000,2596.000000
93.000000,86.000000,483.000000,183.000000
2262.000000,667.000000,2732.000000,740.000000
1259.000000,268.000000,1079.000000,294.000000
3430.000000,2496.000000,3357.000000,2509.000000
2039.000000,311.000000,2013.000000,556.000000
1146.000000,1970.000000,1102.000000,2084.000000
3272.000000,1155.000000,2928.000000,1167.000000
3005.000000,2301.000000,2873.000000,2344.000000
2859.000000,1244.000000,3044.000000,1476.000000
1773.000000,1803.000000,2002.000000,2169.000000
1826.000000,1206.000000,1911.000000,1495.000000
2160.000000,3301.000000,2705.000000,3397.000000
2830.000000,3220.000000,2891.000000,3472.000000
706.000000,1542.000000,834.000000,1653.000000
543.000000,3212.000000,910.000000,3239.000000
597.000000,748.000000,681.000000,835.000000
3386.000000,133.000000,3422.000000,987.000000
416.000000,636.000000,390.000000,683.000000
2975.000000,2920.000000,3415.000000,3466.000000
2705.000000,3397.000000,2891.000000,3472.000000
2812.000000,215.000000,2920.000000,494.000000
2728.000000,2430.000000,2863.000000,2666.000000
1327.000000,2873.000000,1182.000000,2936.000000
2385.000000,2166.000000,2181.000000,2277.000000
426.000000,3319.000000,385.000000,3343.000000
2141.000000,1370.000000,2214.000000,1504.000000
3152.000000,2002.000000,3241.000000,2139.000000
518.000000,3280.000000,610.000000,3349.000000
969.000000,770.000000,1313.000000,1071.000000
828.000000,393.000000,1116.000000,518.000000
2378.000000,223.000000,2347.000000,265.000000
948.000000,2161.000000,1091.000000,2187.000000
342.000000,3018.000000,217.000000,3130.000000
121.000000,1823.000000,106.000000,2157.000000
2514.000000,1888.000000,2345.000000,1929.000000
2401.000000,1264.000000,2559.000000,1666.000000
2061.000000,543.000000,2262.000000,667.000000
1042.000000,1097.000000,751.000000,1161.000000
1444.000000,543.000000,1301.000000,834.000000
2137.000000,3227.000000,1868.000000,3385.000000
337.000000,3244.000000,302.000000,3388.000000
1649.000000,2173.000000,1599.000000,2302.000000
1116.000000,518.000000,1301.000000,834.000000
386.000000,1311.000000,284.000000,1318.000000
2986.000000,2124.000000,2937.000000,2156.000000
251.000000,2299.000000,145.000000,2422.000000
1966.000000,834.000000,1932.000000,996.000000
822.000000,814.000000,809.000000,848.000000
913.000000,2300.000000,983.000000,2434.000000
870.000000,2110.000000,713.000000,2196.000000
2421.000000,1705.000000,2098.000000,1847.000000
1575.000000,413.000000,1620.000000,656.000000
856.000000,2009.000000,948.000000,2161.000000
2335.000000,2997.000000,2137.000000,3227.000000
400.000000,1173.000000,435.000000,1272.000000
890.000000,2375.000000,746.000000,2514.000000
1818.000000,281.000000,2039.000000,311.000000
2061.000000,543.000000,2213.000000,574.000000
2863.000000,2666.000000,2610.000000,2787.000000
2920.000000,494.000000,2951.000000,712.000000
1502.000000,2218.000000,1523.000000,2511.000000
404.000000,2557.000000,534.000000,2819.000000
2192.000000,2681.000000,2335.000000,2997.000000
2213.000000,574.000000,2732.000000,740.000000
2335.000000,2997.000000,2202.000000,3178.000000
757.000000,1313.000000,284.000000,1318.000000
856.000000,2009.000000,1102.000000,2084.000000
2610.000000,2787.000000,2733.000000,2906.000000
426.000000,3319.000000,394.000000,3384.000000
2733.000000,2906.000000,2581.000000,2952.000000
2578.000000,1461.000000,2612.000000,1581.000000
2152.000000,1152.000000,2401.000000,1264.000000
483.000000,183.000000,229.000000,263.000000
2039.000000,311.000000,1809.000000,365.000000
3344.000000,3254.000000,3452.000000,3409.000000
1146.000000,1970.000000,856.000000,2009.000000
2061.000000,543.000000,2013.000000,556.000000
32.000000,1719.000000,121.000000,1823.000000
2581.000000,2952.000000,2766.000000,3136.000000
1502.000000,2218.000000,1599.000000,2302.000000
2170.000000,1110.000000,2152.000000,1152.000000
1092.000000,443.000000,1116.000000,518.000000
2053.000000,1041.000000,1975.000000,1149.000000
2701.000000,2797.000000,2733.000000,2906.000000
2062.000000,100.000000,2347.000000,265.000000
2975.000000,2920.000000,2830.000000,3220.000000
2975.000000,2920.000000,2818.000000,3050.000000
1066.000000,221.000000,1003.000000,352.000000
1975.000000,1149.000000,2045.000000,1262.000000
1344.000000,2830.000000,1399.000000,2840.000000
1399.000000,2840.000000,1487.000000,3001.000000
983.000000,2434.000000,868.000000,2542.000000
2986.000000,2124.000000,3071.000000,2215.000000
1487.000000,3001.000000,1637.000000,3297.000000
2457.000000,1106.000000,2424.000000,1223.000000
1399.000000,2840.000000,1537.000000,2899.000000
258.000000,592.000000,196.000000,790.000000
1250.000000,2300.000000,983.000000,2434.000000
1523.000000,2511.000000,1870.000000,2865.000000
145.000000,2422.000000,217.000000,3130.000000
261.000000,2286.000000,251.000000,2299.000000
481.000000,533.000000,416.000000,636.000000
2732.000000,740.000000,2668.000000,1208.000000
3316.000000,2160.000000,3357.000000,2509.000000
481.000000,533.000000,578.000000,537.000000
1801.000000,2948.000000,1736.000000,3105.000000
1213.000000,2017.000000,1250.000000,2300.000000
1870.000000,2865.000000,1966.000000,2922.000000
890.000000,2375.000000,868.000000,2542.000000
1700.000000,2870.000000,1537.000000,2899.000000
321.000000,3465.000000,2891.000000,3472.000000
1576.000000,1746.000000,1773.000000,1803.000000
2832.000000,1218.000000,2859.000000,1244.000000
1576.000000,1746.000000,1649.000000,2173.000000
681.000000,835.000000,649.000000,962.000000
1042.000000,1097.000000,1479.000000,1668.000000
1523.000000,2511.000000,1446.000000,2550.000000
578.000000,964.000000,436.000000,1109.000000
2975.000000,2920.000000,3344.000000,3254.000000
518.000000,3280.000000,559.000000,3386.000000
1066.000000,221.000000,1079.000000,294.000000
1116.000000,518.000000,661.000000,633.000000
351.000000,3038.000000,217.000000,3130.000000
1932.000000,996.000000,2134.000000,1014.000000
142.000000,2004.000000,514.000000,2075.000000
3323.000000,2094.000000,3241.000000,2139.000000
121.000000,1823.000000,142.000000,2004.000000
1599.000000,2302.000000,1523.000000,2511.000000
636.000000,1809.000000,628.000000,1918.000000
2768.000000,3084.000000,2760.000000,3103.000000
1690.000000,752.000000,1780.000000,785.000000
948.000000,2161.000000,913.000000,2300.000000
729.000000,3352.000000,559.000000,3386.000000
1313.000000,1071.000000,1363.000000,1305.000000
106.000000,2157.000000,261.000000,2286.000000
251.000000,2299.000000,326.000000,2435.000000
1289.000000,1921.000000,1213.000000,2017.000000
1289.000000,1921.000000,1250.000000,2300.000000
1884.000000,1146.000000,1975.000000,1149.000000
1042.000000,1097.000000,1278.000000,1214.000000
1650.000000,1386.000000,1479.000000,1668.000000
834.000000,1653.000000,1115.000000,1921.000000
909.000000,3018.000000,1024.000000,3088.000000
2497.000000,51.000000,2507.000000,61.000000
1726.000000,437.000000,1788.000000,650.000000
284.000000,1318.000000,706.000000,1542.000000
1913.000000,3026.000000,1736.000000,3105.000000
859.000000,126.000000,756.000000,199.000000
560.000000,512.000000,481.000000,533.000000
1070.000000,372.000000,1092.000000,443.000000
661.000000,633.000000,542.000000,706.000000
2192.000000,2681.000000,1966.000000,2922.000000
2379.000000,224.000000,2347.000000,265.000000
1459.000000,1716.000000,1459.000000,1739.000000
3357.000000,2509.000000,3130.000000,2523.000000
2928.000000,1167.000000,3186.000000,1281.000000
3272.000000,1155.000000,3358.000000,1213.000000
3237.000000,1084.000000,3333.000000,1133.000000
1526.000000,1789.000000,1283.000000,1822.000000
2485.000000,1860.000000,2514.000000,1888.000000
2812.000000,215.000000,2379.000000,224.000000
1650.000000,1386.000000,1911.000000,1495.000000
3357.000000,2509.000000,3226.000000,2694.000000
2047.000000,2511.000000,2192.000000,2681.000000
2054.000000,1346.000000,1911.000000,1495.000000
2335.000000,2997.000000,2327.000000,3208.000000
1801.000000,2948.000000,1913.000000,3026.000000
890.000000,2375.000000,983.000000,2434.000000
1773.000000,1803.000000,1969.000000,1842.000000
121.000000,1823.000000,219.000000,1876.000000
809.000000,848.000000,963.000000,1113.000000
868.000000,2542.000000,1170.000000,2770.000000
20.000000,1843.000000,102.000000,3017.000000
2268.000000,2333.000000,2464.000000,2509.000000
1825.000000,3353.000000,1822.000000,3370.000000
326.000000,2435.000000,404.000000,2557.000000
2668.000000,1208.000000,2859.000000,1244.000000
809.000000,848.000000,649.000000,962.000000
2431.000000,87.000000,2378.000000,223.000000
1482.000000,2813.000000,1344.000000,2830.000000
751.000000,1161.000000,757.000000,1313.000000
2214.000000,1504.000000,2559.000000,1666.000000
2995.000000,1800.000000,2843.000000,1902.000000
1705.000000,383.000000,1620.000000,656.000000
3323.000000,2094.000000,3316.000000,2160.000000
848.000000,2550.000000,910.000000,2624.000000
2832.000000,1218.000000,3186.000000,1281.000000
230.000000,2109.000000,261.000000,2286.000000
2668.000000,1208.000000,2578.000000,1461.000000
2796.000000,67.000000,2812.000000,215.000000
1913.000000,3026.000000,2137.000000,3227.000000
2497.000000,51.000000,2448.000000,80.000000
1984.000000,2229.000000,2181.000000,2277.000000
1730.000000,2109.000000,1649.000000,2173.000000
1007.000000,1595.000000,834.000000,1653.000000
948.000000,2161.000000,713.000000,2196.000000
1730.000000,2109.000000,1752.000000,2200.000000
1826.000000,1206.000000,1650.000000,1386.000000
250.000000,1349.000000,81.000000,1622.000000
3316.000000,2160.000000,3081.000000,2309.000000
969.000000,770.000000,822.000000,814.000000
1913.000000,3026.000000,1825.000000,3353.000000
2047.000000,2511.000000,2047.000000,2661.000000
1605.000000,759.000000,1780.000000,785.000000
2805.000000,1878.000000,2672.000000,2097.000000
3381.000000,569.000000,3077.000000,756.000000
3452.000000,3409.000000,3415.000000,3466.000000
1497.000000,2166.000000,1250.000000,2300.000000
1780.000000,785.000000,1385.000000,1024.000000
284.000000,1318.000000,258.000000,1397.000000
1182.000000,2936.000000,1024.000000,3088.000000
3430.000000,1565.000000,3323.000000,2094.000000
1102.000000,2084.000000,1091.000000,2187.000000
2796.000000,67.000000,3386.000000,133.000000
1617.000000,2670.000000,1870.000000,2865.000000
2098.000000,1847.000000,2318.000000,1873.000000
2396.000000,2992.000000,2766.000000,3136.000000
915.000000,1908.000000,1115.000000,1921.000000
859.000000,126.000000,793.000000,321.000000
3333.000000,1133.000000,3358.000000,1213.000000
1966.000000,2922.000000,2335.000000,2997.000000
2837.000000,584.000000,2951.000000,712.000000
2124.000000,2389.000000,2047.000000,2511.000000
1637.000000,3297.000000,1825.000000,3353.000000
2758.000000,3205.000000,2830.000000,3220.000000
1705.000000,383.000000,1575.000000,413.000000
2707.000000,1869.000000,2345.000000,1929.000000
2701.000000,2797.000000,2779.000000,2920.000000
2920.000000,494.000000,2837.000000,584.000000
284.000000,1318.000000,250.000000,1349.000000
1575.000000,413.000000,1444.000000,543.000000
1868.000000,3385.000000,1562.000000,3437.000000
2424.000000,1223.000000,2401.000000,1264.000000
316.000000,900.000000,436.000000,1109.000000
483.000000,237.000000,580.000000,490.000000
2061.000000,543.000000,1962.000000,948.000000
1590.000000,1140.000000,1826.000000,1206.000000
1984.000000,2229.000000,2047.000000,2511.000000
2818.000000,3050.000000,2768.000000,3084.000000
910.000000,2624.000000,741.000000,2779.000000
2345.000000,1929.000000,2375.000000,2053.000000
258.000000,592.000000,390.000000,683.000000
301.000000,2357.000000,404.000000,2557.000000
543.000000,3212.000000,426.000000,3319.000000
1803.000000,705.000000,1725.000000,717.000000
1752.000000,2450.000000,1523.000000,2511.000000
2327.000000,3208.000000,2160.000000,3301.000000
2401.000000,1264.000000,2214.000000,1504.000000
3152.000000,2002.000000,3323.000000,2094.000000
2058.000000,1346.000000,2141.000000,1370.000000
2457.000000,1106.000000,2170.000000,1110.000000
2462.000000,2815.000000,2335.000000,2997.000000
2668.000000,1208.000000,2424.000000,1223.000000
2113.000000,2084.000000,2181.000000,2277.000000
661.000000,633.000000,597.000000,748.000000
219.000000,1876.000000,562.000000,1899.000000
1250.000000,2300.000000,1344.000000,2830.000000
2098.000000,1847.000000,2485.000000,1860.000000
3430.000000,2496.000000,3226.000000,2694.000000
1259.000000,268.000000,1083.000000,357.000000
1620.000000,656.000000,1690.000000,752.000000
3104.000000,224.000000,2920.000000,494.000000
2327.000000,3208.000000,2705.000000,3397.000000
909.000000,3018.000000,543.000000,3212.000000
3186.000000,1281.000000,3188.000000,1295.000000
337.000000,3244.000000,394.000000,3384.000000
2760.000000,3103.000000,2830.000000,3220.000000
1809.000000,365.000000,1803.000000,705.000000
2152.000000,1152.000000,2141.000000,1370.000000
3192.000000,134.000000,2812.000000,215.000000
1933.000000,2747.000000,1870.000000,2865.000000
1966.000000,834.000000,1962.000000,948.000000
3071.000000,2215.000000,3081.000000,2309.000000
2534.000000,2281.000000,2464.000000,2509.000000
426.000000,3319.000000,559.000000,3386.000000
3188.000000,1295.000000,3044.000000,1476.000000
3192.000000,134.000000,3237.000000,467.000000
1091.000000,2187.000000,1250.000000,2300.000000
1024.000000,3088.000000,910.000000,3239.000000
2045.000000,1262.000000,1911.000000,1495.000000
219.000000,1876.000000,142.000000,2004.000000
1649.000000,2173.000000,1752.000000,2200.000000
746.000000,2514.000000,848.000000,2550.000000
2837.000000,584.000000,2832.000000,1218.000000
1794.000000,149.000000,1695.000000,344.000000
2559.000000,1804.000000,2707.000000,1869.000000
1023.000000,3434.000000,321.000000,3465.000000
404.000000,2557.000000,329.000000,2596.000000
1296.000000,1738.000000,1283.000000,1822.000000
390.000000,683.000000,196.000000,790.000000
2401.000000,1264.000000,2578.000000,1461.000000
431.000000,2792.000000,467.000000,2838.000000
2322.000000,1880.000000,2375.000000,2053.000000
1870.000000,2865.000000,1801.000000,2948.000000
910.000000,2624.000000,1170.000000,2770.000000
2098.000000,1847.000000,2322.000000,1880.000000
2262.000000,667.000000,1962.000000,948.000000
2424.000000,1223.000000,2578.000000,1461.000000
1003.000000,352.000000,1070.000000,372.000000
1617.000000,2670.000000,1700.000000,2870.000000
859.000000,126.000000,1003.000000,352.000000
1479.000000,1668.000000,1459.000000,1739.000000
2581.000000,2952.000000,2760.000000,3103.000000
2439.000000,2727.000000,2462.000000,2815.000000
3374.000000,3217.000000,3452.000000,3409.000000
1363.000000,1305.000000,1479.000000,1668.000000
3188.000000,1295.000000,3452.000000,1320.000000
593.000000,1139.000000,435.000000,1272.000000
741.000000,2779.000000,526.000000,3120.000000
915.000000,1908.000000,1107.000000,1924.000000
20.000000,1843.000000,106.000000,2157.000000
1116.000000,518.000000,822.000000,814.000000
212.000000,2380.000000,145.000000,2422.000000
3344.000000,3254.000000,3415.000000,3466.000000
390.000000,683.000000,681.000000,835.000000
327.000000,1664.000000,121.000000,1823.000000
1809.000000,365.000000,1726.000000,437.000000
258.000000,592.000000,416.000000,636.000000
329.000000,2596.000000,431.000000,2792.000000
910.000000,3239.000000,729.000000,3352.000000
1537.000000,2899.000000,1487.000000,3001.000000
649.000000,962.000000,751.000000,1161.000000
2843.000000,1902.000000,2821.000000,1958.000000
1482.000000,2813.000000,1399.000000,2840.000000
2062.000000,100.000000,1794.000000,149.000000
81.000000,1622.000000,121.000000,1823.000000
2812.000000,215.000000,2213.000000,574.000000
2837.000000,584.000000,2668.000000,1208.000000
759.000000,1670.000000,636.000000,1809.000000
436.000000,1109.000000,261.000000,1250.000000
2457.000000,1106.000000,2152.000000,1152.000000
1459.000000,1739.000000,1283.000000,1822.000000
1115.000000,1921.000000,1146.000000,1970.000000
2612.000000,1581.000000,2707.000000,1869.000000
543.000000,3212.000000,729.000000,3352.000000
2986.000000,2124.000000,3241.000000,2139.000000
102.000000,3017.000000,217.000000,3130.000000
2805.000000,1878.000000,2821.000000,1958.000000
3237.000000,467.000000,3349.000000,566.000000
2322.000000,1880.000000,2385.000000,2166.000000
1170.000000,2770.000000,1182.000000,2936.000000
713.000000,2196.000000,261.000000,2286.000000
2137.000000,3227.000000,2160.000000,3301.000000
1870.000000,2865.000000,1700.000000,2870.000000
3272.000000,1155.000000,3452.000000,1320.000000
2053.000000,1041.000000,2045.000000,1262.000000
2798.000000,2146.000000,2873.000000,2344.000000
327.000000,1664.000000,636.000000,1809.000000
2385.000000,2166.000000,2268.000000,2333.000000
1296.000000,1738.000000,1459.000000,1739.000000
3241.000000,2139.000000,3071.000000,2215.000000
2385.000000,2166.000000,2534.000000,2281.000000
3349.000000,566.000000,3381.000000,569.000000
3481.000000,2745.000000,3452.000000,3409.000000
261.000000,1250.000000,284.000000,1318.000000
2507.000000,61.000000,2796.000000,67.000000
2061.000000,543.000000,1986.000000,815.000000
2497.000000,51.000000,2062.000000,100.000000
1023.000000,3434.000000,2891.000000,3472.000000
145.000000,2422.000000,431.000000,2792.000000
580.000000,490.000000,481.000000,533.000000
681.000000,71.000000,756.000000,199.000000
1330.000000,3020.000000,1184.000000,3149.000000
3081.000000,2309.000000,3130.000000,2523.000000
526.000000,3120.000000,543.000000,3212.000000
400.000000,1173.000000,386.000000,1311.000000
1826.000000,1206.000000,2045.000000,1262.000000
1003.000000,352.000000,1116.000000,518.000000
514.000000,2075.000000,261.000000,2286.000000
20.000000,1843.000000,8.000000,3244.000000
