POINTS
1728.000000,1.000000
2003.000000,13.000000
1431.000000,16.000000
823.000000,25.000000
1064.000000,26.000000
28.000000,56.000000
78.000000,60.000000
2121.000000,66.000000
174.000000,72.000000
72.000000,77.000000
3179.000000,88.000000
1880.000000,114.000000
3368.000000,114.000000
973.000000,161.000000
2394.000000,167.000000
1003.000000,171.000000
1380.000000,177.000000
3189.000000,211.000000
830.000000,233.000000
1918.000000,245.000000
2910.000000,246.000000
3131.000000,251.000000
198.000000,256.000000
69.000000,260.000000
3390.000000,275.000000
2008.000000,283.000000
3009.000000,290.000000
1040.000000,315.000000
2809.000000,334.000000
2870.000000,336.000000
2146.000000,340.000000
3403.000000,358.000000
853.000000,384.000000
604.000000,394.000000
951.000000,398.000000
2840.000000,415.000000
273.000000,423.000000
2703.000000,439.000000
217.000000,458.000000
444.000000,477.000000
494.000000,487.000000
2026.000000,496.000000
1080.000000,508.000000
507.000000,535.000000
3228.000000,547.000000
2336.000000,572.000000
1502.000000,577.000000
343.000000,588.000000
2615.000000,588.000000
3033.000000,592.000000
1143.000000,598.000000
667.000000,602.000000
75.000000,611.000000
2162.000000,611.000000
2886.000000,612.000000
2376.000000,629.000000
2348.000000,634.000000
2677.000000,636.000000
1575.000000,640.000000
1072.000000,643.000000
1256.000000,651.000000
3104.000000,654.000000
2614.000000,667.000000
278.000000,679.000000
2689.000000,680.000000
72.000000,699.000000
1344.000000,719.000000
2718.000000,745.000000
1828.000000,752.000000
888.000000,754.000000
2603.000000,769.000000
2060.000000,789.000000
2875.000000,796.000000
3005.000000,797.000000
1055.000000,798.000000
771.000000,800.000000
3008.000000,803.000000
853.000000,823.000000
1035.000000,823.000000
2348.000000,828.000000
11.000000,832.000000
2384.000000,879.000000
3196.000000,881.000000
510.000000,882.000000
1853.000000,886.000000
687.000000,897.000000
2450.000000,900.000000
2209.000000,912.000000
1247.000000,915.000000
3445.000000,916.000000
1982.000000,949.000000
1983.000000,958.000000
229.000000,965.000000
2138.000000,968.000000
3334.000000,970.000000
1836.000000,974.000000
2598.000000,1039.000000
729.000000,1044.000000
2774.000000,1053.000000
2723.000000,1058.000000
556.000000,1072.000000
2201.000000,1083.000000
3220.000000,1091.000000
1502.000000,1109.000000
1147.000000,1113.000000
2858.000000,1129.000000
58.000000,1133.000000
711.000000,1188.000000
2532.000000,1193.000000
1834.000000,1195.000000
617.000000,1200.000000
2217.000000,1209.000000
3346.000000,1218.000000
2554.000000,1229.000000
327.000000,1247.000000
2150.000000,1258.000000
2279.000000,1262.000000
3407.000000,1290.000000
682.000000,1303.000000
146.000000,1308.000000
2102.000000,1327.000000
1362.000000,1339.000000
1251.000000,1349.000000
875.000000,1358.000000
3393.000000,1390.000000
3014.000000,1397.000000
1471.000000,1404.000000
2012.000000,1414.000000
1142.000000,1415.000000
261.000000,1441.000000
2004.000000,1451.000000
3508.000000,1483.000000
2630.000000,1487.000000
1823.000000,1492.000000
873.000000,1499.000000
1953.000000,1512.000000
344.000000,1531.000000
144.000000,1532.000000
1631.000000,1541.000000
747.000000,1545.000000
1177.000000,1562.000000
3378.000000,1562.000000
3190.000000,1580.000000
300.000000,1582.000000
554.000000,1590.000000
2922.000000,1600.000000
417.000000,1616.000000
1949.000000,1625.000000
2437.000000,1631.000000
1457.000000,1633.000000
1273.000000,1635.000000
2895.000000,1645.000000
1015.000000,1658.000000
2331.000000,1659.000000
3423.000000,1670.000000
3383.000000,1675.000000
1753.000000,1697.000000
2522.000000,1709.000000
1626.000000,1711.000000
1073.000000,1712.000000
6.000000,1729.000000
161.000000,1733.000000
3149.000000,1745.000000
847.000000,1748.000000
1100.000000,1751.000000
1120.000000,1757.000000
2269.000000,1759.000000
1500.000000,1768.000000
2493.000000,1777.000000
3395.000000,1782.000000
2656.000000,1788.000000
2875.000000,1792.000000
323.000000,1798.000000
242.000000,1813.000000
2232.000000,1830.000000
2883.000000,1838.000000
2991.000000,1860.000000
2514.000000,1868.000000
54.000000,1891.000000
787.000000,1903.000000
1057.000000,1911.000000
380.000000,1931.000000
3358.000000,1939.000000
3471.000000,1942.000000
2195.000000,1944.000000
332.000000,1949.000000
2523.000000,1957.000000
1530.000000,1973.000000
1380.000000,1975.000000
103.000000,1981.000000
2030.000000,1981.000000
896.000000,1990.000000
1898.000000,2002.000000
2474.000000,2011.000000
449.000000,2012.000000
2927.000000,2013.000000
771.000000,2016.000000
1071.000000,2042.000000
2255.000000,2051.000000
727.000000,2056.000000
2018.000000,2063.000000
3183.000000,2076.000000
267.000000,2091.000000
990.000000,2106.000000
1546.000000,2107.000000
3171.000000,2128.000000
2943.000000,2135.000000
3424.000000,2135.000000
2063.000000,2142.000000
3438.000000,2175.000000
2924.000000,2178.000000
1956.000000,2186.000000
2860.000000,2189.000000
2714.000000,2194.000000
1091.000000,2205.000000
2966.000000,2213.000000
1636.000000,2218.000000
1109.000000,2230.000000
399.000000,2246.000000
2382.000000,2262.000000
3361.000000,2263.000000
468.000000,2266.000000
2559.000000,2266.000000
752.000000,2276.000000
1353.000000,2283.000000
592.000000,2290.000000
3473.000000,2290.000000
469.000000,2311.000000
2933.000000,2330.000000
1223.000000,2332.000000
2717.000000,2338.000000
3059.000000,2352.000000
3352.000000,2368.000000
382.000000,2378.000000
1480.000000,2402.000000
2962.000000,2406.000000
700.000000,2410.000000
690.000000,2411.000000
536.000000,2417.000000
3264.000000,2431.000000
558.000000,2432.000000
169.000000,2433.000000
2973.000000,2437.000000
3213.000000,2499.000000
466.000000,2500.000000
3308.000000,2501.000000
2037.000000,2514.000000
293.000000,2523.000000
297.000000,2528.000000
2474.000000,2530.000000
1776.000000,2532.000000
1829.000000,2551.000000
2653.000000,2568.000000
1810.000000,2569.000000
1586.000000,2598.000000
231.000000,2606.000000
2990.000000,2625.000000
38.000000,2626.000000
463.000000,2640.000000
325.000000,2658.000000
1354.000000,2661.000000
859.000000,2665.000000
2343.000000,2700.000000
560.000000,2701.000000
666.000000,2708.000000
2818.000000,2709.000000
2121.000000,2716.000000
2782.000000,2721.000000
3075.000000,2732.000000
899.000000,2748.000000
2786.000000,2756.000000
610.000000,2782.000000
2208.000000,2784.000000
1907.000000,2813.000000
3506.000000,2819.000000
1701.000000,2860.000000
1801.000000,2867.000000
28.000000,2878.000000
2100.000000,2879.000000
942.000000,2886.000000
1559.000000,2896.000000
2607.000000,2909.000000
2602.000000,2910.000000
3270.000000,2926.000000
1675.000000,2945.000000
3293.000000,2946.000000
2242.000000,2947.000000
1183.000000,2967.000000
2225.000000,2973.000000
3507.000000,2975.000000
2680.000000,2994.000000
521.000000,3004.000000
2195.000000,3006.000000
689.000000,3009.000000
2644.000000,3016.000000
3331.000000,3022.000000
513.000000,3036.000000
206.000000,3040.000000
575.000000,3042.000000
965.000000,3068.000000
1425.000000,3073.000000
2813.000000,3078.000000
1775.000000,3085.000000
404.000000,3105.000000
733.000000,3112.000000
2905.000000,3115.000000
3248.000000,3136.000000
2436.000000,3149.000000
95.000000,3150.000000
2568.000000,3165.000000
3071.000000,3180.000000
2631.000000,3206.000000
1157.000000,3209.000000
2140.000000,3238.000000
797.000000,3257.000000
2842.000000,3261.000000
2890.000000,3261.000000
280.000000,3263.000000
3121.000000,3264.000000
1791.000000,3278.000000
3027.000000,3293.000000
2975.000000,3303.000000
442.000000,3310.000000
1816.000000,3313.000000
2412.000000,3323.000000
2441.000000,3329.000000
2531.000000,3330.000000
2413.000000,3335.000000
1568.000000,3346.000000
1701.000000,3350.000000
1522.000000,3367.000000
2565.000000,3375.000000
1598.000000,3380.000000
3410.000000,3381.000000
748.000000,3386.000000
3313.000000,3395.000000
1914.000000,3397.000000
2568.000000,3401.000000
3138.000000,3401.000000
644.000000,3402.000000
1237.000000,3404.000000
3516.000000,3410.000000
3160.000000,3428.000000
1682.000000,3436.000000
243.000000,3455.000000
341.000000,3471.000000
2180.000000,3471.000000
1332.000000,3483.000000
1548.000000,3488.000000
1427.000000,3493.000000
1995.000000,3497.000000
2437.000000,3497.000000
1250.000000,3510.000000
835.000000,3512.000000
LINES
1100.000000,1751.000000,1120.000000,1757.000000
2336.000000,572.000000,2348.000000,828.000000
2703.000000,439.000000,2677.000000,636.000000
2677.000000,636.000000,2718.000000,745.000000
2121.000000,66.000000,3179.000000,88.000000
2924.000000,2178.000000,2933.000000,2330.000000
1143.000000,598.000000,1072.000000,643.000000
404.000000,3105.000000,280.000000,3263.000000
2003.000000,13.000000,3179.000000,88.000000
1636.000000,2218.000000,1480.000000,2402.000000
28.000000,56.000000,72.000000,77.000000
3059.000000,2352.000000,2973.000000,2437.000000
1949.000000,1625.000000,2269.000000,1759.000000
2927.000000,2013.000000,2943.000000,2135.000000
2630.000000,1487.000000,2656.000000,1788.000000
2809.000000,334.000000,2703.000000,439.000000
896.000000,1990.000000,990.000000,2106.000000
859.000000,2665.000000,942.000000,2886.000000
823.000000,25.000000,174.000000,72.000000
1003.000000,171.000000,1040.000000,315.000000
2232.000000,1830.000000,2195.000000,1944.000000
2615.000000,588.000000,2376.000000,629.000000
3228.000000,547.000000,3445.000000,916.000000
2437.000000,1631.000000,2331.000000,1659.000000
1015.000000,1658.000000,847.000000,1748.000000
3171.000000,2128.000000,3264.000000,2431.000000
2450.000000,900.000000,2598.000000,1039.000000
2343.000000,2700.000000,2436.000000,3149.000000
2677.000000,636.000000,2689.000000,680.000000
2208.000000,2784.000000,2100.000000,2879.000000
3516.000000,3410.000000,3160.000000,3428.000000
174.000000,72.000000,198.000000,256.000000
2598.000000,1039.000000,2279.000000,1262.000000
873.000000,1499.000000,847.000000,1748.000000
169.000000,2433.000000,38.000000,2626.000000
144.000000,1532.000000,323.000000,1798.000000
3383.000000,1675.000000,3149.000000,1745.000000
2522.000000,1709.000000,2493.000000,1777.000000
2343.000000,2700.000000,2208.000000,2784.000000
3270.000000,2926.000000,3331.000000,3022.000000
1631.000000,1541.000000,1949.000000,1625.000000
11.000000,832.000000,229.000000,965.000000
2602.000000,2910.000000,2436.000000,3149.000000
942.000000,2886.000000,733.000000,3112.000000
3445.000000,916.000000,3334.000000,970.000000
2195.000000,1944.000000,2030.000000,1981.000000
2060.000000,789.000000,2348.000000,828.000000
1728.000000,1.000000,823.000000,25.000000
2384.000000,879.000000,2201.000000,1083.000000
3033.000000,592.000000,3008.000000,803.000000
273.000000,423.000000,343.000000,588.000000
1354.000000,2661.000000,1559.000000,2896.000000
2818.000000,2709.000000,2782.000000,2721.000000
1701.000000,2860.000000,1559.000000,2896.000000
2895.000000,1645.000000,2875.000000,1792.000000
399.000000,2246.000000,752.000000,2276.000000
2348.000000,828.000000,2384.000000,879.000000
382.000000,2378.000000,325.000000,2658.000000
2180.000000,3471.000000,1995.000000,3497.000000
3508.000000,1483.000000,3506.000000,2819.000000
875.000000,1358.000000,873.000000,1499.000000
2602.000000,2910.000000,2644.000000,3016.000000
2554.000000,1229.000000,2437.000000,1631.000000
2008.000000,283.000000,2026.000000,496.000000
3346.000000,1218.000000,3407.000000,1290.000000
380.000000,1931.000000,449.000000,2012.000000
3361.000000,2263.000000,3352.000000,2368.000000
3179.000000,88.000000,2394.000000,167.000000
2474.000000,2011.000000,2255.000000,2051.000000
3027.000000,3293.000000,2975.000000,3303.000000
592.000000,2290.000000,469.000000,2311.000000
2973.000000,2437.000000,2990.000000,2625.000000
2382.000000,2262.000000,2037.000000,2514.000000
711.000000,1188.000000,875.000000,1358.000000
2018.000000,2063.000000,1956.000000,2186.000000
2842.000000,3261.000000,2568.000000,3401.000000
610.000000,2782.000000,689.000000,3009.000000
787.000000,1903.000000,771.000000,2016.000000
217.000000,458.000000,75.000000,611.000000
3196.000000,881.000000,3334.000000,970.000000
3270.000000,2926.000000,3293.000000,2946.000000
1880.000000,114.000000,2008.000000,283.000000
1057.000000,1911.000000,896.000000,1990.000000
278.000000,679.000000,510.000000,882.000000
727.000000,2056.000000,752.000000,2276.000000
1548.000000,3488.000000,1427.000000,3493.000000
1816.000000,3313.000000,1995.000000,3497.000000
399.000000,2246.000000,468.000000,2266.000000
72.000000,77.000000,69.000000,260.000000
875.000000,1358.000000,1142.000000,1415.000000
3368.000000,114.000000,3403.000000,358.000000
2030.000000,1981.000000,2018.000000,2063.000000
689.000000,3009.000000,513.000000,3036.000000
748.000000,3386.000000,835.000000,3512.000000
2531.000000,3330.000000,2437.000000,3497.000000
859.000000,2665.000000,610.000000,2782.000000
1728.000000,1.000000,1918.000000,245.000000
3190.000000,1580.000000,2922.000000,1600.000000
2680.000000,2994.000000,2813.000000,3078.000000
3131.000000,251.000000,3228.000000,547.000000
1918.000000,245.000000,1502.000000,577.000000
1072.000000,643.000000,888.000000,754.000000
617.000000,1200.000000,682.000000,1303.000000
2813.000000,3078.000000,2905.000000,3115.000000
2195.000000,1944.000000,2018.000000,2063.000000
399.000000,2246.000000,469.000000,2311.000000
2603.000000,769.000000,2875.000000,796.000000
965.000000,3068.000000,1157.000000,3209.000000
823.000000,25.000000,78.000000,60.000000
1918.000000,245.000000,2026.000000,496.000000
3071.000000,3180.000000,3121.000000,3264.000000
787.000000,1903.000000,727.000000,2056.000000
1057.000000,1911.000000,990.000000,2106.000000
1071.000000,2042.000000,990.000000,2106.000000
1753.000000,1697.000000,1546.000000,2107.000000
2924.000000,2178.000000,2966.000000,2213.000000
2037.000000,2514.000000,1829.000000,2551.000000
146.000000,1308.000000,261.000000,1441.000000
2875.000000,796.000000,3005.000000,797.000000
1836.000000,974.000000,1834.000000,1195.000000
847.000000,1748.000000,1100.000000,1751.000000
787.000000,1903.000000,896.000000,1990.000000
1522.000000,3367.000000,1237.000000,3404.000000
1675.000000,2945.000000,1425.000000,3073.000000
2883.000000,1838.000000,2991.000000,1860.000000
28.000000,56.000000,69.000000,260.000000
1425.000000,3073.000000,1522.000000,3367.000000
1983.000000,958.000000,2102.000000,1327.000000
2991.000000,1860.000000,2927.000000,2013.000000
644.000000,3402.000000,341.000000,3471.000000
58.000000,1133.000000,327.000000,1247.000000
2966.000000,2213.000000,2933.000000,2330.000000
2677.000000,636.000000,2614.000000,667.000000
2860.000000,2189.000000,2933.000000,2330.000000
2602.000000,2910.000000,2568.000000,3165.000000
1457.000000,1633.000000,1500.000000,1768.000000
2554.000000,1229.000000,2331.000000,1659.000000
575.000000,3042.000000,404.000000,3105.000000
2343.000000,2700.000000,2242.000000,2947.000000
2474.000000,2530.000000,2786.000000,2756.000000
206.000000,3040.000000,280.000000,3263.000000
2905.000000,3115.000000,2890.000000,3261.000000
610.000000,2782.000000,521.000000,3004.000000
2966.000000,2213.000000,3059.000000,2352.000000
2883.000000,1838.000000,2523.000000,1957.000000
3220.000000,1091.000000,3190.000000,1580.000000
2910.000000,246.000000,2809.000000,334.000000
554.000000,1590.000000,417.000000,1616.000000
3507.000000,2975.000000,3331.000000,3022.000000
3352.000000,2368.000000,3308.000000,2501.000000
2607.000000,2909.000000,2680.000000,2994.000000
507.000000,535.000000,687.000000,897.000000
1157.000000,3209.000000,1250.000000,3510.000000
327.000000,1247.000000,146.000000,1308.000000
2703.000000,439.000000,2718.000000,745.000000
2990.000000,2625.000000,3121.000000,3264.000000
2100.000000,2879.000000,1914.000000,3397.000000
2858.000000,1129.000000,2895.000000,1645.000000
2343.000000,2700.000000,2602.000000,2910.000000
3149.000000,1745.000000,3183.000000,2076.000000
198.000000,256.000000,217.000000,458.000000
1362.000000,1339.000000,1251.000000,1349.000000
1177.000000,1562.000000,1273.000000,1635.000000
231.000000,2606.000000,325.000000,2658.000000
2680.000000,2994.000000,2631.000000,3206.000000
327.000000,1247.000000,682.000000,1303.000000
2786.000000,2756.000000,2607.000000,2909.000000
1834.000000,1195.000000,2012.000000,1414.000000
1055.000000,798.000000,1035.000000,823.000000
823.000000,25.000000,444.000000,477.000000
2554.000000,1229.000000,2102.000000,1327.000000
2973.000000,2437.000000,3075.000000,2732.000000
2522.000000,1709.000000,2656.000000,1788.000000
2121.000000,2716.000000,2100.000000,2879.000000
3121.000000,3264.000000,3027.000000,3293.000000
1829.000000,2551.000000,2121.000000,2716.000000
3014.000000,1397.000000,2895.000000,1645.000000
243.000000,3455.000000,341.000000,3471.000000
853.000000,823.000000,1147.000000,1113.000000
327.000000,1247.000000,417.000000,1616.000000
6.000000,1729.000000,28.000000,2878.000000
1949.000000,1625.000000,2030.000000,1981.000000
1250.000000,3510.000000,835.000000,3512.000000
444.000000,477.000000,494.000000,487.000000
2514.000000,1868.000000,2523.000000,1957.000000
2689.000000,680.000000,2718.000000,745.000000
847.000000,1748.000000,323.000000,1798.000000
513.000000,3036.000000,575.000000,3042.000000
3189.000000,211.000000,3131.000000,251.000000
198.000000,256.000000,75.000000,611.000000
973.000000,161.000000,1003.000000,171.000000
689.000000,3009.000000,733.000000,3112.000000
399.000000,2246.000000,592.000000,2290.000000
1522.000000,3367.000000,1598.000000,3380.000000
2394.000000,167.000000,2703.000000,439.000000
3071.000000,3180.000000,3027.000000,3293.000000
2723.000000,1058.000000,2858.000000,1129.000000
280.000000,3263.000000,341.000000,3471.000000
417.000000,1616.000000,323.000000,1798.000000
466.000000,2500.000000,463.000000,2640.000000
3189.000000,211.000000,3009.000000,290.000000
2146.000000,340.000000,2026.000000,496.000000
469.000000,2311.000000,382.000000,2378.000000
3471.000000,1942.000000,3473.000000,2290.000000
2012.000000,1414.000000,2004.000000,1451.000000
1502.000000,1109.000000,1834.000000,1195.000000
3179.000000,88.000000,2910.000000,246.000000
174.000000,72.000000,72.000000,77.000000
2603.000000,769.000000,2723.000000,1058.000000
2714.000000,2194.000000,2559.000000,2266.000000
1072.000000,643.000000,1055.000000,798.000000
1502.000000,1109.000000,1471.000000,1404.000000
521.000000,3004.000000,404.000000,3105.000000
1775.000000,3085.000000,1791.000000,3278.000000
1003.000000,171.000000,853.000000,384.000000
3403.000000,358.000000,3508.000000,1483.000000
3264.000000,2431.000000,2973.000000,2437.000000
2331.000000,1659.000000,2269.000000,1759.000000
2201.000000,1083.000000,2279.000000,1262.000000
267.000000,2091.000000,399.000000,2246.000000
3506.000000,2819.000000,3293.000000,2946.000000
463.000000,2640.000000,325.000000,2658.000000
169.000000,2433.000000,293.000000,2523.000000
103.000000,1981.000000,293.000000,2523.000000
700.000000,2410.000000,859.000000,2665.000000
2598.000000,1039.000000,2723.000000,1058.000000
3358.000000,1939.000000,3171.000000,2128.000000
3378.000000,1562.000000,3190.000000,1580.000000
1109.000000,2230.000000,1223.000000,2332.000000
1636.000000,2218.000000,1353.000000,2283.000000
1071.000000,2042.000000,1353.000000,2283.000000
2201.000000,1083.000000,2102.000000,1327.000000
510.000000,882.000000,327.000000,1247.000000
293.000000,2523.000000,38.000000,2626.000000
3445.000000,916.000000,3508.000000,1483.000000
1791.000000,3278.000000,1701.000000,3350.000000
556.000000,1072.000000,711.000000,1188.000000
28.000000,2878.000000,404.000000,3105.000000
58.000000,1133.000000,144.000000,1532.000000
2102.000000,1327.000000,1949.000000,1625.000000
3138.000000,3401.000000,3160.000000,3428.000000
2018.000000,2063.000000,2063.000000,2142.000000
95.000000,3150.000000,280.000000,3263.000000
1040.000000,315.000000,951.000000,398.000000
3104.000000,654.000000,3008.000000,803.000000
2782.000000,2721.000000,2786.000000,2756.000000
2615.000000,588.000000,2677.000000,636.000000
1918.000000,245.000000,1575.000000,640.000000
2138.000000,968.000000,2102.000000,1327.000000
1701.000000,2860.000000,1675.000000,2945.000000
1237.000000,3404.000000,1250.000000,3510.000000
2990.000000,2625.000000,2905.000000,3115.000000
823.000000,25.000000,28.000000,56.000000
1471.000000,1404.000000,1631.000000,1541.000000
2631.000000,3206.000000,2140.000000,3238.000000
449.000000,2012.000000,727.000000,2056.000000
3473.000000,2290.000000,3352.000000,2368.000000
344.000000,1531.000000,417.000000,1616.000000
1586.000000,2598.000000,1559.000000,2896.000000
404.000000,3105.000000,442.000000,3310.000000
3378.000000,1562.000000,3423.000000,1670.000000
2394.000000,167.000000,2008.000000,283.000000
2614.000000,667.000000,2718.000000,745.000000
69.000000,260.000000,75.000000,611.000000
1143.000000,598.000000,1055.000000,798.000000
942.000000,2886.000000,689.000000,3009.000000
2842.000000,3261.000000,2890.000000,3261.000000
1247.000000,915.000000,1147.000000,1113.000000
1956.000000,2186.000000,1636.000000,2218.000000
2943.000000,2135.000000,2714.000000,2194.000000
2883.000000,1838.000000,2559.000000,2266.000000
1247.000000,915.000000,1502.000000,1109.000000
797.000000,3257.000000,835.000000,3512.000000
327.000000,1247.000000,873.000000,1499.000000
830.000000,233.000000,853.000000,384.000000
3033.000000,592.000000,2875.000000,796.000000
1834.000000,1195.000000,1471.000000,1404.000000
2026.000000,496.000000,2162.000000,611.000000
1568.000000,3346.000000,1682.000000,3436.000000
2063.000000,2142.000000,2037.000000,2514.000000
2441.000000,3329.000000,2531.000000,3330.000000
3190.000000,1580.000000,3383.000000,1675.000000
2607.000000,2909.000000,2602.000000,2910.000000
1834.000000,1195.000000,1631.000000,1541.000000
558.000000,2432.000000,466.000000,2500.000000
1675.000000,2945.000000,1775.000000,3085.000000
2531.000000,3330.000000,2568.000000,3401.000000
3183.000000,2076.000000,2943.000000,2135.000000
2614.000000,667.000000,2689.000000,680.000000
2991.000000,1860.000000,3183.000000,2076.000000
797.000000,3257.000000,748.000000,3386.000000
1631.000000,1541.000000,1457.000000,1633.000000
3071.000000,3180.000000,2975.000000,3303.000000
2394.000000,167.000000,2146.000000,340.000000
3313.000000,3395.000000,3516.000000,3410.000000
859.000000,2665.000000,666.000000,2708.000000
2336.000000,572.000000,2376.000000,629.000000
2717.000000,2338.000000,2782.000000,2721.000000
2394.000000,167.000000,2615.000000,588.000000
823.000000,25.000000,973.000000,161.000000
280.000000,3263.000000,442.000000,3310.000000
1776.000000,2532.000000,1829.000000,2551.000000
382.000000,2378.000000,536.000000,2417.000000
161.000000,1733.000000,242.000000,1813.000000
1586.000000,2598.000000,1701.000000,2860.000000
823.000000,25.000000,604.000000,394.000000
1586.000000,2598.000000,1354.000000,2661.000000
847.000000,1748.000000,1057.000000,1911.000000
1332.000000,3483.000000,1427.000000,3493.000000
700.000000,2410.000000,666.000000,2708.000000
144.000000,1532.000000,6.000000,1729.000000
617.000000,1200.000000,327.000000,1247.000000
2146.000000,340.000000,2336.000000,572.000000
2201.000000,1083.000000,2150.000000,1258.000000
2565.000000,3375.000000,2568.000000,3401.000000
2225.000000,2973.000000,2436.000000,3149.000000
2860.000000,2189.000000,2973.000000,2437.000000
1853.000000,886.000000,1982.000000,949.000000
510.000000,882.000000,687.000000,897.000000
682.000000,1303.000000,875.000000,1358.000000
463.000000,2640.000000,521.000000,3004.000000
1427.000000,3493.000000,1250.000000,3510.000000
1828.000000,752.000000,1853.000000,886.000000
1816.000000,3313.000000,1914.000000,3397.000000
752.000000,2276.000000,1354.000000,2661.000000
2875.000000,1792.000000,2991.000000,1860.000000
1898.000000,2002.000000,2018.000000,2063.000000
2603.000000,769.000000,2348.000000,828.000000
2522.000000,1709.000000,2514.000000,1868.000000
3508.000000,1483.000000,3378.000000,1562.000000
2933.000000,2330.000000,2962.000000,2406.000000
1626.000000,1711.000000,1500.000000,1768.000000
951.000000,398.000000,494.000000,487.000000
332.000000,1949.000000,267.000000,2091.000000
2493.000000,1777.000000,2255.000000,2051.000000
1853.000000,886.000000,1836.000000,974.000000
3393.000000,1390.000000,3190.000000,1580.000000
1575.000000,640.000000,1247.000000,915.000000
1380.000000,177.000000,1040.000000,315.000000
2927.000000,2013.000000,2559.000000,2266.000000
300.000000,1582.000000,417.000000,1616.000000
3358.000000,1939.000000,3424.000000,2135.000000
1728.000000,1.000000,1431.000000,16.000000
2718.000000,745.000000,2875.000000,796.000000
3149.000000,1745.000000,2991.000000,1860.000000
2631.000000,3206.000000,2568.000000,3401.000000
1120.000000,1757.000000,1380.000000,1975.000000
261.000000,1441.000000,344.000000,1531.000000
1064.000000,26.000000,1380.000000,177.000000
2437.000000,1631.000000,2255.000000,2051.000000
2809.000000,334.000000,2840.000000,415.000000
2603.000000,769.000000,2450.000000,900.000000
72.000000,699.000000,11.000000,832.000000
3179.000000,88.000000,3009.000000,290.000000
1675.000000,2945.000000,1568.000000,3346.000000
752.000000,2276.000000,859.000000,2665.000000
1631.000000,1541.000000,1626.000000,1711.000000
1273.000000,1635.000000,1380.000000,1975.000000
3121.000000,3264.000000,3138.000000,3401.000000
2924.000000,2178.000000,2860.000000,2189.000000
3508.000000,1483.000000,3423.000000,1670.000000
1143.000000,598.000000,1256.000000,651.000000
2842.000000,3261.000000,2975.000000,3303.000000
2523.000000,1957.000000,2559.000000,2266.000000
942.000000,2886.000000,965.000000,3068.000000
1546.000000,2107.000000,1353.000000,2283.000000
604.000000,394.000000,494.000000,487.000000
2018.000000,2063.000000,1546.000000,2107.000000
2063.000000,2142.000000,1956.000000,2186.000000
2413.000000,3335.000000,2180.000000,3471.000000
174.000000,72.000000,69.000000,260.000000
687.000000,897.000000,729.000000,1044.000000
3009.000000,290.000000,2840.000000,415.000000
727.000000,2056.000000,399.000000,2246.000000
1828.000000,752.000000,1836.000000,974.000000
2140.000000,3238.000000,2180.000000,3471.000000
1072.000000,643.000000,1035.000000,823.000000
1801.000000,2867.000000,2100.000000,2879.000000
2532.000000,1193.000000,2279.000000,1262.000000
2860.000000,2189.000000,2714.000000,2194.000000
2003.000000,13.000000,1880.000000,114.000000
2630.000000,1487.000000,2895.000000,1645.000000
1828.000000,752.000000,2060.000000,789.000000
217.000000,458.000000,343.000000,588.000000
1003.000000,171.000000,830.000000,233.000000
2860.000000,2189.000000,2717.000000,2338.000000
1775.000000,3085.000000,1914.000000,3397.000000
1829.000000,2551.000000,2100.000000,2879.000000
2232.000000,1830.000000,2030.000000,1981.000000
771.000000,800.000000,853.000000,823.000000
2063.000000,2142.000000,2382.000000,2262.000000
3190.000000,1580.000000,3149.000000,1745.000000
1480.000000,2402.000000,1354.000000,2661.000000
327.000000,1247.000000,554.000000,1590.000000
2990.000000,2625.000000,2818.000000,2709.000000
2474.000000,2530.000000,2602.000000,2910.000000
382.000000,2378.000000,297.000000,2528.000000
965.000000,3068.000000,733.000000,3112.000000
2990.000000,2625.000000,2786.000000,2756.000000
3507.000000,2975.000000,3313.000000,3395.000000
2774.000000,1053.000000,2858.000000,1129.000000
261.000000,1441.000000,144.000000,1532.000000
3383.000000,1675.000000,3395.000000,1782.000000
682.000000,1303.000000,873.000000,1499.000000
2474.000000,2530.000000,2208.000000,2784.000000
2436.000000,3149.000000,2568.000000,3165.000000
3473.000000,2290.000000,3308.000000,2501.000000
1480.000000,2402.000000,1776.000000,2532.000000
2554.000000,1229.000000,2630.000000,1487.000000
2703.000000,439.000000,2886.000000,612.000000
1568.000000,3346.000000,1701.000000,3350.000000
2990.000000,2625.000000,3071.000000,3180.000000
554.000000,1590.000000,323.000000,1798.000000
771.000000,800.000000,687.000000,897.000000
327.000000,1247.000000,747.000000,1545.000000
2030.000000,1981.000000,1898.000000,2002.000000
3171.000000,2128.000000,3361.000000,2263.000000
2531.000000,3330.000000,2565.000000,3375.000000
1559.000000,2896.000000,1425.000000,3073.000000
2813.000000,3078.000000,2842.000000,3261.000000
1836.000000,974.000000,1502.000000,1109.000000
3190.000000,1580.000000,2875.000000,1792.000000
2121.000000,66.000000,2008.000000,283.000000
2631.000000,3206.000000,2531.000000,3330.000000
1853.000000,886.000000,2138.000000,968.000000
1522.000000,3367.000000,1332.000000,3483.000000
3445.000000,916.000000,3407.000000,1290.000000
2653.000000,2568.000000,2782.000000,2721.000000
2336.000000,572.000000,2162.000000,611.000000
942.000000,2886.000000,1183.000000,2967.000000
1183.000000,2967.000000,965.000000,3068.000000
2717.000000,2338.000000,2653.000000,2568.000000
3424.000000,2135.000000,3361.000000,2263.000000
3059.000000,2352.000000,3264.000000,2431.000000
3506.000000,2819.000000,3507.000000,2975.000000
2886.000000,612.000000,2718.000000,745.000000
1983.000000,958.000000,2138.000000,968.000000
2943.000000,2135.000000,2860.000000,2189.000000
2818.000000,2709.000000,2786.000000,2756.000000
1015.000000,1658.000000,1100.000000,1751.000000
558.000000,2432.000000,666.000000,2708.000000
3424.000000,2135.000000,3438.000000,2175.000000
3368.000000,114.000000,3390.000000,275.000000
2037.000000,2514.000000,2208.000000,2784.000000
951.000000,398.000000,1080.000000,508.000000
3410.000000,3381.000000,3313.000000,3395.000000
2933.000000,2330.000000,3059.000000,2352.000000
1548.000000,3488.000000,1250.000000,3510.000000
1247.000000,915.000000,1836.000000,974.000000
1500.000000,1768.000000,1380.000000,1975.000000
2680.000000,2994.000000,2568.000000,3165.000000
1080.000000,508.000000,1143.000000,598.000000
2012.000000,1414.000000,1953.000000,1512.000000
1177.000000,1562.000000,1015.000000,1658.000000
442.000000,3310.000000,341.000000,3471.000000
2875.000000,1792.000000,2883.000000,1838.000000
604.000000,394.000000,444.000000,477.000000
2973.000000,2437.000000,3213.000000,2499.000000
1530.000000,1973.000000,1546.000000,2107.000000
1354.000000,2661.000000,899.000000,2748.000000
3220.000000,1091.000000,2858.000000,1129.000000
711.000000,1188.000000,682.000000,1303.000000
327.000000,1247.000000,261.000000,1441.000000
3196.000000,881.000000,2858.000000,1129.000000
3189.000000,211.000000,3445.000000,916.000000
2813.000000,3078.000000,2631.000000,3206.000000
75.000000,611.000000,11.000000,832.000000
3445.000000,916.000000,3346.000000,1218.000000
1332.000000,3483.000000,1250.000000,3510.000000
2376.000000,629.000000,2348.000000,828.000000
2858.000000,1129.000000,3014.000000,1397.000000
2150.000000,1258.000000,2102.000000,1327.000000
144.000000,1532.000000,300.000000,1582.000000
733.000000,3112.000000,442.000000,3310.000000
1834.000000,1195.000000,2102.000000,1327.000000
242.000000,1813.000000,54.000000,1891.000000
2927.000000,2013.000000,2714.000000,2194.000000
11.000000,832.000000,6.000000,1729.000000
711.000000,1188.000000,617.000000,1200.000000
521.000000,3004.000000,689.000000,3009.000000
2225.000000,2973.000000,2195.000000,3006.000000
853.000000,823.000000,729.000000,1044.000000
2232.000000,1830.000000,2255.000000,2051.000000
1823.000000,1492.000000,1631.000000,1541.000000
3014.000000,1397.000000,3190.000000,1580.000000
1380.000000,1975.000000,1071.000000,2042.000000
2412.000000,3323.000000,2441.000000,3329.000000
323.000000,1798.000000,267.000000,2091.000000
1040.000000,315.000000,853.000000,384.000000
1728.000000,1.000000,1880.000000,114.000000
2474.000000,2530.000000,2343.000000,2700.000000
1380.000000,1975.000000,1353.000000,2283.000000
3508.000000,1483.000000,3516.000000,3410.000000
1598.000000,3380.000000,1682.000000,3436.000000
380.000000,1931.000000,332.000000,1949.000000
2474.000000,2530.000000,2653.000000,2568.000000
853.000000,823.000000,711.000000,1188.000000
2441.000000,3329.000000,2413.000000,3335.000000
2195.000000,3006.000000,2140.000000,3238.000000
847.000000,1748.000000,727.000000,2056.000000
1353.000000,2283.000000,1223.000000,2332.000000
3033.000000,592.000000,2886.000000,612.000000
3471.000000,1942.000000,3424.000000,2135.000000
1522.000000,3367.000000,1427.000000,3493.000000
1091.000000,2205.000000,1353.000000,2283.000000
3104.000000,654.000000,3445.000000,916.000000
859.000000,2665.000000,689.000000,3009.000000
2493.000000,1777.000000,2514.000000,1868.000000
382.000000,2378.000000,293.000000,2523.000000
510.000000,882.000000,556.000000,1072.000000
2975.000000,3303.000000,3160.000000,3428.000000
2714.000000,2194.000000,2717.000000,2338.000000
382.000000,2378.000000,466.000000,2500.000000
2331.000000,1659.000000,2232.000000,1830.000000
2140.000000,3238.000000,2413.000000,3335.000000
2858.000000,1129.000000,2630.000000,1487.000000
2037.000000,2514.000000,2121.000000,2716.000000
990.000000,2106.000000,1109.000000,2230.000000
78.000000,60.000000,72.000000,77.000000
3293.000000,2946.000000,3331.000000,3022.000000
896.000000,1990.000000,771.000000,2016.000000
6.000000,1729.000000,38.000000,2626.000000
2384.000000,879.000000,2450.000000,900.000000
449.000000,2012.000000,399.000000,2246.000000
1055.000000,798.000000,1247.000000,915.000000
3473.000000,2290.000000,3506.000000,2819.000000
1147.000000,1113.000000,875.000000,1358.000000
888.000000,754.000000,771.000000,800.000000
1251.000000,1349.000000,1177.000000,1562.000000
899.000000,2748.000000,1183.000000,2967.000000
3368.000000,114.000000,3189.000000,211.000000
2875.000000,796.000000,2723.000000,1058.000000
853.000000,823.000000,1035.000000,823.000000
2905.000000,3115.000000,3071.000000,3180.000000
1251.000000,1349.000000,1142.000000,1415.000000
1273.000000,1635.000000,1120.000000,1757.000000
2121.000000,66.000000,2394.000000,167.000000
1548.000000,3488.000000,1995.000000,3497.000000
1907.000000,2813.000000,1801.000000,2867.000000
3027.000000,3293.000000,3160.000000,3428.000000
733.000000,3112.000000,644.000000,3402.000000
3009.000000,290.000000,2886.000000,612.000000
38.000000,2626.000000,28.000000,2878.000000
2786.000000,2756.000000,2602.000000,2910.000000
690.000000,2411.000000,536.000000,2417.000000
2875.000000,796.000000,2858.000000,1129.000000
592.000000,2290.000000,536.000000,2417.000000
2348.000000,828.000000,2450.000000,900.000000
536.000000,2417.000000,466.000000,2500.000000
1753.000000,1697.000000,1500.000000,1768.000000
2376.000000,629.000000,2603.000000,769.000000
2703.000000,439.000000,2615.000000,588.000000
1728.000000,1.000000,2003.000000,13.000000
1091.000000,2205.000000,1223.000000,2332.000000
2384.000000,879.000000,2598.000000,1039.000000
3358.000000,1939.000000,3183.000000,2076.000000
58.000000,1133.000000,6.000000,1729.000000
2990.000000,2625.000000,2782.000000,2721.000000
1853.000000,886.000000,2209.000000,912.000000
297.000000,2528.000000,325.000000,2658.000000
442.000000,3310.000000,644.000000,3402.000000
2717.000000,2338.000000,2474.000000,2530.000000
896.000000,1990.000000,727.000000,2056.000000
687.000000,897.000000,556.000000,1072.000000
463.000000,2640.000000,610.000000,2782.000000
2255.000000,2051.000000,2063.000000,2142.000000
3008.000000,803.000000,3196.000000,881.000000
2255.000000,2051.000000,2382.000000,2262.000000
823.000000,25.000000,1064.000000,26.000000
11.000000,832.000000,58.000000,1133.000000
3352.000000,2368.000000,3264.000000,2431.000000
830.000000,233.000000,604.000000,394.000000
1073.000000,1712.000000,1100.000000,1751.000000
2532.000000,1193.000000,2554.000000,1229.000000
404.000000,3105.000000,733.000000,3112.000000
1380.000000,177.000000,1918.000000,245.000000
2437.000000,1631.000000,2522.000000,1709.000000
888.000000,754.000000,853.000000,823.000000
2809.000000,334.000000,2870.000000,336.000000
3104.000000,654.000000,3196.000000,881.000000
2037.000000,2514.000000,2474.000000,2530.000000
1568.000000,3346.000000,1598.000000,3380.000000
2180.000000,3471.000000,2437.000000,3497.000000
2631.000000,3206.000000,2441.000000,3329.000000
965.000000,3068.000000,797.000000,3257.000000
2269.000000,1759.000000,2030.000000,1981.000000
231.000000,2606.000000,28.000000,2878.000000
3228.000000,547.000000,2886.000000,612.000000
1914.000000,3397.000000,1995.000000,3497.000000
463.000000,2640.000000,666.000000,2708.000000
2568.000000,3401.000000,2437.000000,3497.000000
1040.000000,315.000000,1143.000000,598.000000
604.000000,394.000000,951.000000,398.000000
859.000000,2665.000000,899.000000,2748.000000
2598.000000,1039.000000,2201.000000,1083.000000
2922.000000,1600.000000,2895.000000,1645.000000
560.000000,2701.000000,666.000000,2708.000000
2100.000000,2879.000000,2195.000000,3006.000000
3423.000000,1670.000000,3471.000000,1942.000000
667.000000,602.000000,771.000000,800.000000
2631.000000,3206.000000,2842.000000,3261.000000
729.000000,1044.000000,711.000000,1188.000000
1120.000000,1757.000000,1071.000000,2042.000000
797.000000,3257.000000,644.000000,3402.000000
1575.000000,640.000000,1344.000000,719.000000
2554.000000,1229.000000,2279.000000,1262.000000
2121.000000,66.000000,1880.000000,114.000000
2598.000000,1039.000000,2554.000000,1229.000000
853.000000,823.000000,1247.000000,915.000000
278.000000,679.000000,72.000000,699.000000
2150.000000,1258.000000,2279.000000,1262.000000
1907.000000,2813.000000,1701.000000,2860.000000
2990.000000,2625.000000,2607.000000,2909.000000
468.000000,2266.000000,592.000000,2290.000000
2162.000000,611.000000,1828.000000,752.000000
3009.000000,290.000000,3228.000000,547.000000
700.000000,2410.000000,536.000000,2417.000000
1091.000000,2205.000000,1109.000000,2230.000000
1907.000000,2813.000000,2100.000000,2879.000000
2012.000000,1414.000000,1949.000000,1625.000000
1853.000000,886.000000,1983.000000,958.000000
198.000000,256.000000,444.000000,477.000000
1918.000000,245.000000,2008.000000,283.000000
449.000000,2012.000000,267.000000,2091.000000
3149.000000,1745.000000,3358.000000,1939.000000
1431.000000,16.000000,1380.000000,177.000000
323.000000,1798.000000,380.000000,1931.000000
2474.000000,2011.000000,2382.000000,2262.000000
343.000000,588.000000,278.000000,679.000000
3005.000000,797.000000,3008.000000,803.000000
1898.000000,2002.000000,1546.000000,2107.000000
2607.000000,2909.000000,2644.000000,3016.000000
1040.000000,315.000000,1080.000000,508.000000
3293.000000,2946.000000,3507.000000,2975.000000
3361.000000,2263.000000,3473.000000,2290.000000
990.000000,2106.000000,1091.000000,2205.000000
144.000000,1532.000000,161.000000,1733.000000
198.000000,256.000000,69.000000,260.000000
2162.000000,611.000000,2060.000000,789.000000
1949.000000,1625.000000,1898.000000,2002.000000
2991.000000,1860.000000,2943.000000,2135.000000
2933.000000,2330.000000,2973.000000,2437.000000
2631.000000,3206.000000,2412.000000,3323.000000
2895.000000,1645.000000,2656.000000,1788.000000
853.000000,384.000000,951.000000,398.000000
1183.000000,2967.000000,1157.000000,3209.000000
1057.000000,1911.000000,1071.000000,2042.000000
3508.000000,1483.000000,3471.000000,1942.000000
3121.000000,3264.000000,3160.000000,3428.000000
1956.000000,2186.000000,1776.000000,2532.000000
2102.000000,1327.000000,2269.000000,1759.000000
1157.000000,3209.000000,1237.000000,3404.000000
28.000000,56.000000,11.000000,832.000000
1953.000000,1512.000000,1949.000000,1625.000000
2875.000000,796.000000,3196.000000,881.000000
951.000000,398.000000,771.000000,800.000000
3171.000000,2128.000000,3059.000000,2352.000000
1064.000000,26.000000,1003.000000,171.000000
3508.000000,1483.000000,3473.000000,2290.000000
3507.000000,2975.000000,3410.000000,3381.000000
2883.000000,1838.000000,2927.000000,2013.000000
951.000000,398.000000,1143.000000,598.000000
444.000000,477.000000,687.000000,897.000000
341.000000,3471.000000,835.000000,3512.000000
327.000000,1247.000000,344.000000,1531.000000
54.000000,1891.000000,293.000000,2523.000000
229.000000,965.000000,327.000000,1247.000000
1995.000000,3497.000000,2437.000000,3497.000000
28.000000,56.000000,78.000000,60.000000
297.000000,2528.000000,231.000000,2606.000000
103.000000,1981.000000,267.000000,2091.000000
1071.000000,2042.000000,1091.000000,2205.000000
1631.000000,1541.000000,1753.000000,1697.000000
466.000000,2500.000000,325.000000,2658.000000
28.000000,2878.000000,206.000000,3040.000000
2208.000000,2784.000000,2242.000000,2947.000000
3471.000000,1942.000000,3438.000000,2175.000000
2140.000000,3238.000000,1995.000000,3497.000000
2436.000000,3149.000000,2140.000000,3238.000000
689.000000,3009.000000,575.000000,3042.000000
146.000000,1308.000000,144.000000,1532.000000
1251.000000,1349.000000,1471.000000,1404.000000
2376.000000,629.000000,2348.000000,634.000000
1728.000000,1.000000,1380.000000,177.000000
325.000000,2658.000000,521.000000,3004.000000
95.000000,3150.000000,243.000000,3455.000000
2493.000000,1777.000000,2523.000000,1957.000000
1147.000000,1113.000000,1251.000000,1349.000000
3407.000000,1290.000000,3508.000000,1483.000000
2382.000000,2262.000000,2559.000000,2266.000000
1143.000000,598.000000,888.000000,754.000000
1502.000000,1109.000000,1251.000000,1349.000000
2140.000000,3238.000000,1914.000000,3397.000000
2102.000000,1327.000000,2012.000000,1414.000000
242.000000,1813.000000,103.000000,1981.000000
667.000000,602.000000,687.000000,897.000000
2523.000000,1957.000000,2255.000000,2051.000000
2242.000000,2947.000000,2436.000000,3149.000000
3179.000000,88.000000,3368.000000,114.000000
556.000000,1072.000000,327.000000,1247.000000
2559.000000,2266.000000,2717.000000,2338.000000
748.000000,3386.000000,644.000000,3402.000000
1502.000000,1109.000000,1362.000000,1339.000000
1682.000000,3436.000000,1548.000000,3488.000000
444.000000,477.000000,510.000000,882.000000
58.000000,1133.000000,146.000000,1308.000000
2376.000000,629.000000,2614.000000,667.000000
1559.000000,2896.000000,1183.000000,2967.000000
2656.000000,1788.000000,2883.000000,1838.000000
3190.000000,1580.000000,2991.000000,1860.000000
752.000000,2276.000000,592.000000,2290.000000
242.000000,1813.000000,267.000000,2091.000000
1775.000000,3085.000000,1568.000000,3346.000000
1791.000000,3278.000000,1914.000000,3397.000000
2003.000000,13.000000,2121.000000,66.000000
273.000000,423.000000,217.000000,458.000000
3171.000000,2128.000000,2966.000000,2213.000000
3149.000000,1745.000000,3395.000000,1782.000000
3361.000000,2263.000000,3264.000000,2431.000000
771.000000,2016.000000,727.000000,2056.000000
3220.000000,1091.000000,3014.000000,1397.000000
507.000000,535.000000,667.000000,602.000000
293.000000,2523.000000,231.000000,2606.000000
1502.000000,577.000000,1143.000000,598.000000
2060.000000,789.000000,1853.000000,886.000000
2840.000000,415.000000,2886.000000,612.000000
1344.000000,719.000000,1055.000000,798.000000
2201.000000,1083.000000,2217.000000,1209.000000
2614.000000,667.000000,2603.000000,769.000000
3171.000000,2128.000000,2943.000000,2135.000000
325.000000,2658.000000,28.000000,2878.000000
1040.000000,315.000000,1502.000000,577.000000
399.000000,2246.000000,293.000000,2523.000000
965.000000,3068.000000,1250.000000,3510.000000
2523.000000,1957.000000,2474.000000,2011.000000
1956.000000,2186.000000,2037.000000,2514.000000
2568.000000,3165.000000,2631.000000,3206.000000
729.000000,1044.000000,556.000000,1072.000000
2394.000000,167.000000,2809.000000,334.000000
3059.000000,2352.000000,2962.000000,2406.000000
888.000000,754.000000,1035.000000,823.000000
1776.000000,2532.000000,1810.000000,2569.000000
965.000000,3068.000000,835.000000,3512.000000
75.000000,611.000000,72.000000,699.000000
2162.000000,611.000000,2348.000000,828.000000
752.000000,2276.000000,899.000000,2748.000000
78.000000,60.000000,174.000000,72.000000
2656.000000,1788.000000,2875.000000,1792.000000
2336.000000,572.000000,2615.000000,588.000000
2910.000000,246.000000,2870.000000,336.000000
2437.000000,1631.000000,2232.000000,1830.000000
444.000000,477.000000,507.000000,535.000000
3423.000000,1670.000000,3395.000000,1782.000000
536.000000,2417.000000,558.000000,2432.000000
103.000000,1981.000000,399.000000,2246.000000
2436.000000,3149.000000,2631.000000,3206.000000
690.000000,2411.000000,558.000000,2432.000000
280.000000,3263.000000,243.000000,3455.000000
1500.000000,1768.000000,1530.000000,1973.000000
1810.000000,2569.000000,1907.000000,2813.000000
323.000000,1798.000000,449.000000,2012.000000
3507.000000,2975.000000,3248.000000,3136.000000
1457.000000,1633.000000,1626.000000,1711.000000
2644.000000,3016.000000,2568.000000,3165.000000
556.000000,1072.000000,617.000000,1200.000000
823.000000,25.000000,830.000000,233.000000
494.000000,487.000000,507.000000,535.000000
1480.000000,2402.000000,1586.000000,2598.000000
3313.000000,3395.000000,3160.000000,3428.000000
3121.000000,3264.000000,3313.000000,3395.000000
853.000000,384.000000,604.000000,394.000000
1425.000000,3073.000000,1157.000000,3209.000000
2209.000000,912.000000,2201.000000,1083.000000
2008.000000,283.000000,2146.000000,340.000000
700.000000,2410.000000,690.000000,2411.000000
2559.000000,2266.000000,2474.000000,2530.000000
2121.000000,2716.000000,2208.000000,2784.000000
2242.000000,2947.000000,2195.000000,3006.000000
3308.000000,2501.000000,3506.000000,2819.000000
206.000000,3040.000000,95.000000,3150.000000
3395.000000,1782.000000,3358.000000,1939.000000
2437.000000,1631.000000,2656.000000,1788.000000
3160.000000,3428.000000,2437.000000,3497.000000
3390.000000,275.000000,3403.000000,358.000000
494.000000,487.000000,667.000000,602.000000
666.000000,2708.000000,610.000000,2782.000000
1015.000000,1658.000000,1073.000000,1712.000000
1457.000000,1633.000000,1273.000000,1635.000000
1273.000000,1635.000000,1500.000000,1768.000000
300.000000,1582.000000,323.000000,1798.000000
2723.000000,1058.000000,2554.000000,1229.000000
2217.000000,1209.000000,2150.000000,1258.000000
2225.000000,2973.000000,2140.000000,3238.000000
1251.000000,1349.000000,875.000000,1358.000000
2217.000000,1209.000000,2279.000000,1262.000000
847.000000,1748.000000,787.000000,1903.000000
293.000000,2523.000000,297.000000,2528.000000
231.000000,2606.000000,38.000000,2626.000000
1575.000000,640.000000,1828.000000,752.000000
2255.000000,2051.000000,2018.000000,2063.000000
3346.000000,1218.000000,3393.000000,1390.000000
3075.000000,2732.000000,3270.000000,2926.000000
1995.000000,3497.000000,1250.000000,3510.000000
689.000000,3009.000000,404.000000,3105.000000
3334.000000,970.000000,3220.000000,1091.000000
2615.000000,588.000000,2614.000000,667.000000
399.000000,2246.000000,382.000000,2378.000000
1949.000000,1625.000000,1753.000000,1697.000000
463.000000,2640.000000,560.000000,2701.000000
1273.000000,1635.000000,1015.000000,1658.000000
2656.000000,1788.000000,2514.000000,1868.000000
1829.000000,2551.000000,1810.000000,2569.000000
1251.000000,1349.000000,1273.000000,1635.000000
278.000000,679.000000,229.000000,965.000000
1728.000000,1.000000,1064.000000,26.000000
3264.000000,2431.000000,3213.000000,2499.000000
1810.000000,2569.000000,1586.000000,2598.000000
2437.000000,3497.000000,1250.000000,3510.000000
3213.000000,2499.000000,3506.000000,2819.000000
1256.000000,651.000000,1344.000000,719.000000
823.000000,25.000000,1003.000000,171.000000
469.000000,2311.000000,536.000000,2417.000000
510.000000,882.000000,229.000000,965.000000
1502.000000,1109.000000,1147.000000,1113.000000
1183.000000,2967.000000,1425.000000,3073.000000
3264.000000,2431.000000,3308.000000,2501.000000
3014.000000,1397.000000,2922.000000,1600.000000
1983.000000,958.000000,1836.000000,974.000000
1801.000000,2867.000000,1914.000000,3397.000000
2653.000000,2568.000000,2786.000000,2756.000000
973.000000,161.000000,830.000000,233.000000
1753.000000,1697.000000,1530.000000,1973.000000
1109.000000,2230.000000,752.000000,2276.000000
1982.000000,949.000000,2138.000000,968.000000
1816.000000,3313.000000,1682.000000,3436.000000
3196.000000,881.000000,3445.000000,916.000000
2875.000000,796.000000,3008.000000,803.000000
1834.000000,1195.000000,1953.000000,1512.000000
1918.000000,245.000000,1828.000000,752.000000
733.000000,3112.000000,797.000000,3257.000000
560.000000,2701.000000,610.000000,2782.000000
2905.000000,3115.000000,2842.000000,3261.000000
3424.000000,2135.000000,3473.000000,2290.000000
2943.000000,2135.000000,2966.000000,2213.000000
3033.000000,592.000000,3005.000000,797.000000
2412.000000,3323.000000,2413.000000,3335.000000
3213.000000,2499.000000,3308.000000,2501.000000
3190.000000,1580.000000,3423.000000,1670.000000
1586.000000,2598.000000,1907.000000,2813.000000
2242.000000,2947.000000,2225.000000,2973.000000
2905.000000,3115.000000,2975.000000,3303.000000
2146.000000,340.000000,2615.000000,588.000000
2922.000000,1600.000000,2875.000000,1792.000000
2858.000000,1129.000000,2554.000000,1229.000000
323.000000,1798.000000,727.000000,2056.000000
444.000000,477.000000,343.000000,588.000000
2523.000000,1957.000000,2382.000000,2262.000000
2102.000000,1327.000000,2331.000000,1659.000000
323.000000,1798.000000,332.000000,1949.000000
3196.000000,881.000000,3220.000000,1091.000000
343.000000,588.000000,72.000000,699.000000
1791.000000,3278.000000,1568.000000,3346.000000
1143.000000,598.000000,1344.000000,719.000000
2886.000000,612.000000,2875.000000,796.000000
3179.000000,88.000000,3189.000000,211.000000
1816.000000,3313.000000,1701.000000,3350.000000
2413.000000,3335.000000,2437.000000,3497.000000
444.000000,477.000000,278.000000,679.000000
1823.000000,1492.000000,1949.000000,1625.000000
6.000000,1729.000000,54.000000,1891.000000
1983.000000,958.000000,1834.000000,1195.000000
3395.000000,1782.000000,3471.000000,1942.000000
2840.000000,415.000000,2703.000000,439.000000
2102.000000,1327.000000,2004.000000,1451.000000
3506.000000,2819.000000,3270.000000,2926.000000
2842.000000,3261.000000,3160.000000,3428.000000
2870.000000,336.000000,2840.000000,415.000000
1530.000000,1973.000000,1380.000000,1975.000000
344.000000,1531.000000,300.000000,1582.000000
2656.000000,1788.000000,2523.000000,1957.000000
747.000000,1545.000000,554.000000,1590.000000
1251.000000,1349.000000,1457.000000,1633.000000
2195.000000,1944.000000,2255.000000,2051.000000
700.000000,2410.000000,558.000000,2432.000000
873.000000,1499.000000,1015.000000,1658.000000
2209.000000,912.000000,2138.000000,968.000000
2603.000000,769.000000,2598.000000,1039.000000
3393.000000,1390.000000,3378.000000,1562.000000
3410.000000,3381.000000,3516.000000,3410.000000
3445.000000,916.000000,3220.000000,1091.000000
3131.000000,251.000000,3009.000000,290.000000
325.000000,2658.000000,404.000000,3105.000000
3220.000000,1091.000000,3393.000000,1390.000000
323.000000,1798.000000,242.000000,1813.000000
3033.000000,592.000000,3104.000000,654.000000
3220.000000,1091.000000,3346.000000,1218.000000
3248.000000,3136.000000,3121.000000,3264.000000
1100.000000,1751.000000,1057.000000,1911.000000
1380.000000,1975.000000,1546.000000,2107.000000
1522.000000,3367.000000,1548.000000,3488.000000
3228.000000,547.000000,3104.000000,654.000000
3027.000000,3293.000000,3138.000000,3401.000000
1791.000000,3278.000000,1816.000000,3313.000000
2336.000000,572.000000,2348.000000,634.000000
747.000000,1545.000000,323.000000,1798.000000
2269.000000,1759.000000,2232.000000,1830.000000
2568.000000,3401.000000,3160.000000,3428.000000
1142.000000,1415.000000,1177.000000,1562.000000
217.000000,458.000000,72.000000,699.000000
1431.000000,16.000000,1064.000000,26.000000
466.000000,2500.000000,666.000000,2708.000000
2138.000000,968.000000,2201.000000,1083.000000
1502.000000,577.000000,1256.000000,651.000000
273.000000,423.000000,444.000000,477.000000
3358.000000,1939.000000,3471.000000,1942.000000
1273.000000,1635.000000,1073.000000,1712.000000
899.000000,2748.000000,942.000000,2886.000000
1829.000000,2551.000000,1907.000000,2813.000000
2598.000000,1039.000000,2532.000000,1193.000000
1237.000000,3404.000000,1332.000000,3483.000000
2774.000000,1053.000000,2723.000000,1058.000000
6.000000,1729.000000,161.000000,1733.000000
2607.000000,2909.000000,2905.000000,3115.000000
2195.000000,3006.000000,1914.000000,3397.000000
2026.000000,496.000000,1828.000000,752.000000
2875.000000,796.000000,2774.000000,1053.000000
3508.000000,1483.000000,3507.000000,2975.000000
2973.000000,2437.000000,2782.000000,2721.000000
206.000000,3040.000000,404.000000,3105.000000
1575.000000,640.000000,1836.000000,974.000000
1354.000000,2661.000000,1183.000000,2967.000000
3183.000000,2076.000000,3171.000000,2128.000000
875.000000,1358.000000,1015.000000,1658.000000
3507.000000,2975.000000,3516.000000,3410.000000
592.000000,2290.000000,700.000000,2410.000000
1223.000000,2332.000000,1480.000000,2402.000000
2279.000000,1262.000000,2102.000000,1327.000000
1801.000000,2867.000000,1775.000000,3085.000000
174.000000,72.000000,444.000000,477.000000
990.000000,2106.000000,752.000000,2276.000000
727.000000,2056.000000,990.000000,2106.000000
2348.000000,828.000000,1853.000000,886.000000
1834.000000,1195.000000,1823.000000,1492.000000
3331.000000,3022.000000,3248.000000,3136.000000
873.000000,1499.000000,747.000000,1545.000000
1502.000000,577.000000,1575.000000,640.000000
3270.000000,2926.000000,3248.000000,3136.000000
951.000000,398.000000,667.000000,602.000000
2384.000000,879.000000,2209.000000,912.000000
513.000000,3036.000000,404.000000,3105.000000
2146.000000,340.000000,2162.000000,611.000000
1559.000000,2896.000000,1675.000000,2945.000000
2890.000000,3261.000000,2975.000000,3303.000000
1823.000000,1492.000000,1953.000000,1512.000000
1344.000000,719.000000,1247.000000,915.000000
1598.000000,3380.000000,1548.000000,3488.000000
1120.000000,1757.000000,1057.000000,1911.000000
853.000000,823.000000,687.000000,897.000000
2943.000000,2135.000000,2924.000000,2178.000000
3516.000000,3410.000000,2437.000000,3497.000000
1753.000000,1697.000000,1626.000000,1711.000000
3423.000000,1670.000000,3383.000000,1675.000000
72.000000,699.000000,229.000000,965.000000
1109.000000,2230.000000,1354.000000,2661.000000
2630.000000,1487.000000,2437.000000,1631.000000
2718.000000,745.000000,2603.000000,769.000000
1157.000000,3209.000000,1522.000000,3367.000000
2860.000000,2189.000000,2782.000000,2721.000000
2037.000000,2514.000000,1776.000000,2532.000000
3009.000000,290.000000,2870.000000,336.000000
2004.000000,1451.000000,1949.000000,1625.000000
3228.000000,547.000000,3033.000000,592.000000
28.000000,56.000000,75.000000,611.000000
2382.000000,2262.000000,2474.000000,2530.000000
1380.000000,177.000000,1502.000000,577.000000
2140.000000,3238.000000,2412.000000,3323.000000
1682.000000,3436.000000,1995.000000,3497.000000
3403.000000,358.000000,3445.000000,916.000000
1502.000000,577.000000,1344.000000,719.000000
3393.000000,1390.000000,3508.000000,1483.000000
3075.000000,2732.000000,3506.000000,2819.000000
3270.000000,2926.000000,3121.000000,3264.000000
2348.000000,828.000000,2209.000000,912.000000
198.000000,256.000000,273.000000,423.000000
2631.000000,3206.000000,2565.000000,3375.000000
2441.000000,3329.000000,2437.000000,3497.000000
1880.000000,114.000000,1918.000000,245.000000
3075.000000,2732.000000,3121.000000,3264.000000
2348.000000,634.000000,2348.000000,828.000000
3213.000000,2499.000000,3075.000000,2732.000000
1801.000000,2867.000000,1675.000000,2945.000000
1353.000000,2283.000000,1480.000000,2402.000000
2437.000000,1631.000000,2493.000000,1777.000000
1035.000000,823.000000,1247.000000,915.000000
3189.000000,211.000000,3228.000000,547.000000
1776.000000,2532.000000,1586.000000,2598.000000
1636.000000,2218.000000,1776.000000,2532.000000
261.000000,1441.000000,300.000000,1582.000000
3248.000000,3136.000000,3313.000000,3395.000000
229.000000,965.000000,58.000000,1133.000000
28.000000,2878.000000,95.000000,3150.000000
2100.000000,2879.000000,2242.000000,2947.000000
1143.000000,598.000000,771.000000,800.000000
2394.000000,167.000000,2910.000000,246.000000
787.000000,1903.000000,1057.000000,1911.000000
2680.000000,2994.000000,2905.000000,3115.000000
1471.000000,1404.000000,1457.000000,1633.000000
54.000000,1891.000000,103.000000,1981.000000
644.000000,3402.000000,835.000000,3512.000000
2680.000000,2994.000000,2644.000000,3016.000000
1568.000000,3346.000000,1522.000000,3367.000000
3189.000000,211.000000,3390.000000,275.000000
3358.000000,1939.000000,3361.000000,2263.000000
747.000000,1545.000000,847.000000,1748.000000
1425.000000,3073.000000,1568.000000,3346.000000
1701.000000,3350.000000,1682.000000,3436.000000
1982.000000,949.000000,1983.000000,958.000000
6.000000,1729.000000,169.000000,2433.000000
1273.000000,1635.000000,1100.000000,1751.000000
1701.000000,2860.000000,1801.000000,2867.000000
1949.000000,1625.000000,1546.000000,2107.000000
161.000000,1733.000000,54.000000,1891.000000
1142.000000,1415.000000,1015.000000,1658.000000
54.000000,1891.000000,169.000000,2433.000000
3189.000000,211.000000,3403.000000,358.000000
161.000000,1733.000000,323.000000,1798.000000
1223.000000,2332.000000,1354.000000,2661.000000
2018.000000,2063.000000,1636.000000,2218.000000
752.000000,2276.000000,700.000000,2410.000000
380.000000,1931.000000,267.000000,2091.000000
468.000000,2266.000000,469.000000,2311.000000
2910.000000,246.000000,3009.000000,290.000000
2962.000000,2406.000000,2973.000000,2437.000000
2990.000000,2625.000000,3075.000000,2732.000000
1362.000000,1339.000000,1471.000000,1404.000000
521.000000,3004.000000,513.000000,3036.000000
1546.000000,2107.000000,1636.000000,2218.000000
3407.000000,1290.000000,3393.000000,1390.000000
1003.000000,171.000000,1380.000000,177.000000
3438.000000,2175.000000,3473.000000,2290.000000
853.000000,823.000000,875.000000,1358.000000
