POINTS
3495.000000,1.000000
484.000000,9.000000
2327.000000,11.000000
1836.000000,26.000000
2646.000000,27.000000
895.000000,36.000000
182.000000,42.000000
3480.000000,56.000000
3257.000000,60.000000
236.000000,62.000000
1543.000000,82.000000
2203.000000,92.000000
1974.000000,93.000000
3564.000000,94.000000
232.000000,137.000000
3531.000000,138.000000
2756.000000,157.000000
169.000000,161.000000
1898.000000,184.000000
2176.000000,203.000000
3405.000000,209.000000
684.000000,211.000000
1766.000000,214.000000
2739.000000,217.000000
2265.000000,244.000000
164.000000,250.000000
764.000000,262.000000
3321.000000,264.000000
1500.000000,269.000000
3013.000000,290.000000
1713.000000,305.000000
892.000000,312.000000
877.000000,314.000000
2130.000000,316.000000
2599.000000,320.000000
3361.000000,330.000000
696.000000,352.000000
2483.000000,353.000000
225.000000,373.000000
1165.000000,374.000000
1544.000000,393.000000
1200.000000,397.000000
2407.000000,409.000000
1605.000000,424.000000
3005.000000,442.000000
549.000000,461.000000
1386.000000,477.000000
1018.000000,491.000000
2126.000000,498.000000
3036.000000,503.000000
264.000000,522.000000
1352.000000,524.000000
3294.000000,543.000000
701.000000,550.000000
182.000000,556.000000
2586.000000,562.000000
2152.000000,566.000000
1997.000000,626.000000
1488.000000,633.000000
2105.000000,658.000000
1887.000000,669.000000
1117.000000,672.000000
253.000000,673.000000
2133.000000,678.000000
2117.000000,688.000000
3246.000000,689.000000
1631.000000,695.000000
2581.000000,699.000000
2013.000000,703.000000
3551.000000,709.000000
2040.000000,722.000000
2623.000000,728.000000
2735.000000,730.000000
1655.000000,742.000000
3049.000000,743.000000
1007.000000,745.000000
2998.000000,756.000000
581.000000,774.000000
2927.000000,782.000000
573.000000,797.000000
1774.000000,806.000000
321.000000,808.000000
3008.000000,812.000000
1474.000000,815.000000
174.000000,824.000000
3568.000000,832.000000
463.000000,843.000000
555.000000,845.000000
2018.000000,857.000000
3338.000000,864.000000
3361.000000,883.000000
3485.000000,891.000000
2291.000000,897.000000
3254.000000,910.000000
3204.000000,914.000000
214.000000,920.000000
677.000000,963.000000
2686.000000,972.000000
3290.000000,1001.000000
3505.000000,1014.000000
3571.000000,1041.000000
2650.000000,1052.000000
3629.000000,1052.000000
2101.000000,1059.000000
3391.000000,1074.000000
3489.000000,1075.000000
2865.000000,1078.000000
1591.000000,1084.000000
667.000000,1087.000000
2588.000000,1095.000000
1822.000000,1112.000000
3521.000000,1113.000000
2963.000000,1114.000000
486.000000,1122.000000
895.000000,1139.000000
957.000000,1153.000000
1838.000000,1157.000000
3347.000000,1157.000000
1306.000000,1160.000000
1940.000000,1164.000000
3214.000000,1206.000000
626.000000,1218.000000
570.000000,1221.000000
956.000000,1240.000000
44.000000,1243.000000
2585.000000,1248.000000
2455.000000,1251.000000
1920.000000,1253.000000
429.000000,1263.000000
1428.000000,1277.000000
1193.000000,1288.000000
1236.000000,1288.000000
3000.000000,1289.000000
356.000000,1300.000000
2946.000000,1310.000000
1183.000000,1311.000000
3075.000000,1313.000000
1807.000000,1345.000000
2794.000000,1346.000000
2911.000000,1364.000000
3088.000000,1366.000000
2368.000000,1375.000000
1171.000000,1377.000000
2969.000000,1385.000000
812.000000,1415.000000
1816.000000,1424.000000
645.000000,1438.000000
1640.000000,1457.000000
3020.000000,1458.000000
2125.000000,1466.000000
3337.000000,1468.000000
3546.000000,1469.000000
2936.000000,1472.000000
712.000000,1503.000000
2202.000000,1522.000000
3532.000000,1524.000000
1175.000000,1529.000000
1619.000000,1534.000000
247.000000,1541.000000
871.000000,1561.000000
1701.000000,1577.000000
2941.000000,1582.000000
2256.000000,1599.000000
3319.000000,1600.000000
131.000000,1601.000000
3323.000000,1621.000000
2109.000000,1624.000000
2825.000000,1631.000000
1468.000000,1632.000000
473.000000,1651.000000
2847.000000,1672.000000
2165.000000,1681.000000
2161.000000,1692.000000
315.000000,1702.000000
2789.000000,1704.000000
3281.000000,1718.000000
1658.000000,1723.000000
1416.000000,1737.000000
2999.000000,1750.000000
1711.000000,1752.000000
2273.000000,1756.000000
2312.000000,1763.000000
3290.000000,1776.000000
2320.000000,1782.000000
832.000000,1795.000000
2344.000000,1802.000000
35.000000,1813.000000
3538.000000,1817.000000
1164.000000,1823.000000
3241.000000,1824.000000
2954.000000,1831.000000
1508.000000,1834.000000
3178.000000,1842.000000
3453.000000,1884.000000
1686.000000,1889.000000
2437.000000,1907.000000
3512.000000,1914.000000
64.000000,1925.000000
1195.000000,1931.000000
1534.000000,1934.000000
2955.000000,1934.000000
2200.000000,1939.000000
2523.000000,1948.000000
1118.000000,1984.000000
2523.000000,1999.000000
2582.000000,2019.000000
1449.000000,2027.000000
2020.000000,2027.000000
3290.000000,2033.000000
3204.000000,2034.000000
1292.000000,2054.000000
429.000000,2055.000000
2633.000000,2058.000000
3494.000000,2074.000000
3356.000000,2098.000000
2503.000000,2120.000000
1778.000000,2143.000000
2012.000000,2143.000000
3423.000000,2147.000000
773.000000,2156.000000
1759.000000,2156.000000
2887.000000,2181.000000
1986.000000,2192.000000
1553.000000,2230.000000
1685.000000,2230.000000
1499.000000,2240.000000
1805.000000,2243.000000
2633.000000,2243.000000
1882.000000,2267.000000
853.000000,2281.000000
2870.000000,2291.000000
1912.000000,2314.000000
1368.000000,2325.000000
1351.000000,2327.000000
2399.000000,2345.000000
2861.000000,2362.000000
549.000000,2370.000000
2133.000000,2373.000000
2133.000000,2378.000000
1971.000000,2380.000000
2529.000000,2387.000000
1315.000000,2395.000000
2871.000000,2406.000000
1581.000000,2412.000000
11.000000,2414.000000
911.000000,2458.000000
1797.000000,2459.000000
895.000000,2460.000000
2260.000000,2461.000000
216.000000,2500.000000
2662.000000,2510.000000
3162.000000,2515.000000
2733.000000,2521.000000
785.000000,2522.000000
2151.000000,2535.000000
2356.000000,2557.000000
575.000000,2562.000000
2088.000000,2574.000000
597.000000,2576.000000
3528.000000,2586.000000
1.000000,2599.000000
516.000000,2599.000000
3333.000000,2604.000000
1002.000000,2625.000000
470.000000,2635.000000
41.000000,2640.000000
2607.000000,2649.000000
1804.000000,2650.000000
1646.000000,2669.000000
408.000000,2676.000000
3361.000000,2678.000000
1240.000000,2686.000000
1100.000000,2691.000000
3461.000000,2701.000000
1373.000000,2708.000000
2977.000000,2710.000000
3308.000000,2716.000000
2073.000000,2751.000000
1408.000000,2756.000000
1135.000000,2764.000000
863.000000,2766.000000
2110.000000,2766.000000
2528.000000,2769.000000
293.000000,2790.000000
3094.000000,2791.000000
845.000000,2806.000000
1483.000000,2824.000000
1025.000000,2829.000000
313.000000,2831.000000
3036.000000,2838.000000
2516.000000,2839.000000
437.000000,2855.000000
3340.000000,2856.000000
482.000000,2893.000000
2537.000000,2895.000000
3276.000000,2898.000000
245.000000,2902.000000
2445.000000,2924.000000
3353.000000,2928.000000
2720.000000,2937.000000
2376.000000,2948.000000
3016.000000,2955.000000
1147.000000,2973.000000
3385.000000,2973.000000
3594.000000,3015.000000
1442.000000,3016.000000
1635.000000,3027.000000
1141.000000,3046.000000
2845.000000,3047.000000
3270.000000,3049.000000
729.000000,3051.000000
1558.000000,3067.000000
2761.000000,3075.000000
934.000000,3085.000000
2693.000000,3108.000000
1648.000000,3114.000000
2117.000000,3116.000000
683.000000,3149.000000
1261.000000,3149.000000
2855.000000,3150.000000
3204.000000,3160.000000
2993.000000,3164.000000
2305.000000,3169.000000
2958.000000,3178.000000
2926.000000,3209.000000
1540.000000,3212.000000
748.000000,3227.000000
2861.000000,3231.000000
1498.000000,3250.000000
173.000000,3286.000000
305.000000,3294.000000
248.000000,3305.000000
2897.000000,3316.000000
2245.000000,3332.000000
3267.000000,3338.000000
1736.000000,3341.000000
2360.000000,3345.000000
3428.000000,3348.000000
3061.000000,3360.000000
1915.000000,3368.000000
2844.000000,3374.000000
2927.000000,3380.000000
1015.000000,3386.000000
3082.000000,3402.000000
2696.000000,3406.000000
1818.000000,3407.000000
1300.000000,3412.000000
53.000000,3423.000000
2386.000000,3435.000000
795.000000,3448.000000
2281.000000,3449.000000
2842.000000,3467.000000
2137.000000,3468.000000
1930.000000,3476.000000
1342.000000,3483.000000
972.000000,3495.000000
1649.000000,3563.000000
3372.000000,3570.000000
533.000000,3571.000000
1824.000000,3593.000000
1185.000000,3609.000000
1545.000000,3610.000000
3133.000000,3618.000000
LINES
2599.000000,320.000000,2735.000000,730.000000
3246.000000,689.000000,3338.000000,864.000000
2789.000000,1704.000000,2954.000000,1831.000000
2599.000000,320.000000,2586.000000,562.000000
305.000000,3294.000000,53.000000,3423.000000
2368.000000,1375.000000,2202.000000,1522.000000
1540.000000,3212.000000,1736.000000,3341.000000
3528.000000,2586.000000,3594.000000,3015.000000
245.000000,2902.000000,305.000000,3294.000000
1986.000000,2192.000000,1882.000000,2267.000000
1498.000000,3250.000000,1736.000000,3341.000000
1822.000000,1112.000000,1838.000000,1157.000000
895.000000,1139.000000,956.000000,1240.000000
2130.000000,316.000000,1997.000000,626.000000
1898.000000,184.000000,1631.000000,695.000000
173.000000,3286.000000,53.000000,3423.000000
626.000000,1218.000000,570.000000,1221.000000
3020.000000,1458.000000,2936.000000,1472.000000
2927.000000,782.000000,3008.000000,812.000000
2844.000000,3374.000000,2696.000000,3406.000000
2845.000000,3047.000000,2855.000000,3150.000000
408.000000,2676.000000,482.000000,2893.000000
712.000000,1503.000000,473.000000,1651.000000
1816.000000,1424.000000,2125.000000,1466.000000
3204.000000,914.000000,3000.000000,1289.000000
555.000000,845.000000,677.000000,963.000000
2133.000000,2373.000000,2260.000000,2461.000000
1591.000000,1084.000000,1306.000000,1160.000000
3204.000000,3160.000000,2993.000000,3164.000000
2020.000000,2027.000000,1778.000000,2143.000000
2847.000000,1672.000000,2789.000000,1704.000000
877.000000,314.000000,701.000000,550.000000
1141.000000,3046.000000,1261.000000,3149.000000
3423.000000,2147.000000,3162.000000,2515.000000
1822.000000,1112.000000,1640.000000,1457.000000
3531.000000,138.000000,3361.000000,330.000000
1816.000000,1424.000000,1658.000000,1723.000000
1915.000000,3368.000000,1824.000000,3593.000000
64.000000,1925.000000,549.000000,2370.000000
1449.000000,2027.000000,1292.000000,2054.000000
2523.000000,1948.000000,2523.000000,1999.000000
3082.000000,3402.000000,2842.000000,3467.000000
3294.000000,543.000000,3551.000000,709.000000
2133.000000,2378.000000,2260.000000,2461.000000
911.000000,2458.000000,1240.000000,2686.000000
1701.000000,1577.000000,1658.000000,1723.000000
3453.000000,1884.000000,3512.000000,1914.000000
956.000000,1240.000000,1183.000000,1311.000000
3564.000000,94.000000,3551.000000,709.000000
2794.000000,1346.000000,2368.000000,1375.000000
3489.000000,1075.000000,3521.000000,1113.000000
2870.000000,2291.000000,2529.000000,2387.000000
667.000000,1087.000000,626.000000,1218.000000
2871.000000,2406.000000,3162.000000,2515.000000
2969.000000,1385.000000,3020.000000,1458.000000
871.000000,1561.000000,473.000000,1651.000000
3162.000000,2515.000000,3333.000000,2604.000000
549.000000,2370.000000,575.000000,2562.000000
1836.000000,26.000000,1543.000000,82.000000
245.000000,2902.000000,748.000000,3227.000000
3049.000000,743.000000,2998.000000,756.000000
3005.000000,442.000000,2735.000000,730.000000
1165.000000,374.000000,1018.000000,491.000000
2946.000000,1310.000000,2936.000000,1472.000000
3008.000000,812.000000,2865.000000,1078.000000
1898.000000,184.000000,2176.000000,203.000000
1736.000000,3341.000000,1300.000000,3412.000000
1736.000000,3341.000000,1818.000000,3407.000000
2327.000000,11.000000,1974.000000,93.000000
1500.000000,269.000000,1605.000000,424.000000
2130.000000,316.000000,2152.000000,566.000000
2958.000000,3178.000000,2926.000000,3209.000000
1591.000000,1084.000000,1640.000000,1457.000000
533.000000,3571.000000,1185.000000,3609.000000
2581.000000,699.000000,2291.000000,897.000000
1655.000000,742.000000,1774.000000,806.000000
408.000000,2676.000000,845.000000,2806.000000
1971.000000,2380.000000,1804.000000,2650.000000
1778.000000,2143.000000,1759.000000,2156.000000
1236.000000,1288.000000,1640.000000,1457.000000
1141.000000,3046.000000,934.000000,3085.000000
3036.000000,2838.000000,3016.000000,2955.000000
684.000000,211.000000,696.000000,352.000000
2847.000000,1672.000000,2954.000000,1831.000000
2165.000000,1681.000000,2161.000000,1692.000000
877.000000,314.000000,1018.000000,491.000000
408.000000,2676.000000,437.000000,2855.000000
2203.000000,92.000000,1974.000000,93.000000
3323.000000,1621.000000,3290.000000,1776.000000
764.000000,262.000000,696.000000,352.000000
2368.000000,1375.000000,2582.000000,2019.000000
247.000000,1541.000000,131.000000,1601.000000
2581.000000,699.000000,2686.000000,972.000000
1544.000000,393.000000,1386.000000,477.000000
1534.000000,1934.000000,1759.000000,2156.000000
1117.000000,672.000000,1474.000000,815.000000
1822.000000,1112.000000,1940.000000,1164.000000
1986.000000,2192.000000,2133.000000,2378.000000
3094.000000,2791.000000,3016.000000,2955.000000
2256.000000,1599.000000,2165.000000,1681.000000
1183.000000,1311.000000,1171.000000,1377.000000
3629.000000,1052.000000,3521.000000,1113.000000
2245.000000,3332.000000,2386.000000,3435.000000
3532.000000,1524.000000,3538.000000,1817.000000
1898.000000,184.000000,1887.000000,669.000000
2133.000000,678.000000,2581.000000,699.000000
1474.000000,815.000000,1306.000000,1160.000000
2861.000000,3231.000000,2897.000000,3316.000000
748.000000,3227.000000,533.000000,3571.000000
2969.000000,1385.000000,2936.000000,1472.000000
1018.000000,491.000000,1117.000000,672.000000
1915.000000,3368.000000,2137.000000,3468.000000
3361.000000,883.000000,3489.000000,1075.000000
2291.000000,897.000000,2455.000000,1251.000000
2312.000000,1763.000000,2437.000000,1907.000000
3423.000000,2147.000000,2887.000000,2181.000000
2733.000000,2521.000000,2720.000000,2937.000000
2137.000000,3468.000000,1930.000000,3476.000000
3340.000000,2856.000000,3594.000000,3015.000000
484.000000,9.000000,182.000000,42.000000
2260.000000,2461.000000,2356.000000,2557.000000
2599.000000,320.000000,2483.000000,353.000000
2013.000000,703.000000,2018.000000,857.000000
2977.000000,2710.000000,3036.000000,2838.000000
484.000000,9.000000,225.000000,373.000000
2963.000000,1114.000000,2794.000000,1346.000000
1147.000000,2973.000000,1141.000000,3046.000000
2650.000000,1052.000000,2588.000000,1095.000000
1635.000000,3027.000000,1540.000000,3212.000000
2088.000000,2574.000000,2073.000000,2751.000000
581.000000,774.000000,573.000000,797.000000
3308.000000,2716.000000,3276.000000,2898.000000
1686.000000,1889.000000,1534.000000,1934.000000
1.000000,2599.000000,305.000000,3294.000000
1200.000000,397.000000,1117.000000,672.000000
3489.000000,1075.000000,3347.000000,1157.000000
575.000000,2562.000000,597.000000,2576.000000
3281.000000,1718.000000,3290.000000,1776.000000
3538.000000,1817.000000,3528.000000,2586.000000
696.000000,352.000000,549.000000,461.000000
832.000000,1795.000000,773.000000,2156.000000
3281.000000,1718.000000,3178.000000,1842.000000
3347.000000,1157.000000,3337.000000,1468.000000
1468.000000,1632.000000,1508.000000,1834.000000
1300.000000,3412.000000,972.000000,3495.000000
2245.000000,3332.000000,2137.000000,3468.000000
785.000000,2522.000000,845.000000,2806.000000
1.000000,2599.000000,173.000000,3286.000000
3521.000000,1113.000000,3347.000000,1157.000000
3337.000000,1468.000000,3532.000000,1524.000000
3290.000000,2033.000000,3356.000000,2098.000000
3405.000000,209.000000,3321.000000,264.000000
2633.000000,2243.000000,2870.000000,2291.000000
2926.000000,3209.000000,2861.000000,3231.000000
684.000000,211.000000,764.000000,262.000000
1619.000000,1534.000000,1508.000000,1834.000000
3008.000000,812.000000,3204.000000,914.000000
3333.000000,2604.000000,3361.000000,2678.000000
2117.000000,3116.000000,2305.000000,3169.000000
1915.000000,3368.000000,1930.000000,3476.000000
315.000000,1702.000000,429.000000,2055.000000
2999.000000,1750.000000,2955.000000,1934.000000
2941.000000,1582.000000,2999.000000,1750.000000
1882.000000,2267.000000,1912.000000,2314.000000
2073.000000,2751.000000,1915.000000,3368.000000
2963.000000,1114.000000,2946.000000,1310.000000
573.000000,797.000000,463.000000,843.000000
3246.000000,689.000000,3049.000000,743.000000
3495.000000,1.000000,3257.000000,60.000000
2445.000000,2924.000000,2720.000000,2937.000000
1655.000000,742.000000,1591.000000,1084.000000
1648.000000,3114.000000,1736.000000,3341.000000
1544.000000,393.000000,1605.000000,424.000000
626.000000,1218.000000,812.000000,1415.000000
1195.000000,1931.000000,1315.000000,2395.000000
1686.000000,1889.000000,1778.000000,2143.000000
2200.000000,1939.000000,2399.000000,2345.000000
3204.000000,914.000000,3290.000000,1001.000000
911.000000,2458.000000,1002.000000,2625.000000
3294.000000,543.000000,3568.000000,832.000000
2887.000000,2181.000000,2861.000000,2362.000000
1315.000000,2395.000000,1581.000000,2412.000000
1631.000000,695.000000,1655.000000,742.000000
2110.000000,2766.000000,2376.000000,2948.000000
2735.000000,730.000000,2865.000000,1078.000000
957.000000,1153.000000,1193.000000,1288.000000
1838.000000,1157.000000,1920.000000,1253.000000
1997.000000,626.000000,2040.000000,722.000000
164.000000,250.000000,44.000000,1243.000000
293.000000,2790.000000,313.000000,2831.000000
305.000000,3294.000000,533.000000,3571.000000
1685.000000,2230.000000,1581.000000,2412.000000
2936.000000,1472.000000,2825.000000,1631.000000
3257.000000,60.000000,3405.000000,209.000000
1200.000000,397.000000,1352.000000,524.000000
2844.000000,3374.000000,2842.000000,3467.000000
3538.000000,1817.000000,3494.000000,2074.000000
1797.000000,2459.000000,1804.000000,2650.000000
3337.000000,1468.000000,3546.000000,1469.000000
1805.000000,2243.000000,1882.000000,2267.000000
895.000000,1139.000000,957.000000,1153.000000
41.000000,2640.000000,245.000000,2902.000000
64.000000,1925.000000,516.000000,2599.000000
2842.000000,3467.000000,2137.000000,3468.000000
2407.000000,409.000000,2581.000000,699.000000
1292.000000,2054.000000,1315.000000,2395.000000
2845.000000,3047.000000,2761.000000,3075.000000
2130.000000,316.000000,2105.000000,658.000000
785.000000,2522.000000,597.000000,2576.000000
1408.000000,2756.000000,1135.000000,2764.000000
2399.000000,2345.000000,2260.000000,2461.000000
3319.000000,1600.000000,3323.000000,1621.000000
3008.000000,812.000000,2963.000000,1114.000000
2012.000000,2143.000000,2133.000000,2378.000000
2012.000000,2143.000000,1986.000000,2192.000000
182.000000,42.000000,44.000000,1243.000000
1498.000000,3250.000000,1300.000000,3412.000000
437.000000,2855.000000,683.000000,3149.000000
2109.000000,1624.000000,2165.000000,1681.000000
3308.000000,2716.000000,3340.000000,2856.000000
3531.000000,138.000000,3294.000000,543.000000
1816.000000,1424.000000,1640.000000,1457.000000
3485.000000,891.000000,3505.000000,1014.000000
1442.000000,3016.000000,1558.000000,3067.000000
3405.000000,209.000000,3361.000000,330.000000
1468.000000,1632.000000,1164.000000,1823.000000
3385.000000,2973.000000,3428.000000,3348.000000
1292.000000,2054.000000,1351.000000,2327.000000
484.000000,9.000000,2327.000000,11.000000
2101.000000,1059.000000,2202.000000,1522.000000
1261.000000,3149.000000,1015.000000,3386.000000
1887.000000,669.000000,1940.000000,1164.000000
3494.000000,2074.000000,3423.000000,2147.000000
3290.000000,1001.000000,3347.000000,1157.000000
895.000000,1139.000000,626.000000,1218.000000
2273.000000,1756.000000,2200.000000,1939.000000
2871.000000,2406.000000,2977.000000,2710.000000
1368.000000,2325.000000,1581.000000,2412.000000
3254.000000,910.000000,3204.000000,914.000000
956.000000,1240.000000,812.000000,1415.000000
1200.000000,397.000000,1018.000000,491.000000
1352.000000,524.000000,1488.000000,633.000000
1553.000000,2230.000000,1685.000000,2230.000000
2265.000000,244.000000,2407.000000,409.000000
3568.000000,832.000000,3485.000000,891.000000
2445.000000,2924.000000,2386.000000,3435.000000
1766.000000,214.000000,1713.000000,305.000000
169.000000,161.000000,164.000000,250.000000
2161.000000,1692.000000,2020.000000,2027.000000
169.000000,161.000000,44.000000,1243.000000
549.000000,461.000000,264.000000,522.000000
2013.000000,703.000000,1940.000000,1164.000000
3485.000000,891.000000,3629.000000,1052.000000
3423.000000,2147.000000,3528.000000,2586.000000
2633.000000,2058.000000,2887.000000,2181.000000
1499.000000,2240.000000,1368.000000,2325.000000
2844.000000,3374.000000,2927.000000,3380.000000
2865.000000,1078.000000,2963.000000,1114.000000
2161.000000,1692.000000,2312.000000,1763.000000
1018.000000,491.000000,701.000000,550.000000
1646.000000,2669.000000,2073.000000,2751.000000
3290.000000,1001.000000,3000.000000,1289.000000
2126.000000,498.000000,2152.000000,566.000000
2842.000000,3467.000000,3133.000000,3618.000000
1141.000000,3046.000000,1015.000000,3386.000000
1816.000000,1424.000000,1686.000000,1889.000000
3000.000000,1289.000000,2946.000000,1310.000000
484.000000,9.000000,684.000000,211.000000
1605.000000,424.000000,1352.000000,524.000000
3061.000000,3360.000000,3082.000000,3402.000000
2073.000000,2751.000000,2117.000000,3116.000000
1545.000000,3610.000000,3133.000000,3618.000000
3257.000000,60.000000,2756.000000,157.000000
53.000000,3423.000000,533.000000,3571.000000
895.000000,36.000000,892.000000,312.000000
3495.000000,1.000000,3531.000000,138.000000
2133.000000,2378.000000,1971.000000,2380.000000
1581.000000,2412.000000,1797.000000,2459.000000
408.000000,2676.000000,293.000000,2790.000000
2117.000000,688.000000,2040.000000,722.000000
1240.000000,2686.000000,1100.000000,2691.000000
812.000000,1415.000000,1175.000000,1529.000000
3347.000000,1157.000000,3214.000000,1206.000000
626.000000,1218.000000,956.000000,1240.000000
2356.000000,2557.000000,2607.000000,2649.000000
863.000000,2766.000000,1025.000000,2829.000000
785.000000,2522.000000,1002.000000,2625.000000
1920.000000,1253.000000,1816.000000,1424.000000
1408.000000,2756.000000,1147.000000,2973.000000
1759.000000,2156.000000,1882.000000,2267.000000
1591.000000,1084.000000,1822.000000,1112.000000
2998.000000,756.000000,2927.000000,782.000000
2327.000000,11.000000,2483.000000,353.000000
182.000000,556.000000,253.000000,673.000000
2897.000000,3316.000000,2927.000000,3380.000000
1386.000000,477.000000,1352.000000,524.000000
1930.000000,3476.000000,1824.000000,3593.000000
3214.000000,1206.000000,3075.000000,1313.000000
2245.000000,3332.000000,2360.000000,3345.000000
3528.000000,2586.000000,3461.000000,2701.000000
2200.000000,1939.000000,2020.000000,2027.000000
2739.000000,217.000000,3013.000000,290.000000
549.000000,461.000000,573.000000,797.000000
1824.000000,3593.000000,3133.000000,3618.000000
1631.000000,695.000000,1774.000000,806.000000
3082.000000,3402.000000,3133.000000,3618.000000
2020.000000,2027.000000,2012.000000,2143.000000
3495.000000,1.000000,484.000000,9.000000
3321.000000,264.000000,3361.000000,330.000000
2483.000000,353.000000,2586.000000,562.000000
832.000000,1795.000000,1118.000000,1984.000000
1822.000000,1112.000000,1807.000000,1345.000000
3013.000000,290.000000,3361.000000,330.000000
956.000000,1240.000000,1171.000000,1377.000000
729.000000,3051.000000,934.000000,3085.000000
2013.000000,703.000000,2040.000000,722.000000
64.000000,1925.000000,216.000000,2500.000000
356.000000,1300.000000,131.000000,1601.000000
2133.000000,2378.000000,2151.000000,2535.000000
173.000000,3286.000000,305.000000,3294.000000
2151.000000,2535.000000,2110.000000,2766.000000
795.000000,3448.000000,533.000000,3571.000000
463.000000,843.000000,555.000000,845.000000
516.000000,2599.000000,470.000000,2635.000000
3340.000000,2856.000000,3276.000000,2898.000000
1898.000000,184.000000,1713.000000,305.000000
1736.000000,3341.000000,1915.000000,3368.000000
895.000000,36.000000,684.000000,211.000000
1015.000000,3386.000000,972.000000,3495.000000
3480.000000,56.000000,3405.000000,209.000000
1686.000000,1889.000000,2020.000000,2027.000000
2650.000000,1052.000000,2585.000000,1248.000000
1306.000000,1160.000000,1236.000000,1288.000000
3214.000000,1206.000000,3088.000000,1366.000000
1649.000000,3563.000000,1824.000000,3593.000000
2756.000000,157.000000,2739.000000,217.000000
2537.000000,2895.000000,2720.000000,2937.000000
667.000000,1087.000000,957.000000,1153.000000
2946.000000,1310.000000,2794.000000,1346.000000
429.000000,1263.000000,247.000000,1541.000000
2927.000000,3380.000000,3082.000000,3402.000000
957.000000,1153.000000,1183.000000,1311.000000
895.000000,36.000000,764.000000,262.000000
2693.000000,3108.000000,2897.000000,3316.000000
2161.000000,1692.000000,2273.000000,1756.000000
1007.000000,745.000000,1474.000000,815.000000
2585.000000,1248.000000,2794.000000,1346.000000
2516.000000,2839.000000,2445.000000,2924.000000
2265.000000,244.000000,2130.000000,316.000000
3338.000000,864.000000,3361.000000,883.000000
1306.000000,1160.000000,1428.000000,1277.000000
3568.000000,832.000000,3361.000000,883.000000
2109.000000,1624.000000,2161.000000,1692.000000
2794.000000,1346.000000,2911.000000,1364.000000
1351.000000,2327.000000,1581.000000,2412.000000
1971.000000,2380.000000,2088.000000,2574.000000
1631.000000,695.000000,1474.000000,815.000000
2607.000000,2649.000000,2516.000000,2839.000000
570.000000,1221.000000,429.000000,1263.000000
2855.000000,3150.000000,2926.000000,3209.000000
2825.000000,1631.000000,2789.000000,1704.000000
1543.000000,82.000000,1500.000000,269.000000
3016.000000,2955.000000,2845.000000,3047.000000
2407.000000,409.000000,2152.000000,566.000000
2926.000000,3209.000000,2897.000000,3316.000000
182.000000,556.000000,321.000000,808.000000
853.000000,2281.000000,785.000000,2522.000000
2582.000000,2019.000000,2887.000000,2181.000000
2101.000000,1059.000000,2455.000000,1251.000000
3453.000000,1884.000000,3494.000000,2074.000000
1183.000000,1311.000000,1175.000000,1529.000000
2941.000000,1582.000000,3178.000000,1842.000000
863.000000,2766.000000,845.000000,2806.000000
3016.000000,2955.000000,2993.000000,3164.000000
1713.000000,305.000000,1605.000000,424.000000
1.000000,2599.000000,245.000000,2902.000000
3428.000000,3348.000000,3372.000000,3570.000000
877.000000,314.000000,1165.000000,374.000000
2954.000000,1831.000000,2887.000000,2181.000000
1195.000000,1931.000000,853.000000,2281.000000
2586.000000,562.000000,2623.000000,728.000000
1640.000000,1457.000000,1619.000000,1534.000000
773.000000,2156.000000,549.000000,2370.000000
2842.000000,3467.000000,1930.000000,3476.000000
3290.000000,1001.000000,3489.000000,1075.000000
3162.000000,2515.000000,3308.000000,2716.000000
2151.000000,2535.000000,2356.000000,2557.000000
1543.000000,82.000000,1605.000000,424.000000
1483.000000,2824.000000,1915.000000,3368.000000
573.000000,797.000000,677.000000,963.000000
2399.000000,2345.000000,2356.000000,2557.000000
473.000000,1651.000000,315.000000,1702.000000
3356.000000,2098.000000,3423.000000,2147.000000
2483.000000,353.000000,2407.000000,409.000000
2117.000000,688.000000,2018.000000,857.000000
2739.000000,217.000000,2599.000000,320.000000
1416.000000,1737.000000,1508.000000,1834.000000
3088.000000,1366.000000,3337.000000,1468.000000
516.000000,2599.000000,408.000000,2676.000000
2887.000000,2181.000000,3162.000000,2515.000000
2327.000000,11.000000,2646.000000,27.000000
3075.000000,1313.000000,3088.000000,1366.000000
626.000000,1218.000000,645.000000,1438.000000
2133.000000,678.000000,2291.000000,897.000000
957.000000,1153.000000,956.000000,1240.000000
2018.000000,857.000000,2291.000000,897.000000
182.000000,42.000000,232.000000,137.000000
1261.000000,3149.000000,972.000000,3495.000000
174.000000,824.000000,214.000000,920.000000
1449.000000,2027.000000,1499.000000,2240.000000
482.000000,2893.000000,683.000000,3149.000000
3338.000000,864.000000,3254.000000,910.000000
182.000000,42.000000,169.000000,161.000000
2581.000000,699.000000,2623.000000,728.000000
895.000000,36.000000,1543.000000,82.000000
2399.000000,2345.000000,2529.000000,2387.000000
3036.000000,503.000000,3294.000000,543.000000
44.000000,1243.000000,356.000000,1300.000000
1759.000000,2156.000000,1805.000000,2243.000000
667.000000,1087.000000,486.000000,1122.000000
2529.000000,2387.000000,2662.000000,2510.000000
2305.000000,3169.000000,2360.000000,3345.000000
64.000000,1925.000000,429.000000,2055.000000
1300.000000,3412.000000,1185.000000,3609.000000
2368.000000,1375.000000,2523.000000,1948.000000
2455.000000,1251.000000,2202.000000,1522.000000
1920.000000,1253.000000,2202.000000,1522.000000
1711.000000,1752.000000,1686.000000,1889.000000
3461.000000,2701.000000,3308.000000,2716.000000
1898.000000,184.000000,1997.000000,626.000000
2273.000000,1756.000000,2320.000000,1782.000000
1368.000000,2325.000000,1351.000000,2327.000000
2761.000000,3075.000000,2855.000000,3150.000000
164.000000,250.000000,182.000000,556.000000
1135.000000,2764.000000,1147.000000,2973.000000
2855.000000,3150.000000,2958.000000,3178.000000
3241.000000,1824.000000,3178.000000,1842.000000
2954.000000,1831.000000,2955.000000,1934.000000
1118.000000,1984.000000,773.000000,2156.000000
1.000000,2599.000000,53.000000,3423.000000
2662.000000,2510.000000,2733.000000,2521.000000
3241.000000,1824.000000,3290.000000,2033.000000
2437.000000,1907.000000,2523.000000,1948.000000
2386.000000,3435.000000,2842.000000,3467.000000
2291.000000,897.000000,2588.000000,1095.000000
216.000000,2500.000000,1.000000,2599.000000
1135.000000,2764.000000,1025.000000,2829.000000
182.000000,556.000000,174.000000,824.000000
2581.000000,699.000000,2588.000000,1095.000000
2523.000000,1999.000000,2582.000000,2019.000000
1315.000000,2395.000000,1373.000000,2708.000000
3505.000000,1014.000000,3489.000000,1075.000000
1488.000000,633.000000,1117.000000,672.000000
1408.000000,2756.000000,1442.000000,3016.000000
2202.000000,1522.000000,2109.000000,1624.000000
1816.000000,1424.000000,2161.000000,1692.000000
2720.000000,2937.000000,2693.000000,3108.000000
131.000000,1601.000000,64.000000,1925.000000
3485.000000,891.000000,3489.000000,1075.000000
2926.000000,3209.000000,2927.000000,3380.000000
853.000000,2281.000000,911.000000,2458.000000
1474.000000,815.000000,957.000000,1153.000000
1373.000000,2708.000000,1408.000000,2756.000000
1002.000000,2625.000000,1240.000000,2686.000000
236.000000,62.000000,232.000000,137.000000
1930.000000,3476.000000,3133.000000,3618.000000
2529.000000,2387.000000,2356.000000,2557.000000
2739.000000,217.000000,3005.000000,442.000000
2516.000000,2839.000000,2720.000000,2937.000000
729.000000,3051.000000,748.000000,3227.000000
3495.000000,1.000000,2756.000000,157.000000
2855.000000,3150.000000,2993.000000,3164.000000
1974.000000,93.000000,2176.000000,203.000000
812.000000,1415.000000,712.000000,1503.000000
2445.000000,2924.000000,2693.000000,3108.000000
3571.000000,1041.000000,3521.000000,1113.000000
2998.000000,756.000000,3008.000000,812.000000
597.000000,2576.000000,516.000000,2599.000000
264.000000,522.000000,321.000000,808.000000
1508.000000,1834.000000,1686.000000,1889.000000
182.000000,556.000000,44.000000,1243.000000
645.000000,1438.000000,247.000000,1541.000000
3538.000000,1817.000000,3453.000000,1884.000000
2623.000000,728.000000,2735.000000,730.000000
3204.000000,2034.000000,3423.000000,2147.000000
2870.000000,2291.000000,2861.000000,2362.000000
3267.000000,3338.000000,3082.000000,3402.000000
2825.000000,1631.000000,2847.000000,1672.000000
1887.000000,669.000000,1774.000000,806.000000
895.000000,2460.000000,785.000000,2522.000000
3528.000000,2586.000000,3361.000000,2678.000000
3267.000000,3338.000000,3428.000000,3348.000000
1007.000000,745.000000,581.000000,774.000000
3290.000000,1776.000000,3241.000000,1824.000000
3257.000000,60.000000,3321.000000,264.000000
2633.000000,2058.000000,2633.000000,2243.000000
2110.000000,2766.000000,2117.000000,3116.000000
2503.000000,2120.000000,2633.000000,2243.000000
1193.000000,1288.000000,1236.000000,1288.000000
1007.000000,745.000000,957.000000,1153.000000
2151.000000,2535.000000,2607.000000,2649.000000
1500.000000,269.000000,1165.000000,374.000000
764.000000,262.000000,892.000000,312.000000
3276.000000,2898.000000,3270.000000,3049.000000
516.000000,2599.000000,41.000000,2640.000000
3505.000000,1014.000000,3521.000000,1113.000000
1838.000000,1157.000000,1807.000000,1345.000000
972.000000,3495.000000,533.000000,3571.000000
1315.000000,2395.000000,911.000000,2458.000000
1685.000000,2230.000000,1797.000000,2459.000000
2018.000000,857.000000,2101.000000,1059.000000
1658.000000,1723.000000,1686.000000,1889.000000
232.000000,137.000000,164.000000,250.000000
1498.000000,3250.000000,972.000000,3495.000000
1778.000000,2143.000000,2012.000000,2143.000000
2368.000000,1375.000000,2789.000000,1704.000000
597.000000,2576.000000,845.000000,2806.000000
2794.000000,1346.000000,2789.000000,1704.000000
2176.000000,203.000000,2130.000000,316.000000
2126.000000,498.000000,2105.000000,658.000000
1816.000000,1424.000000,2202.000000,1522.000000
437.000000,2855.000000,748.000000,3227.000000
3267.000000,3338.000000,3372.000000,3570.000000
214.000000,920.000000,570.000000,1221.000000
3204.000000,3160.000000,3428.000000,3348.000000
3246.000000,689.000000,3204.000000,914.000000
3337.000000,1468.000000,3319.000000,1600.000000
1804.000000,2650.000000,2073.000000,2751.000000
2633.000000,2058.000000,2870.000000,2291.000000
677.000000,963.000000,667.000000,1087.000000
1605.000000,424.000000,1631.000000,695.000000
182.000000,42.000000,236.000000,62.000000
2018.000000,857.000000,1940.000000,1164.000000
164.000000,250.000000,225.000000,373.000000
321.000000,808.000000,463.000000,843.000000
549.000000,2370.000000,597.000000,2576.000000
2756.000000,157.000000,3361.000000,330.000000
1117.000000,672.000000,1007.000000,745.000000
1648.000000,3114.000000,1540.000000,3212.000000
3254.000000,910.000000,3290.000000,1001.000000
2327.000000,11.000000,2203.000000,92.000000
1018.000000,491.000000,1007.000000,745.000000
1195.000000,1931.000000,1292.000000,2054.000000
3036.000000,503.000000,3246.000000,689.000000
3361.000000,330.000000,3036.000000,503.000000
1543.000000,82.000000,1713.000000,305.000000
3532.000000,1524.000000,3323.000000,1621.000000
2126.000000,498.000000,2133.000000,678.000000
2320.000000,1782.000000,2344.000000,1802.000000
3361.000000,330.000000,3294.000000,543.000000
3204.000000,2034.000000,3356.000000,2098.000000
3016.000000,2955.000000,3270.000000,3049.000000
214.000000,920.000000,429.000000,1263.000000
293.000000,2790.000000,245.000000,2902.000000
1240.000000,2686.000000,1373.000000,2708.000000
429.000000,1263.000000,356.000000,1300.000000
2586.000000,562.000000,2581.000000,699.000000
1200.000000,397.000000,1386.000000,477.000000
2756.000000,157.000000,3321.000000,264.000000
2117.000000,3116.000000,2245.000000,3332.000000
785.000000,2522.000000,863.000000,2766.000000
2073.000000,2751.000000,1483.000000,2824.000000
2733.000000,2521.000000,2761.000000,3075.000000
1500.000000,269.000000,892.000000,312.000000
2105.000000,658.000000,2117.000000,688.000000
1500.000000,269.000000,1544.000000,393.000000
1912.000000,2314.000000,1971.000000,2380.000000
1240.000000,2686.000000,1135.000000,2764.000000
484.000000,9.000000,232.000000,137.000000
2861.000000,2362.000000,2871.000000,2406.000000
1619.000000,1534.000000,1468.000000,1632.000000
2599.000000,320.000000,3005.000000,442.000000
2861.000000,2362.000000,2662.000000,2510.000000
2133.000000,2378.000000,2088.000000,2574.000000
3594.000000,3015.000000,3372.000000,3570.000000
2305.000000,3169.000000,2245.000000,3332.000000
2954.000000,1831.000000,2582.000000,2019.000000
1164.000000,1823.000000,1292.000000,2054.000000
3088.000000,1366.000000,3319.000000,1600.000000
3564.000000,94.000000,3531.000000,138.000000
1658.000000,1723.000000,1508.000000,1834.000000
313.000000,2831.000000,245.000000,2902.000000
1442.000000,3016.000000,1261.000000,3149.000000
131.000000,1601.000000,315.000000,1702.000000
1543.000000,82.000000,1766.000000,214.000000
3385.000000,2973.000000,3270.000000,3049.000000
1836.000000,26.000000,895.000000,36.000000
3008.000000,812.000000,3000.000000,1289.000000
3495.000000,1.000000,3564.000000,94.000000
2999.000000,1750.000000,2954.000000,1831.000000
3538.000000,1817.000000,3512.000000,1914.000000
3494.000000,2074.000000,3528.000000,2586.000000
2012.000000,2143.000000,1882.000000,2267.000000
667.000000,1087.000000,570.000000,1221.000000
2101.000000,1059.000000,1920.000000,1253.000000
3246.000000,689.000000,3361.000000,883.000000
2281.000000,3449.000000,2842.000000,3467.000000
3361.000000,883.000000,3485.000000,891.000000
3005.000000,442.000000,3049.000000,743.000000
549.000000,2370.000000,785.000000,2522.000000
3571.000000,1041.000000,3629.000000,1052.000000
3270.000000,3049.000000,2993.000000,3164.000000
2528.000000,2769.000000,2516.000000,2839.000000
1898.000000,184.000000,1766.000000,214.000000
214.000000,920.000000,44.000000,1243.000000
2696.000000,3406.000000,2386.000000,3435.000000
832.000000,1795.000000,1164.000000,1823.000000
3267.000000,3338.000000,3061.000000,3360.000000
1185.000000,3609.000000,3133.000000,3618.000000
845.000000,2806.000000,482.000000,2893.000000
3453.000000,1884.000000,3423.000000,2147.000000
1416.000000,1737.000000,1534.000000,1934.000000
3319.000000,1600.000000,3290.000000,1776.000000
2582.000000,2019.000000,2633.000000,2058.000000
3290.000000,1776.000000,3538.000000,1817.000000
2386.000000,3435.000000,2281.000000,3449.000000
2523.000000,1948.000000,2503.000000,2120.000000
2368.000000,1375.000000,2312.000000,1763.000000
1581.000000,2412.000000,1804.000000,2650.000000
1165.000000,374.000000,1200.000000,397.000000
3241.000000,1824.000000,3204.000000,2034.000000
321.000000,808.000000,174.000000,824.000000
2312.000000,1763.000000,2320.000000,1782.000000
2588.000000,1095.000000,2585.000000,1248.000000
264.000000,522.000000,573.000000,797.000000
1619.000000,1534.000000,1701.000000,1577.000000
1685.000000,2230.000000,1805.000000,2243.000000
2202.000000,1522.000000,2165.000000,1681.000000
1474.000000,815.000000,1591.000000,1084.000000
2368.000000,1375.000000,2256.000000,1599.000000
729.000000,3051.000000,683.000000,3149.000000
1352.000000,524.000000,1117.000000,672.000000
2733.000000,2521.000000,2977.000000,2710.000000
2203.000000,92.000000,2407.000000,409.000000
2623.000000,728.000000,2686.000000,972.000000
1887.000000,669.000000,1631.000000,695.000000
677.000000,963.000000,957.000000,1153.000000
315.000000,1702.000000,64.000000,1925.000000
581.000000,774.000000,677.000000,963.000000
1774.000000,806.000000,1591.000000,1084.000000
2739.000000,217.000000,2483.000000,353.000000
1836.000000,26.000000,1974.000000,93.000000
1619.000000,1534.000000,1658.000000,1723.000000
1544.000000,393.000000,1352.000000,524.000000
3204.000000,3160.000000,3061.000000,3360.000000
1759.000000,2156.000000,1685.000000,2230.000000
3551.000000,709.000000,3629.000000,1052.000000
2993.000000,3164.000000,2958.000000,3178.000000
3013.000000,290.000000,3005.000000,442.000000
853.000000,2281.000000,549.000000,2370.000000
1635.000000,3027.000000,1558.000000,3067.000000
2955.000000,1934.000000,2887.000000,2181.000000
1002.000000,2625.000000,863.000000,2766.000000
2176.000000,203.000000,1997.000000,626.000000
871.000000,1561.000000,315.000000,1702.000000
2887.000000,2181.000000,2871.000000,2406.000000
248.000000,3305.000000,53.000000,3423.000000
2861.000000,2362.000000,2733.000000,2521.000000
247.000000,1541.000000,315.000000,1702.000000
2662.000000,2510.000000,2607.000000,2649.000000
845.000000,2806.000000,934.000000,3085.000000
3532.000000,1524.000000,3319.000000,1600.000000
3353.000000,2928.000000,3385.000000,2973.000000
2151.000000,2535.000000,2088.000000,2574.000000
3000.000000,1289.000000,2969.000000,1385.000000
2847.000000,1672.000000,2999.000000,1750.000000
2529.000000,2387.000000,2607.000000,2649.000000
3290.000000,1776.000000,3453.000000,1884.000000
3521.000000,1113.000000,3546.000000,1469.000000
2633.000000,2058.000000,2503.000000,2120.000000
64.000000,1925.000000,11.000000,2414.000000
3629.000000,1052.000000,3546.000000,1469.000000
2281.000000,3449.000000,2137.000000,3468.000000
2260.000000,2461.000000,2151.000000,2535.000000
1807.000000,1345.000000,1816.000000,1424.000000
3290.000000,1001.000000,3391.000000,1074.000000
3214.000000,1206.000000,3337.000000,1468.000000
3290.000000,2033.000000,3423.000000,2147.000000
1164.000000,1823.000000,1195.000000,1931.000000
581.000000,774.000000,957.000000,1153.000000
2399.000000,2345.000000,2133.000000,2373.000000
1807.000000,1345.000000,1640.000000,1457.000000
3372.000000,3570.000000,3133.000000,3618.000000
3564.000000,94.000000,3629.000000,1052.000000
484.000000,9.000000,1836.000000,26.000000
1887.000000,669.000000,2013.000000,703.000000
3629.000000,1052.000000,3594.000000,3015.000000
934.000000,3085.000000,1015.000000,3386.000000
2523.000000,1948.000000,2582.000000,2019.000000
877.000000,314.000000,696.000000,352.000000
1558.000000,3067.000000,1540.000000,3212.000000
1175.000000,1529.000000,1164.000000,1823.000000
1997.000000,626.000000,2105.000000,658.000000
1898.000000,184.000000,1605.000000,424.000000
748.000000,3227.000000,305.000000,3294.000000
1646.000000,2669.000000,1483.000000,2824.000000
2101.000000,1059.000000,1940.000000,1164.000000
2125.000000,1466.000000,2202.000000,1522.000000
2117.000000,3116.000000,1915.000000,3368.000000
1940.000000,1164.000000,1920.000000,1253.000000
3088.000000,1366.000000,2969.000000,1385.000000
1920.000000,1253.000000,1807.000000,1345.000000
2955.000000,1934.000000,3204.000000,2034.000000
3020.000000,1458.000000,3178.000000,1842.000000
1558.000000,3067.000000,1498.000000,3250.000000
3178.000000,1842.000000,3204.000000,2034.000000
2133.000000,678.000000,2117.000000,688.000000
1468.000000,1632.000000,1416.000000,1737.000000
429.000000,2055.000000,773.000000,2156.000000
35.000000,1813.000000,1.000000,2599.000000
957.000000,1153.000000,1306.000000,1160.000000
1499.000000,2240.000000,1351.000000,2327.000000
1649.000000,3563.000000,1545.000000,3610.000000
3319.000000,1600.000000,3281.000000,1718.000000
2633.000000,2243.000000,2529.000000,2387.000000
2537.000000,2895.000000,2445.000000,2924.000000
1342.000000,3483.000000,1545.000000,3610.000000
2202.000000,1522.000000,2256.000000,1599.000000
3480.000000,56.000000,3531.000000,138.000000
667.000000,1087.000000,895.000000,1139.000000
1193.000000,1288.000000,1175.000000,1529.000000
1838.000000,1157.000000,1940.000000,1164.000000
2936.000000,1472.000000,2847.000000,1672.000000
214.000000,920.000000,667.000000,1087.000000
892.000000,312.000000,1165.000000,374.000000
2273.000000,1756.000000,2344.000000,1802.000000
44.000000,1243.000000,1.000000,2599.000000
3361.000000,883.000000,3254.000000,910.000000
1816.000000,1424.000000,2109.000000,1624.000000
1236.000000,1288.000000,1619.000000,1534.000000
1442.000000,3016.000000,1635.000000,3027.000000
3385.000000,2973.000000,3594.000000,3015.000000
3094.000000,2791.000000,3036.000000,2838.000000
1147.000000,2973.000000,1442.000000,3016.000000
1986.000000,2192.000000,1912.000000,2314.000000
2897.000000,3316.000000,2844.000000,3374.000000
3290.000000,2033.000000,3204.000000,2034.000000
1488.000000,633.000000,1474.000000,815.000000
3333.000000,2604.000000,3308.000000,2716.000000
1025.000000,2829.000000,1147.000000,2973.000000
1915.000000,3368.000000,1818.000000,3407.000000
764.000000,262.000000,877.000000,314.000000
1175.000000,1529.000000,1468.000000,1632.000000
3267.000000,3338.000000,3133.000000,3618.000000
957.000000,1153.000000,1236.000000,1288.000000
3461.000000,2701.000000,3340.000000,2856.000000
437.000000,2855.000000,482.000000,2893.000000
1836.000000,26.000000,1898.000000,184.000000
1640.000000,1457.000000,1701.000000,1577.000000
225.000000,373.000000,182.000000,556.000000
3178.000000,1842.000000,2955.000000,1934.000000
3294.000000,543.000000,3246.000000,689.000000
3276.000000,2898.000000,3353.000000,2928.000000
1685.000000,2230.000000,1499.000000,2240.000000
1483.000000,2824.000000,1442.000000,3016.000000
3290.000000,1776.000000,3178.000000,1842.000000
3495.000000,1.000000,3480.000000,56.000000
1100.000000,2691.000000,1025.000000,2829.000000
3088.000000,1366.000000,3020.000000,1458.000000
1100.000000,2691.000000,1135.000000,2764.000000
3347.000000,1157.000000,3546.000000,1469.000000
2245.000000,3332.000000,2281.000000,3449.000000
1997.000000,626.000000,1887.000000,669.000000
2161.000000,1692.000000,1686.000000,1889.000000
3246.000000,689.000000,3008.000000,812.000000
3461.000000,2701.000000,3594.000000,3015.000000
1816.000000,1424.000000,1711.000000,1752.000000
2686.000000,972.000000,2650.000000,1052.000000
2088.000000,2574.000000,1804.000000,2650.000000
2686.000000,972.000000,2588.000000,1095.000000
2911.000000,1364.000000,2936.000000,1472.000000
795.000000,3448.000000,972.000000,3495.000000
575.000000,2562.000000,516.000000,2599.000000
1655.000000,742.000000,1474.000000,815.000000
2646.000000,27.000000,2756.000000,157.000000
853.000000,2281.000000,895.000000,2460.000000
1300.000000,3412.000000,1342.000000,3483.000000
2735.000000,730.000000,2927.000000,782.000000
3162.000000,2515.000000,3094.000000,2791.000000
2686.000000,972.000000,2865.000000,1078.000000
2528.000000,2769.000000,2376.000000,2948.000000
3094.000000,2791.000000,3276.000000,2898.000000
1685.000000,2230.000000,1912.000000,2314.000000
2117.000000,688.000000,2291.000000,897.000000
2516.000000,2839.000000,2376.000000,2948.000000
3512.000000,1914.000000,3494.000000,2074.000000
2586.000000,562.000000,2735.000000,730.000000
313.000000,2831.000000,437.000000,2855.000000
1002.000000,2625.000000,1100.000000,2691.000000
3495.000000,1.000000,2327.000000,11.000000
1534.000000,1934.000000,1292.000000,2054.000000
429.000000,2055.000000,549.000000,2370.000000
3546.000000,1469.000000,3532.000000,1524.000000
3495.000000,1.000000,2646.000000,27.000000
1912.000000,2314.000000,1797.000000,2459.000000
2020.000000,2027.000000,2133.000000,2373.000000
3005.000000,442.000000,2998.000000,756.000000
1635.000000,3027.000000,1915.000000,3368.000000
549.000000,461.000000,701.000000,550.000000
1778.000000,2143.000000,1882.000000,2267.000000
35.000000,1813.000000,64.000000,1925.000000
3531.000000,138.000000,3551.000000,709.000000
2455.000000,1251.000000,2368.000000,1375.000000
3016.000000,2955.000000,2855.000000,3150.000000
3532.000000,1524.000000,3594.000000,3015.000000
1342.000000,3483.000000,1185.000000,3609.000000
321.000000,808.000000,214.000000,920.000000
2733.000000,2521.000000,2607.000000,2649.000000
264.000000,522.000000,182.000000,556.000000
2151.000000,2535.000000,2528.000000,2769.000000
2073.000000,2751.000000,2110.000000,2766.000000
486.000000,1122.000000,570.000000,1221.000000
2789.000000,1704.000000,2582.000000,2019.000000
1442.000000,3016.000000,972.000000,3495.000000
2650.000000,1052.000000,2865.000000,1078.000000
315.000000,1702.000000,832.000000,1795.000000
2523.000000,1999.000000,2503.000000,2120.000000
2445.000000,2924.000000,2376.000000,2948.000000
812.000000,1415.000000,871.000000,1561.000000
3338.000000,864.000000,3204.000000,914.000000
748.000000,3227.000000,1015.000000,3386.000000
1997.000000,626.000000,2013.000000,703.000000
1540.000000,3212.000000,1498.000000,3250.000000
3020.000000,1458.000000,3319.000000,1600.000000
2523.000000,1999.000000,2633.000000,2058.000000
1736.000000,3341.000000,1649.000000,3563.000000
3532.000000,1524.000000,3290.000000,1776.000000
573.000000,797.000000,321.000000,808.000000
2999.000000,1750.000000,3178.000000,1842.000000
173.000000,3286.000000,248.000000,3305.000000
972.000000,3495.000000,1185.000000,3609.000000
2203.000000,92.000000,2483.000000,353.000000
2865.000000,1078.000000,2585.000000,1248.000000
463.000000,843.000000,677.000000,963.000000
3270.000000,3049.000000,3204.000000,3160.000000
2117.000000,3116.000000,2137.000000,3468.000000
2445.000000,2924.000000,2360.000000,3345.000000
3480.000000,56.000000,3257.000000,60.000000
2941.000000,1582.000000,2847.000000,1672.000000
3340.000000,2856.000000,3385.000000,2973.000000
3391.000000,1074.000000,3347.000000,1157.000000
2977.000000,2710.000000,2761.000000,3075.000000
1544.000000,393.000000,1200.000000,397.000000
2130.000000,316.000000,2126.000000,498.000000
2130.000000,316.000000,2407.000000,409.000000
1195.000000,1931.000000,1118.000000,1984.000000
1428.000000,1277.000000,1640.000000,1457.000000
2897.000000,3316.000000,2386.000000,3435.000000
2291.000000,897.000000,2101.000000,1059.000000
2344.000000,1802.000000,2437.000000,1907.000000
2646.000000,27.000000,2483.000000,353.000000
41.000000,2640.000000,408.000000,2676.000000
1171.000000,1377.000000,1175.000000,1529.000000
3361.000000,2678.000000,3308.000000,2716.000000
1591.000000,1084.000000,1428.000000,1277.000000
2151.000000,2535.000000,2073.000000,2751.000000
549.000000,2370.000000,516.000000,2599.000000
683.000000,3149.000000,748.000000,3227.000000
1971.000000,2380.000000,1797.000000,2459.000000
1.000000,2599.000000,41.000000,2640.000000
570.000000,1221.000000,247.000000,1541.000000
2273.000000,1756.000000,2312.000000,1763.000000
2887.000000,2181.000000,2870.000000,2291.000000
35.000000,1813.000000,11.000000,2414.000000
2312.000000,1763.000000,2344.000000,1802.000000
11.000000,2414.000000,1.000000,2599.000000
712.000000,1503.000000,247.000000,1541.000000
570.000000,1221.000000,645.000000,1438.000000
2720.000000,2937.000000,2761.000000,3075.000000
3162.000000,2515.000000,2977.000000,2710.000000
2360.000000,3345.000000,2386.000000,3435.000000
1774.000000,806.000000,1822.000000,1112.000000
2936.000000,1472.000000,2941.000000,1582.000000
2020.000000,2027.000000,2399.000000,2345.000000
3594.000000,3015.000000,3428.000000,3348.000000
1553.000000,2230.000000,1499.000000,2240.000000
2946.000000,1310.000000,2911.000000,1364.000000
1534.000000,1934.000000,1499.000000,2240.000000
1759.000000,2156.000000,1553.000000,2230.000000
2376.000000,2948.000000,2117.000000,3116.000000
2256.000000,1599.000000,2161.000000,1692.000000
3568.000000,832.000000,3629.000000,1052.000000
2040.000000,722.000000,2018.000000,857.000000
1018.000000,491.000000,581.000000,774.000000
484.000000,9.000000,895.000000,36.000000
2105.000000,658.000000,2040.000000,722.000000
2993.000000,3164.000000,2926.000000,3209.000000
2161.000000,1692.000000,2200.000000,1939.000000
3361.000000,883.000000,3290.000000,1001.000000
44.000000,1243.000000,131.000000,1601.000000
214.000000,920.000000,486.000000,1122.000000
1646.000000,2669.000000,1373.000000,2708.000000
2503.000000,2120.000000,2399.000000,2345.000000
3075.000000,1313.000000,2969.000000,1385.000000
3308.000000,2716.000000,3094.000000,2791.000000
1025.000000,2829.000000,1141.000000,3046.000000
1315.000000,2395.000000,1240.000000,2686.000000
1428.000000,1277.000000,1236.000000,1288.000000
3551.000000,709.000000,3568.000000,832.000000
1499.000000,2240.000000,1581.000000,2412.000000
44.000000,1243.000000,35.000000,1813.000000
1300.000000,3412.000000,1545.000000,3610.000000
3214.000000,1206.000000,3000.000000,1289.000000
1100.000000,2691.000000,863.000000,2766.000000
3528.000000,2586.000000,3333.000000,2604.000000
2273.000000,1756.000000,2437.000000,1907.000000
3020.000000,1458.000000,2941.000000,1582.000000
2516.000000,2839.000000,2537.000000,2895.000000
2588.000000,1095.000000,2455.000000,1251.000000
696.000000,352.000000,225.000000,373.000000
2407.000000,409.000000,2586.000000,562.000000
1488.000000,633.000000,1631.000000,695.000000
2735.000000,730.000000,2686.000000,972.000000
1351.000000,2327.000000,1315.000000,2395.000000
2693.000000,3108.000000,2861.000000,3231.000000
712.000000,1503.000000,871.000000,1561.000000
437.000000,2855.000000,245.000000,2902.000000
2955.000000,1934.000000,3423.000000,2147.000000
1974.000000,93.000000,1898.000000,184.000000
1534.000000,1934.000000,1449.000000,2027.000000
2993.000000,3164.000000,3061.000000,3360.000000
1025.000000,2829.000000,934.000000,3085.000000
2455.000000,1251.000000,2794.000000,1346.000000
3036.000000,503.000000,3049.000000,743.000000
2151.000000,2535.000000,2376.000000,2948.000000
1635.000000,3027.000000,1736.000000,3341.000000
2133.000000,2373.000000,2133.000000,2378.000000
232.000000,137.000000,169.000000,161.000000
1500.000000,269.000000,1200.000000,397.000000
1175.000000,1529.000000,871.000000,1561.000000
214.000000,920.000000,356.000000,1300.000000
2176.000000,203.000000,2265.000000,244.000000
911.000000,2458.000000,785.000000,2522.000000
812.000000,1415.000000,645.000000,1438.000000
2312.000000,1763.000000,2523.000000,1948.000000
2871.000000,2406.000000,2733.000000,2521.000000
2696.000000,3406.000000,2842.000000,3467.000000
934.000000,3085.000000,748.000000,3227.000000
1193.000000,1288.000000,1183.000000,1311.000000
484.000000,9.000000,236.000000,62.000000
3005.000000,442.000000,3036.000000,503.000000
3505.000000,1014.000000,3571.000000,1041.000000
1912.000000,2314.000000,2133.000000,2378.000000
1818.000000,3407.000000,1824.000000,3593.000000
1416.000000,1737.000000,1164.000000,1823.000000
1836.000000,26.000000,1766.000000,214.000000
701.000000,550.000000,581.000000,774.000000
871.000000,1561.000000,1164.000000,1823.000000
1646.000000,2669.000000,1408.000000,2756.000000
1774.000000,806.000000,1940.000000,1164.000000
597.000000,2576.000000,408.000000,2676.000000
1240.000000,2686.000000,1408.000000,2756.000000
845.000000,2806.000000,1025.000000,2829.000000
3531.000000,138.000000,3405.000000,209.000000
463.000000,843.000000,667.000000,1087.000000
3246.000000,689.000000,3568.000000,832.000000
225.000000,373.000000,549.000000,461.000000
3000.000000,1289.000000,3075.000000,1313.000000
3016.000000,2955.000000,2761.000000,3075.000000
1171.000000,1377.000000,812.000000,1415.000000
2844.000000,3374.000000,3082.000000,3402.000000
597.000000,2576.000000,470.000000,2635.000000
3204.000000,3160.000000,3267.000000,3338.000000
2445.000000,2924.000000,2305.000000,3169.000000
484.000000,9.000000,696.000000,352.000000
1442.000000,3016.000000,1498.000000,3250.000000
3270.000000,3049.000000,3428.000000,3348.000000
3546.000000,1469.000000,3594.000000,3015.000000
1605.000000,424.000000,1488.000000,633.000000
2152.000000,566.000000,2133.000000,678.000000
3361.000000,2678.000000,3461.000000,2701.000000
2693.000000,3108.000000,2855.000000,3150.000000
1147.000000,2973.000000,1261.000000,3149.000000
3013.000000,290.000000,3036.000000,503.000000
845.000000,2806.000000,729.000000,3051.000000
1015.000000,3386.000000,795.000000,3448.000000
2733.000000,2521.000000,2516.000000,2839.000000
3391.000000,1074.000000,3489.000000,1075.000000
293.000000,2790.000000,437.000000,2855.000000
1804.000000,2650.000000,1646.000000,2669.000000
2855.000000,3150.000000,2861.000000,3231.000000
131.000000,1601.000000,35.000000,1813.000000
1118.000000,1984.000000,853.000000,2281.000000
1508.000000,1834.000000,1534.000000,1934.000000
3241.000000,1824.000000,3423.000000,2147.000000
1736.000000,3341.000000,1824.000000,3593.000000
2926.000000,3209.000000,3061.000000,3360.000000
2897.000000,3316.000000,2696.000000,3406.000000
2012.000000,2143.000000,2133.000000,2373.000000
2437.000000,1907.000000,2200.000000,1939.000000
482.000000,2893.000000,729.000000,3051.000000
1824.000000,3593.000000,1545.000000,3610.000000
232.000000,137.000000,225.000000,373.000000
3353.000000,2928.000000,3270.000000,3049.000000
1635.000000,3027.000000,1648.000000,3114.000000
748.000000,3227.000000,795.000000,3448.000000
3319.000000,1600.000000,3178.000000,1842.000000
2523.000000,1948.000000,2399.000000,2345.000000
1805.000000,2243.000000,1912.000000,2314.000000
305.000000,3294.000000,248.000000,3305.000000
3290.000000,1001.000000,3214.000000,1206.000000
2407.000000,409.000000,2133.000000,678.000000
3340.000000,2856.000000,3353.000000,2928.000000
470.000000,2635.000000,408.000000,2676.000000
1408.000000,2756.000000,1483.000000,2824.000000
1686.000000,1889.000000,1759.000000,2156.000000
463.000000,843.000000,214.000000,920.000000
1236.000000,1288.000000,1175.000000,1529.000000
1416.000000,1737.000000,1292.000000,2054.000000
911.000000,2458.000000,895.000000,2460.000000
2646.000000,27.000000,2739.000000,217.000000
2861.000000,2362.000000,2529.000000,2387.000000
41.000000,2640.000000,293.000000,2790.000000
1581.000000,2412.000000,1373.000000,2708.000000
225.000000,373.000000,264.000000,522.000000
2794.000000,1346.000000,2825.000000,1631.000000
1236.000000,1288.000000,1468.000000,1632.000000
871.000000,1561.000000,832.000000,1795.000000
3005.000000,442.000000,2927.000000,782.000000
2927.000000,782.000000,2865.000000,1078.000000
895.000000,36.000000,1500.000000,269.000000
853.000000,2281.000000,1315.000000,2395.000000
11.000000,2414.000000,216.000000,2500.000000
3241.000000,1824.000000,3453.000000,1884.000000
2633.000000,2243.000000,2399.000000,2345.000000
2376.000000,2948.000000,2305.000000,3169.000000
2607.000000,2649.000000,2528.000000,2769.000000
2585.000000,1248.000000,2455.000000,1251.000000
247.000000,1541.000000,473.000000,1651.000000
174.000000,824.000000,44.000000,1243.000000
2200.000000,1939.000000,2523.000000,1948.000000
2963.000000,1114.000000,3000.000000,1289.000000
2203.000000,92.000000,2265.000000,244.000000
2203.000000,92.000000,2176.000000,203.000000
315.000000,1702.000000,773.000000,2156.000000
216.000000,2500.000000,41.000000,2640.000000
1483.000000,2824.000000,1635.000000,3027.000000
1736.000000,3341.000000,1545.000000,3610.000000
549.000000,461.000000,581.000000,774.000000
645.000000,1438.000000,712.000000,1503.000000
216.000000,2500.000000,516.000000,2599.000000
573.000000,797.000000,555.000000,845.000000
1534.000000,1934.000000,1553.000000,2230.000000
2327.000000,11.000000,1836.000000,26.000000
3061.000000,3360.000000,2927.000000,3380.000000
2693.000000,3108.000000,2386.000000,3435.000000
1581.000000,2412.000000,1646.000000,2669.000000
1920.000000,1253.000000,2125.000000,1466.000000
1658.000000,1723.000000,1711.000000,1752.000000
3049.000000,743.000000,3008.000000,812.000000
1449.000000,2027.000000,1351.000000,2327.000000
2761.000000,3075.000000,2693.000000,3108.000000
1816.000000,1424.000000,1701.000000,1577.000000
2977.000000,2710.000000,3094.000000,2791.000000
3276.000000,2898.000000,3016.000000,2955.000000
2256.000000,1599.000000,2312.000000,1763.000000
696.000000,352.000000,701.000000,550.000000
892.000000,312.000000,877.000000,314.000000
2105.000000,658.000000,2133.000000,678.000000
2756.000000,157.000000,3013.000000,290.000000
3538.000000,1817.000000,3594.000000,3015.000000
3505.000000,1014.000000,3629.000000,1052.000000
264.000000,522.000000,253.000000,673.000000
253.000000,673.000000,321.000000,808.000000
2794.000000,1346.000000,2936.000000,1472.000000
1185.000000,3609.000000,1545.000000,3610.000000
1164.000000,1823.000000,1118.000000,1984.000000
773.000000,2156.000000,853.000000,2281.000000
2977.000000,2710.000000,3016.000000,2955.000000
356.000000,1300.000000,247.000000,1541.000000
3000.000000,1289.000000,2936.000000,1472.000000
3162.000000,2515.000000,3528.000000,2586.000000
2865.000000,1078.000000,2794.000000,1346.000000
