POINTS
1535.000000,1.000000
1249.000000,18.000000
2951.000000,23.000000
1265.000000,32.000000
1661.000000,36.000000
592.000000,46.000000
1771.000000,63.000000
1103.000000,81.000000
3315.000000,111.000000
3203.000000,134.000000
594.000000,149.000000
2669.000000,164.000000
1517.000000,168.000000
852.000000,171.000000
2822.000000,172.000000
1690.000000,176.000000
1376.000000,188.000000
1061.000000,192.000000
551.000000,196.000000
2938.000000,211.000000
1789.000000,216.000000
2061.000000,218.000000
1492.000000,220.000000
1234.000000,232.000000
1592.000000,256.000000
1253.000000,260.000000
310.000000,262.000000
2278.000000,318.000000
2682.000000,355.000000
3063.000000,358.000000
432.000000,385.000000
2062.000000,398.000000
2973.000000,398.000000
3574.000000,412.000000
2139.000000,448.000000
1803.000000,450.000000
109.000000,462.000000
1160.000000,465.000000
1932.000000,468.000000
3322.000000,481.000000
2846.000000,488.000000
3141.000000,489.000000
3612.000000,497.000000
3197.000000,503.000000
895.000000,517.000000
1471.000000,523.000000
853.000000,526.000000
178.000000,528.000000
3129.000000,531.000000
3383.000000,532.000000
1159.000000,538.000000
1550.000000,549.000000
1357.000000,550.000000
2938.000000,561.000000
1178.000000,565.000000
1655.000000,571.000000
1466.000000,585.000000
906.000000,594.000000
3009.000000,601.000000
1771.000000,607.000000
1278.000000,620.000000
3435.000000,623.000000
3422.000000,628.000000
1657.000000,636.000000
751.000000,642.000000
446.000000,647.000000
1598.000000,651.000000
151.000000,667.000000
531.000000,674.000000
3630.000000,688.000000
2300.000000,702.000000
2539.000000,704.000000
3159.000000,706.000000
1961.000000,714.000000
334.000000,716.000000
1090.000000,720.000000
1577.000000,724.000000
1117.000000,731.000000
2677.000000,777.000000
3364.000000,804.000000
1136.000000,808.000000
490.000000,818.000000
3310.000000,844.000000
2361.000000,855.000000
2740.000000,859.000000
1981.000000,879.000000
2073.000000,884.000000
2200.000000,891.000000
296.000000,894.000000
2664.000000,898.000000
1306.000000,899.000000
26.000000,908.000000
3068.000000,910.000000
1088.000000,927.000000
3086.000000,929.000000
1514.000000,932.000000
2426.000000,970.000000
826.000000,974.000000
702.000000,992.000000
608.000000,1022.000000
2459.000000,1026.000000
2788.000000,1029.000000
2491.000000,1038.000000
685.000000,1039.000000
3279.000000,1048.000000
125.000000,1053.000000
3485.000000,1060.000000
2772.000000,1077.000000
1906.000000,1106.000000
2280.000000,1113.000000
3517.000000,1114.000000
2766.000000,1119.000000
3282.000000,1119.000000
1344.000000,1121.000000
3596.000000,1122.000000
1629.000000,1127.000000
1829.000000,1138.000000
2015.000000,1156.000000
860.000000,1166.000000
2272.000000,1168.000000
824.000000,1173.000000
1840.000000,1178.000000
1134.000000,1184.000000
3466.000000,1198.000000
1007.000000,1214.000000
2345.000000,1220.000000
1991.000000,1230.000000
3288.000000,1236.000000
91.000000,1254.000000
992.000000,1256.000000
3479.000000,1263.000000
2418.000000,1281.000000
2240.000000,1282.000000
2441.000000,1288.000000
755.000000,1295.000000
2400.000000,1302.000000
133.000000,1318.000000
882.000000,1350.000000
1376.000000,1359.000000
3186.000000,1368.000000
902.000000,1376.000000
2751.000000,1397.000000
2188.000000,1398.000000
2124.000000,1404.000000
3623.000000,1422.000000
2910.000000,1452.000000
1638.000000,1456.000000
3524.000000,1459.000000
1247.000000,1466.000000
3294.000000,1477.000000
2322.000000,1484.000000
2574.000000,1497.000000
3403.000000,1504.000000
2513.000000,1525.000000
2251.000000,1528.000000
2840.000000,1531.000000
1011.000000,1541.000000
2251.000000,1547.000000
1553.000000,1598.000000
1409.000000,1600.000000
2218.000000,1605.000000
800.000000,1612.000000
1902.000000,1631.000000
2347.000000,1633.000000
3283.000000,1651.000000
2863.000000,1659.000000
120.000000,1668.000000
1654.000000,1678.000000
3130.000000,1678.000000
2410.000000,1691.000000
2240.000000,1701.000000
2843.000000,1709.000000
1234.000000,1720.000000
648.000000,1728.000000
462.000000,1746.000000
3169.000000,1758.000000
1695.000000,1762.000000
2071.000000,1768.000000
3578.000000,1777.000000
1955.000000,1799.000000
3252.000000,1819.000000
254.000000,1823.000000
495.000000,1844.000000
1132.000000,1845.000000
2444.000000,1845.000000
2850.000000,1863.000000
2072.000000,1868.000000
3147.000000,1868.000000
3175.000000,1884.000000
1884.000000,1886.000000
3091.000000,1888.000000
3107.000000,1897.000000
3110.000000,1897.000000
566.000000,1900.000000
2967.000000,1936.000000
451.000000,1944.000000
3358.000000,1950.000000
480.000000,1962.000000
3301.000000,1968.000000
2653.000000,2002.000000
536.000000,2004.000000
1459.000000,2024.000000
463.000000,2028.000000
2657.000000,2040.000000
1062.000000,2041.000000
294.000000,2046.000000
2541.000000,2051.000000
705.000000,2053.000000
463.000000,2055.000000
2462.000000,2073.000000
640.000000,2108.000000
3014.000000,2120.000000
3179.000000,2125.000000
1703.000000,2138.000000
1974.000000,2143.000000
3321.000000,2147.000000
299.000000,2173.000000
2266.000000,2179.000000
1759.000000,2182.000000
1221.000000,2187.000000
1007.000000,2219.000000
2743.000000,2229.000000
2592.000000,2232.000000
1326.000000,2242.000000
3622.000000,2250.000000
356.000000,2276.000000
1951.000000,2297.000000
1533.000000,2314.000000
3618.000000,2345.000000
3530.000000,2358.000000
1315.000000,2375.000000
1906.000000,2381.000000
183.000000,2397.000000
1585.000000,2414.000000
2562.000000,2419.000000
3026.000000,2420.000000
876.000000,2423.000000
299.000000,2425.000000
2920.000000,2425.000000
2988.000000,2446.000000
2414.000000,2448.000000
2159.000000,2449.000000
3355.000000,2456.000000
1686.000000,2467.000000
121.000000,2469.000000
2271.000000,2481.000000
1700.000000,2484.000000
2467.000000,2490.000000
3394.000000,2518.000000
2972.000000,2535.000000
2971.000000,2547.000000
3165.000000,2578.000000
1071.000000,2611.000000
160.000000,2615.000000
1165.000000,2623.000000
1394.000000,2624.000000
1408.000000,2624.000000
528.000000,2625.000000
1991.000000,2641.000000
2175.000000,2647.000000
3363.000000,2647.000000
3539.000000,2651.000000
501.000000,2654.000000
2815.000000,2673.000000
2027.000000,2674.000000
3237.000000,2676.000000
1532.000000,2685.000000
59.000000,2729.000000
2144.000000,2744.000000
1394.000000,2754.000000
3596.000000,2758.000000
2229.000000,2764.000000
1457.000000,2782.000000
2431.000000,2783.000000
748.000000,2789.000000
553.000000,2802.000000
2644.000000,2805.000000
1416.000000,2820.000000
2618.000000,2825.000000
2858.000000,2830.000000
155.000000,2836.000000
960.000000,2838.000000
282.000000,2842.000000
3121.000000,2850.000000
1500.000000,2872.000000
2374.000000,2893.000000
2225.000000,2915.000000
264.000000,2933.000000
1383.000000,2934.000000
3258.000000,2948.000000
1353.000000,2949.000000
1503.000000,2957.000000
306.000000,2958.000000
119.000000,2972.000000
1882.000000,2974.000000
756.000000,2978.000000
2113.000000,2995.000000
620.000000,2996.000000
1305.000000,2999.000000
3167.000000,3000.000000
3491.000000,3002.000000
1756.000000,3023.000000
1568.000000,3027.000000
1472.000000,3037.000000
1592.000000,3045.000000
2209.000000,3047.000000
2826.000000,3056.000000
1319.000000,3063.000000
3502.000000,3065.000000
2902.000000,3074.000000
1591.000000,3081.000000
1684.000000,3105.000000
342.000000,3106.000000
407.000000,3110.000000
1907.000000,3121.000000
1637.000000,3139.000000
1026.000000,3159.000000
1779.000000,3159.000000
2442.000000,3170.000000
2164.000000,3188.000000
2588.000000,3238.000000
3126.000000,3242.000000
247.000000,3250.000000
1651.000000,3251.000000
1776.000000,3262.000000
631.000000,3292.000000
3491.000000,3295.000000
3166.000000,3308.000000
1532.000000,3325.000000
747.000000,3354.000000
2617.000000,3363.000000
377.000000,3370.000000
2596.000000,3377.000000
692.000000,3383.000000
2656.000000,3386.000000
1438.000000,3389.000000
591.000000,3400.000000
802.000000,3401.000000
3319.000000,3431.000000
1052.000000,3435.000000
2160.000000,3437.000000
468.000000,3449.000000
992.000000,3455.000000
1343.000000,3482.000000
3061.000000,3485.000000
2817.000000,3488.000000
3522.000000,3500.000000
765.000000,3507.000000
472.000000,3545.000000
2216.000000,3547.000000
127.000000,3555.000000
3577.000000,3559.000000
1663.000000,3564.000000
3215.000000,3568.000000
1600.000000,3572.000000
1276.000000,3573.000000
3183.000000,3579.000000
2723.000000,3582.000000
918.000000,3585.000000
2972.000000,3603.000000
1906.000000,3610.000000
2290.000000,3611.000000
2061.000000,3639.000000
2019.000000,3649.000000
543.000000,3652.000000
371.000000,3655.000000
LINES
2920.000000,2425.000000,2988.000000,2446.000000
3623.000000,1422.000000,3524.000000,1459.000000
1011.000000,1541.000000,1132.000000,1845.000000
109.000000,462.000000,178.000000,528.000000
3126.000000,3242.000000,3061.000000,3485.000000
1500.000000,2872.000000,1503.000000,2957.000000
826.000000,974.000000,685.000000,1039.000000
3630.000000,688.000000,3623.000000,1422.000000
1591.000000,3081.000000,1637.000000,3139.000000
1771.000000,607.000000,1961.000000,714.000000
3283.000000,1651.000000,3578.000000,1777.000000
2858.000000,2830.000000,3167.000000,3000.000000
3126.000000,3242.000000,2817.000000,3488.000000
264.000000,2933.000000,119.000000,2972.000000
860.000000,1166.000000,824.000000,1173.000000
1906.000000,3610.000000,2019.000000,3649.000000
1472.000000,3037.000000,1319.000000,3063.000000
1803.000000,450.000000,1655.000000,571.000000
2271.000000,2481.000000,2467.000000,2490.000000
2740.000000,859.000000,2788.000000,1029.000000
120.000000,1668.000000,254.000000,1823.000000
1408.000000,2624.000000,1394.000000,2754.000000
2278.000000,318.000000,2300.000000,702.000000
462.000000,1746.000000,254.000000,1823.000000
1655.000000,571.000000,1771.000000,607.000000
1902.000000,1631.000000,2071.000000,1768.000000
310.000000,262.000000,109.000000,462.000000
1007.000000,1214.000000,992.000000,1256.000000
1684.000000,3105.000000,1779.000000,3159.000000
1471.000000,523.000000,1357.000000,550.000000
3322.000000,481.000000,3383.000000,532.000000
3364.000000,804.000000,3485.000000,1060.000000
1319.000000,3063.000000,1438.000000,3389.000000
1306.000000,899.000000,1134.000000,1184.000000
3169.000000,1758.000000,2967.000000,1936.000000
2788.000000,1029.000000,3282.000000,1119.000000
1600.000000,3572.000000,1276.000000,3573.000000
2562.000000,2419.000000,2467.000000,2490.000000
2920.000000,2425.000000,2971.000000,2547.000000
2113.000000,2995.000000,2164.000000,3188.000000
631.000000,3292.000000,692.000000,3383.000000
2139.000000,448.000000,1932.000000,468.000000
536.000000,2004.000000,463.000000,2028.000000
2592.000000,2232.000000,2414.000000,2448.000000
2414.000000,2448.000000,2159.000000,2449.000000
895.000000,517.000000,853.000000,526.000000
3252.000000,1819.000000,3358.000000,1950.000000
160.000000,2615.000000,501.000000,2654.000000
3175.000000,1884.000000,3358.000000,1950.000000
1700.000000,2484.000000,1991.000000,2641.000000
755.000000,1295.000000,902.000000,1376.000000
109.000000,462.000000,26.000000,908.000000
1319.000000,3063.000000,1026.000000,3159.000000
3215.000000,3568.000000,3183.000000,3579.000000
3435.000000,623.000000,3630.000000,688.000000
3237.000000,2676.000000,3596.000000,2758.000000
3315.000000,111.000000,3063.000000,358.000000
2491.000000,1038.000000,2441.000000,1288.000000
3107.000000,1897.000000,3301.000000,1968.000000
3491.000000,3295.000000,3166.000000,3308.000000
1661.000000,36.000000,2669.000000,164.000000
3618.000000,2345.000000,3530.000000,2358.000000
2160.000000,3437.000000,2061.000000,3639.000000
468.000000,3449.000000,127.000000,3555.000000
3596.000000,1122.000000,3479.000000,1263.000000
2200.000000,891.000000,1991.000000,1230.000000
2592.000000,2232.000000,2562.000000,2419.000000
59.000000,2729.000000,282.000000,2842.000000
2410.000000,1691.000000,2071.000000,1768.000000
155.000000,2836.000000,119.000000,2972.000000
264.000000,2933.000000,342.000000,3106.000000
1472.000000,3037.000000,1591.000000,3081.000000
2863.000000,1659.000000,3130.000000,1678.000000
2209.000000,3047.000000,2442.000000,3170.000000
2251.000000,1528.000000,2251.000000,1547.000000
3574.000000,412.000000,3435.000000,623.000000
2743.000000,2229.000000,2562.000000,2419.000000
2251.000000,1547.000000,2218.000000,1605.000000
3596.000000,1122.000000,3623.000000,1422.000000
800.000000,1612.000000,462.000000,1746.000000
1466.000000,585.000000,1514.000000,932.000000
3183.000000,3579.000000,2972.000000,3603.000000
2072.000000,1868.000000,1974.000000,2143.000000
2846.000000,488.000000,2677.000000,777.000000
1343.000000,3482.000000,1276.000000,3573.000000
1600.000000,3572.000000,2019.000000,3649.000000
1686.000000,2467.000000,1700.000000,2484.000000
2300.000000,702.000000,2073.000000,884.000000
594.000000,149.000000,551.000000,196.000000
2669.000000,164.000000,2278.000000,318.000000
3623.000000,1422.000000,3578.000000,1777.000000
296.000000,894.000000,120.000000,1668.000000
3107.000000,1897.000000,2967.000000,1936.000000
1061.000000,192.000000,1160.000000,465.000000
3279.000000,1048.000000,3485.000000,1060.000000
1951.000000,2297.000000,1906.000000,2381.000000
755.000000,1295.000000,462.000000,1746.000000
3502.000000,3065.000000,3577.000000,3559.000000
1759.000000,2182.000000,1906.000000,2381.000000
608.000000,1022.000000,860.000000,1166.000000
1568.000000,3027.000000,1684.000000,3105.000000
751.000000,642.000000,702.000000,992.000000
2278.000000,318.000000,2062.000000,398.000000
3129.000000,531.000000,3009.000000,601.000000
183.000000,2397.000000,160.000000,2615.000000
2345.000000,1220.000000,2418.000000,1281.000000
2664.000000,898.000000,2772.000000,1077.000000
1657.000000,636.000000,1961.000000,714.000000
1803.000000,450.000000,1932.000000,468.000000
1661.000000,36.000000,1690.000000,176.000000
1592.000000,256.000000,1655.000000,571.000000
1394.000000,2624.000000,1383.000000,2934.000000
3315.000000,111.000000,3322.000000,481.000000
2817.000000,3488.000000,2972.000000,3603.000000
468.000000,3449.000000,472.000000,3545.000000
2175.000000,2647.000000,2144.000000,2744.000000
3130.000000,1678.000000,3169.000000,1758.000000
451.000000,1944.000000,463.000000,2055.000000
2400.000000,1302.000000,2251.000000,1528.000000
1343.000000,3482.000000,1600.000000,3572.000000
1779.000000,3159.000000,2164.000000,3188.000000
3166.000000,3308.000000,3183.000000,3579.000000
2951.000000,23.000000,2938.000000,211.000000
1981.000000,879.000000,2015.000000,1156.000000
3175.000000,1884.000000,3110.000000,1897.000000
3068.000000,910.000000,2788.000000,1029.000000
1315.000000,2375.000000,876.000000,2423.000000
155.000000,2836.000000,282.000000,2842.000000
1684.000000,3105.000000,1776.000000,3262.000000
2846.000000,488.000000,2938.000000,561.000000
121.000000,2469.000000,160.000000,2615.000000
120.000000,1668.000000,59.000000,2729.000000
2951.000000,23.000000,3315.000000,111.000000
3147.000000,1868.000000,3110.000000,1897.000000
1882.000000,2974.000000,1907.000000,3121.000000
1160.000000,465.000000,1471.000000,523.000000
3301.000000,1968.000000,3622.000000,2250.000000
902.000000,1376.000000,1011.000000,1541.000000
495.000000,1844.000000,451.000000,1944.000000
2300.000000,702.000000,2361.000000,855.000000
1249.000000,18.000000,1103.000000,81.000000
2664.000000,898.000000,2491.000000,1038.000000
1663.000000,3564.000000,1906.000000,3610.000000
1951.000000,2297.000000,1991.000000,2641.000000
2290.000000,3611.000000,2019.000000,3649.000000
3014.000000,2120.000000,3179.000000,2125.000000
3321.000000,2147.000000,3622.000000,2250.000000
2019.000000,3649.000000,371.000000,3655.000000
3166.000000,3308.000000,3319.000000,3431.000000
1061.000000,192.000000,895.000000,517.000000
2229.000000,2764.000000,2431.000000,2783.000000
1981.000000,879.000000,2200.000000,891.000000
876.000000,2423.000000,528.000000,2625.000000
264.000000,2933.000000,247.000000,3250.000000
3322.000000,481.000000,3197.000000,503.000000
1553.000000,1598.000000,1654.000000,1678.000000
1961.000000,714.000000,1577.000000,724.000000
1535.000000,1.000000,1376.000000,188.000000
1315.000000,2375.000000,1585.000000,2414.000000
2459.000000,1026.000000,2280.000000,1113.000000
2200.000000,891.000000,2280.000000,1113.000000
2539.000000,704.000000,2361.000000,855.000000
2772.000000,1077.000000,2766.000000,1119.000000
1344.000000,1121.000000,1629.000000,1127.000000
1062.000000,2041.000000,1007.000000,2219.000000
1383.000000,2934.000000,1503.000000,2957.000000
1535.000000,1.000000,2951.000000,23.000000
2200.000000,891.000000,2015.000000,1156.000000
1132.000000,1845.000000,1459.000000,2024.000000
2414.000000,2448.000000,2271.000000,2481.000000
1383.000000,2934.000000,1305.000000,2999.000000
1695.000000,1762.000000,1884.000000,1886.000000
151.000000,667.000000,334.000000,716.000000
3319.000000,3431.000000,3183.000000,3579.000000
2061.000000,218.000000,1932.000000,468.000000
1007.000000,2219.000000,528.000000,2625.000000
480.000000,1962.000000,536.000000,2004.000000
1090.000000,720.000000,1117.000000,731.000000
2822.000000,172.000000,2938.000000,211.000000
2588.000000,3238.000000,2656.000000,3386.000000
2061.000000,218.000000,2278.000000,318.000000
3577.000000,3559.000000,3183.000000,3579.000000
2144.000000,2744.000000,2229.000000,2764.000000
860.000000,1166.000000,992.000000,1256.000000
1503.000000,2957.000000,1568.000000,3027.000000
594.000000,149.000000,432.000000,385.000000
3110.000000,1897.000000,3301.000000,1968.000000
3258.000000,2948.000000,3491.000000,3002.000000
536.000000,2004.000000,705.000000,2053.000000
1344.000000,1121.000000,1134.000000,1184.000000
2826.000000,3056.000000,2588.000000,3238.000000
2251.000000,1528.000000,2218.000000,1605.000000
2967.000000,1936.000000,3014.000000,2120.000000
2596.000000,3377.000000,2656.000000,3386.000000
2431.000000,2783.000000,2374.000000,2893.000000
2272.000000,1168.000000,2240.000000,1282.000000
895.000000,517.000000,906.000000,594.000000
1160.000000,465.000000,1357.000000,550.000000
3147.000000,1868.000000,3175.000000,1884.000000
751.000000,642.000000,490.000000,818.000000
3197.000000,503.000000,3422.000000,628.000000
2669.000000,164.000000,2682.000000,355.000000
692.000000,3383.000000,591.000000,3400.000000
3167.000000,3000.000000,3126.000000,3242.000000
2209.000000,3047.000000,2164.000000,3188.000000
3435.000000,623.000000,3485.000000,1060.000000
1932.000000,468.000000,1961.000000,714.000000
2414.000000,2448.000000,2467.000000,2490.000000
1276.000000,3573.000000,2019.000000,3649.000000
2653.000000,2002.000000,2592.000000,2232.000000
296.000000,894.000000,755.000000,1295.000000
2400.000000,1302.000000,2513.000000,1525.000000
3129.000000,531.000000,2938.000000,561.000000
608.000000,1022.000000,685.000000,1039.000000
1789.000000,216.000000,2061.000000,218.000000
1974.000000,2143.000000,2266.000000,2179.000000
1553.000000,1598.000000,1409.000000,1600.000000
2266.000000,2179.000000,2414.000000,2448.000000
3141.000000,489.000000,3129.000000,531.000000
2442.000000,3170.000000,2164.000000,3188.000000
2669.000000,164.000000,2677.000000,777.000000
2278.000000,318.000000,2539.000000,704.000000
1088.000000,927.000000,1007.000000,1214.000000
3358.000000,1950.000000,3301.000000,1968.000000
1771.000000,63.000000,2278.000000,318.000000
3167.000000,3000.000000,3502.000000,3065.000000
1779.000000,3159.000000,1776.000000,3262.000000
3355.000000,2456.000000,3394.000000,2518.000000
1533.000000,2314.000000,1315.000000,2375.000000
310.000000,262.000000,178.000000,528.000000
3061.000000,3485.000000,3183.000000,3579.000000
640.000000,2108.000000,356.000000,2276.000000
3539.000000,2651.000000,3596.000000,2758.000000
1756.000000,3023.000000,1779.000000,3159.000000
2920.000000,2425.000000,2972.000000,2535.000000
2300.000000,702.000000,2539.000000,704.000000
3179.000000,2125.000000,3026.000000,2420.000000
852.000000,171.000000,1061.000000,192.000000
2061.000000,3639.000000,2019.000000,3649.000000
566.000000,1900.000000,536.000000,2004.000000
1690.000000,176.000000,1789.000000,216.000000
960.000000,2838.000000,1305.000000,2999.000000
282.000000,2842.000000,306.000000,2958.000000
992.000000,1256.000000,882.000000,1350.000000
1007.000000,2219.000000,876.000000,2423.000000
1902.000000,1631.000000,1955.000000,1799.000000
2967.000000,1936.000000,2743.000000,2229.000000
2139.000000,448.000000,2300.000000,702.000000
3301.000000,1968.000000,3179.000000,2125.000000
299.000000,2173.000000,356.000000,2276.000000
3479.000000,1263.000000,3524.000000,1459.000000
2815.000000,2673.000000,2644.000000,2805.000000
377.000000,3370.000000,127.000000,3555.000000
1007.000000,2219.000000,1315.000000,2375.000000
3288.000000,1236.000000,3479.000000,1263.000000
592.000000,46.000000,852.000000,171.000000
1951.000000,2297.000000,2159.000000,2449.000000
2322.000000,1484.000000,2513.000000,1525.000000
1907.000000,3121.000000,2164.000000,3188.000000
2653.000000,2002.000000,2657.000000,2040.000000
748.000000,2789.000000,960.000000,2838.000000
2240.000000,1701.000000,2071.000000,1768.000000
1466.000000,585.000000,1278.000000,620.000000
3394.000000,2518.000000,3363.000000,2647.000000
451.000000,1944.000000,463.000000,2028.000000
620.000000,2996.000000,342.000000,3106.000000
1409.000000,1600.000000,1695.000000,1762.000000
2345.000000,1220.000000,2441.000000,1288.000000
3577.000000,3559.000000,3215.000000,3568.000000
1961.000000,714.000000,2073.000000,884.000000
1991.000000,2641.000000,1882.000000,2974.000000
2513.000000,1525.000000,2251.000000,1528.000000
3197.000000,503.000000,3159.000000,706.000000
3319.000000,3431.000000,3215.000000,3568.000000
2743.000000,2229.000000,2592.000000,2232.000000
3491.000000,3295.000000,3522.000000,3500.000000
1906.000000,2381.000000,1991.000000,2641.000000
3026.000000,2420.000000,3355.000000,2456.000000
1840.000000,1178.000000,1991.000000,1230.000000
377.000000,3370.000000,468.000000,3449.000000
1654.000000,1678.000000,1695.000000,1762.000000
2664.000000,898.000000,2766.000000,1119.000000
1026.000000,3159.000000,1438.000000,3389.000000
1315.000000,2375.000000,1408.000000,2624.000000
296.000000,894.000000,125.000000,1053.000000
2596.000000,3377.000000,2290.000000,3611.000000
1695.000000,1762.000000,1703.000000,2138.000000
2574.000000,1497.000000,2410.000000,1691.000000
2677.000000,777.000000,2740.000000,859.000000
2562.000000,2419.000000,2920.000000,2425.000000
155.000000,2836.000000,264.000000,2933.000000
1234.000000,1720.000000,1695.000000,1762.000000
490.000000,818.000000,608.000000,1022.000000
1884.000000,1886.000000,1703.000000,2138.000000
3363.000000,2647.000000,3596.000000,2758.000000
2442.000000,3170.000000,2290.000000,3611.000000
119.000000,2972.000000,127.000000,3555.000000
2723.000000,3582.000000,2019.000000,3649.000000
800.000000,1612.000000,1062.000000,2041.000000
1961.000000,714.000000,1981.000000,879.000000
2418.000000,1281.000000,2400.000000,1302.000000
432.000000,385.000000,853.000000,526.000000
3107.000000,1897.000000,3014.000000,2120.000000
631.000000,3292.000000,591.000000,3400.000000
594.000000,149.000000,852.000000,171.000000
1221.000000,2187.000000,1315.000000,2375.000000
592.000000,46.000000,594.000000,149.000000
2766.000000,1119.000000,2513.000000,1525.000000
1071.000000,2611.000000,960.000000,2838.000000
2656.000000,3386.000000,2723.000000,3582.000000
2251.000000,1547.000000,2347.000000,1633.000000
1466.000000,585.000000,1577.000000,724.000000
3574.000000,412.000000,3322.000000,481.000000
1907.000000,3121.000000,1779.000000,3159.000000
1165.000000,2623.000000,1394.000000,2624.000000
2225.000000,2915.000000,2442.000000,3170.000000
2669.000000,164.000000,2539.000000,704.000000
3355.000000,2456.000000,3165.000000,2578.000000
3435.000000,623.000000,3422.000000,628.000000
342.000000,3106.000000,377.000000,3370.000000
1700.000000,2484.000000,1457.000000,2782.000000
1265.000000,32.000000,1234.000000,232.000000
2723.000000,3582.000000,2972.000000,3603.000000
2951.000000,23.000000,1661.000000,36.000000
2751.000000,1397.000000,2574.000000,1497.000000
1695.000000,1762.000000,1459.000000,2024.000000
765.000000,3507.000000,543.000000,3652.000000
2751.000000,1397.000000,2840.000000,1531.000000
692.000000,3383.000000,765.000000,3507.000000
2280.000000,1113.000000,2240.000000,1282.000000
1577.000000,724.000000,1981.000000,879.000000
3623.000000,1422.000000,3622.000000,2250.000000
2574.000000,1497.000000,2444.000000,1845.000000
1061.000000,192.000000,1253.000000,260.000000
1771.000000,63.000000,2669.000000,164.000000
756.000000,2978.000000,631.000000,3292.000000
3283.000000,1651.000000,3130.000000,1678.000000
3383.000000,532.000000,3435.000000,623.000000
2280.000000,1113.000000,2345.000000,1220.000000
1159.000000,538.000000,1178.000000,565.000000
1178.000000,565.000000,1090.000000,720.000000
3622.000000,2250.000000,3530.000000,2358.000000
1165.000000,2623.000000,1408.000000,2624.000000
3283.000000,1651.000000,3169.000000,1758.000000
334.000000,716.000000,490.000000,818.000000
1438.000000,3389.000000,1052.000000,3435.000000
1638.000000,1456.000000,1553.000000,1598.000000
3169.000000,1758.000000,3147.000000,1868.000000
748.000000,2789.000000,553.000000,2802.000000
1532.000000,3325.000000,1663.000000,3564.000000
1840.000000,1178.000000,1638.000000,1456.000000
1629.000000,1127.000000,1376.000000,1359.000000
2160.000000,3437.000000,1906.000000,3610.000000
264.000000,2933.000000,127.000000,3555.000000
2682.000000,355.000000,2846.000000,488.000000
3063.000000,358.000000,3141.000000,489.000000
2272.000000,1168.000000,2345.000000,1220.000000
432.000000,385.000000,446.000000,647.000000
1344.000000,1121.000000,1376.000000,1359.000000
3435.000000,623.000000,3364.000000,804.000000
592.000000,46.000000,1103.000000,81.000000
802.000000,3401.000000,992.000000,3455.000000
3363.000000,2647.000000,3539.000000,2651.000000
1533.000000,2314.000000,1686.000000,2467.000000
2240.000000,1282.000000,2400.000000,1302.000000
2657.000000,2040.000000,2743.000000,2229.000000
2951.000000,23.000000,2822.000000,172.000000
755.000000,1295.000000,800.000000,1612.000000
824.000000,1173.000000,882.000000,1350.000000
3169.000000,1758.000000,3091.000000,1888.000000
2426.000000,970.000000,2491.000000,1038.000000
1882.000000,2974.000000,1756.000000,3023.000000
594.000000,149.000000,1061.000000,192.000000
1974.000000,2143.000000,1951.000000,2297.000000
1090.000000,720.000000,1088.000000,927.000000
1221.000000,2187.000000,1326.000000,2242.000000
463.000000,2028.000000,463.000000,2055.000000
3630.000000,688.000000,3596.000000,1122.000000
3630.000000,688.000000,3622.000000,2250.000000
1598.000000,651.000000,1577.000000,724.000000
3129.000000,531.000000,3159.000000,706.000000
2164.000000,3188.000000,2160.000000,3437.000000
2971.000000,2547.000000,3237.000000,2676.000000
702.000000,992.000000,685.000000,1039.000000
120.000000,1668.000000,462.000000,1746.000000
59.000000,2729.000000,155.000000,2836.000000
692.000000,3383.000000,802.000000,3401.000000
1253.000000,260.000000,1160.000000,465.000000
2300.000000,702.000000,2200.000000,891.000000
3485.000000,1060.000000,3596.000000,1122.000000
3435.000000,623.000000,3596.000000,1122.000000
3063.000000,358.000000,2973.000000,398.000000
2410.000000,1691.000000,2240.000000,1701.000000
2539.000000,704.000000,2664.000000,898.000000
1906.000000,2381.000000,1686.000000,2467.000000
1789.000000,216.000000,1803.000000,450.000000
1459.000000,2024.000000,1326.000000,2242.000000
2347.000000,1633.000000,2240.000000,1701.000000
2863.000000,1659.000000,2843.000000,1709.000000
2843.000000,1709.000000,2850.000000,1863.000000
2588.000000,3238.000000,2817.000000,3488.000000
531.000000,674.000000,490.000000,818.000000
1651.000000,3251.000000,1532.000000,3325.000000
306.000000,2958.000000,342.000000,3106.000000
648.000000,1728.000000,566.000000,1900.000000
2164.000000,3188.000000,1776.000000,3262.000000
2410.000000,1691.000000,2444.000000,1845.000000
2766.000000,1119.000000,2751.000000,1397.000000
296.000000,894.000000,608.000000,1022.000000
463.000000,2055.000000,640.000000,2108.000000
3491.000000,3295.000000,3319.000000,3431.000000
860.000000,1166.000000,1007.000000,1214.000000
1906.000000,1106.000000,1629.000000,1127.000000
2251.000000,1547.000000,2240.000000,1701.000000
2347.000000,1633.000000,2410.000000,1691.000000
3121.000000,2850.000000,3167.000000,3000.000000
1305.000000,2999.000000,1319.000000,3063.000000
1457.000000,2782.000000,1500.000000,2872.000000
125.000000,1053.000000,91.000000,1254.000000
2271.000000,2481.000000,2027.000000,2674.000000
1637.000000,3139.000000,1776.000000,3262.000000
2902.000000,3074.000000,2817.000000,3488.000000
3203.000000,134.000000,3063.000000,358.000000
1591.000000,3081.000000,1684.000000,3105.000000
1703.000000,2138.000000,1326.000000,2242.000000
2345.000000,1220.000000,2240.000000,1282.000000
3363.000000,2647.000000,3237.000000,2676.000000
451.000000,1944.000000,536.000000,2004.000000
2160.000000,3437.000000,2290.000000,3611.000000
2653.000000,2002.000000,2743.000000,2229.000000
3394.000000,2518.000000,3539.000000,2651.000000
1265.000000,32.000000,1103.000000,81.000000
1376.000000,188.000000,1253.000000,260.000000
1306.000000,899.000000,1514.000000,932.000000
3126.000000,3242.000000,3166.000000,3308.000000
3596.000000,2758.000000,3502.000000,3065.000000
2617.000000,3363.000000,2596.000000,3377.000000
2596.000000,3377.000000,2723.000000,3582.000000
3319.000000,3431.000000,3577.000000,3559.000000
3612.000000,497.000000,3630.000000,688.000000
800.000000,1612.000000,566.000000,1900.000000
2459.000000,1026.000000,2345.000000,1220.000000
247.000000,3250.000000,377.000000,3370.000000
3466.000000,1198.000000,3479.000000,1263.000000
1160.000000,465.000000,895.000000,517.000000
2280.000000,1113.000000,1991.000000,1230.000000
1535.000000,1.000000,1592.000000,256.000000
2426.000000,970.000000,2459.000000,1026.000000
906.000000,594.000000,1088.000000,927.000000
1383.000000,2934.000000,1319.000000,3063.000000
3009.000000,601.000000,3159.000000,706.000000
91.000000,1254.000000,133.000000,1318.000000
3524.000000,1459.000000,3283.000000,1651.000000
551.000000,196.000000,432.000000,385.000000
1052.000000,3435.000000,992.000000,3455.000000
3319.000000,3431.000000,3522.000000,3500.000000
463.000000,2028.000000,640.000000,2108.000000
1535.000000,1.000000,1690.000000,176.000000
2972.000000,3603.000000,2019.000000,3649.000000
3169.000000,1758.000000,3175.000000,1884.000000
26.000000,908.000000,91.000000,1254.000000
566.000000,1900.000000,480.000000,1962.000000
1326.000000,2242.000000,1533.000000,2314.000000
160.000000,2615.000000,282.000000,2842.000000
294.000000,2046.000000,299.000000,2173.000000
178.000000,528.000000,151.000000,667.000000
648.000000,1728.000000,495.000000,1844.000000
2751.000000,1397.000000,2850.000000,1863.000000
1026.000000,3159.000000,802.000000,3401.000000
2441.000000,1288.000000,2513.000000,1525.000000
3288.000000,1236.000000,3294.000000,1477.000000
1955.000000,1799.000000,1884.000000,1886.000000
3403.000000,1504.000000,3283.000000,1651.000000
1906.000000,1106.000000,1829.000000,1138.000000
3294.000000,1477.000000,3130.000000,1678.000000
756.000000,2978.000000,620.000000,2996.000000
2467.000000,2490.000000,2644.000000,2805.000000
2124.000000,1404.000000,1902.000000,1631.000000
1062.000000,2041.000000,1221.000000,2187.000000
3186.000000,1368.000000,3294.000000,1477.000000
648.000000,1728.000000,462.000000,1746.000000
1568.000000,3027.000000,1591.000000,3081.000000
1637.000000,3139.000000,1438.000000,3389.000000
1906.000000,3610.000000,2061.000000,3639.000000
294.000000,2046.000000,463.000000,2055.000000
2442.000000,3170.000000,2596.000000,3377.000000
594.000000,149.000000,895.000000,517.000000
748.000000,2789.000000,756.000000,2978.000000
2300.000000,702.000000,1961.000000,714.000000
1247.000000,1466.000000,1011.000000,1541.000000
310.000000,262.000000,432.000000,385.000000
3288.000000,1236.000000,3186.000000,1368.000000
1353.000000,2949.000000,1305.000000,2999.000000
1052.000000,3435.000000,1276.000000,3573.000000
2788.000000,1029.000000,2772.000000,1077.000000
1771.000000,607.000000,1657.000000,636.000000
1376.000000,188.000000,1492.000000,220.000000
2225.000000,2915.000000,2113.000000,2995.000000
3091.000000,1888.000000,2967.000000,1936.000000
2073.000000,884.000000,2200.000000,891.000000
296.000000,894.000000,824.000000,1173.000000
3301.000000,1968.000000,3321.000000,2147.000000
960.000000,2838.000000,1026.000000,3159.000000
1568.000000,3027.000000,1592.000000,3045.000000
906.000000,594.000000,1090.000000,720.000000
876.000000,2423.000000,748.000000,2789.000000
1657.000000,636.000000,1577.000000,724.000000
528.000000,2625.000000,553.000000,2802.000000
3026.000000,2420.000000,3165.000000,2578.000000
3574.000000,412.000000,3383.000000,532.000000
2938.000000,561.000000,3009.000000,601.000000
2072.000000,1868.000000,2266.000000,2179.000000
1306.000000,899.000000,1088.000000,927.000000
2951.000000,23.000000,3063.000000,358.000000
702.000000,992.000000,608.000000,1022.000000
1357.000000,550.000000,1278.000000,620.000000
3086.000000,929.000000,3282.000000,1119.000000
1326.000000,2242.000000,1315.000000,2375.000000
2562.000000,2419.000000,2414.000000,2448.000000
1136.000000,808.000000,1088.000000,927.000000
1376.000000,1359.000000,1409.000000,1600.000000
826.000000,974.000000,702.000000,992.000000
1249.000000,18.000000,592.000000,46.000000
1703.000000,2138.000000,1533.000000,2314.000000
2459.000000,1026.000000,2491.000000,1038.000000
2218.000000,1605.000000,1902.000000,1631.000000
407.000000,3110.000000,631.000000,3292.000000
1117.000000,731.000000,1088.000000,927.000000
1376.000000,188.000000,1471.000000,523.000000
151.000000,667.000000,296.000000,894.000000
755.000000,1295.000000,882.000000,1350.000000
2682.000000,355.000000,2677.000000,777.000000
1553.000000,1598.000000,1695.000000,1762.000000
1981.000000,879.000000,1514.000000,932.000000
2751.000000,1397.000000,2843.000000,1709.000000
3279.000000,1048.000000,3282.000000,1119.000000
1416.000000,2820.000000,1500.000000,2872.000000
1071.000000,2611.000000,1165.000000,2623.000000
3014.000000,2120.000000,2920.000000,2425.000000
1789.000000,216.000000,1655.000000,571.000000
1357.000000,550.000000,1178.000000,565.000000
2817.000000,3488.000000,2723.000000,3582.000000
1376.000000,1359.000000,1638.000000,1456.000000
1514.000000,932.000000,1906.000000,1106.000000
59.000000,2729.000000,127.000000,3555.000000
2513.000000,1525.000000,2347.000000,1633.000000
3282.000000,1119.000000,3186.000000,1368.000000
1471.000000,523.000000,1550.000000,549.000000
591.000000,3400.000000,468.000000,3449.000000
501.000000,2654.000000,282.000000,2842.000000
3596.000000,2758.000000,3577.000000,3559.000000
3358.000000,1950.000000,3622.000000,2250.000000
1803.000000,450.000000,1771.000000,607.000000
2617.000000,3363.000000,2656.000000,3386.000000
3061.000000,3485.000000,2972.000000,3603.000000
3479.000000,1263.000000,3623.000000,1422.000000
3014.000000,2120.000000,2743.000000,2229.000000
1409.000000,1600.000000,1234.000000,1720.000000
2951.000000,23.000000,2669.000000,164.000000
2374.000000,2893.000000,2225.000000,2915.000000
334.000000,716.000000,296.000000,894.000000
895.000000,517.000000,1159.000000,538.000000
1517.000000,168.000000,1592.000000,256.000000
1471.000000,523.000000,1466.000000,585.000000
342.000000,3106.000000,407.000000,3110.000000
125.000000,1053.000000,133.000000,1318.000000
3485.000000,1060.000000,3517.000000,1114.000000
3622.000000,2250.000000,3577.000000,3559.000000
1759.000000,2182.000000,1533.000000,2314.000000
2938.000000,561.000000,2740.000000,859.000000
3574.000000,412.000000,3630.000000,688.000000
2788.000000,1029.000000,2840.000000,1531.000000
1052.000000,3435.000000,918.000000,3585.000000
1585.000000,2414.000000,1700.000000,2484.000000
1577.000000,724.000000,1514.000000,932.000000
2218.000000,1605.000000,2240.000000,1701.000000
1629.000000,1127.000000,1829.000000,1138.000000
918.000000,3585.000000,543.000000,3652.000000
3522.000000,3500.000000,3577.000000,3559.000000
1247.000000,1466.000000,1409.000000,1600.000000
282.000000,2842.000000,342.000000,3106.000000
2164.000000,3188.000000,2290.000000,3611.000000
2858.000000,2830.000000,2902.000000,3074.000000
1517.000000,168.000000,1492.000000,220.000000
826.000000,974.000000,860.000000,1166.000000
2644.000000,2805.000000,2858.000000,2830.000000
2062.000000,398.000000,2139.000000,448.000000
1535.000000,1.000000,1265.000000,32.000000
1471.000000,523.000000,1598.000000,651.000000
3315.000000,111.000000,3574.000000,412.000000
2188.000000,1398.000000,2124.000000,1404.000000
2562.000000,2419.000000,2815.000000,2673.000000
2027.000000,2674.000000,2113.000000,2995.000000
756.000000,2978.000000,747.000000,3354.000000
1932.000000,468.000000,2300.000000,702.000000
1278.000000,620.000000,1090.000000,720.000000
2539.000000,704.000000,2677.000000,777.000000
3141.000000,489.000000,3197.000000,503.000000
2431.000000,2783.000000,2225.000000,2915.000000
3530.000000,2358.000000,3355.000000,2456.000000
2902.000000,3074.000000,3126.000000,3242.000000
1695.000000,1762.000000,1955.000000,1799.000000
906.000000,594.000000,751.000000,642.000000
1249.000000,18.000000,1265.000000,32.000000
3618.000000,2345.000000,3539.000000,2651.000000
254.000000,1823.000000,121.000000,2469.000000
1132.000000,1845.000000,1062.000000,2041.000000
2971.000000,2547.000000,3165.000000,2578.000000
2240.000000,1282.000000,2251.000000,1528.000000
1160.000000,465.000000,1178.000000,565.000000
2967.000000,1936.000000,2653.000000,2002.000000
3086.000000,929.000000,2788.000000,1029.000000
1533.000000,2314.000000,1906.000000,2381.000000
495.000000,1844.000000,566.000000,1900.000000
2938.000000,211.000000,2682.000000,355.000000
591.000000,3400.000000,472.000000,3545.000000
3321.000000,2147.000000,3355.000000,2456.000000
2444.000000,1845.000000,2653.000000,2002.000000
3107.000000,1897.000000,3110.000000,1897.000000
2766.000000,1119.000000,2574.000000,1497.000000
1629.000000,1127.000000,1840.000000,1178.000000
1906.000000,1106.000000,1991.000000,1230.000000
992.000000,3455.000000,765.000000,3507.000000
1026.000000,3159.000000,1052.000000,3435.000000
2657.000000,2040.000000,2592.000000,2232.000000
3237.000000,2676.000000,3258.000000,2948.000000
3086.000000,929.000000,3279.000000,1048.000000
2426.000000,970.000000,2280.000000,1113.000000
432.000000,385.000000,531.000000,674.000000
3517.000000,1114.000000,3466.000000,1198.000000
2951.000000,23.000000,3203.000000,134.000000
1600.000000,3572.000000,1906.000000,3610.000000
765.000000,3507.000000,918.000000,3585.000000
1550.000000,549.000000,1655.000000,571.000000
109.000000,462.000000,151.000000,667.000000
3422.000000,628.000000,3364.000000,804.000000
495.000000,1844.000000,480.000000,1962.000000
3026.000000,2420.000000,2920.000000,2425.000000
2400.000000,1302.000000,2322.000000,1484.000000
1684.000000,3105.000000,1637.000000,3139.000000
3502.000000,3065.000000,3166.000000,3308.000000
501.000000,2654.000000,553.000000,2802.000000
1789.000000,216.000000,1592.000000,256.000000
594.000000,149.000000,853.000000,526.000000
2124.000000,1404.000000,2218.000000,1605.000000
3524.000000,1459.000000,3578.000000,1777.000000
1651.000000,3251.000000,1776.000000,3262.000000
2973.000000,398.000000,3141.000000,489.000000
1394.000000,2754.000000,1383.000000,2934.000000
1376.000000,188.000000,1592.000000,256.000000
1103.000000,81.000000,1061.000000,192.000000
2418.000000,1281.000000,2441.000000,1288.000000
2113.000000,2995.000000,1907.000000,3121.000000
2225.000000,2915.000000,2588.000000,3238.000000
2863.000000,1659.000000,2967.000000,1936.000000
3237.000000,2676.000000,3121.000000,2850.000000
451.000000,1944.000000,480.000000,1962.000000
2062.000000,398.000000,1932.000000,468.000000
2740.000000,859.000000,2772.000000,1077.000000
2938.000000,211.000000,3063.000000,358.000000
3179.000000,2125.000000,3321.000000,2147.000000
528.000000,2625.000000,501.000000,2654.000000
1592.000000,3045.000000,1591.000000,3081.000000
2071.000000,1768.000000,2072.000000,1868.000000
800.000000,1612.000000,648.000000,1728.000000
2225.000000,2915.000000,2209.000000,3047.000000
3315.000000,111.000000,3203.000000,134.000000
1932.000000,468.000000,1771.000000,607.000000
3121.000000,2850.000000,3258.000000,2948.000000
2462.000000,2073.000000,2592.000000,2232.000000
3578.000000,1777.000000,3622.000000,2250.000000
3175.000000,1884.000000,3301.000000,1968.000000
1840.000000,1178.000000,1902.000000,1631.000000
3237.000000,2676.000000,2858.000000,2830.000000
2431.000000,2783.000000,2644.000000,2805.000000
1278.000000,620.000000,1306.000000,899.000000
631.000000,3292.000000,377.000000,3370.000000
3169.000000,1758.000000,3578.000000,1777.000000
462.000000,1746.000000,294.000000,2046.000000
3364.000000,804.000000,3310.000000,844.000000
2444.000000,1845.000000,2462.000000,2073.000000
2815.000000,2673.000000,2858.000000,2830.000000
960.000000,2838.000000,756.000000,2978.000000
2644.000000,2805.000000,2618.000000,2825.000000
2850.000000,1863.000000,2653.000000,2002.000000
2251.000000,1528.000000,2347.000000,1633.000000
2973.000000,398.000000,2846.000000,488.000000
2278.000000,318.000000,2139.000000,448.000000
751.000000,642.000000,531.000000,674.000000
2444.000000,1845.000000,2850.000000,1863.000000
2973.000000,398.000000,2938.000000,561.000000
1061.000000,192.000000,1234.000000,232.000000
1655.000000,571.000000,1657.000000,636.000000
462.000000,1746.000000,451.000000,1944.000000
1132.000000,1845.000000,1221.000000,2187.000000
3107.000000,1897.000000,3179.000000,2125.000000
2271.000000,2481.000000,2431.000000,2783.000000
543.000000,3652.000000,371.000000,3655.000000
1247.000000,1466.000000,1132.000000,1845.000000
3294.000000,1477.000000,3403.000000,1504.000000
3618.000000,2345.000000,3577.000000,3559.000000
1703.000000,2138.000000,1974.000000,2143.000000
1234.000000,1720.000000,1459.000000,2024.000000
2858.000000,2830.000000,2826.000000,3056.000000
3061.000000,3485.000000,2817.000000,3488.000000
1535.000000,1.000000,1249.000000,18.000000
1319.000000,3063.000000,1591.000000,3081.000000
1459.000000,2024.000000,1703.000000,2138.000000
1457.000000,2782.000000,1882.000000,2974.000000
3524.000000,1459.000000,3403.000000,1504.000000
1500.000000,2872.000000,1756.000000,3023.000000
501.000000,2654.000000,620.000000,2996.000000
1655.000000,571.000000,1598.000000,651.000000
501.000000,2654.000000,342.000000,3106.000000
3068.000000,910.000000,3086.000000,929.000000
1234.000000,1720.000000,1132.000000,1845.000000
1756.000000,3023.000000,1684.000000,3105.000000
2751.000000,1397.000000,2444.000000,1845.000000
1383.000000,2934.000000,1472.000000,3037.000000
3578.000000,1777.000000,3252.000000,1819.000000
1532.000000,3325.000000,1438.000000,3389.000000
2858.000000,2830.000000,3121.000000,2850.000000
2322.000000,1484.000000,2251.000000,1528.000000
3596.000000,2758.000000,3258.000000,2948.000000
3502.000000,3065.000000,3491.000000,3295.000000
133.000000,1318.000000,120.000000,1668.000000
356.000000,2276.000000,528.000000,2625.000000
2863.000000,1659.000000,3169.000000,1758.000000
91.000000,1254.000000,59.000000,2729.000000
3491.000000,3295.000000,3577.000000,3559.000000
608.000000,1022.000000,824.000000,1173.000000
3197.000000,503.000000,3310.000000,844.000000
1700.000000,2484.000000,1882.000000,2974.000000
2822.000000,172.000000,2682.000000,355.000000
2653.000000,2002.000000,2541.000000,2051.000000
1306.000000,899.000000,1629.000000,1127.000000
183.000000,2397.000000,299.000000,2425.000000
1103.000000,81.000000,1234.000000,232.000000
1088.000000,927.000000,826.000000,974.000000
472.000000,3545.000000,543.000000,3652.000000
3167.000000,3000.000000,3166.000000,3308.000000
1117.000000,731.000000,1136.000000,808.000000
1651.000000,3251.000000,1663.000000,3564.000000
1492.000000,220.000000,1592.000000,256.000000
2266.000000,2179.000000,2159.000000,2449.000000
3159.000000,706.000000,2740.000000,859.000000
1585.000000,2414.000000,1408.000000,2624.000000
2541.000000,2051.000000,2462.000000,2073.000000
2124.000000,1404.000000,2251.000000,1528.000000
2618.000000,2825.000000,2858.000000,2830.000000
3179.000000,2125.000000,3355.000000,2456.000000
528.000000,2625.000000,748.000000,2789.000000
432.000000,385.000000,178.000000,528.000000
3014.000000,2120.000000,3026.000000,2420.000000
1459.000000,2024.000000,1221.000000,2187.000000
462.000000,1746.000000,495.000000,1844.000000
3310.000000,844.000000,3068.000000,910.000000
1357.000000,550.000000,1466.000000,585.000000
592.000000,46.000000,551.000000,196.000000
2669.000000,164.000000,2822.000000,172.000000
1438.000000,3389.000000,1343.000000,3482.000000
2175.000000,2647.000000,2229.000000,2764.000000
3282.000000,1119.000000,3288.000000,1236.000000
3167.000000,3000.000000,2902.000000,3074.000000
756.000000,2978.000000,1026.000000,3159.000000
536.000000,2004.000000,640.000000,2108.000000
1134.000000,1184.000000,1007.000000,1214.000000
1071.000000,2611.000000,748.000000,2789.000000
748.000000,2789.000000,620.000000,2996.000000
2618.000000,2825.000000,2826.000000,3056.000000
1160.000000,465.000000,1159.000000,538.000000
1438.000000,3389.000000,1600.000000,3572.000000
1776.000000,3262.000000,1663.000000,3564.000000
3141.000000,489.000000,3159.000000,706.000000
853.000000,526.000000,906.000000,594.000000
1500.000000,2872.000000,1568.000000,3027.000000
2664.000000,898.000000,2426.000000,970.000000
1376.000000,188.000000,1234.000000,232.000000
1159.000000,538.000000,906.000000,594.000000
1159.000000,538.000000,1090.000000,720.000000
296.000000,894.000000,26.000000,908.000000
1457.000000,2782.000000,1756.000000,3023.000000
3322.000000,481.000000,3422.000000,628.000000
3252.000000,1819.000000,3175.000000,1884.000000
1981.000000,879.000000,1906.000000,1106.000000
1840.000000,1178.000000,2124.000000,1404.000000
1974.000000,2143.000000,1759.000000,2182.000000
1532.000000,3325.000000,1600.000000,3572.000000
1517.000000,168.000000,1376.000000,188.000000
2920.000000,2425.000000,2815.000000,2673.000000
853.000000,526.000000,531.000000,674.000000
377.000000,3370.000000,591.000000,3400.000000
824.000000,1173.000000,992.000000,1256.000000
1315.000000,2375.000000,1165.000000,2623.000000
1690.000000,176.000000,1592.000000,256.000000
2027.000000,2674.000000,1882.000000,2974.000000
640.000000,2108.000000,528.000000,2625.000000
282.000000,2842.000000,264.000000,2933.000000
1585.000000,2414.000000,1686.000000,2467.000000
1591.000000,3081.000000,1438.000000,3389.000000
3169.000000,1758.000000,3252.000000,1819.000000
1771.000000,63.000000,1789.000000,216.000000
2938.000000,561.000000,2677.000000,777.000000
2361.000000,855.000000,2200.000000,891.000000
992.000000,1256.000000,902.000000,1376.000000
2160.000000,3437.000000,2216.000000,3547.000000
620.000000,2996.000000,631.000000,3292.000000
1771.000000,63.000000,1690.000000,176.000000
1533.000000,2314.000000,1585.000000,2414.000000
446.000000,647.000000,334.000000,716.000000
1882.000000,2974.000000,2113.000000,2995.000000
1637.000000,3139.000000,1651.000000,3251.000000
1756.000000,3023.000000,1568.000000,3027.000000
2410.000000,1691.000000,2266.000000,2179.000000
756.000000,2978.000000,802.000000,3401.000000
2513.000000,1525.000000,2410.000000,1691.000000
490.000000,818.000000,296.000000,894.000000
446.000000,647.000000,490.000000,818.000000
1278.000000,620.000000,1136.000000,808.000000
247.000000,3250.000000,127.000000,3555.000000
1394.000000,2624.000000,1394.000000,2754.000000
1500.000000,2872.000000,1383.000000,2934.000000
1165.000000,2623.000000,1353.000000,2949.000000
705.000000,2053.000000,640.000000,2108.000000
882.000000,1350.000000,902.000000,1376.000000
2361.000000,855.000000,2664.000000,898.000000
1829.000000,1138.000000,1840.000000,1178.000000
1759.000000,2182.000000,1951.000000,2297.000000
620.000000,2996.000000,407.000000,3110.000000
3485.000000,1060.000000,3466.000000,1198.000000
1134.000000,1184.000000,1376.000000,1359.000000
3622.000000,2250.000000,3618.000000,2345.000000
2740.000000,859.000000,3068.000000,910.000000
342.000000,3106.000000,247.000000,3250.000000
1550.000000,549.000000,1598.000000,651.000000
356.000000,2276.000000,299.000000,2425.000000
183.000000,2397.000000,501.000000,2654.000000
3383.000000,532.000000,3422.000000,628.000000
3577.000000,3559.000000,2972.000000,3603.000000
685.000000,1039.000000,860.000000,1166.000000
3618.000000,2345.000000,3355.000000,2456.000000
1247.000000,1466.000000,1234.000000,1720.000000
3491.000000,3002.000000,3502.000000,3065.000000
553.000000,2802.000000,620.000000,2996.000000
876.000000,2423.000000,1165.000000,2623.000000
1535.000000,1.000000,1517.000000,168.000000
296.000000,894.000000,462.000000,1746.000000
3166.000000,3308.000000,3061.000000,3485.000000
747.000000,3354.000000,692.000000,3383.000000
2541.000000,2051.000000,2592.000000,2232.000000
407.000000,3110.000000,377.000000,3370.000000
1134.000000,1184.000000,902.000000,1376.000000
1638.000000,1456.000000,1654.000000,1678.000000
26.000000,908.000000,59.000000,2729.000000
127.000000,3555.000000,371.000000,3655.000000
2027.000000,2674.000000,2225.000000,2915.000000
1829.000000,1138.000000,1991.000000,1230.000000
1062.000000,2041.000000,705.000000,2053.000000
1638.000000,1456.000000,1695.000000,1762.000000
1234.000000,232.000000,1253.000000,260.000000
2677.000000,777.000000,2664.000000,898.000000
3310.000000,844.000000,3086.000000,929.000000
1134.000000,1184.000000,992.000000,1256.000000
3141.000000,489.000000,2938.000000,561.000000
2574.000000,1497.000000,2513.000000,1525.000000
2910.000000,1452.000000,2840.000000,1531.000000
3026.000000,2420.000000,2972.000000,2535.000000
960.000000,2838.000000,1319.000000,3063.000000
3288.000000,1236.000000,3524.000000,1459.000000
26.000000,908.000000,125.000000,1053.000000
3524.000000,1459.000000,3294.000000,1477.000000
2491.000000,1038.000000,2345.000000,1220.000000
824.000000,1173.000000,755.000000,1295.000000
3517.000000,1114.000000,3596.000000,1122.000000
2442.000000,3170.000000,2617.000000,3363.000000
2462.000000,2073.000000,2266.000000,2179.000000
2229.000000,2764.000000,2225.000000,2915.000000
490.000000,818.000000,702.000000,992.000000
2902.000000,3074.000000,2588.000000,3238.000000
2175.000000,2647.000000,2027.000000,2674.000000
59.000000,2729.000000,119.000000,2972.000000
2840.000000,1531.000000,2843.000000,1709.000000
2271.000000,2481.000000,2644.000000,2805.000000
2280.000000,1113.000000,2272.000000,1168.000000
1991.000000,1230.000000,2240.000000,1282.000000
800.000000,1612.000000,1132.000000,1845.000000
3310.000000,844.000000,3279.000000,1048.000000
1661.000000,36.000000,1771.000000,63.000000
1514.000000,932.000000,1629.000000,1127.000000
3422.000000,628.000000,3310.000000,844.000000
1906.000000,1106.000000,2015.000000,1156.000000
2938.000000,561.000000,3159.000000,706.000000
1394.000000,2754.000000,1416.000000,2820.000000
751.000000,642.000000,1088.000000,927.000000
853.000000,526.000000,751.000000,642.000000
1221.000000,2187.000000,1007.000000,2219.000000
1991.000000,1230.000000,2124.000000,1404.000000
2491.000000,1038.000000,2766.000000,1119.000000
2766.000000,1119.000000,2840.000000,1531.000000
2061.000000,218.000000,2062.000000,398.000000
802.000000,3401.000000,765.000000,3507.000000
1629.000000,1127.000000,1638.000000,1456.000000
826.000000,974.000000,1007.000000,1214.000000
1535.000000,1.000000,1661.000000,36.000000
1457.000000,2782.000000,1416.000000,2820.000000
3322.000000,481.000000,3141.000000,489.000000
3159.000000,706.000000,3310.000000,844.000000
120.000000,1668.000000,121.000000,2469.000000
299.000000,2425.000000,501.000000,2654.000000
2766.000000,1119.000000,2441.000000,1288.000000
1088.000000,927.000000,1134.000000,1184.000000
1535.000000,1.000000,592.000000,46.000000
1357.000000,550.000000,1090.000000,720.000000
1134.000000,1184.000000,1247.000000,1466.000000
2410.000000,1691.000000,2072.000000,1868.000000
3355.000000,2456.000000,3237.000000,2676.000000
2431.000000,2783.000000,2618.000000,2825.000000
640.000000,2108.000000,1007.000000,2219.000000
631.000000,3292.000000,747.000000,3354.000000
1383.000000,2934.000000,1353.000000,2949.000000
2740.000000,859.000000,2664.000000,898.000000
121.000000,2469.000000,59.000000,2729.000000
299.000000,2425.000000,528.000000,2625.000000
2072.000000,1868.000000,1884.000000,1886.000000
1471.000000,523.000000,1655.000000,571.000000
3403.000000,1504.000000,3130.000000,1678.000000
299.000000,2173.000000,121.000000,2469.000000
463.000000,2055.000000,299.000000,2173.000000
747.000000,3354.000000,802.000000,3401.000000
2159.000000,2449.000000,1991.000000,2641.000000
1638.000000,1456.000000,1902.000000,1631.000000
1884.000000,1886.000000,1974.000000,2143.000000
2788.000000,1029.000000,2910.000000,1452.000000
356.000000,2276.000000,183.000000,2397.000000
2271.000000,2481.000000,2229.000000,2764.000000
151.000000,667.000000,26.000000,908.000000
2988.000000,2446.000000,2972.000000,2535.000000
3063.000000,358.000000,3322.000000,481.000000
2218.000000,1605.000000,2071.000000,1768.000000
591.000000,3400.000000,765.000000,3507.000000
1585.000000,2414.000000,1532.000000,2685.000000
1637.000000,3139.000000,1532.000000,3325.000000
1265.000000,32.000000,1376.000000,188.000000
1974.000000,2143.000000,2159.000000,2449.000000
551.000000,196.000000,310.000000,262.000000
2027.000000,2674.000000,2144.000000,2744.000000
876.000000,2423.000000,1071.000000,2611.000000
1394.000000,2624.000000,1408.000000,2624.000000
800.000000,1612.000000,705.000000,2053.000000
3026.000000,2420.000000,2988.000000,2446.000000
1532.000000,2685.000000,1457.000000,2782.000000
1655.000000,571.000000,1577.000000,724.000000
1103.000000,81.000000,852.000000,171.000000
178.000000,528.000000,334.000000,716.000000
2972.000000,2535.000000,2971.000000,2547.000000
1394.000000,2754.000000,1457.000000,2782.000000
2113.000000,2995.000000,2209.000000,3047.000000
2938.000000,211.000000,2973.000000,398.000000
264.000000,2933.000000,306.000000,2958.000000
2071.000000,1768.000000,1955.000000,1799.000000
2788.000000,1029.000000,2766.000000,1119.000000
1638.000000,1456.000000,1955.000000,1799.000000
2216.000000,3547.000000,2061.000000,3639.000000
472.000000,3545.000000,371.000000,3655.000000
1568.000000,3027.000000,1472.000000,3037.000000
2015.000000,1156.000000,1991.000000,1230.000000
2410.000000,1691.000000,2462.000000,2073.000000
1906.000000,2381.000000,1700.000000,2484.000000
3578.000000,1777.000000,3358.000000,1950.000000
1466.000000,585.000000,1306.000000,899.000000
3258.000000,2948.000000,3502.000000,3065.000000
2971.000000,2547.000000,2815.000000,2673.000000
1882.000000,2974.000000,1779.000000,3159.000000
1955.000000,1799.000000,2072.000000,1868.000000
2840.000000,1531.000000,2863.000000,1659.000000
1466.000000,585.000000,1598.000000,651.000000
178.000000,528.000000,446.000000,647.000000
2863.000000,1659.000000,2850.000000,1863.000000
1700.000000,2484.000000,1532.000000,2685.000000
751.000000,642.000000,826.000000,974.000000
3282.000000,1119.000000,2910.000000,1452.000000
296.000000,894.000000,133.000000,1318.000000
1789.000000,216.000000,1932.000000,468.000000
705.000000,2053.000000,1007.000000,2219.000000
1416.000000,2820.000000,1383.000000,2934.000000
3026.000000,2420.000000,2971.000000,2547.000000
451.000000,1944.000000,294.000000,2046.000000
3310.000000,844.000000,3485.000000,1060.000000
254.000000,1823.000000,294.000000,2046.000000
1253.000000,260.000000,1471.000000,523.000000
446.000000,647.000000,531.000000,674.000000
1703.000000,2138.000000,1759.000000,2182.000000
1776.000000,3262.000000,1906.000000,3610.000000
3165.000000,2578.000000,3237.000000,2676.000000
2418.000000,1281.000000,2240.000000,1282.000000
3485.000000,1060.000000,3282.000000,1119.000000
1592.000000,256.000000,1471.000000,523.000000
2188.000000,1398.000000,2251.000000,1528.000000
3091.000000,1888.000000,3107.000000,1897.000000
133.000000,1318.000000,59.000000,2729.000000
2159.000000,2449.000000,2271.000000,2481.000000
2723.000000,3582.000000,2290.000000,3611.000000
2144.000000,2744.000000,2225.000000,2915.000000
3622.000000,2250.000000,3355.000000,2456.000000
254.000000,1823.000000,299.000000,2173.000000
1638.000000,1456.000000,1409.000000,1600.000000
160.000000,2615.000000,59.000000,2729.000000
2653.000000,2002.000000,2462.000000,2073.000000
183.000000,2397.000000,121.000000,2469.000000
1663.000000,3564.000000,1600.000000,3572.000000
566.000000,1900.000000,705.000000,2053.000000
2588.000000,3238.000000,2617.000000,3363.000000
2743.000000,2229.000000,2920.000000,2425.000000
2240.000000,1282.000000,2188.000000,1398.000000
2910.000000,1452.000000,2863.000000,1659.000000
2019.000000,3649.000000,543.000000,3652.000000
591.000000,3400.000000,543.000000,3652.000000
1136.000000,808.000000,1306.000000,899.000000
2826.000000,3056.000000,2902.000000,3074.000000
3282.000000,1119.000000,3466.000000,1198.000000
1052.000000,3435.000000,1343.000000,3482.000000
2618.000000,2825.000000,2374.000000,2893.000000
3147.000000,1868.000000,3091.000000,1888.000000
802.000000,3401.000000,1052.000000,3435.000000
2361.000000,855.000000,2280.000000,1113.000000
2271.000000,2481.000000,2175.000000,2647.000000
3574.000000,412.000000,3612.000000,497.000000
2441.000000,1288.000000,2400.000000,1302.000000
3618.000000,2345.000000,3596.000000,2758.000000
2240.000000,1282.000000,2124.000000,1404.000000
1503.000000,2957.000000,1472.000000,3037.000000
2618.000000,2825.000000,2588.000000,3238.000000
1134.000000,1184.000000,1011.000000,1541.000000
3186.000000,1368.000000,2863.000000,1659.000000
2290.000000,3611.000000,2061.000000,3639.000000
3466.000000,1198.000000,3288.000000,1236.000000
1278.000000,620.000000,1117.000000,731.000000
3091.000000,1888.000000,3110.000000,1897.000000
299.000000,2173.000000,183.000000,2397.000000
463.000000,2055.000000,356.000000,2276.000000
3258.000000,2948.000000,3167.000000,3000.000000
1592.000000,3045.000000,1684.000000,3105.000000
592.000000,46.000000,310.000000,262.000000
1771.000000,63.000000,2061.000000,218.000000
2159.000000,2449.000000,2027.000000,2674.000000
1408.000000,2624.000000,1532.000000,2685.000000
1376.000000,1359.000000,1247.000000,1466.000000
1394.000000,2624.000000,1353.000000,2949.000000
1011.000000,1541.000000,800.000000,1612.000000
2656.000000,3386.000000,2817.000000,3488.000000
2361.000000,855.000000,2426.000000,970.000000
1165.000000,2623.000000,960.000000,2838.000000
3186.000000,1368.000000,2910.000000,1452.000000
2850.000000,1863.000000,2967.000000,1936.000000
2442.000000,3170.000000,2588.000000,3238.000000
1991.000000,2641.000000,2027.000000,2674.000000
2216.000000,3547.000000,2290.000000,3611.000000
1306.000000,899.000000,1344.000000,1121.000000
2462.000000,2073.000000,2414.000000,2448.000000
3355.000000,2456.000000,3363.000000,2647.000000
1981.000000,879.000000,2073.000000,884.000000
918.000000,3585.000000,2019.000000,3649.000000
472.000000,3545.000000,127.000000,3555.000000
1408.000000,2624.000000,1457.000000,2782.000000
2374.000000,2893.000000,2588.000000,3238.000000
2971.000000,2547.000000,2858.000000,2830.000000
3186.000000,1368.000000,3130.000000,1678.000000
992.000000,3455.000000,918.000000,3585.000000
3596.000000,2758.000000,3491.000000,3002.000000
1776.000000,3262.000000,2160.000000,3437.000000
960.000000,2838.000000,1353.000000,2949.000000
2562.000000,2419.000000,2644.000000,2805.000000
3159.000000,706.000000,3068.000000,910.000000
3618.000000,2345.000000,3394.000000,2518.000000
3517.000000,1114.000000,3479.000000,1263.000000
1276.000000,3573.000000,918.000000,3585.000000
902.000000,1376.000000,800.000000,1612.000000
2938.000000,211.000000,2846.000000,488.000000
