POINTS
2559.000000,4.000000
1647.000000,11.000000
1900.000000,17.000000
541.000000,22.000000
1466.000000,32.000000
720.000000,46.000000
7.000000,68.000000
2110.000000,89.000000
1302.000000,99.000000
2560.000000,112.000000
1500.000000,123.000000
2798.000000,124.000000
1507.000000,129.000000
2518.000000,144.000000
3516.000000,172.000000
5.000000,177.000000
228.000000,179.000000
3106.000000,185.000000
691.000000,197.000000
1394.000000,206.000000
1415.000000,215.000000
1410.000000,219.000000
3627.000000,219.000000
3031.000000,232.000000
2236.000000,236.000000
2768.000000,238.000000
1678.000000,244.000000
2371.000000,252.000000
3184.000000,254.000000
411.000000,262.000000
485.000000,263.000000
3085.000000,264.000000
3506.000000,272.000000
1012.000000,275.000000
2163.000000,290.000000
2066.000000,296.000000
327.000000,305.000000
3605.000000,315.000000
1788.000000,325.000000
749.000000,332.000000
3108.000000,333.000000
261.000000,338.000000
2001.000000,359.000000
535.000000,370.000000
856.000000,370.000000
1697.000000,373.000000
747.000000,377.000000
3471.000000,393.000000
256.000000,411.000000
431.000000,411.000000
141.000000,413.000000
767.000000,413.000000
2795.000000,417.000000
2525.000000,424.000000
284.000000,432.000000
716.000000,434.000000
156.000000,439.000000
540.000000,444.000000
1496.000000,448.000000
2667.000000,475.000000
1371.000000,477.000000
2486.000000,480.000000
507.000000,492.000000
125.000000,493.000000
293.000000,494.000000
2747.000000,498.000000
2358.000000,508.000000
1612.000000,526.000000
2845.000000,527.000000
69.000000,537.000000
3463.000000,549.000000
985.000000,557.000000
1061.000000,579.000000
2466.000000,579.000000
2562.000000,581.000000
3491.000000,581.000000
3121.000000,616.000000
1755.000000,630.000000
449.000000,667.000000
1641.000000,681.000000
1783.000000,695.000000
2275.000000,710.000000
496.000000,734.000000
2301.000000,740.000000
2581.000000,756.000000
2826.000000,764.000000
574.000000,773.000000
889.000000,803.000000
1435.000000,804.000000
2657.000000,806.000000
1420.000000,812.000000
1514.000000,830.000000
1875.000000,842.000000
184.000000,843.000000
2080.000000,858.000000
3021.000000,886.000000
3323.000000,892.000000
331.000000,903.000000
1650.000000,924.000000
297.000000,925.000000
1896.000000,926.000000
3134.000000,930.000000
1117.000000,936.000000
2227.000000,938.000000
437.000000,956.000000
1707.000000,959.000000
926.000000,961.000000
182.000000,967.000000
2542.000000,976.000000
1176.000000,980.000000
228.000000,983.000000
855.000000,986.000000
236.000000,991.000000
850.000000,1003.000000
739.000000,1017.000000
2018.000000,1024.000000
775.000000,1031.000000
380.000000,1034.000000
1847.000000,1040.000000
3192.000000,1053.000000
839.000000,1065.000000
1991.000000,1069.000000
1467.000000,1094.000000
2214.000000,1117.000000
634.000000,1139.000000
617.000000,1144.000000
2175.000000,1157.000000
1754.000000,1170.000000
812.000000,1180.000000
1037.000000,1185.000000
3093.000000,1185.000000
1048.000000,1193.000000
3184.000000,1205.000000
919.000000,1208.000000
3132.000000,1210.000000
848.000000,1223.000000
2080.000000,1243.000000
3128.000000,1243.000000
1299.000000,1310.000000
2698.000000,1313.000000
418.000000,1314.000000
1235.000000,1314.000000
3061.000000,1323.000000
2577.000000,1333.000000
3572.000000,1335.000000
2066.000000,1345.000000
2182.000000,1345.000000
1403.000000,1349.000000
1168.000000,1388.000000
2084.000000,1391.000000
1613.000000,1393.000000
3350.000000,1395.000000
2046.000000,1404.000000
1919.000000,1408.000000
3504.000000,1432.000000
1786.000000,1441.000000
3110.000000,1456.000000
68.000000,1457.000000
1721.000000,1473.000000
3115.000000,1495.000000
1231.000000,1496.000000
2185.000000,1496.000000
1474.000000,1498.000000
2024.000000,1519.000000
2499.000000,1544.000000
987.000000,1549.000000
2013.000000,1559.000000
1371.000000,1613.000000
2832.000000,1639.000000
2938.000000,1658.000000
2354.000000,1671.000000
2283.000000,1674.000000
902.000000,1679.000000
1054.000000,1689.000000
2091.000000,1700.000000
2478.000000,1702.000000
1687.000000,1708.000000
3221.000000,1714.000000
497.000000,1737.000000
284.000000,1755.000000
1453.000000,1755.000000
1127.000000,1763.000000
2426.000000,1763.000000
3217.000000,1763.000000
1879.000000,1779.000000
1410.000000,1781.000000
2552.000000,1784.000000
974.000000,1820.000000
780.000000,1834.000000
3087.000000,1838.000000
2288.000000,1853.000000
2827.000000,1861.000000
12.000000,1863.000000
2679.000000,1872.000000
505.000000,1873.000000
1000.000000,1915.000000
1141.000000,1919.000000
675.000000,1922.000000
209.000000,1942.000000
2476.000000,1957.000000
1521.000000,1962.000000
971.000000,1965.000000
617.000000,1975.000000
10.000000,1976.000000
1105.000000,1990.000000
295.000000,1997.000000
2286.000000,2010.000000
2406.000000,2014.000000
442.000000,2025.000000
2788.000000,2026.000000
3517.000000,2030.000000
700.000000,2033.000000
2867.000000,2058.000000
1241.000000,2100.000000
263.000000,2108.000000
1555.000000,2110.000000
427.000000,2124.000000
2462.000000,2137.000000
2669.000000,2141.000000
3279.000000,2164.000000
1900.000000,2178.000000
849.000000,2196.000000
916.000000,2199.000000
3070.000000,2201.000000
1541.000000,2230.000000
1562.000000,2231.000000
874.000000,2240.000000
2939.000000,2248.000000
2080.000000,2251.000000
1056.000000,2254.000000
1621.000000,2269.000000
1148.000000,2282.000000
2665.000000,2292.000000
1788.000000,2295.000000
1726.000000,2344.000000
912.000000,2345.000000
138.000000,2346.000000
3041.000000,2346.000000
466.000000,2348.000000
859.000000,2351.000000
1859.000000,2378.000000
1438.000000,2386.000000
2870.000000,2395.000000
2373.000000,2403.000000
2493.000000,2416.000000
752.000000,2433.000000
1001.000000,2440.000000
2152.000000,2447.000000
330.000000,2451.000000
2043.000000,2463.000000
1037.000000,2475.000000
3506.000000,2477.000000
2064.000000,2481.000000
2621.000000,2481.000000
3418.000000,2485.000000
3157.000000,2488.000000
2773.000000,2492.000000
2281.000000,2493.000000
410.000000,2495.000000
613.000000,2518.000000
1219.000000,2523.000000
3431.000000,2523.000000
1904.000000,2526.000000
3645.000000,2529.000000
168.000000,2585.000000
2818.000000,2623.000000
418.000000,2627.000000
1177.000000,2629.000000
2591.000000,2631.000000
843.000000,2657.000000
95.000000,2665.000000
2004.000000,2669.000000
1734.000000,2687.000000
2234.000000,2689.000000
1186.000000,2695.000000
3132.000000,2699.000000
1786.000000,2710.000000
1279.000000,2721.000000
3296.000000,2729.000000
2531.000000,2733.000000
2993.000000,2740.000000
3646.000000,2763.000000
864.000000,2773.000000
846.000000,2779.000000
909.000000,2779.000000
210.000000,2810.000000
201.000000,2814.000000
2916.000000,2850.000000
941.000000,2858.000000
687.000000,2861.000000
3657.000000,2868.000000
2346.000000,2869.000000
1272.000000,2882.000000
684.000000,2908.000000
1913.000000,2926.000000
179.000000,2927.000000
1579.000000,2934.000000
2560.000000,2960.000000
3265.000000,2963.000000
757.000000,2971.000000
2938.000000,2987.000000
2380.000000,2999.000000
510.000000,3000.000000
2592.000000,3006.000000
2259.000000,3015.000000
356.000000,3038.000000
731.000000,3048.000000
1189.000000,3062.000000
321.000000,3065.000000
2269.000000,3081.000000
2830.000000,3082.000000
3549.000000,3085.000000
263.000000,3086.000000
2074.000000,3087.000000
3341.000000,3092.000000
2835.000000,3095.000000
1609.000000,3112.000000
494.000000,3118.000000
1938.000000,3125.000000
567.000000,3131.000000
208.000000,3139.000000
989.000000,3165.000000
558.000000,3173.000000
470.000000,3180.000000
2674.000000,3184.000000
937.000000,3212.000000
1185.000000,3215.000000
580.000000,3218.000000
1309.000000,3220.000000
323.000000,3226.000000
814.000000,3233.000000
2214.000000,3239.000000
2592.000000,3253.000000
842.000000,3267.000000
254.000000,3272.000000
219.000000,3275.000000
1549.000000,3275.000000
3612.000000,3300.000000
1735.000000,3301.000000
698.000000,3310.000000
3228.000000,3359.000000
3357.000000,3395.000000
2826.000000,3404.000000
1794.000000,3405.000000
3068.000000,3446.000000
1077.000000,3447.000000
247.000000,3481.000000
1433.000000,3495.000000
1789.000000,3497.000000
3564.000000,3502.000000
257.000000,3504.000000
807.000000,3514.000000
3507.000000,3526.000000
3249.000000,3536.000000
3505.000000,3541.000000
3657.000000,3547.000000
1688.000000,3564.000000
1745.000000,3570.000000
3136.000000,3605.000000
3000.000000,3617.000000
347.000000,3621.000000
2408.000000,3625.000000
302.000000,3644.000000
874.000000,3647.000000
2274.000000,3651.000000
286.000000,3652.000000
1344.000000,3667.000000
LINES
909.000000,2779.000000,1272.000000,2882.000000
302.000000,3644.000000,1344.000000,3667.000000
1521.000000,1962.000000,1241.000000,2100.000000
431.000000,411.000000,449.000000,667.000000
411.000000,262.000000,284.000000,432.000000
3093.000000,1185.000000,3061.000000,1323.000000
2462.000000,2137.000000,2493.000000,2416.000000
2281.000000,2493.000000,2531.000000,2733.000000
1612.000000,526.000000,1435.000000,804.000000
2577.000000,1333.000000,2499.000000,1544.000000
617.000000,1975.000000,442.000000,2025.000000
849.000000,2196.000000,916.000000,2199.000000
1786.000000,2710.000000,1913.000000,2926.000000
209.000000,1942.000000,263.000000,2108.000000
1904.000000,2526.000000,1734.000000,2687.000000
2080.000000,2251.000000,2043.000000,2463.000000
2283.000000,1674.000000,2426.000000,1763.000000
1394.000000,206.000000,1415.000000,215.000000
2768.000000,238.000000,2525.000000,424.000000
3612.000000,3300.000000,3657.000000,3547.000000
971.000000,1965.000000,1105.000000,1990.000000
1272.000000,2882.000000,1189.000000,3062.000000
410.000000,2495.000000,418.000000,2627.000000
2827.000000,1861.000000,2679.000000,1872.000000
1037.000000,1185.000000,1299.000000,1310.000000
937.000000,3212.000000,1077.000000,3447.000000
2993.000000,2740.000000,2916.000000,2850.000000
497.000000,1737.000000,505.000000,1873.000000
2818.000000,2623.000000,2560.000000,2960.000000
2552.000000,1784.000000,2288.000000,1853.000000
2665.000000,2292.000000,2493.000000,2416.000000
3323.000000,892.000000,3572.000000,1335.000000
1176.000000,980.000000,1299.000000,1310.000000
2406.000000,2014.000000,2493.000000,2416.000000
2476.000000,1957.000000,2669.000000,2141.000000
2679.000000,1872.000000,2476.000000,1957.000000
574.000000,773.000000,889.000000,803.000000
2667.000000,475.000000,2562.000000,581.000000
1555.000000,2110.000000,1788.000000,2295.000000
1231.000000,1496.000000,1127.000000,1763.000000
2163.000000,290.000000,2001.000000,359.000000
3357.000000,3395.000000,3505.000000,3541.000000
937.000000,3212.000000,1185.000000,3215.000000
558.000000,3173.000000,470.000000,3180.000000
1433.000000,3495.000000,1688.000000,3564.000000
2462.000000,2137.000000,2665.000000,2292.000000
859.000000,2351.000000,1001.000000,2440.000000
1410.000000,219.000000,1678.000000,244.000000
466.000000,2348.000000,410.000000,2495.000000
1012.000000,275.000000,856.000000,370.000000
2091.000000,1700.000000,2288.000000,1853.000000
1900.000000,2178.000000,1859.000000,2378.000000
138.000000,2346.000000,95.000000,2665.000000
208.000000,3139.000000,219.000000,3275.000000
7.000000,68.000000,228.000000,179.000000
1000.000000,1915.000000,1141.000000,1919.000000
3657.000000,2868.000000,3549.000000,3085.000000
889.000000,803.000000,850.000000,1003.000000
864.000000,2773.000000,687.000000,2861.000000
1579.000000,2934.000000,1549.000000,3275.000000
3108.000000,333.000000,3471.000000,393.000000
2560.000000,2960.000000,2830.000000,3082.000000
1745.000000,3570.000000,1344.000000,3667.000000
182.000000,967.000000,236.000000,991.000000
1496.000000,448.000000,1371.000000,477.000000
496.000000,734.000000,574.000000,773.000000
2001.000000,359.000000,1755.000000,630.000000
3192.000000,1053.000000,3572.000000,1335.000000
1755.000000,630.000000,1875.000000,842.000000
3504.000000,1432.000000,3221.000000,1714.000000
2870.000000,2395.000000,2773.000000,2492.000000
1507.000000,129.000000,1415.000000,215.000000
859.000000,2351.000000,752.000000,2433.000000
2408.000000,3625.000000,2274.000000,3651.000000
2674.000000,3184.000000,2826.000000,3404.000000
1403.000000,1349.000000,1231.000000,1496.000000
3506.000000,2477.000000,3431.000000,2523.000000
3491.000000,581.000000,3572.000000,1335.000000
2559.000000,4.000000,2560.000000,112.000000
2592.000000,3006.000000,2674.000000,3184.000000
1875.000000,842.000000,1847.000000,1040.000000
698.000000,3310.000000,347.000000,3621.000000
125.000000,493.000000,184.000000,843.000000
1879.000000,1779.000000,1900.000000,2178.000000
1621.000000,2269.000000,1788.000000,2295.000000
1900.000000,17.000000,2110.000000,89.000000
2581.000000,756.000000,2657.000000,806.000000
1453.000000,1755.000000,1410.000000,1781.000000
1077.000000,3447.000000,807.000000,3514.000000
2043.000000,2463.000000,1904.000000,2526.000000
1788.000000,2295.000000,1726.000000,2344.000000
418.000000,1314.000000,68.000000,1457.000000
3516.000000,172.000000,3506.000000,272.000000
2110.000000,89.000000,1678.000000,244.000000
182.000000,967.000000,68.000000,1457.000000
839.000000,1065.000000,1037.000000,1185.000000
437.000000,956.000000,380.000000,1034.000000
3132.000000,2699.000000,2993.000000,2740.000000
1500.000000,123.000000,1394.000000,206.000000
2518.000000,144.000000,2371.000000,252.000000
1794.000000,3405.000000,1688.000000,3564.000000
3132.000000,1210.000000,3128.000000,1243.000000
3093.000000,1185.000000,2577.000000,1333.000000
1734.000000,2687.000000,1279.000000,2721.000000
874.000000,2240.000000,912.000000,2345.000000
466.000000,2348.000000,752.000000,2433.000000
2236.000000,236.000000,2163.000000,290.000000
1185.000000,3215.000000,1309.000000,3220.000000
2406.000000,2014.000000,2462.000000,2137.000000
2559.000000,4.000000,3516.000000,172.000000
2559.000000,4.000000,1900.000000,17.000000
909.000000,2779.000000,1189.000000,3062.000000
2001.000000,359.000000,2080.000000,858.000000
2283.000000,1674.000000,2478.000000,1702.000000
1788.000000,2295.000000,1859.000000,2378.000000
2560.000000,2960.000000,2592.000000,3006.000000
2043.000000,2463.000000,2064.000000,2481.000000
850.000000,1003.000000,839.000000,1065.000000
2827.000000,1861.000000,3279.000000,2164.000000
327.000000,305.000000,261.000000,338.000000
494.000000,3118.000000,567.000000,3131.000000
2163.000000,290.000000,2275.000000,710.000000
2214.000000,3239.000000,2408.000000,3625.000000
1647.000000,11.000000,1507.000000,129.000000
1371.000000,477.000000,1061.000000,579.000000
3657.000000,2868.000000,3265.000000,2963.000000
156.000000,439.000000,184.000000,843.000000
3106.000000,185.000000,3184.000000,254.000000
1647.000000,11.000000,1900.000000,17.000000
2581.000000,756.000000,2542.000000,976.000000
574.000000,773.000000,739.000000,1017.000000
69.000000,537.000000,68.000000,1457.000000
1302.000000,99.000000,1394.000000,206.000000
3471.000000,393.000000,3491.000000,581.000000
3350.000000,1395.000000,3504.000000,1432.000000
2214.000000,3239.000000,1735.000000,3301.000000
752.000000,2433.000000,410.000000,2495.000000
874.000000,3647.000000,1344.000000,3667.000000
2080.000000,2251.000000,1859.000000,2378.000000
156.000000,439.000000,69.000000,537.000000
356.000000,3038.000000,321.000000,3065.000000
926.000000,961.000000,855.000000,986.000000
3431.000000,2523.000000,3657.000000,2868.000000
3505.000000,3541.000000,3136.000000,3605.000000
2110.000000,89.000000,2236.000000,236.000000
2667.000000,475.000000,2845.000000,527.000000
2080.000000,1243.000000,2066.000000,1345.000000
1177.000000,2629.000000,909.000000,2779.000000
284.000000,432.000000,293.000000,494.000000
1105.000000,1990.000000,1148.000000,2282.000000
431.000000,411.000000,507.000000,492.000000
1420.000000,812.000000,1176.000000,980.000000
3657.000000,3547.000000,3136.000000,3605.000000
3184.000000,254.000000,3085.000000,264.000000
12.000000,1863.000000,209.000000,1942.000000
1938.000000,3125.000000,2214.000000,3239.000000
1613.000000,1393.000000,1474.000000,1498.000000
926.000000,961.000000,850.000000,1003.000000
731.000000,3048.000000,567.000000,3131.000000
497.000000,1737.000000,284.000000,1755.000000
3506.000000,272.000000,3491.000000,581.000000
3115.000000,1495.000000,3087.000000,1838.000000
2110.000000,89.000000,2001.000000,359.000000
3068.000000,3446.000000,3000.000000,3617.000000
427.000000,2124.000000,466.000000,2348.000000
1231.000000,1496.000000,1371.000000,1613.000000
2486.000000,480.000000,2358.000000,508.000000
1037.000000,1185.000000,1048.000000,1193.000000
5.000000,177.000000,10.000000,1976.000000
535.000000,370.000000,716.000000,434.000000
2478.000000,1702.000000,2552.000000,1784.000000
3041.000000,2346.000000,3132.000000,2699.000000
684.000000,2908.000000,356.000000,3038.000000
1420.000000,812.000000,1299.000000,1310.000000
3431.000000,2523.000000,3296.000000,2729.000000
1754.000000,1170.000000,1299.000000,1310.000000
2560.000000,112.000000,2768.000000,238.000000
757.000000,2971.000000,731.000000,3048.000000
3506.000000,272.000000,3605.000000,315.000000
2227.000000,938.000000,2542.000000,976.000000
3341.000000,3092.000000,3228.000000,3359.000000
449.000000,667.000000,574.000000,773.000000
10.000000,1976.000000,410.000000,2495.000000
2091.000000,1700.000000,1900.000000,2178.000000
263.000000,2108.000000,410.000000,2495.000000
331.000000,903.000000,437.000000,956.000000
321.000000,3065.000000,208.000000,3139.000000
1788.000000,325.000000,1755.000000,630.000000
3517.000000,2030.000000,3645.000000,2529.000000
496.000000,734.000000,331.000000,903.000000
1754.000000,1170.000000,2080.000000,1243.000000
3000.000000,3617.000000,2408.000000,3625.000000
2562.000000,581.000000,2581.000000,756.000000
1467.000000,1094.000000,1299.000000,1310.000000
1745.000000,3570.000000,2408.000000,3625.000000
327.000000,305.000000,284.000000,432.000000
256.000000,411.000000,284.000000,432.000000
617.000000,1144.000000,987.000000,1549.000000
507.000000,492.000000,449.000000,667.000000
1371.000000,477.000000,1612.000000,526.000000
916.000000,2199.000000,874.000000,2240.000000
1789.000000,3497.000000,1688.000000,3564.000000
2018.000000,1024.000000,1991.000000,1069.000000
1613.000000,1393.000000,1721.000000,1473.000000
1148.000000,2282.000000,1037.000000,2475.000000
2236.000000,236.000000,2371.000000,252.000000
1371.000000,1613.000000,1127.000000,1763.000000
1403.000000,1349.000000,1371.000000,1613.000000
2152.000000,2447.000000,2043.000000,2463.000000
1788.000000,325.000000,2001.000000,359.000000
535.000000,370.000000,540.000000,444.000000
3221.000000,1714.000000,3517.000000,2030.000000
284.000000,1755.000000,295.000000,1997.000000
2826.000000,3404.000000,3000.000000,3617.000000
889.000000,803.000000,1435.000000,804.000000
261.000000,338.000000,284.000000,432.000000
263.000000,2108.000000,427.000000,2124.000000
3228.000000,3359.000000,2826.000000,3404.000000
3507.000000,3526.000000,3657.000000,3547.000000
2091.000000,1700.000000,1879.000000,1779.000000
2001.000000,359.000000,2275.000000,710.000000
3418.000000,2485.000000,3296.000000,2729.000000
141.000000,413.000000,69.000000,537.000000
1647.000000,11.000000,1466.000000,32.000000
864.000000,2773.000000,941.000000,2858.000000
1879.000000,1779.000000,1521.000000,1962.000000
2064.000000,2481.000000,1904.000000,2526.000000
1991.000000,1069.000000,2080.000000,1243.000000
2552.000000,1784.000000,2476.000000,1957.000000
494.000000,3118.000000,470.000000,3180.000000
2466.000000,579.000000,2301.000000,740.000000
179.000000,2927.000000,263.000000,3086.000000
2426.000000,1763.000000,2288.000000,1853.000000
2163.000000,290.000000,2358.000000,508.000000
3093.000000,1185.000000,3128.000000,1243.000000
1438.000000,2386.000000,1279.000000,2721.000000
541.000000,22.000000,691.000000,197.000000
807.000000,3514.000000,302.000000,3644.000000
1061.000000,579.000000,889.000000,803.000000
2214.000000,3239.000000,1789.000000,3497.000000
3085.000000,264.000000,3108.000000,333.000000
1056.000000,2254.000000,1148.000000,2282.000000
209.000000,1942.000000,10.000000,1976.000000
1105.000000,1990.000000,916.000000,2199.000000
1707.000000,959.000000,1847.000000,1040.000000
330.000000,2451.000000,410.000000,2495.000000
1754.000000,1170.000000,1613.000000,1393.000000
3431.000000,2523.000000,3265.000000,2963.000000
675.000000,1922.000000,700.000000,2033.000000
2163.000000,290.000000,2525.000000,424.000000
2346.000000,2869.000000,2074.000000,3087.000000
1148.000000,2282.000000,1219.000000,2523.000000
1279.000000,2721.000000,1579.000000,2934.000000
2346.000000,2869.000000,2259.000000,3015.000000
2185.000000,1496.000000,2283.000000,1674.000000
497.000000,1737.000000,675.000000,1922.000000
2938.000000,2987.000000,2835.000000,3095.000000
12.000000,1863.000000,10.000000,1976.000000
1721.000000,1473.000000,1687.000000,1708.000000
3612.000000,3300.000000,3564.000000,3502.000000
613.000000,2518.000000,418.000000,2627.000000
3021.000000,886.000000,3192.000000,1053.000000
617.000000,1144.000000,497.000000,1737.000000
1783.000000,695.000000,1875.000000,842.000000
1678.000000,244.000000,1496.000000,448.000000
3108.000000,333.000000,3463.000000,549.000000
2832.000000,1639.000000,2938.000000,1658.000000
1612.000000,526.000000,1755.000000,630.000000
2175.000000,1157.000000,2182.000000,1345.000000
3350.000000,1395.000000,3110.000000,1456.000000
284.000000,1755.000000,505.000000,1873.000000
1127.000000,1763.000000,1410.000000,1781.000000
2259.000000,3015.000000,2074.000000,3087.000000
347.000000,3621.000000,286.000000,3652.000000
2066.000000,1345.000000,1919.000000,1408.000000
739.000000,1017.000000,634.000000,1139.000000
3504.000000,1432.000000,3115.000000,1495.000000
184.000000,843.000000,297.000000,925.000000
2657.000000,806.000000,2542.000000,976.000000
889.000000,803.000000,739.000000,1017.000000
613.000000,2518.000000,687.000000,2861.000000
510.000000,3000.000000,567.000000,3131.000000
941.000000,2858.000000,814.000000,3233.000000
1235.000000,1314.000000,1403.000000,1349.000000
1117.000000,936.000000,1176.000000,980.000000
2066.000000,1345.000000,2182.000000,1345.000000
985.000000,557.000000,889.000000,803.000000
535.000000,370.000000,431.000000,411.000000
3221.000000,1714.000000,3087.000000,1838.000000
3110.000000,1456.000000,3115.000000,1495.000000
842.000000,3267.000000,698.000000,3310.000000
2768.000000,238.000000,2667.000000,475.000000
3627.000000,219.000000,3657.000000,2868.000000
739.000000,1017.000000,617.000000,1144.000000
2938.000000,1658.000000,2827.000000,1861.000000
330.000000,2451.000000,418.000000,2627.000000
3041.000000,2346.000000,2773.000000,2492.000000
449.000000,667.000000,184.000000,843.000000
2354.000000,1671.000000,2283.000000,1674.000000
2046.000000,1404.000000,2013.000000,1559.000000
3572.000000,1335.000000,3517.000000,2030.000000
2110.000000,89.000000,2163.000000,290.000000
168.000000,2585.000000,418.000000,2627.000000
2182.000000,1345.000000,2185.000000,1496.000000
864.000000,2773.000000,846.000000,2779.000000
1001.000000,2440.000000,1177.000000,2629.000000
2080.000000,858.000000,2227.000000,938.000000
2562.000000,581.000000,2657.000000,806.000000
1037.000000,2475.000000,1177.000000,2629.000000
1048.000000,1193.000000,1235.000000,1314.000000
496.000000,734.000000,437.000000,956.000000
228.000000,179.000000,411.000000,262.000000
2788.000000,2026.000000,2867.000000,2058.000000
1241.000000,2100.000000,1541.000000,2230.000000
558.000000,3173.000000,580.000000,3218.000000
889.000000,803.000000,855.000000,986.000000
494.000000,3118.000000,558.000000,3173.000000
684.000000,2908.000000,510.000000,3000.000000
1410.000000,219.000000,1496.000000,448.000000
1435.000000,804.000000,1514.000000,830.000000
505.000000,1873.000000,675.000000,1922.000000
749.000000,332.000000,535.000000,370.000000
3627.000000,219.000000,3605.000000,315.000000
2832.000000,1639.000000,2679.000000,1872.000000
1037.000000,2475.000000,1219.000000,2523.000000
989.000000,3165.000000,1185.000000,3215.000000
1541.000000,2230.000000,1438.000000,2386.000000
2669.000000,2141.000000,2665.000000,2292.000000
470.000000,3180.000000,580.000000,3218.000000
69.000000,537.000000,12.000000,1863.000000
716.000000,434.000000,985.000000,557.000000
757.000000,2971.000000,814.000000,3233.000000
3323.000000,892.000000,3134.000000,930.000000
2281.000000,2493.000000,2234.000000,2689.000000
1507.000000,129.000000,1678.000000,244.000000
3093.000000,1185.000000,2698.000000,1313.000000
3572.000000,1335.000000,3504.000000,1432.000000
1913.000000,2926.000000,1938.000000,3125.000000
767.000000,413.000000,716.000000,434.000000
739.000000,1017.000000,839.000000,1065.000000
541.000000,22.000000,485.000000,263.000000
3549.000000,3085.000000,3341.000000,3092.000000
1678.000000,244.000000,1788.000000,325.000000
916.000000,2199.000000,912.000000,2345.000000
3031.000000,232.000000,2768.000000,238.000000
3657.000000,2868.000000,3657.000000,3547.000000
3504.000000,1432.000000,3517.000000,2030.000000
3221.000000,1714.000000,3217.000000,1763.000000
1794.000000,3405.000000,1789.000000,3497.000000
510.000000,3000.000000,356.000000,3038.000000
5.000000,177.000000,228.000000,179.000000
3431.000000,2523.000000,3645.000000,2529.000000
323.000000,3226.000000,254.000000,3272.000000
2486.000000,480.000000,2562.000000,581.000000
1438.000000,2386.000000,1219.000000,2523.000000
1177.000000,2629.000000,1186.000000,2695.000000
1641.000000,681.000000,1783.000000,695.000000
3612.000000,3300.000000,3357.000000,3395.000000
720.000000,46.000000,749.000000,332.000000
937.000000,3212.000000,814.000000,3233.000000
2275.000000,710.000000,2301.000000,740.000000
284.000000,432.000000,156.000000,439.000000
700.000000,2033.000000,874.000000,2240.000000
2004.000000,2669.000000,2234.000000,2689.000000
1186.000000,2695.000000,909.000000,2779.000000
125.000000,493.000000,182.000000,967.000000
2301.000000,740.000000,2227.000000,938.000000
843.000000,2657.000000,864.000000,2773.000000
10.000000,1976.000000,263.000000,2108.000000
3087.000000,1838.000000,3279.000000,2164.000000
1900.000000,2178.000000,1788.000000,2295.000000
1394.000000,206.000000,1410.000000,219.000000
2283.000000,1674.000000,2288.000000,1853.000000
95.000000,2665.000000,210.000000,2810.000000
2301.000000,740.000000,2581.000000,756.000000
1496.000000,448.000000,1612.000000,526.000000
3491.000000,581.000000,3323.000000,892.000000
1466.000000,32.000000,1302.000000,99.000000
807.000000,3514.000000,347.000000,3621.000000
987.000000,1549.000000,1127.000000,1763.000000
1177.000000,2629.000000,1279.000000,2721.000000
2621.000000,2481.000000,2591.000000,2631.000000
2080.000000,2251.000000,2152.000000,2447.000000
5.000000,177.000000,12.000000,1863.000000
3516.000000,172.000000,3627.000000,219.000000
470.000000,3180.000000,254.000000,3272.000000
541.000000,22.000000,411.000000,262.000000
2798.000000,124.000000,2768.000000,238.000000
1875.000000,842.000000,1707.000000,959.000000
849.000000,2196.000000,874.000000,2240.000000
1000.000000,1915.000000,1105.000000,1990.000000
3128.000000,1243.000000,3572.000000,1335.000000
2259.000000,3015.000000,2269.000000,3081.000000
1726.000000,2344.000000,1859.000000,2378.000000
617.000000,1144.000000,812.000000,1180.000000
2827.000000,1861.000000,2788.000000,2026.000000
1847.000000,1040.000000,1754.000000,1170.000000
687.000000,2861.000000,684.000000,2908.000000
987.000000,1549.000000,675.000000,1922.000000
2152.000000,2447.000000,2064.000000,2481.000000
752.000000,2433.000000,613.000000,2518.000000
254.000000,3272.000000,347.000000,3621.000000
68.000000,1457.000000,284.000000,1755.000000
2592.000000,3006.000000,2835.000000,3095.000000
95.000000,2665.000000,179.000000,2927.000000
3418.000000,2485.000000,3157.000000,2488.000000
1435.000000,804.000000,1420.000000,812.000000
209.000000,1942.000000,295.000000,1997.000000
2835.000000,3095.000000,2826.000000,3404.000000
1141.000000,1919.000000,1241.000000,2100.000000
1755.000000,630.000000,1641.000000,681.000000
1788.000000,325.000000,1612.000000,526.000000
541.000000,22.000000,7.000000,68.000000
1371.000000,477.000000,1435.000000,804.000000
2227.000000,938.000000,2175.000000,1157.000000
613.000000,2518.000000,843.000000,2657.000000
2406.000000,2014.000000,2373.000000,2403.000000
1403.000000,1349.000000,1474.000000,1498.000000
3516.000000,172.000000,3471.000000,393.000000
1048.000000,1193.000000,1299.000000,1310.000000
1500.000000,123.000000,1415.000000,215.000000
1735.000000,3301.000000,1794.000000,3405.000000
1688.000000,3564.000000,1745.000000,3570.000000
691.000000,197.000000,485.000000,263.000000
558.000000,3173.000000,698.000000,3310.000000
780.000000,1834.000000,971.000000,1965.000000
1521.000000,1962.000000,1555.000000,2110.000000
2004.000000,2669.000000,1913.000000,2926.000000
356.000000,3038.000000,470.000000,3180.000000
1272.000000,2882.000000,1309.000000,3220.000000
3021.000000,886.000000,3093.000000,1185.000000
2559.000000,4.000000,3106.000000,185.000000
535.000000,370.000000,507.000000,492.000000
864.000000,2773.000000,909.000000,2779.000000
2358.000000,508.000000,2275.000000,710.000000
814.000000,3233.000000,698.000000,3310.000000
874.000000,2240.000000,466.000000,2348.000000
2227.000000,938.000000,2214.000000,1117.000000
2066.000000,1345.000000,2084.000000,1391.000000
2478.000000,1702.000000,2679.000000,1872.000000
3627.000000,219.000000,3645.000000,2529.000000
1299.000000,1310.000000,1235.000000,1314.000000
1466.000000,32.000000,720.000000,46.000000
902.000000,1679.000000,780.000000,1834.000000
138.000000,2346.000000,168.000000,2585.000000
1847.000000,1040.000000,1991.000000,1069.000000
2346.000000,2869.000000,2560.000000,2960.000000
1054.000000,1689.000000,1127.000000,1763.000000
1541.000000,2230.000000,1621.000000,2269.000000
2674.000000,3184.000000,2592.000000,3253.000000
3121.000000,616.000000,3021.000000,886.000000
510.000000,3000.000000,731.000000,3048.000000
3505.000000,3541.000000,3657.000000,3547.000000
2373.000000,2403.000000,2621.000000,2481.000000
5.000000,177.000000,69.000000,537.000000
442.000000,2025.000000,263.000000,2108.000000
3463.000000,549.000000,3121.000000,616.000000
839.000000,1065.000000,812.000000,1180.000000
321.000000,3065.000000,323.000000,3226.000000
1219.000000,2523.000000,1279.000000,2721.000000
2581.000000,756.000000,2227.000000,938.000000
356.000000,3038.000000,263.000000,3086.000000
1579.000000,2934.000000,1609.000000,3112.000000
2525.000000,424.000000,2667.000000,475.000000
739.000000,1017.000000,775.000000,1031.000000
937.000000,3212.000000,807.000000,3514.000000
1613.000000,1393.000000,1687.000000,1708.000000
141.000000,413.000000,156.000000,439.000000
1410.000000,1781.000000,1521.000000,1962.000000
1371.000000,1613.000000,1410.000000,1781.000000
856.000000,370.000000,767.000000,413.000000
856.000000,370.000000,1061.000000,579.000000
1105.000000,1990.000000,1241.000000,2100.000000
2080.000000,1243.000000,1919.000000,1408.000000
1687.000000,1708.000000,1879.000000,1779.000000
2867.000000,2058.000000,2939.000000,2248.000000
3279.000000,2164.000000,3041.000000,2346.000000
2938.000000,2987.000000,2830.000000,3082.000000
2818.000000,2623.000000,2993.000000,2740.000000
3184.000000,1205.000000,3572.000000,1335.000000
2826.000000,3404.000000,3068.000000,3446.000000
254.000000,3272.000000,247.000000,3481.000000
2074.000000,3087.000000,2214.000000,3239.000000
1438.000000,2386.000000,1904.000000,2526.000000
2466.000000,579.000000,2581.000000,756.000000
156.000000,439.000000,449.000000,667.000000
380.000000,1034.000000,418.000000,1314.000000
775.000000,1031.000000,839.000000,1065.000000
1012.000000,275.000000,1061.000000,579.000000
3000.000000,3617.000000,2274.000000,3651.000000
1168.000000,1388.000000,987.000000,1549.000000
2286.000000,2010.000000,1900.000000,2178.000000
1474.000000,1498.000000,1371.000000,1613.000000
2577.000000,1333.000000,2182.000000,1345.000000
138.000000,2346.000000,330.000000,2451.000000
2084.000000,1391.000000,2185.000000,1496.000000
2066.000000,1345.000000,2046.000000,1404.000000
3228.000000,3359.000000,3357.000000,3395.000000
2234.000000,2689.000000,2346.000000,2869.000000
3279.000000,2164.000000,3418.000000,2485.000000
1549.000000,3275.000000,1433.000000,3495.000000
1755.000000,630.000000,2018.000000,1024.000000
2286.000000,2010.000000,2406.000000,2014.000000
182.000000,967.000000,228.000000,983.000000
3549.000000,3085.000000,3228.000000,3359.000000
2066.000000,296.000000,2001.000000,359.000000
919.000000,1208.000000,848.000000,1223.000000
617.000000,1975.000000,466.000000,2348.000000
2013.000000,1559.000000,2091.000000,1700.000000
2835.000000,3095.000000,2674.000000,3184.000000
2818.000000,2623.000000,2531.000000,2733.000000
850.000000,1003.000000,775.000000,1031.000000
675.000000,1922.000000,617.000000,1975.000000
617.000000,1975.000000,874.000000,2240.000000
720.000000,46.000000,691.000000,197.000000
2476.000000,1957.000000,2788.000000,2026.000000
2560.000000,2960.000000,2592.000000,3253.000000
1235.000000,1314.000000,1231.000000,1496.000000
210.000000,2810.000000,687.000000,2861.000000
1299.000000,1310.000000,1403.000000,1349.000000
2916.000000,2850.000000,2938.000000,2987.000000
3249.000000,3536.000000,3136.000000,3605.000000
184.000000,843.000000,228.000000,983.000000
2665.000000,2292.000000,2773.000000,2492.000000
2080.000000,858.000000,2175.000000,1157.000000
1783.000000,695.000000,1650.000000,924.000000
2592.000000,3253.000000,2408.000000,3625.000000
1687.000000,1708.000000,1453.000000,1755.000000
411.000000,262.000000,485.000000,263.000000
219.000000,3275.000000,247.000000,3481.000000
937.000000,3212.000000,842.000000,3267.000000
812.000000,1180.000000,848.000000,1223.000000
179.000000,2927.000000,208.000000,3139.000000
2373.000000,2403.000000,2281.000000,2493.000000
3128.000000,1243.000000,3061.000000,1323.000000
1641.000000,681.000000,1435.000000,804.000000
1879.000000,1779.000000,1788.000000,2295.000000
1048.000000,1193.000000,1168.000000,1388.000000
3645.000000,2529.000000,3657.000000,2868.000000
2698.000000,1313.000000,2577.000000,1333.000000
3192.000000,1053.000000,3184.000000,1205.000000
2773.000000,2492.000000,2531.000000,2733.000000
3217.000000,1763.000000,3279.000000,2164.000000
1420.000000,812.000000,1117.000000,936.000000
2560.000000,112.000000,2798.000000,124.000000
1697.000000,373.000000,1496.000000,448.000000
2830.000000,3082.000000,2835.000000,3095.000000
3132.000000,2699.000000,3265.000000,2963.000000
1621.000000,2269.000000,1726.000000,2344.000000
691.000000,197.000000,535.000000,370.000000
418.000000,2627.000000,210.000000,2810.000000
1788.000000,325.000000,1697.000000,373.000000
1415.000000,215.000000,1410.000000,219.000000
3265.000000,2963.000000,3341.000000,3092.000000
926.000000,961.000000,839.000000,1065.000000
1913.000000,2926.000000,1609.000000,3112.000000
941.000000,2858.000000,757.000000,2971.000000
2182.000000,1345.000000,2499.000000,1544.000000
2380.000000,2999.000000,2592.000000,3253.000000
839.000000,1065.000000,919.000000,1208.000000
971.000000,1965.000000,916.000000,2199.000000
874.000000,2240.000000,752.000000,2433.000000
1001.000000,2440.000000,909.000000,2779.000000
2371.000000,252.000000,2163.000000,290.000000
2818.000000,2623.000000,2830.000000,3082.000000
2679.000000,1872.000000,2788.000000,2026.000000
2559.000000,4.000000,2798.000000,124.000000
2577.000000,1333.000000,2679.000000,1872.000000
1859.000000,2378.000000,2043.000000,2463.000000
2185.000000,1496.000000,2024.000000,1519.000000
1647.000000,11.000000,2110.000000,89.000000
941.000000,2858.000000,1189.000000,3062.000000
634.000000,1139.000000,812.000000,1180.000000
2665.000000,2292.000000,2870.000000,2395.000000
3627.000000,219.000000,3506.000000,272.000000
297.000000,925.000000,236.000000,991.000000
2406.000000,2014.000000,2152.000000,2447.000000
2560.000000,2960.000000,2380.000000,2999.000000
1521.000000,1962.000000,1562.000000,2231.000000
1189.000000,3062.000000,814.000000,3233.000000
1650.000000,924.000000,1299.000000,1310.000000
1054.000000,1689.000000,780.000000,1834.000000
3106.000000,185.000000,3031.000000,232.000000
2274.000000,3651.000000,1344.000000,3667.000000
971.000000,1965.000000,700.000000,2033.000000
716.000000,434.000000,540.000000,444.000000
2559.000000,4.000000,3031.000000,232.000000
2074.000000,3087.000000,1938.000000,3125.000000
1117.000000,936.000000,1299.000000,1310.000000
284.000000,1755.000000,442.000000,2025.000000
95.000000,2665.000000,219.000000,3275.000000
2542.000000,976.000000,2577.000000,1333.000000
2499.000000,1544.000000,2283.000000,1674.000000
1641.000000,681.000000,1514.000000,830.000000
780.000000,1834.000000,675.000000,1922.000000
1555.000000,2110.000000,1562.000000,2231.000000
2669.000000,2141.000000,2870.000000,2395.000000
1875.000000,842.000000,1896.000000,926.000000
2214.000000,1117.000000,2182.000000,1345.000000
2080.000000,1243.000000,1786.000000,1441.000000
1309.000000,3220.000000,1549.000000,3275.000000
2525.000000,424.000000,2486.000000,480.000000
1562.000000,2231.000000,1621.000000,2269.000000
1186.000000,2695.000000,1279.000000,2721.000000
2621.000000,2481.000000,2281.000000,2493.000000
3041.000000,2346.000000,3418.000000,2485.000000
1186.000000,2695.000000,1272.000000,2882.000000
2426.000000,1763.000000,2552.000000,1784.000000
2152.000000,2447.000000,2004.000000,2669.000000
1420.000000,812.000000,1514.000000,830.000000
2234.000000,2689.000000,2531.000000,2733.000000
2698.000000,1313.000000,2832.000000,1639.000000
184.000000,843.000000,236.000000,991.000000
1148.000000,2282.000000,1438.000000,2386.000000
1755.000000,630.000000,1783.000000,695.000000
2358.000000,508.000000,2466.000000,579.000000
3121.000000,616.000000,3323.000000,892.000000
95.000000,2665.000000,201.000000,2814.000000
846.000000,2779.000000,687.000000,2861.000000
505.000000,1873.000000,617.000000,1975.000000
1786.000000,1441.000000,2013.000000,1559.000000
2214.000000,1117.000000,2577.000000,1333.000000
1127.000000,1763.000000,1000.000000,1915.000000
2916.000000,2850.000000,2830.000000,3082.000000
3657.000000,2868.000000,3612.000000,3300.000000
236.000000,991.000000,418.000000,1314.000000
2525.000000,424.000000,2358.000000,508.000000
1521.000000,1962.000000,1541.000000,2230.000000
1521.000000,1962.000000,1788.000000,2295.000000
2560.000000,2960.000000,2835.000000,3095.000000
95.000000,2665.000000,247.000000,3481.000000
767.000000,413.000000,985.000000,557.000000
2657.000000,806.000000,3093.000000,1185.000000
2939.000000,2248.000000,2870.000000,2395.000000
874.000000,2240.000000,859.000000,2351.000000
1272.000000,2882.000000,1185.000000,3215.000000
916.000000,2199.000000,1037.000000,2475.000000
1235.000000,1314.000000,1168.000000,1388.000000
2269.000000,3081.000000,2214.000000,3239.000000
257.000000,3504.000000,347.000000,3621.000000
3093.000000,1185.000000,3184.000000,1205.000000
812.000000,1180.000000,919.000000,1208.000000
182.000000,967.000000,418.000000,1314.000000
295.000000,1997.000000,263.000000,2108.000000
2845.000000,527.000000,3121.000000,616.000000
558.000000,3173.000000,814.000000,3233.000000
2354.000000,1671.000000,2478.000000,1702.000000
1613.000000,1393.000000,1786.000000,1441.000000
1678.000000,244.000000,1697.000000,373.000000
3115.000000,1495.000000,2938.000000,1658.000000
2214.000000,3239.000000,1794.000000,3405.000000
2476.000000,1957.000000,2462.000000,2137.000000
3296.000000,2729.000000,3265.000000,2963.000000
1054.000000,1689.000000,974.000000,1820.000000
716.000000,434.000000,889.000000,803.000000
749.000000,332.000000,767.000000,413.000000
3041.000000,2346.000000,2818.000000,2623.000000
510.000000,3000.000000,494.000000,3118.000000
902.000000,1679.000000,1054.000000,1689.000000
1001.000000,2440.000000,1037.000000,2475.000000
68.000000,1457.000000,497.000000,1737.000000
1919.000000,1408.000000,1786.000000,1441.000000
2788.000000,2026.000000,2939.000000,2248.000000
2064.000000,2481.000000,2004.000000,2669.000000
3068.000000,3446.000000,3249.000000,3536.000000
747.000000,377.000000,716.000000,434.000000
2818.000000,2623.000000,2916.000000,2850.000000
256.000000,411.000000,156.000000,439.000000
95.000000,2665.000000,208.000000,3139.000000
2531.000000,2733.000000,2346.000000,2869.000000
10.000000,1976.000000,95.000000,2665.000000
3605.000000,315.000000,3491.000000,581.000000
1048.000000,1193.000000,919.000000,1208.000000
2373.000000,2403.000000,2152.000000,2447.000000
1786.000000,1441.000000,1879.000000,1779.000000
2091.000000,1700.000000,2286.000000,2010.000000
2380.000000,2999.000000,2214.000000,3239.000000
1061.000000,579.000000,1435.000000,804.000000
2591.000000,2631.000000,2531.000000,2733.000000
184.000000,843.000000,182.000000,967.000000
1127.000000,1763.000000,1241.000000,2100.000000
1189.000000,3062.000000,1185.000000,3215.000000
1219.000000,2523.000000,1177.000000,2629.000000
749.000000,332.000000,747.000000,377.000000
687.000000,2861.000000,356.000000,3038.000000
2275.000000,710.000000,2227.000000,938.000000
2993.000000,2740.000000,3265.000000,2963.000000
184.000000,843.000000,331.000000,903.000000
2152.000000,2447.000000,2281.000000,2493.000000
3070.000000,2201.000000,3041.000000,2346.000000
1938.000000,3125.000000,1735.000000,3301.000000
739.000000,1017.000000,812.000000,1180.000000
2286.000000,2010.000000,2080.000000,2251.000000
2004.000000,2669.000000,2074.000000,3087.000000
2845.000000,527.000000,2657.000000,806.000000
1609.000000,3112.000000,1735.000000,3301.000000
210.000000,2810.000000,201.000000,2814.000000
2818.000000,2623.000000,3132.000000,2699.000000
3418.000000,2485.000000,3431.000000,2523.000000
1904.000000,2526.000000,1786.000000,2710.000000
1786.000000,1441.000000,1687.000000,1708.000000
2747.000000,498.000000,2845.000000,527.000000
2346.000000,2869.000000,2380.000000,2999.000000
236.000000,991.000000,380.000000,1034.000000
3121.000000,616.000000,3134.000000,930.000000
1613.000000,1393.000000,1371.000000,1613.000000
228.000000,179.000000,256.000000,411.000000
3564.000000,3502.000000,3507.000000,3526.000000
1541.000000,2230.000000,1562.000000,2231.000000
1650.000000,924.000000,1467.000000,1094.000000
1077.000000,3447.000000,874.000000,3647.000000
541.000000,22.000000,1466.000000,32.000000
747.000000,377.000000,767.000000,413.000000
2275.000000,710.000000,2080.000000,858.000000
1453.000000,1755.000000,1521.000000,1962.000000
3323.000000,892.000000,3192.000000,1053.000000
1272.000000,2882.000000,1579.000000,2934.000000
1687.000000,1708.000000,1521.000000,1962.000000
3184.000000,1205.000000,3132.000000,1210.000000
3106.000000,185.000000,3085.000000,264.000000
256.000000,411.000000,141.000000,413.000000
68.000000,1457.000000,12.000000,1863.000000
2080.000000,858.000000,2018.000000,1024.000000
3121.000000,616.000000,2826.000000,764.000000
302.000000,3644.000000,286.000000,3652.000000
3612.000000,3300.000000,3228.000000,3359.000000
168.000000,2585.000000,210.000000,2810.000000
3645.000000,2529.000000,3646.000000,2763.000000
2476.000000,1957.000000,2286.000000,2010.000000
1012.000000,275.000000,1371.000000,477.000000
2667.000000,475.000000,2486.000000,480.000000
2577.000000,1333.000000,2478.000000,1702.000000
974.000000,1820.000000,1000.000000,1915.000000
767.000000,413.000000,1061.000000,579.000000
1896.000000,926.000000,2018.000000,1024.000000
3357.000000,3395.000000,3507.000000,3526.000000
2462.000000,2137.000000,2669.000000,2141.000000
1117.000000,936.000000,839.000000,1065.000000
1309.000000,3220.000000,1433.000000,3495.000000
411.000000,262.000000,327.000000,305.000000
470.000000,3180.000000,323.000000,3226.000000
684.000000,2908.000000,757.000000,2971.000000
156.000000,439.000000,125.000000,493.000000
985.000000,557.000000,1061.000000,579.000000
3627.000000,219.000000,3572.000000,1335.000000
2406.000000,2014.000000,2080.000000,2251.000000
2768.000000,238.000000,2795.000000,417.000000
1786.000000,1441.000000,1721.000000,1473.000000
1650.000000,924.000000,1754.000000,1170.000000
356.000000,3038.000000,323.000000,3226.000000
228.000000,983.000000,236.000000,991.000000
3093.000000,1185.000000,3132.000000,1210.000000
987.000000,1549.000000,1054.000000,1689.000000
418.000000,2627.000000,687.000000,2861.000000
731.000000,3048.000000,558.000000,3173.000000
228.000000,179.000000,327.000000,305.000000
2621.000000,2481.000000,2531.000000,2733.000000
2795.000000,417.000000,2747.000000,498.000000
2214.000000,1117.000000,2175.000000,1157.000000
3157.000000,2488.000000,3132.000000,2699.000000
449.000000,667.000000,331.000000,903.000000
284.000000,1755.000000,12.000000,1863.000000
1549.000000,3275.000000,1688.000000,3564.000000
3471.000000,393.000000,3463.000000,549.000000
3431.000000,2523.000000,3646.000000,2763.000000
3572.000000,1335.000000,3645.000000,2529.000000
2084.000000,1391.000000,2046.000000,1404.000000
1913.000000,2926.000000,2074.000000,3087.000000
2826.000000,3404.000000,2408.000000,3625.000000
989.000000,3165.000000,937.000000,3212.000000
2046.000000,1404.000000,2024.000000,1519.000000
3184.000000,254.000000,3108.000000,333.000000
752.000000,2433.000000,843.000000,2657.000000
1783.000000,695.000000,1707.000000,959.000000
442.000000,2025.000000,466.000000,2348.000000
3612.000000,3300.000000,3507.000000,3526.000000
411.000000,262.000000,535.000000,370.000000
2531.000000,2733.000000,2560.000000,2960.000000
2152.000000,2447.000000,2234.000000,2689.000000
1438.000000,2386.000000,1734.000000,2687.000000
1707.000000,959.000000,1754.000000,1170.000000
987.000000,1549.000000,497.000000,1737.000000
1783.000000,695.000000,1514.000000,830.000000
449.000000,667.000000,496.000000,734.000000
427.000000,2124.000000,410.000000,2495.000000
3192.000000,1053.000000,3093.000000,1185.000000
347.000000,3621.000000,302.000000,3644.000000
1549.000000,3275.000000,1735.000000,3301.000000
1299.000000,1310.000000,1613.000000,1393.000000
1241.000000,2100.000000,1148.000000,2282.000000
842.000000,3267.000000,807.000000,3514.000000
2773.000000,2492.000000,2591.000000,2631.000000
2559.000000,4.000000,2110.000000,89.000000
3265.000000,2963.000000,3228.000000,3359.000000
1904.000000,2526.000000,2004.000000,2669.000000
2493.000000,2416.000000,2621.000000,2481.000000
2788.000000,2026.000000,2669.000000,2141.000000
2827.000000,1861.000000,3070.000000,2201.000000
380.000000,1034.000000,617.000000,1144.000000
3217.000000,1763.000000,3087.000000,1838.000000
1127.000000,1763.000000,1141.000000,1919.000000
3249.000000,3536.000000,3505.000000,3541.000000
3134.000000,930.000000,3192.000000,1053.000000
3061.000000,1323.000000,2832.000000,1639.000000
485.000000,263.000000,535.000000,370.000000
293.000000,494.000000,449.000000,667.000000
2773.000000,2492.000000,2818.000000,2623.000000
2466.000000,579.000000,2275.000000,710.000000
2373.000000,2403.000000,2493.000000,2416.000000
1734.000000,2687.000000,1786.000000,2710.000000
331.000000,903.000000,297.000000,925.000000
540.000000,444.000000,507.000000,492.000000
254.000000,3272.000000,219.000000,3275.000000
1745.000000,3570.000000,2274.000000,3651.000000
505.000000,1873.000000,442.000000,2025.000000
814.000000,3233.000000,842.000000,3267.000000
3041.000000,2346.000000,3157.000000,2488.000000
297.000000,925.000000,380.000000,1034.000000
580.000000,3218.000000,698.000000,3310.000000
739.000000,1017.000000,380.000000,1034.000000
1900.000000,2178.000000,2080.000000,2251.000000
3061.000000,1323.000000,3110.000000,1456.000000
431.000000,411.000000,293.000000,494.000000
752.000000,2433.000000,909.000000,2779.000000
850.000000,1003.000000,739.000000,1017.000000
1555.000000,2110.000000,1621.000000,2269.000000
1875.000000,842.000000,2018.000000,1024.000000
1272.000000,2882.000000,1549.000000,3275.000000
2234.000000,2689.000000,2074.000000,3087.000000
2499.000000,1544.000000,2354.000000,1671.000000
3021.000000,886.000000,3134.000000,930.000000
1697.000000,373.000000,1612.000000,526.000000
3506.000000,272.000000,3471.000000,393.000000
2214.000000,3239.000000,1745.000000,3570.000000
1913.000000,2926.000000,1579.000000,2934.000000
2110.000000,89.000000,2066.000000,296.000000
2827.000000,1861.000000,2939.000000,2248.000000
1919.000000,1408.000000,2013.000000,1559.000000
263.000000,3086.000000,208.000000,3139.000000
2518.000000,144.000000,2236.000000,236.000000
302.000000,3644.000000,874.000000,3647.000000
2674.000000,3184.000000,2408.000000,3625.000000
2559.000000,4.000000,2518.000000,144.000000
974.000000,1820.000000,780.000000,1834.000000
284.000000,1755.000000,209.000000,1942.000000
1500.000000,123.000000,1507.000000,129.000000
720.000000,46.000000,1012.000000,275.000000
3572.000000,1335.000000,3350.000000,1395.000000
2380.000000,2999.000000,2259.000000,3015.000000
321.000000,3065.000000,254.000000,3272.000000
1371.000000,1613.000000,1453.000000,1755.000000
3564.000000,3502.000000,3657.000000,3547.000000
5.000000,177.000000,256.000000,411.000000
2577.000000,1333.000000,2832.000000,1639.000000
3041.000000,2346.000000,2870.000000,2395.000000
3517.000000,2030.000000,3506.000000,2477.000000
2592.000000,3006.000000,2592.000000,3253.000000
356.000000,3038.000000,494.000000,3118.000000
1000.000000,1915.000000,971.000000,1965.000000
3605.000000,315.000000,3572.000000,1335.000000
418.000000,1314.000000,497.000000,1737.000000
2499.000000,1544.000000,2478.000000,1702.000000
2795.000000,417.000000,2845.000000,527.000000
916.000000,2199.000000,1056.000000,2254.000000
919.000000,1208.000000,1168.000000,1388.000000
3217.000000,1763.000000,3517.000000,2030.000000
1859.000000,2378.000000,1904.000000,2526.000000
1621.000000,2269.000000,1904.000000,2526.000000
971.000000,1965.000000,849.000000,2196.000000
2667.000000,475.000000,2747.000000,498.000000
1688.000000,3564.000000,1344.000000,3667.000000
3184.000000,1205.000000,3128.000000,1243.000000
1420.000000,812.000000,1650.000000,924.000000
2466.000000,579.000000,2562.000000,581.000000
2371.000000,252.000000,2525.000000,424.000000
987.000000,1549.000000,902.000000,1679.000000
3132.000000,2699.000000,3296.000000,2729.000000
1279.000000,2721.000000,1272.000000,2882.000000
411.000000,262.000000,431.000000,411.000000
1549.000000,3275.000000,1794.000000,3405.000000
3279.000000,2164.000000,3070.000000,2201.000000
3115.000000,1495.000000,2832.000000,1639.000000
1789.000000,3497.000000,1745.000000,3570.000000
2380.000000,2999.000000,2269.000000,3081.000000
168.000000,2585.000000,95.000000,2665.000000
3228.000000,3359.000000,3068.000000,3446.000000
201.000000,2814.000000,179.000000,2927.000000
3115.000000,1495.000000,3221.000000,1714.000000
228.000000,179.000000,261.000000,338.000000
1991.000000,1069.000000,1754.000000,1170.000000
902.000000,1679.000000,675.000000,1922.000000
1012.000000,275.000000,1496.000000,448.000000
2657.000000,806.000000,2577.000000,1333.000000
1077.000000,3447.000000,1433.000000,3495.000000
156.000000,439.000000,293.000000,494.000000
1647.000000,11.000000,541.000000,22.000000
749.000000,332.000000,716.000000,434.000000
1786.000000,1441.000000,2091.000000,1700.000000
257.000000,3504.000000,286.000000,3652.000000
210.000000,2810.000000,356.000000,3038.000000
909.000000,2779.000000,941.000000,2858.000000
1141.000000,1919.000000,1105.000000,1990.000000
780.000000,1834.000000,700.000000,2033.000000
179.000000,2927.000000,356.000000,3038.000000
3265.000000,2963.000000,2835.000000,3095.000000
3228.000000,3359.000000,3249.000000,3536.000000
1371.000000,1613.000000,1687.000000,1708.000000
247.000000,3481.000000,257.000000,3504.000000
3516.000000,172.000000,3106.000000,185.000000
912.000000,2345.000000,1001.000000,2440.000000
1650.000000,924.000000,1707.000000,959.000000
700.000000,2033.000000,849.000000,2196.000000
1896.000000,926.000000,1847.000000,1040.000000
731.000000,3048.000000,814.000000,3233.000000
2084.000000,1391.000000,2024.000000,1519.000000
1302.000000,99.000000,1496.000000,448.000000
2826.000000,764.000000,2657.000000,806.000000
580.000000,3218.000000,254.000000,3272.000000
1466.000000,32.000000,1394.000000,206.000000
1231.000000,1496.000000,987.000000,1549.000000
3108.000000,333.000000,3121.000000,616.000000
2018.000000,1024.000000,2175.000000,1157.000000
3506.000000,2477.000000,3645.000000,2529.000000
698.000000,3310.000000,807.000000,3514.000000
3068.000000,3446.000000,3136.000000,3605.000000
3517.000000,2030.000000,3279.000000,2164.000000
634.000000,1139.000000,617.000000,1144.000000
3157.000000,2488.000000,3296.000000,2729.000000
3061.000000,1323.000000,3115.000000,1495.000000
1466.000000,32.000000,1507.000000,129.000000
3265.000000,2963.000000,2938.000000,2987.000000
2552.000000,1784.000000,2679.000000,1872.000000
843.000000,2657.000000,687.000000,2861.000000
1077.000000,3447.000000,1344.000000,3667.000000
1678.000000,244.000000,2001.000000,359.000000
1541.000000,2230.000000,1904.000000,2526.000000
3265.000000,2963.000000,2826.000000,3404.000000
1105.000000,1990.000000,1056.000000,2254.000000
2698.000000,1313.000000,3061.000000,1323.000000
1609.000000,3112.000000,1549.000000,3275.000000
1435.000000,804.000000,1117.000000,936.000000
864.000000,2773.000000,757.000000,2971.000000
2665.000000,2292.000000,2621.000000,2481.000000
848.000000,1223.000000,987.000000,1549.000000
3506.000000,2477.000000,3418.000000,2485.000000
1913.000000,2926.000000,1735.000000,3301.000000
1726.000000,2344.000000,1904.000000,2526.000000
974.000000,1820.000000,971.000000,1965.000000
3128.000000,1243.000000,3110.000000,1456.000000
1433.000000,3495.000000,1344.000000,3667.000000
2024.000000,1519.000000,2091.000000,1700.000000
3516.000000,172.000000,3184.000000,254.000000
720.000000,46.000000,1302.000000,99.000000
1185.000000,3215.000000,1077.000000,3447.000000
855.000000,986.000000,850.000000,1003.000000
2269.000000,3081.000000,2074.000000,3087.000000
1991.000000,1069.000000,2175.000000,1157.000000
912.000000,2345.000000,1037.000000,2475.000000
843.000000,2657.000000,846.000000,2779.000000
1037.000000,1185.000000,919.000000,1208.000000
449.000000,667.000000,889.000000,803.000000
247.000000,3481.000000,286.000000,3652.000000
2227.000000,938.000000,2577.000000,1333.000000
297.000000,925.000000,437.000000,956.000000
2657.000000,806.000000,3021.000000,886.000000
2182.000000,1345.000000,2084.000000,1391.000000
247.000000,3481.000000,347.000000,3621.000000
1056.000000,2254.000000,1037.000000,2475.000000
10.000000,1976.000000,330.000000,2451.000000
125.000000,493.000000,69.000000,537.000000
10.000000,1976.000000,138.000000,2346.000000
2669.000000,2141.000000,2939.000000,2248.000000
580.000000,3218.000000,347.000000,3621.000000
2214.000000,3239.000000,2592.000000,3253.000000
2845.000000,527.000000,2562.000000,581.000000
3646.000000,2763.000000,3657.000000,2868.000000
2163.000000,290.000000,2066.000000,296.000000
321.000000,3065.000000,263.000000,3086.000000
1012.000000,275.000000,749.000000,332.000000
752.000000,2433.000000,1001.000000,2440.000000
1117.000000,936.000000,1037.000000,1185.000000
3184.000000,254.000000,3471.000000,393.000000
1647.000000,11.000000,1678.000000,244.000000
5.000000,177.000000,141.000000,413.000000
1189.000000,3062.000000,989.000000,3165.000000
2478.000000,1702.000000,2426.000000,1763.000000
3108.000000,333.000000,2845.000000,527.000000
3504.000000,1432.000000,3110.000000,1456.000000
1394.000000,206.000000,1496.000000,448.000000
2185.000000,1496.000000,2091.000000,1700.000000
1302.000000,99.000000,1012.000000,275.000000
1466.000000,32.000000,1500.000000,123.000000
2993.000000,2740.000000,2938.000000,2987.000000
295.000000,1997.000000,442.000000,2025.000000
3517.000000,2030.000000,3418.000000,2485.000000
1415.000000,215.000000,1678.000000,244.000000
3108.000000,333.000000,2795.000000,417.000000
3507.000000,3526.000000,3505.000000,3541.000000
1514.000000,830.000000,1650.000000,924.000000
919.000000,1208.000000,987.000000,1549.000000
541.000000,22.000000,720.000000,46.000000
1786.000000,2710.000000,1579.000000,2934.000000
1127.000000,1763.000000,974.000000,1820.000000
2621.000000,2481.000000,2773.000000,2492.000000
2832.000000,1639.000000,2827.000000,1861.000000
617.000000,1975.000000,700.000000,2033.000000
843.000000,2657.000000,909.000000,2779.000000
3463.000000,549.000000,3491.000000,581.000000
2110.000000,89.000000,2518.000000,144.000000
3463.000000,549.000000,3323.000000,892.000000
210.000000,2810.000000,179.000000,2927.000000
2560.000000,112.000000,2518.000000,144.000000
540.000000,444.000000,449.000000,667.000000
617.000000,1144.000000,418.000000,1314.000000
1117.000000,936.000000,926.000000,961.000000
1012.000000,275.000000,767.000000,413.000000
2518.000000,144.000000,2768.000000,238.000000
2283.000000,1674.000000,2091.000000,1700.000000
1896.000000,926.000000,1991.000000,1069.000000
574.000000,773.000000,380.000000,1034.000000
2826.000000,764.000000,3021.000000,886.000000
2795.000000,417.000000,2667.000000,475.000000
3136.000000,3605.000000,3000.000000,3617.000000
1185.000000,3215.000000,1433.000000,3495.000000
2185.000000,1496.000000,2499.000000,1544.000000
687.000000,2861.000000,757.000000,2971.000000
261.000000,338.000000,256.000000,411.000000
2845.000000,527.000000,2826.000000,764.000000
3031.000000,232.000000,3108.000000,333.000000
889.000000,803.000000,1117.000000,936.000000
3549.000000,3085.000000,3612.000000,3300.000000
3657.000000,2868.000000,3341.000000,3092.000000
912.000000,2345.000000,859.000000,2351.000000
2939.000000,2248.000000,3041.000000,2346.000000
3031.000000,232.000000,3085.000000,264.000000
431.000000,411.000000,284.000000,432.000000
1168.000000,1388.000000,1231.000000,1496.000000
807.000000,3514.000000,874.000000,3647.000000
3572.000000,1335.000000,3110.000000,1456.000000
3357.000000,3395.000000,3249.000000,3536.000000
691.000000,197.000000,749.000000,332.000000
2080.000000,1243.000000,2182.000000,1345.000000
442.000000,2025.000000,427.000000,2124.000000
3070.000000,2201.000000,2939.000000,2248.000000
2486.000000,480.000000,2466.000000,579.000000
2518.000000,144.000000,2525.000000,424.000000
2004.000000,2669.000000,1786.000000,2710.000000
3087.000000,1838.000000,2827.000000,1861.000000
7.000000,68.000000,5.000000,177.000000
989.000000,3165.000000,814.000000,3233.000000
684.000000,2908.000000,731.000000,3048.000000
2024.000000,1519.000000,2013.000000,1559.000000
1403.000000,1349.000000,1613.000000,1393.000000
2768.000000,238.000000,3108.000000,333.000000
330.000000,2451.000000,168.000000,2585.000000
1541.000000,2230.000000,1148.000000,2282.000000
2938.000000,1658.000000,3087.000000,1838.000000
286.000000,3652.000000,1344.000000,3667.000000
2559.000000,4.000000,1647.000000,11.000000
208.000000,3139.000000,254.000000,3272.000000
2001.000000,359.000000,2018.000000,1024.000000
889.000000,803.000000,926.000000,961.000000
617.000000,1144.000000,848.000000,1223.000000
69.000000,537.000000,182.000000,967.000000
410.000000,2495.000000,613.000000,2518.000000
1612.000000,526.000000,1641.000000,681.000000
2288.000000,1853.000000,2476.000000,1957.000000
2476.000000,1957.000000,2406.000000,2014.000000
1734.000000,2687.000000,1579.000000,2934.000000
2798.000000,124.000000,3031.000000,232.000000
567.000000,3131.000000,558.000000,3173.000000
2175.000000,1157.000000,2080.000000,1243.000000
574.000000,773.000000,437.000000,956.000000
1127.000000,1763.000000,1521.000000,1962.000000
716.000000,434.000000,449.000000,667.000000
1754.000000,1170.000000,1786.000000,1441.000000
2288.000000,1853.000000,2286.000000,2010.000000
1420.000000,812.000000,1467.000000,1094.000000
2046.000000,1404.000000,1919.000000,1408.000000
2827.000000,1861.000000,2867.000000,2058.000000
7.000000,68.000000,411.000000,262.000000
