POINTS
2255.000000,7.000000
455.000000,44.000000
1148.000000,48.000000
1847.000000,60.000000
2005.000000,61.000000
666.000000,102.000000
2093.000000,102.000000
2887.000000,105.000000
577.000000,110.000000
1393.000000,119.000000
116.000000,127.000000
2088.000000,129.000000
1311.000000,132.000000
289.000000,135.000000
2267.000000,161.000000
2362.000000,179.000000
2585.000000,181.000000
3202.000000,188.000000
1902.000000,205.000000
1440.000000,234.000000
1824.000000,239.000000
2888.000000,244.000000
194.000000,252.000000
2705.000000,255.000000
455.000000,256.000000
324.000000,259.000000
3393.000000,262.000000
1614.000000,272.000000
2498.000000,276.000000
3530.000000,288.000000
1726.000000,290.000000
979.000000,299.000000
1304.000000,339.000000
717.000000,356.000000
322.000000,360.000000
651.000000,361.000000
3513.000000,364.000000
2549.000000,369.000000
985.000000,396.000000
1493.000000,400.000000
1872.000000,413.000000
2970.000000,438.000000
147.000000,441.000000
2939.000000,442.000000
1961.000000,445.000000
2164.000000,448.000000
3721.000000,452.000000
2132.000000,462.000000
3312.000000,491.000000
1820.000000,515.000000
210.000000,517.000000
463.000000,529.000000
1038.000000,531.000000
540.000000,536.000000
3197.000000,543.000000
469.000000,583.000000
1675.000000,590.000000
3179.000000,590.000000
370.000000,601.000000
1137.000000,610.000000
3597.000000,616.000000
2814.000000,622.000000
1966.000000,626.000000
1737.000000,647.000000
3591.000000,655.000000
3012.000000,669.000000
1888.000000,677.000000
1800.000000,698.000000
1823.000000,701.000000
2048.000000,704.000000
2648.000000,709.000000
1342.000000,726.000000
3691.000000,735.000000
3412.000000,738.000000
58.000000,769.000000
2640.000000,770.000000
598.000000,772.000000
3612.000000,779.000000
875.000000,787.000000
2213.000000,816.000000
1447.000000,818.000000
2377.000000,825.000000
2418.000000,830.000000
3645.000000,843.000000
664.000000,855.000000
826.000000,872.000000
1975.000000,897.000000
847.000000,898.000000
2140.000000,907.000000
3683.000000,912.000000
3530.000000,916.000000
486.000000,927.000000
2948.000000,933.000000
1393.000000,937.000000
2784.000000,941.000000
1099.000000,947.000000
2697.000000,948.000000
1175.000000,950.000000
733.000000,962.000000
2076.000000,987.000000
137.000000,1006.000000
625.000000,1017.000000
3614.000000,1029.000000
1382.000000,1036.000000
188.000000,1043.000000
2440.000000,1044.000000
186.000000,1046.000000
1606.000000,1048.000000
1982.000000,1066.000000
2759.000000,1068.000000
3544.000000,1072.000000
1881.000000,1080.000000
1661.000000,1108.000000
2718.000000,1119.000000
2701.000000,1129.000000
2881.000000,1156.000000
2562.000000,1157.000000
1100.000000,1175.000000
3072.000000,1175.000000
3157.000000,1189.000000
3064.000000,1203.000000
1121.000000,1207.000000
1822.000000,1219.000000
647.000000,1228.000000
1806.000000,1241.000000
2355.000000,1252.000000
2307.000000,1261.000000
2222.000000,1276.000000
1273.000000,1282.000000
2748.000000,1295.000000
2450.000000,1306.000000
2554.000000,1311.000000
2867.000000,1321.000000
1800.000000,1324.000000
2168.000000,1325.000000
736.000000,1328.000000
1624.000000,1336.000000
225.000000,1343.000000
669.000000,1344.000000
55.000000,1351.000000
1573.000000,1366.000000
2529.000000,1374.000000
2529.000000,1393.000000
1245.000000,1408.000000
2137.000000,1413.000000
1093.000000,1419.000000
3370.000000,1426.000000
678.000000,1442.000000
1562.000000,1455.000000
574.000000,1460.000000
1410.000000,1469.000000
998.000000,1480.000000
1540.000000,1483.000000
1871.000000,1492.000000
1912.000000,1508.000000
2352.000000,1509.000000
3326.000000,1511.000000
850.000000,1519.000000
1667.000000,1527.000000
1392.000000,1533.000000
363.000000,1538.000000
3147.000000,1541.000000
2440.000000,1553.000000
2601.000000,1566.000000
2341.000000,1578.000000
2785.000000,1592.000000
2524.000000,1601.000000
2048.000000,1609.000000
1294.000000,1611.000000
2310.000000,1621.000000
69.000000,1632.000000
1962.000000,1644.000000
393.000000,1653.000000
260.000000,1658.000000
1849.000000,1671.000000
3575.000000,1714.000000
3071.000000,1737.000000
910.000000,1741.000000
593.000000,1747.000000
2354.000000,1753.000000
2862.000000,1789.000000
2142.000000,1801.000000
3610.000000,1803.000000
3254.000000,1810.000000
1677.000000,1834.000000
142.000000,1837.000000
2711.000000,1845.000000
2797.000000,1846.000000
2189.000000,1859.000000
444.000000,1861.000000
153.000000,1864.000000
2479.000000,1869.000000
2644.000000,1869.000000
127.000000,1906.000000
3037.000000,1919.000000
3643.000000,1924.000000
2676.000000,1934.000000
3160.000000,1937.000000
1428.000000,1945.000000
470.000000,1947.000000
1763.000000,1950.000000
1275.000000,1959.000000
1210.000000,1995.000000
909.000000,2028.000000
2580.000000,2038.000000
2062.000000,2045.000000
1286.000000,2052.000000
1786.000000,2063.000000
404.000000,2075.000000
3201.000000,2078.000000
2081.000000,2121.000000
701.000000,2127.000000
1536.000000,2132.000000
2502.000000,2134.000000
331.000000,2143.000000
183.000000,2145.000000
384.000000,2149.000000
188.000000,2150.000000
172.000000,2156.000000
1875.000000,2172.000000
1414.000000,2173.000000
1537.000000,2187.000000
2450.000000,2205.000000
1791.000000,2220.000000
1675.000000,2224.000000
3030.000000,2237.000000
3069.000000,2237.000000
2917.000000,2244.000000
833.000000,2250.000000
3392.000000,2251.000000
2622.000000,2256.000000
3188.000000,2262.000000
2807.000000,2300.000000
3297.000000,2300.000000
462.000000,2304.000000
186.000000,2339.000000
3568.000000,2340.000000
3076.000000,2342.000000
3486.000000,2345.000000
1798.000000,2364.000000
2657.000000,2398.000000
2620.000000,2408.000000
2635.000000,2424.000000
1842.000000,2428.000000
1360.000000,2432.000000
693.000000,2433.000000
2438.000000,2455.000000
181.000000,2456.000000
3240.000000,2461.000000
3518.000000,2470.000000
648.000000,2483.000000
3564.000000,2484.000000
766.000000,2522.000000
1895.000000,2531.000000
725.000000,2541.000000
3165.000000,2541.000000
2870.000000,2546.000000
3107.000000,2557.000000
1113.000000,2605.000000
3214.000000,2610.000000
2682.000000,2618.000000
1708.000000,2619.000000
2926.000000,2655.000000
3077.000000,2656.000000
2059.000000,2704.000000
3361.000000,2718.000000
1279.000000,2719.000000
513.000000,2731.000000
3314.000000,2734.000000
3184.000000,2745.000000
1524.000000,2748.000000
996.000000,2785.000000
2892.000000,2787.000000
3264.000000,2787.000000
1722.000000,2791.000000
2704.000000,2804.000000
3159.000000,2827.000000
502.000000,2841.000000
1061.000000,2845.000000
255.000000,2854.000000
609.000000,2867.000000
296.000000,2869.000000
1546.000000,2874.000000
173.000000,2879.000000
2777.000000,2885.000000
2983.000000,2888.000000
1687.000000,2896.000000
2538.000000,2908.000000
2002.000000,2913.000000
353.000000,2914.000000
170.000000,2927.000000
3160.000000,2930.000000
913.000000,2938.000000
1180.000000,2965.000000
1874.000000,2967.000000
16.000000,2974.000000
3600.000000,2993.000000
2770.000000,3011.000000
2737.000000,3013.000000
3384.000000,3016.000000
1016.000000,3033.000000
516.000000,3037.000000
2098.000000,3040.000000
2192.000000,3052.000000
671.000000,3065.000000
1352.000000,3065.000000
1769.000000,3099.000000
1377.000000,3104.000000
79.000000,3119.000000
522.000000,3124.000000
2501.000000,3140.000000
3067.000000,3172.000000
2611.000000,3184.000000
1319.000000,3189.000000
1891.000000,3194.000000
2283.000000,3195.000000
1553.000000,3228.000000
2317.000000,3228.000000
148.000000,3234.000000
3128.000000,3239.000000
1440.000000,3248.000000
25.000000,3249.000000
988.000000,3258.000000
521.000000,3278.000000
3127.000000,3297.000000
740.000000,3303.000000
989.000000,3318.000000
2045.000000,3318.000000
3435.000000,3321.000000
910.000000,3352.000000
2011.000000,3357.000000
1001.000000,3362.000000
2339.000000,3363.000000
476.000000,3398.000000
2489.000000,3407.000000
3232.000000,3410.000000
2122.000000,3414.000000
916.000000,3415.000000
2224.000000,3446.000000
631.000000,3456.000000
603.000000,3475.000000
831.000000,3477.000000
2584.000000,3491.000000
3000.000000,3500.000000
2301.000000,3504.000000
2337.000000,3508.000000
75.000000,3516.000000
3440.000000,3537.000000
2992.000000,3540.000000
2872.000000,3553.000000
3105.000000,3561.000000
2510.000000,3567.000000
3361.000000,3567.000000
3112.000000,3573.000000
2677.000000,3602.000000
1804.000000,3613.000000
18.000000,3627.000000
447.000000,3632.000000
1780.000000,3635.000000
2757.000000,3638.000000
953.000000,3643.000000
1812.000000,3649.000000
335.000000,3668.000000
624.000000,3676.000000
2364.000000,3676.000000
14.000000,3678.000000
505.000000,3680.000000
1261.000000,3686.000000
3274.000000,3688.000000
2184.000000,3702.000000
1579.000000,3703.000000
2798.000000,3720.000000
2829.000000,3728.000000
LINES
1100.000000,1175.000000,736.000000,1328.000000
3486.000000,2345.000000,3240.000000,2461.000000
1812.000000,3649.000000,2184.000000,3702.000000
3370.000000,1426.000000,3326.000000,1511.000000
1493.000000,400.000000,1820.000000,515.000000
2611.000000,3184.000000,2584.000000,3491.000000
58.000000,769.000000,137.000000,1006.000000
598.000000,772.000000,625.000000,1017.000000
1273.000000,1282.000000,1410.000000,1469.000000
3112.000000,3573.000000,3274.000000,3688.000000
2355.000000,1252.000000,2222.000000,1276.000000
3030.000000,2237.000000,2917.000000,2244.000000
1812.000000,3649.000000,1579.000000,3703.000000
833.000000,2250.000000,462.000000,2304.000000
647.000000,1228.000000,736.000000,1328.000000
2002.000000,2913.000000,2098.000000,3040.000000
173.000000,2879.000000,16.000000,2974.000000
1286.000000,2052.000000,1414.000000,2173.000000
2142.000000,1801.000000,2189.000000,1859.000000
833.000000,2250.000000,648.000000,2483.000000
625.000000,1017.000000,647.000000,1228.000000
2554.000000,1311.000000,2529.000000,1393.000000
2867.000000,1321.000000,3071.000000,1737.000000
1180.000000,2965.000000,1352.000000,3065.000000
1540.000000,1483.000000,1667.000000,1527.000000
2711.000000,1845.000000,2644.000000,1869.000000
2777.000000,2885.000000,2983.000000,2888.000000
2224.000000,3446.000000,2301.000000,3504.000000
913.000000,2938.000000,988.000000,3258.000000
1319.000000,3189.000000,988.000000,3258.000000
1579.000000,3703.000000,2829.000000,3728.000000
69.000000,1632.000000,172.000000,2156.000000
1982.000000,1066.000000,2222.000000,1276.000000
1536.000000,2132.000000,1675.000000,2224.000000
3037.000000,1919.000000,3160.000000,1937.000000
1038.000000,531.000000,875.000000,787.000000
2317.000000,3228.000000,2489.000000,3407.000000
2122.000000,3414.000000,1812.000000,3649.000000
3393.000000,262.000000,2970.000000,438.000000
1871.000000,1492.000000,1667.000000,1527.000000
1667.000000,1527.000000,1392.000000,1533.000000
1823.000000,701.000000,1881.000000,1080.000000
476.000000,3398.000000,75.000000,3516.000000
3157.000000,1189.000000,2867.000000,1321.000000
1100.000000,1175.000000,1273.000000,1282.000000
2770.000000,3011.000000,2611.000000,3184.000000
3683.000000,912.000000,3575.000000,1714.000000
3614.000000,1029.000000,3370.000000,1426.000000
335.000000,3668.000000,14.000000,3678.000000
1791.000000,2220.000000,1842.000000,2428.000000
2184.000000,3702.000000,2829.000000,3728.000000
3564.000000,2484.000000,3600.000000,2993.000000
1440.000000,3248.000000,1261.000000,3686.000000
353.000000,2914.000000,170.000000,2927.000000
648.000000,2483.000000,255.000000,2854.000000
996.000000,2785.000000,1061.000000,2845.000000
2213.000000,816.000000,2140.000000,907.000000
137.000000,1006.000000,188.000000,1043.000000
909.000000,2028.000000,833.000000,2250.000000
2122.000000,3414.000000,2301.000000,3504.000000
847.000000,898.000000,733.000000,962.000000
3201.000000,2078.000000,3392.000000,2251.000000
1763.000000,1950.000000,1286.000000,2052.000000
142.000000,1837.000000,153.000000,1864.000000
2098.000000,3040.000000,2045.000000,3318.000000
3721.000000,452.000000,3600.000000,2993.000000
717.000000,356.000000,985.000000,396.000000
2048.000000,1609.000000,2142.000000,1801.000000
2697.000000,948.000000,2562.000000,1157.000000
2440.000000,1044.000000,2355.000000,1252.000000
1804.000000,3613.000000,1579.000000,3703.000000
875.000000,787.000000,664.000000,855.000000
1667.000000,1527.000000,1210.000000,1995.000000
631.000000,3456.000000,603.000000,3475.000000
831.000000,3477.000000,953.000000,3643.000000
470.000000,1947.000000,701.000000,2127.000000
194.000000,252.000000,147.000000,441.000000
3202.000000,188.000000,3530.000000,288.000000
3254.000000,1810.000000,3201.000000,2078.000000
1737.000000,647.000000,1447.000000,818.000000
2088.000000,129.000000,1902.000000,205.000000
3568.000000,2340.000000,3518.000000,2470.000000
2622.000000,2256.000000,2657.000000,2398.000000
1414.000000,2173.000000,1537.000000,2187.000000
1982.000000,1066.000000,1912.000000,1508.000000
2364.000000,3676.000000,2184.000000,3702.000000
2255.000000,7.000000,2093.000000,102.000000
25.000000,3249.000000,18.000000,3627.000000
2657.000000,2398.000000,2870.000000,2546.000000
2440.000000,1044.000000,2562.000000,1157.000000
1824.000000,239.000000,1614.000000,272.000000
2770.000000,3011.000000,3067.000000,3172.000000
2759.000000,1068.000000,2718.000000,1119.000000
3069.000000,2237.000000,3188.000000,2262.000000
324.000000,259.000000,322.000000,360.000000
25.000000,3249.000000,75.000000,3516.000000
2479.000000,1869.000000,2644.000000,1869.000000
58.000000,769.000000,16.000000,2974.000000
170.000000,2927.000000,16.000000,2974.000000
1891.000000,3194.000000,2045.000000,3318.000000
2798.000000,3720.000000,2829.000000,3728.000000
2255.000000,7.000000,2887.000000,105.000000
2983.000000,2888.000000,3160.000000,2930.000000
1982.000000,1066.000000,1800.000000,1324.000000
648.000000,2483.000000,513.000000,2731.000000
3440.000000,3537.000000,3274.000000,3688.000000
678.000000,1442.000000,574.000000,1460.000000
2440.000000,1553.000000,2601.000000,1566.000000
3147.000000,1541.000000,3254.000000,1810.000000
1975.000000,897.000000,2140.000000,907.000000
322.000000,360.000000,540.000000,536.000000
2867.000000,1321.000000,3147.000000,1541.000000
2489.000000,3407.000000,2510.000000,3567.000000
3069.000000,2237.000000,2917.000000,2244.000000
1823.000000,701.000000,1393.000000,937.000000
3513.000000,364.000000,3597.000000,616.000000
1842.000000,2428.000000,1895.000000,2531.000000
3127.000000,3297.000000,3000.000000,3500.000000
766.000000,2522.000000,513.000000,2731.000000
2489.000000,3407.000000,2337.000000,3508.000000
147.000000,441.000000,58.000000,769.000000
1708.000000,2619.000000,1722.000000,2791.000000
598.000000,772.000000,664.000000,855.000000
384.000000,2149.000000,462.000000,2304.000000
2948.000000,933.000000,2784.000000,941.000000
3392.000000,2251.000000,3486.000000,2345.000000
2549.000000,369.000000,2648.000000,709.000000
2076.000000,987.000000,2222.000000,1276.000000
1393.000000,937.000000,1175.000000,950.000000
2705.000000,255.000000,2549.000000,369.000000
444.000000,1861.000000,470.000000,1947.000000
2711.000000,1845.000000,2479.000000,1869.000000
3312.000000,491.000000,3179.000000,590.000000
2870.000000,2546.000000,3107.000000,2557.000000
988.000000,3258.000000,740.000000,3303.000000
3612.000000,779.000000,3683.000000,912.000000
1440.000000,234.000000,1614.000000,272.000000
3076.000000,2342.000000,2870.000000,2546.000000
2601.000000,1566.000000,2785.000000,1592.000000
2888.000000,244.000000,2705.000000,255.000000
1912.000000,1508.000000,2048.000000,1609.000000
2005.000000,61.000000,2088.000000,129.000000
2718.000000,1119.000000,2748.000000,1295.000000
116.000000,127.000000,194.000000,252.000000
463.000000,529.000000,370.000000,601.000000
2076.000000,987.000000,1982.000000,1066.000000
2450.000000,1306.000000,2352.000000,1509.000000
2450.000000,2205.000000,2622.000000,2256.000000
1137.000000,610.000000,1175.000000,950.000000
1137.000000,610.000000,1342.000000,726.000000
2770.000000,3011.000000,2584.000000,3491.000000
2062.000000,2045.000000,1875.000000,2172.000000
1562.000000,1455.000000,1540.000000,1483.000000
1294.000000,1611.000000,1210.000000,1995.000000
3513.000000,364.000000,3591.000000,655.000000
2184.000000,3702.000000,1579.000000,3703.000000
255.000000,2854.000000,170.000000,2927.000000
1414.000000,2173.000000,1798.000000,2364.000000
2970.000000,438.000000,2939.000000,442.000000
2785.000000,1592.000000,2524.000000,1601.000000
910.000000,3352.000000,916.000000,3415.000000
470.000000,1947.000000,404.000000,2075.000000
404.000000,2075.000000,462.000000,2304.000000
2317.000000,3228.000000,2339.000000,3363.000000
3000.000000,3500.000000,3112.000000,3573.000000
2440.000000,1553.000000,2479.000000,1869.000000
404.000000,2075.000000,331.000000,2143.000000
1722.000000,2791.000000,1546.000000,2874.000000
181.000000,2456.000000,16.000000,2974.000000
1410.000000,1469.000000,1294.000000,1611.000000
3610.000000,1803.000000,3643.000000,1924.000000
69.000000,1632.000000,127.000000,1906.000000
647.000000,1228.000000,678.000000,1442.000000
1872.000000,413.000000,1820.000000,515.000000
1273.000000,1282.000000,1573.000000,1366.000000
3412.000000,738.000000,2948.000000,933.000000
2255.000000,7.000000,455.000000,44.000000
322.000000,360.000000,147.000000,441.000000
2622.000000,2256.000000,2807.000000,2300.000000
1737.000000,647.000000,1342.000000,726.000000
455.000000,256.000000,324.000000,259.000000
1546.000000,2874.000000,1769.000000,3099.000000
1377.000000,3104.000000,1319.000000,3189.000000
979.000000,299.000000,1304.000000,339.000000
502.000000,2841.000000,609.000000,2867.000000
463.000000,529.000000,540.000000,536.000000
2045.000000,3318.000000,2011.000000,3357.000000
1440.000000,3248.000000,1579.000000,3703.000000
1871.000000,1492.000000,1912.000000,1508.000000
2005.000000,61.000000,1902.000000,205.000000
322.000000,360.000000,651.000000,361.000000
1800.000000,1324.000000,1624.000000,1336.000000
2648.000000,709.000000,2697.000000,948.000000
3392.000000,2251.000000,3297.000000,2300.000000
444.000000,1861.000000,127.000000,1906.000000
2081.000000,2121.000000,2450.000000,2205.000000
3157.000000,1189.000000,3064.000000,1203.000000
2418.000000,830.000000,2076.000000,987.000000
447.000000,3632.000000,624.000000,3676.000000
370.000000,601.000000,188.000000,1043.000000
2538.000000,2908.000000,2501.000000,3140.000000
1763.000000,1950.000000,1875.000000,2172.000000
3067.000000,3172.000000,3128.000000,3239.000000
2524.000000,1601.000000,2711.000000,1845.000000
1121.000000,1207.000000,1273.000000,1282.000000
1871.000000,1492.000000,1962.000000,1644.000000
2814.000000,622.000000,2648.000000,709.000000
69.000000,1632.000000,16.000000,2974.000000
3326.000000,1511.000000,3147.000000,1541.000000
3105.000000,3561.000000,3112.000000,3573.000000
2362.000000,179.000000,2549.000000,369.000000
2088.000000,129.000000,1961.000000,445.000000
1099.000000,947.000000,733.000000,962.000000
2917.000000,2244.000000,2807.000000,2300.000000
2352.000000,1509.000000,2310.000000,1621.000000
3264.000000,2787.000000,3160.000000,2930.000000
2701.000000,1129.000000,2562.000000,1157.000000
833.000000,2250.000000,693.000000,2433.000000
1393.000000,119.000000,1311.000000,132.000000
693.000000,2433.000000,725.000000,2541.000000
1737.000000,647.000000,1888.000000,677.000000
2892.000000,2787.000000,2983.000000,2888.000000
2002.000000,2913.000000,2192.000000,3052.000000
170.000000,2927.000000,148.000000,3234.000000
3513.000000,364.000000,3312.000000,491.000000
170.000000,2927.000000,79.000000,3119.000000
1245.000000,1408.000000,1093.000000,1419.000000
1800.000000,698.000000,1393.000000,937.000000
717.000000,356.000000,651.000000,361.000000
2498.000000,276.000000,2549.000000,369.000000
2011.000000,3357.000000,1804.000000,3613.000000
1722.000000,2791.000000,1874.000000,2967.000000
2983.000000,2888.000000,2770.000000,3011.000000
2785.000000,1592.000000,2862.000000,1789.000000
3037.000000,1919.000000,2622.000000,2256.000000
3188.000000,2262.000000,3076.000000,2342.000000
3440.000000,3537.000000,3361.000000,3567.000000
3314.000000,2734.000000,3184.000000,2745.000000
3393.000000,262.000000,3530.000000,288.000000
3071.000000,1737.000000,3160.000000,1937.000000
1667.000000,1527.000000,1849.000000,1671.000000
2267.000000,161.000000,2164.000000,448.000000
3240.000000,2461.000000,3564.000000,2484.000000
127.000000,1906.000000,172.000000,2156.000000
875.000000,787.000000,847.000000,898.000000
2881.000000,1156.000000,3064.000000,1203.000000
2189.000000,1859.000000,2479.000000,1869.000000
3201.000000,2078.000000,3568.000000,2340.000000
3232.000000,3410.000000,3361.000000,3567.000000
2640.000000,770.000000,2213.000000,816.000000
3591.000000,655.000000,3612.000000,779.000000
2711.000000,1845.000000,2676.000000,1934.000000
2777.000000,2885.000000,2770.000000,3011.000000
2002.000000,2913.000000,2501.000000,3140.000000
3614.000000,1029.000000,3544.000000,1072.000000
2352.000000,1509.000000,2048.000000,1609.000000
1524.000000,2748.000000,1722.000000,2791.000000
2489.000000,3407.000000,2584.000000,3491.000000
505.000000,3680.000000,1261.000000,3686.000000
678.000000,1442.000000,850.000000,1519.000000
75.000000,3516.000000,18.000000,3627.000000
574.000000,1460.000000,393.000000,1653.000000
1872.000000,413.000000,1961.000000,445.000000
55.000000,1351.000000,16.000000,2974.000000
909.000000,2028.000000,766.000000,2522.000000
3393.000000,262.000000,3197.000000,543.000000
3392.000000,2251.000000,3568.000000,2340.000000
2814.000000,622.000000,3012.000000,669.000000
2777.000000,2885.000000,2737.000000,3013.000000
1737.000000,647.000000,1823.000000,701.000000
2122.000000,3414.000000,2184.000000,3702.000000
2132.000000,462.000000,2213.000000,816.000000
1100.000000,1175.000000,1121.000000,1207.000000
455.000000,44.000000,455.000000,256.000000
3435.000000,3321.000000,3361.000000,3567.000000
1961.000000,445.000000,1820.000000,515.000000
669.000000,1344.000000,678.000000,1442.000000
3159.000000,2827.000000,3160.000000,2930.000000
1875.000000,2172.000000,1675.000000,2224.000000
1849.000000,1671.000000,1286.000000,2052.000000
1975.000000,897.000000,2076.000000,987.000000
1414.000000,2173.000000,1524.000000,2748.000000
3157.000000,1189.000000,3147.000000,1541.000000
647.000000,1228.000000,225.000000,1343.000000
2784.000000,941.000000,2697.000000,948.000000
733.000000,962.000000,625.000000,1017.000000
404.000000,2075.000000,183.000000,2145.000000
909.000000,2028.000000,701.000000,2127.000000
766.000000,2522.000000,1113.000000,2605.000000
1414.000000,2173.000000,1708.000000,2619.000000
1769.000000,3099.000000,1553.000000,3228.000000
194.000000,252.000000,324.000000,259.000000
393.000000,1653.000000,593.000000,1747.000000
225.000000,1343.000000,55.000000,1351.000000
2088.000000,129.000000,2267.000000,161.000000
3012.000000,669.000000,2948.000000,933.000000
3076.000000,2342.000000,3240.000000,2461.000000
998.000000,1480.000000,850.000000,1519.000000
2770.000000,3011.000000,2872.000000,3553.000000
766.000000,2522.000000,996.000000,2785.000000
598.000000,772.000000,875.000000,787.000000
1100.000000,1175.000000,998.000000,1480.000000
1961.000000,445.000000,2213.000000,816.000000
1342.000000,726.000000,1393.000000,937.000000
1414.000000,2173.000000,1675.000000,2224.000000
603.000000,3475.000000,447.000000,3632.000000
1824.000000,239.000000,1726.000000,290.000000
3361.000000,2718.000000,3264.000000,2787.000000
75.000000,3516.000000,14.000000,3678.000000
3530.000000,288.000000,3721.000000,452.000000
1982.000000,1066.000000,1822.000000,1219.000000
3486.000000,2345.000000,3518.000000,2470.000000
648.000000,2483.000000,173.000000,2879.000000
1874.000000,2967.000000,1769.000000,3099.000000
3610.000000,1803.000000,3564.000000,2484.000000
3435.000000,3321.000000,3232.000000,3410.000000
3645.000000,843.000000,3530.000000,916.000000
2529.000000,1393.000000,2352.000000,1509.000000
1875.000000,2172.000000,1791.000000,2220.000000
740.000000,3303.000000,910.000000,3352.000000
2510.000000,3567.000000,2677.000000,3602.000000
186.000000,1046.000000,225.000000,1343.000000
2283.000000,3195.000000,2224.000000,3446.000000
469.000000,583.000000,370.000000,601.000000
3326.000000,1511.000000,3610.000000,1803.000000
1661.000000,1108.000000,1573.000000,1366.000000
1175.000000,950.000000,1382.000000,1036.000000
910.000000,1741.000000,593.000000,1747.000000
1975.000000,897.000000,1881.000000,1080.000000
1822.000000,1219.000000,1800.000000,1324.000000
188.000000,1043.000000,647.000000,1228.000000
3197.000000,543.000000,3179.000000,590.000000
1888.000000,677.000000,1823.000000,701.000000
2137.000000,1413.000000,2048.000000,1609.000000
2048.000000,704.000000,2140.000000,907.000000
1823.000000,701.000000,1606.000000,1048.000000
2081.000000,2121.000000,2438.000000,2455.000000
1553.000000,3228.000000,1804.000000,3613.000000
2677.000000,3602.000000,2798.000000,3720.000000
3179.000000,590.000000,3012.000000,669.000000
1874.000000,2967.000000,1891.000000,3194.000000
3214.000000,2610.000000,3077.000000,2656.000000
2640.000000,770.000000,2377.000000,825.000000
2562.000000,1157.000000,2554.000000,1311.000000
2364.000000,3676.000000,2798.000000,3720.000000
1677.000000,1834.000000,1763.000000,1950.000000
2697.000000,948.000000,2759.000000,1068.000000
3179.000000,590.000000,3412.000000,738.000000
2648.000000,709.000000,2784.000000,941.000000
16.000000,2974.000000,79.000000,3119.000000
1847.000000,60.000000,1393.000000,119.000000
1553.000000,3228.000000,1440.000000,3248.000000
593.000000,1747.000000,444.000000,1861.000000
513.000000,2731.000000,353.000000,2914.000000
2704.000000,2804.000000,2737.000000,3013.000000
733.000000,962.000000,736.000000,1328.000000
647.000000,1228.000000,669.000000,1344.000000
1537.000000,2187.000000,1675.000000,2224.000000
847.000000,898.000000,1099.000000,947.000000
1352.000000,3065.000000,1377.000000,3104.000000
2337.000000,3508.000000,2364.000000,3676.000000
2611.000000,3184.000000,2489.000000,3407.000000
2440.000000,1553.000000,2524.000000,1601.000000
2059.000000,2704.000000,2002.000000,2913.000000
3076.000000,2342.000000,3107.000000,2557.000000
1661.000000,1108.000000,1624.000000,1336.000000
3077.000000,2656.000000,3159.000000,2827.000000
2438.000000,2455.000000,2538.000000,2908.000000
55.000000,1351.000000,363.000000,1538.000000
2140.000000,907.000000,2076.000000,987.000000
1874.000000,2967.000000,2098.000000,3040.000000
1410.000000,1469.000000,1392.000000,1533.000000
1687.000000,2896.000000,1874.000000,2967.000000
462.000000,2304.000000,181.000000,2456.000000
1275.000000,1959.000000,1210.000000,1995.000000
2362.000000,179.000000,2498.000000,276.000000
2970.000000,438.000000,3197.000000,543.000000
2213.000000,816.000000,2076.000000,987.000000
470.000000,1947.000000,909.000000,2028.000000
3264.000000,2787.000000,3159.000000,2827.000000
910.000000,3352.000000,1001.000000,3362.000000
1798.000000,2364.000000,1842.000000,2428.000000
648.000000,2483.000000,16.000000,2974.000000
740.000000,3303.000000,476.000000,3398.000000
1414.000000,2173.000000,1360.000000,2432.000000
2784.000000,941.000000,2759.000000,1068.000000
2098.000000,3040.000000,2224.000000,3446.000000
3518.000000,2470.000000,3564.000000,2484.000000
3000.000000,3500.000000,3105.000000,3561.000000
3240.000000,2461.000000,3107.000000,2557.000000
2917.000000,2244.000000,3076.000000,2342.000000
1382.000000,1036.000000,1273.000000,1282.000000
3614.000000,1029.000000,3575.000000,1714.000000
2307.000000,1261.000000,2137.000000,1413.000000
3691.000000,735.000000,3683.000000,912.000000
3202.000000,188.000000,3393.000000,262.000000
148.000000,3234.000000,25.000000,3249.000000
1536.000000,2132.000000,1414.000000,2173.000000
2676.000000,1934.000000,2502.000000,2134.000000
3591.000000,655.000000,3530.000000,916.000000
985.000000,396.000000,1137.000000,610.000000
516.000000,3037.000000,476.000000,3398.000000
210.000000,517.000000,58.000000,769.000000
2354.000000,1753.000000,2142.000000,1801.000000
16.000000,2974.000000,25.000000,3249.000000
2301.000000,3504.000000,2337.000000,3508.000000
476.000000,3398.000000,447.000000,3632.000000
3412.000000,738.000000,3544.000000,1072.000000
2585.000000,181.000000,2705.000000,255.000000
2562.000000,1157.000000,2450.000000,1306.000000
2948.000000,933.000000,2881.000000,1156.000000
1849.000000,1671.000000,1428.000000,1945.000000
2948.000000,933.000000,3072.000000,1175.000000
1393.000000,937.000000,1606.000000,1048.000000
2355.000000,1252.000000,2450.000000,1306.000000
1982.000000,1066.000000,2137.000000,1413.000000
740.000000,3303.000000,831.000000,3477.000000
3370.000000,1426.000000,3147.000000,1541.000000
3326.000000,1511.000000,3254.000000,1810.000000
3127.000000,3297.000000,3105.000000,3561.000000
331.000000,2143.000000,172.000000,2156.000000
2867.000000,1321.000000,2785.000000,1592.000000
1410.000000,1469.000000,1540.000000,1483.000000
1891.000000,3194.000000,2011.000000,3357.000000
3067.000000,3172.000000,3127.000000,3297.000000
455.000000,44.000000,651.000000,361.000000
875.000000,787.000000,1099.000000,947.000000
2341.000000,1578.000000,2354.000000,1753.000000
1902.000000,205.000000,1872.000000,413.000000
2748.000000,1295.000000,2554.000000,1311.000000
2189.000000,1859.000000,2062.000000,2045.000000
255.000000,2854.000000,173.000000,2879.000000
2926.000000,2655.000000,2983.000000,2888.000000
3297.000000,2300.000000,3240.000000,2461.000000
3201.000000,2078.000000,3030.000000,2237.000000
2011.000000,3357.000000,2122.000000,3414.000000
2814.000000,622.000000,2948.000000,933.000000
3435.000000,3321.000000,3440.000000,3537.000000
3240.000000,2461.000000,3361.000000,2718.000000
1137.000000,610.000000,875.000000,787.000000
2939.000000,442.000000,2814.000000,622.000000
1275.000000,1959.000000,1286.000000,2052.000000
2088.000000,129.000000,2164.000000,448.000000
979.000000,299.000000,717.000000,356.000000
574.000000,1460.000000,593.000000,1747.000000
1440.000000,3248.000000,988.000000,3258.000000
2584.000000,3491.000000,2510.000000,3567.000000
2872.000000,3553.000000,2829.000000,3728.000000
3214.000000,2610.000000,3184.000000,2745.000000
1304.000000,339.000000,1137.000000,610.000000
2164.000000,448.000000,2132.000000,462.000000
2705.000000,255.000000,2648.000000,709.000000
1546.000000,2874.000000,1553.000000,3228.000000
296.000000,2869.000000,353.000000,2914.000000
2926.000000,2655.000000,2777.000000,2885.000000
3201.000000,2078.000000,3188.000000,2262.000000
2705.000000,255.000000,2939.000000,442.000000
331.000000,2143.000000,188.000000,2150.000000
916.000000,3415.000000,831.000000,3477.000000
2620.000000,2408.000000,2635.000000,2424.000000
183.000000,2145.000000,172.000000,2156.000000
666.000000,102.000000,651.000000,361.000000
2657.000000,2398.000000,2635.000000,2424.000000
2450.000000,2205.000000,2620.000000,2408.000000
3683.000000,912.000000,3614.000000,1029.000000
736.000000,1328.000000,669.000000,1344.000000
2354.000000,1753.000000,2189.000000,1859.000000
2770.000000,3011.000000,2737.000000,3013.000000
2192.000000,3052.000000,2317.000000,3228.000000
2759.000000,1068.000000,2881.000000,1156.000000
3147.000000,1541.000000,3071.000000,1737.000000
2580.000000,2038.000000,2502.000000,2134.000000
766.000000,2522.000000,609.000000,2867.000000
260.000000,1658.000000,142.000000,1837.000000
522.000000,3124.000000,521.000000,3278.000000
1061.000000,2845.000000,1016.000000,3033.000000
988.000000,3258.000000,910.000000,3352.000000
1786.000000,2063.000000,1536.000000,2132.000000
1708.000000,2619.000000,1524.000000,2748.000000
2502.000000,2134.000000,2622.000000,2256.000000
1726.000000,290.000000,1493.000000,400.000000
648.000000,2483.000000,725.000000,2541.000000
910.000000,1741.000000,909.000000,2028.000000
603.000000,3475.000000,624.000000,3676.000000
1847.000000,60.000000,1902.000000,205.000000
1606.000000,1048.000000,1661.000000,1108.000000
3645.000000,843.000000,3683.000000,912.000000
147.000000,441.000000,210.000000,517.000000
2081.000000,2121.000000,2059.000000,2704.000000
2992.000000,3540.000000,2872.000000,3553.000000
1180.000000,2965.000000,1377.000000,3104.000000
875.000000,787.000000,826.000000,872.000000
1780.000000,3635.000000,1812.000000,3649.000000
1966.000000,626.000000,1888.000000,677.000000
2917.000000,2244.000000,2622.000000,2256.000000
296.000000,2869.000000,170.000000,2927.000000
625.000000,1017.000000,736.000000,1328.000000
3240.000000,2461.000000,3518.000000,2470.000000
1902.000000,205.000000,1824.000000,239.000000
3361.000000,2718.000000,3384.000000,3016.000000
979.000000,299.000000,1137.000000,610.000000
1667.000000,1527.000000,1428.000000,1945.000000
14.000000,3678.000000,1579.000000,3703.000000
2870.000000,2546.000000,2777.000000,2885.000000
3064.000000,1203.000000,2867.000000,1321.000000
462.000000,2304.000000,648.000000,2483.000000
2354.000000,1753.000000,2479.000000,1869.000000
2267.000000,161.000000,2362.000000,179.000000
2418.000000,830.000000,2440.000000,1044.000000
3544.000000,1072.000000,3157.000000,1189.000000
3312.000000,491.000000,3591.000000,655.000000
1675.000000,590.000000,1342.000000,726.000000
850.000000,1519.000000,593.000000,1747.000000
127.000000,1906.000000,183.000000,2145.000000
79.000000,3119.000000,148.000000,3234.000000
1360.000000,2432.000000,1113.000000,2605.000000
598.000000,772.000000,733.000000,962.000000
3600.000000,2993.000000,3440.000000,3537.000000
2081.000000,2121.000000,1875.000000,2172.000000
444.000000,1861.000000,153.000000,1864.000000
1804.000000,3613.000000,1780.000000,3635.000000
3314.000000,2734.000000,3264.000000,2787.000000
502.000000,2841.000000,516.000000,3037.000000
3361.000000,3567.000000,3112.000000,3573.000000
3077.000000,2656.000000,3184.000000,2745.000000
2584.000000,3491.000000,2677.000000,3602.000000
516.000000,3037.000000,75.000000,3516.000000
513.000000,2731.000000,502.000000,2841.000000
2450.000000,2205.000000,2438.000000,2455.000000
1763.000000,1950.000000,1536.000000,2132.000000
3597.000000,616.000000,3691.000000,735.000000
996.000000,2785.000000,913.000000,2938.000000
1804.000000,3613.000000,1812.000000,3649.000000
3160.000000,2930.000000,2770.000000,3011.000000
1961.000000,445.000000,2048.000000,704.000000
1962.000000,1644.000000,1849.000000,1671.000000
1849.000000,1671.000000,2062.000000,2045.000000
2501.000000,3140.000000,2611.000000,3184.000000
1493.000000,400.000000,1342.000000,726.000000
831.000000,3477.000000,624.000000,3676.000000
2648.000000,709.000000,2640.000000,770.000000
651.000000,361.000000,540.000000,536.000000
3643.000000,1924.000000,3600.000000,2993.000000
3384.000000,3016.000000,3435.000000,3321.000000
2189.000000,1859.000000,2450.000000,2205.000000
2352.000000,1509.000000,2440.000000,1553.000000
142.000000,1837.000000,127.000000,1906.000000
666.000000,102.000000,577.000000,110.000000
3297.000000,2300.000000,3076.000000,2342.000000
2267.000000,161.000000,2549.000000,369.000000
3072.000000,1175.000000,3157.000000,1189.000000
1798.000000,2364.000000,1895.000000,2531.000000
624.000000,3676.000000,1261.000000,3686.000000
148.000000,3234.000000,75.000000,3516.000000
2757.000000,3638.000000,2829.000000,3728.000000
3160.000000,2930.000000,3067.000000,3172.000000
2529.000000,1393.000000,2601.000000,1566.000000
210.000000,517.000000,463.000000,529.000000
3312.000000,491.000000,3412.000000,738.000000
1687.000000,2896.000000,1769.000000,3099.000000
593.000000,1747.000000,909.000000,2028.000000
2748.000000,1295.000000,2785.000000,1592.000000
2881.000000,1156.000000,2748.000000,1295.000000
2872.000000,3553.000000,2757.000000,3638.000000
2887.000000,105.000000,3202.000000,188.000000
2870.000000,2546.000000,2926.000000,2655.000000
455.000000,44.000000,1148.000000,48.000000
455.000000,256.000000,651.000000,361.000000
289.000000,135.000000,455.000000,256.000000
3127.000000,3297.000000,3232.000000,3410.000000
1786.000000,2063.000000,1875.000000,2172.000000
194.000000,252.000000,322.000000,360.000000
3112.000000,3573.000000,2829.000000,3728.000000
3691.000000,735.000000,3600.000000,2993.000000
2283.000000,3195.000000,2317.000000,3228.000000
476.000000,3398.000000,603.000000,3475.000000
2479.000000,1869.000000,2450.000000,2205.000000
1791.000000,2220.000000,1675.000000,2224.000000
2307.000000,1261.000000,2450.000000,1306.000000
1624.000000,1336.000000,1540.000000,1483.000000
2062.000000,2045.000000,2081.000000,2121.000000
3643.000000,1924.000000,3564.000000,2484.000000
1148.000000,48.000000,666.000000,102.000000
1849.000000,1671.000000,2189.000000,1859.000000
1823.000000,701.000000,2048.000000,704.000000
3012.000000,669.000000,3412.000000,738.000000
609.000000,2867.000000,671.000000,3065.000000
1382.000000,1036.000000,1100.000000,1175.000000
116.000000,127.000000,324.000000,259.000000
1016.000000,3033.000000,1377.000000,3104.000000
173.000000,2879.000000,170.000000,2927.000000
1304.000000,339.000000,1493.000000,400.000000
1871.000000,1492.000000,1849.000000,1671.000000
1823.000000,701.000000,1975.000000,897.000000
2341.000000,1578.000000,2310.000000,1621.000000
3683.000000,912.000000,3530.000000,916.000000
393.000000,1653.000000,444.000000,1861.000000
2970.000000,438.000000,2814.000000,622.000000
1493.000000,400.000000,1137.000000,610.000000
1001.000000,3362.000000,831.000000,3477.000000
1121.000000,1207.000000,1093.000000,1419.000000
2881.000000,1156.000000,3072.000000,1175.000000
1708.000000,2619.000000,2059.000000,2704.000000
1800.000000,1324.000000,1912.000000,1508.000000
1524.000000,2748.000000,1546.000000,2874.000000
1360.000000,2432.000000,1279.000000,2719.000000
1392.000000,1533.000000,1210.000000,1995.000000
1546.000000,2874.000000,1377.000000,3104.000000
574.000000,1460.000000,850.000000,1519.000000
2759.000000,1068.000000,2701.000000,1129.000000
996.000000,2785.000000,609.000000,2867.000000
3107.000000,2557.000000,3214.000000,2610.000000
2718.000000,1119.000000,2701.000000,1129.000000
516.000000,3037.000000,148.000000,3234.000000
116.000000,127.000000,289.000000,135.000000
1099.000000,947.000000,736.000000,1328.000000
521.000000,3278.000000,740.000000,3303.000000
1382.000000,1036.000000,1606.000000,1048.000000
736.000000,1328.000000,998.000000,1480.000000
3128.000000,3239.000000,3127.000000,3297.000000
1428.000000,1945.000000,1275.000000,1959.000000
3361.000000,2718.000000,3184.000000,2745.000000
3107.000000,2557.000000,3077.000000,2656.000000
363.000000,1538.000000,393.000000,1653.000000
516.000000,3037.000000,522.000000,3124.000000
3568.000000,2340.000000,3486.000000,2345.000000
447.000000,3632.000000,335.000000,3668.000000
289.000000,135.000000,324.000000,259.000000
1093.000000,1419.000000,998.000000,1480.000000
1726.000000,290.000000,1872.000000,413.000000
1148.000000,48.000000,979.000000,299.000000
2585.000000,181.000000,2549.000000,369.000000
717.000000,356.000000,1038.000000,531.000000
455.000000,44.000000,577.000000,110.000000
989.000000,3318.000000,1001.000000,3362.000000
1099.000000,947.000000,1175.000000,950.000000
2948.000000,933.000000,2759.000000,1068.000000
1294.000000,1611.000000,910.000000,1741.000000
3361.000000,3567.000000,3274.000000,3688.000000
3254.000000,1810.000000,3160.000000,1937.000000
2192.000000,3052.000000,2501.000000,3140.000000
3600.000000,2993.000000,3384.000000,3016.000000
2635.000000,2424.000000,2538.000000,2908.000000
521.000000,3278.000000,476.000000,3398.000000
3037.000000,1919.000000,3030.000000,2237.000000
3412.000000,738.000000,3530.000000,916.000000
3591.000000,655.000000,3412.000000,738.000000
875.000000,787.000000,1175.000000,950.000000
455.000000,44.000000,289.000000,135.000000
693.000000,2433.000000,766.000000,2522.000000
2601.000000,1566.000000,2524.000000,1601.000000
3691.000000,735.000000,3612.000000,779.000000
3232.000000,3410.000000,3105.000000,3561.000000
3530.000000,288.000000,3513.000000,364.000000
3160.000000,1937.000000,3201.000000,2078.000000
2081.000000,2121.000000,1791.000000,2220.000000
2870.000000,2546.000000,2682.000000,2618.000000
1440.000000,234.000000,1493.000000,400.000000
2737.000000,3013.000000,2611.000000,3184.000000
1382.000000,1036.000000,1661.000000,1108.000000
2307.000000,1261.000000,2352.000000,1509.000000
463.000000,529.000000,469.000000,583.000000
3610.000000,1803.000000,3201.000000,2078.000000
2807.000000,2300.000000,2870.000000,2546.000000
1393.000000,937.000000,1382.000000,1036.000000
1038.000000,531.000000,1137.000000,610.000000
1822.000000,1219.000000,1806.000000,1241.000000
3361.000000,2718.000000,3314.000000,2734.000000
2862.000000,1789.000000,3037.000000,1919.000000
2529.000000,1393.000000,2440.000000,1553.000000
2676.000000,1934.000000,2580.000000,2038.000000
1966.000000,626.000000,2048.000000,704.000000
469.000000,583.000000,598.000000,772.000000
172.000000,2156.000000,186.000000,2339.000000
1982.000000,1066.000000,2168.000000,1325.000000
2538.000000,2908.000000,2737.000000,3013.000000
3157.000000,1189.000000,3370.000000,1426.000000
486.000000,927.000000,188.000000,1043.000000
1447.000000,818.000000,1393.000000,937.000000
2676.000000,1934.000000,2622.000000,2256.000000
1624.000000,1336.000000,1573.000000,1366.000000
1148.000000,48.000000,1304.000000,339.000000
2926.000000,2655.000000,3077.000000,2656.000000
2301.000000,3504.000000,2184.000000,3702.000000
186.000000,2339.000000,181.000000,2456.000000
717.000000,356.000000,875.000000,787.000000
2785.000000,1592.000000,2711.000000,1845.000000
1148.000000,48.000000,2005.000000,61.000000
1902.000000,205.000000,1726.000000,290.000000
2585.000000,181.000000,2498.000000,276.000000
1286.000000,2052.000000,1536.000000,2132.000000
3312.000000,491.000000,3197.000000,543.000000
3077.000000,2656.000000,2983.000000,2888.000000
1726.000000,290.000000,1820.000000,515.000000
14.000000,3678.000000,505.000000,3680.000000
3530.000000,916.000000,3544.000000,1072.000000
1540.000000,1483.000000,1392.000000,1533.000000
671.000000,3065.000000,988.000000,3258.000000
3612.000000,779.000000,3530.000000,916.000000
1279.000000,2719.000000,1377.000000,3104.000000
404.000000,2075.000000,384.000000,2149.000000
2620.000000,2408.000000,2438.000000,2455.000000
1562.000000,1455.000000,1667.000000,1527.000000
1847.000000,60.000000,1440.000000,234.000000
513.000000,2731.000000,609.000000,2867.000000
2881.000000,1156.000000,2867.000000,1321.000000
1360.000000,2432.000000,1524.000000,2748.000000
331.000000,2143.000000,186.000000,2339.000000
603.000000,3475.000000,831.000000,3477.000000
909.000000,2028.000000,1414.000000,2173.000000
1961.000000,445.000000,2164.000000,448.000000
1614.000000,272.000000,1493.000000,400.000000
1806.000000,1241.000000,1800.000000,1324.000000
2510.000000,3567.000000,2364.000000,3676.000000
3264.000000,2787.000000,3384.000000,3016.000000
598.000000,772.000000,486.000000,927.000000
444.000000,1861.000000,404.000000,2075.000000
3214.000000,2610.000000,3361.000000,2718.000000
1273.000000,1282.000000,1245.000000,1408.000000
476.000000,3398.000000,335.000000,3668.000000
2164.000000,448.000000,2648.000000,709.000000
447.000000,3632.000000,505.000000,3680.000000
1667.000000,1527.000000,1275.000000,1959.000000
2677.000000,3602.000000,2364.000000,3676.000000
3000.000000,3500.000000,2872.000000,3553.000000
172.000000,2156.000000,16.000000,2974.000000
1279.000000,2719.000000,1061.000000,2845.000000
2887.000000,105.000000,2705.000000,255.000000
170.000000,2927.000000,516.000000,3037.000000
3067.000000,3172.000000,2872.000000,3553.000000
1722.000000,2791.000000,2002.000000,2913.000000
2192.000000,3052.000000,2283.000000,3195.000000
2255.000000,7.000000,2267.000000,161.000000
370.000000,601.000000,486.000000,927.000000
363.000000,1538.000000,260.000000,1658.000000
664.000000,855.000000,826.000000,872.000000
1311.000000,132.000000,1440.000000,234.000000
2807.000000,2300.000000,2657.000000,2398.000000
2059.000000,2704.000000,2538.000000,2908.000000
2992.000000,3540.000000,2829.000000,3728.000000
540.000000,536.000000,469.000000,583.000000
1982.000000,1066.000000,1881.000000,1080.000000
3614.000000,1029.000000,3326.000000,1511.000000
2098.000000,3040.000000,1891.000000,3194.000000
2640.000000,770.000000,2418.000000,830.000000
3412.000000,738.000000,3072.000000,1175.000000
2002.000000,2913.000000,1874.000000,2967.000000
1847.000000,60.000000,1824.000000,239.000000
1311.000000,132.000000,1304.000000,339.000000
985.000000,396.000000,1038.000000,531.000000
3159.000000,2827.000000,2983.000000,2888.000000
1113.000000,2605.000000,1279.000000,2719.000000
766.000000,2522.000000,725.000000,2541.000000
1245.000000,1408.000000,910.000000,1741.000000
2011.000000,3357.000000,1812.000000,3649.000000
1377.000000,3104.000000,1553.000000,3228.000000
486.000000,927.000000,625.000000,1017.000000
736.000000,1328.000000,678.000000,1442.000000
137.000000,1006.000000,225.000000,1343.000000
2122.000000,3414.000000,2224.000000,3446.000000
1536.000000,2132.000000,1537.000000,2187.000000
3037.000000,1919.000000,3201.000000,2078.000000
3069.000000,2237.000000,3076.000000,2342.000000
1888.000000,677.000000,2048.000000,704.000000
2450.000000,1306.000000,2554.000000,1311.000000
1737.000000,647.000000,1393.000000,937.000000
2992.000000,3540.000000,3112.000000,3573.000000
1099.000000,947.000000,1100.000000,1175.000000
3067.000000,3172.000000,3000.000000,3500.000000
2438.000000,2455.000000,2059.000000,2704.000000
2737.000000,3013.000000,2501.000000,3140.000000
2644.000000,1869.000000,2676.000000,1934.000000
3165.000000,2541.000000,3361.000000,2718.000000
624.000000,3676.000000,505.000000,3680.000000
2682.000000,2618.000000,2704.000000,2804.000000
1961.000000,445.000000,1966.000000,626.000000
1562.000000,1455.000000,1871.000000,1492.000000
740.000000,3303.000000,631.000000,3456.000000
2048.000000,1609.000000,1962.000000,1644.000000
260.000000,1658.000000,153.000000,1864.000000
172.000000,2156.000000,181.000000,2456.000000
1791.000000,2220.000000,2059.000000,2704.000000
3683.000000,912.000000,3643.000000,1924.000000
322.000000,360.000000,463.000000,529.000000
2310.000000,1621.000000,2354.000000,1753.000000
1891.000000,3194.000000,1804.000000,3613.000000
225.000000,1343.000000,363.000000,1538.000000
2005.000000,61.000000,2093.000000,102.000000
3071.000000,1737.000000,3254.000000,1810.000000
717.000000,356.000000,598.000000,772.000000
2418.000000,830.000000,2697.000000,948.000000
1553.000000,3228.000000,1579.000000,3703.000000
153.000000,1864.000000,127.000000,1906.000000
1342.000000,726.000000,1175.000000,950.000000
1061.000000,2845.000000,1180.000000,2965.000000
260.000000,1658.000000,444.000000,1861.000000
14.000000,3678.000000,2829.000000,3728.000000
1524.000000,2748.000000,1377.000000,3104.000000
2718.000000,1119.000000,2881.000000,1156.000000
2657.000000,2398.000000,2682.000000,2618.000000
2310.000000,1621.000000,2142.000000,1801.000000
2093.000000,102.000000,2088.000000,129.000000
2337.000000,3508.000000,2510.000000,3567.000000
469.000000,583.000000,486.000000,927.000000
188.000000,1043.000000,225.000000,1343.000000
1210.000000,1995.000000,1414.000000,2173.000000
701.000000,2127.000000,462.000000,2304.000000
2255.000000,7.000000,1148.000000,48.000000
3597.000000,616.000000,3591.000000,655.000000
2697.000000,948.000000,2701.000000,1129.000000
666.000000,102.000000,979.000000,299.000000
331.000000,2143.000000,462.000000,2304.000000
1614.000000,272.000000,1726.000000,290.000000
1624.000000,1336.000000,1562.000000,1455.000000
725.000000,2541.000000,513.000000,2731.000000
826.000000,872.000000,847.000000,898.000000
2479.000000,1869.000000,2580.000000,2038.000000
910.000000,1741.000000,1210.000000,1995.000000
69.000000,1632.000000,142.000000,1837.000000
2255.000000,7.000000,2498.000000,276.000000
1392.000000,1533.000000,1294.000000,1611.000000
2887.000000,105.000000,2585.000000,181.000000
1895.000000,2531.000000,1708.000000,2619.000000
3568.000000,2340.000000,3564.000000,2484.000000
1148.000000,48.000000,1393.000000,119.000000
1440.000000,3248.000000,1001.000000,3362.000000
1148.000000,48.000000,1311.000000,132.000000
1800.000000,1324.000000,1871.000000,1492.000000
2164.000000,448.000000,2213.000000,816.000000
3610.000000,1803.000000,3254.000000,1810.000000
2584.000000,3491.000000,2757.000000,3638.000000
2048.000000,704.000000,2213.000000,816.000000
335.000000,3668.000000,505.000000,3680.000000
2926.000000,2655.000000,2892.000000,2787.000000
2657.000000,2398.000000,2620.000000,2408.000000
1847.000000,60.000000,1614.000000,272.000000
2529.000000,1374.000000,2529.000000,1393.000000
3128.000000,3239.000000,3435.000000,3321.000000
2352.000000,1509.000000,2341.000000,1578.000000
2549.000000,369.000000,2164.000000,448.000000
693.000000,2433.000000,648.000000,2483.000000
2697.000000,948.000000,2440.000000,1044.000000
1210.000000,1995.000000,1286.000000,2052.000000
3392.000000,2251.000000,3240.000000,2461.000000
1806.000000,1241.000000,1624.000000,1336.000000
1546.000000,2874.000000,1687.000000,2896.000000
3721.000000,452.000000,3597.000000,616.000000
1414.000000,2173.000000,1895.000000,2531.000000
1121.000000,1207.000000,1245.000000,1408.000000
1820.000000,515.000000,1675.000000,590.000000
2137.000000,1413.000000,1912.000000,1508.000000
1148.000000,48.000000,1847.000000,60.000000
1016.000000,3033.000000,988.000000,3258.000000
2098.000000,3040.000000,2192.000000,3052.000000
3274.000000,3688.000000,2829.000000,3728.000000
2059.000000,2704.000000,1722.000000,2791.000000
1961.000000,445.000000,2132.000000,462.000000
14.000000,3678.000000,1261.000000,3686.000000
2283.000000,3195.000000,2339.000000,3363.000000
609.000000,2867.000000,516.000000,3037.000000
1849.000000,1671.000000,1677.000000,1834.000000
1180.000000,2965.000000,1016.000000,3033.000000
1377.000000,3104.000000,1440.000000,3248.000000
3597.000000,616.000000,3612.000000,779.000000
55.000000,1351.000000,260.000000,1658.000000
1001.000000,3362.000000,1261.000000,3686.000000
2440.000000,1553.000000,2341.000000,1578.000000
826.000000,872.000000,733.000000,962.000000
1016.000000,3033.000000,1319.000000,3189.000000
2682.000000,2618.000000,2777.000000,2885.000000
2701.000000,1129.000000,2748.000000,1295.000000
3575.000000,1714.000000,3610.000000,1803.000000
979.000000,299.000000,985.000000,396.000000
127.000000,1906.000000,404.000000,2075.000000
3600.000000,2993.000000,3435.000000,3321.000000
58.000000,769.000000,55.000000,1351.000000
2622.000000,2256.000000,2620.000000,2408.000000
331.000000,2143.000000,181.000000,2456.000000
2213.000000,816.000000,2377.000000,825.000000
989.000000,3318.000000,910.000000,3352.000000
2339.000000,3363.000000,2224.000000,3446.000000
1763.000000,1950.000000,1786.000000,2063.000000
3232.000000,3410.000000,3112.000000,3573.000000
3393.000000,262.000000,3312.000000,491.000000
2213.000000,816.000000,2418.000000,830.000000
3030.000000,2237.000000,2622.000000,2256.000000
3564.000000,2484.000000,3361.000000,2718.000000
522.000000,3124.000000,476.000000,3398.000000
1001.000000,3362.000000,953.000000,3643.000000
953.000000,3643.000000,624.000000,3676.000000
3165.000000,2541.000000,3107.000000,2557.000000
3188.000000,2262.000000,3297.000000,2300.000000
2785.000000,1592.000000,2797.000000,1846.000000
540.000000,536.000000,598.000000,772.000000
717.000000,356.000000,540.000000,536.000000
953.000000,3643.000000,1261.000000,3686.000000
69.000000,1632.000000,260.000000,1658.000000
2757.000000,3638.000000,2798.000000,3720.000000
3201.000000,2078.000000,3069.000000,2237.000000
370.000000,601.000000,58.000000,769.000000
2939.000000,442.000000,2648.000000,709.000000
2377.000000,825.000000,2418.000000,830.000000
2635.000000,2424.000000,2438.000000,2455.000000
988.000000,3258.000000,1001.000000,3362.000000
513.000000,2731.000000,296.000000,2869.000000
2255.000000,7.000000,2088.000000,129.000000
116.000000,127.000000,58.000000,769.000000
393.000000,1653.000000,260.000000,1658.000000
701.000000,2127.000000,833.000000,2250.000000
1895.000000,2531.000000,2059.000000,2704.000000
2677.000000,3602.000000,2757.000000,3638.000000
486.000000,927.000000,647.000000,1228.000000
2222.000000,1276.000000,2137.000000,1413.000000
671.000000,3065.000000,740.000000,3303.000000
1902.000000,205.000000,1961.000000,445.000000
3513.000000,364.000000,3721.000000,452.000000
2076.000000,987.000000,1881.000000,1080.000000
736.000000,1328.000000,850.000000,1519.000000
16.000000,2974.000000,14.000000,3678.000000
631.000000,3456.000000,831.000000,3477.000000
2554.000000,1311.000000,2529.000000,1374.000000
1820.000000,515.000000,1888.000000,677.000000
3240.000000,2461.000000,3165.000000,2541.000000
3160.000000,2930.000000,3128.000000,3239.000000
2888.000000,244.000000,2939.000000,442.000000
2711.000000,1845.000000,2797.000000,1846.000000
522.000000,3124.000000,740.000000,3303.000000
58.000000,769.000000,188.000000,1043.000000
3392.000000,2251.000000,3188.000000,2262.000000
2168.000000,1325.000000,2137.000000,1413.000000
1573.000000,1366.000000,1410.000000,1469.000000
1001.000000,3362.000000,916.000000,3415.000000
647.000000,1228.000000,363.000000,1538.000000
3037.000000,1919.000000,2676.000000,1934.000000
1245.000000,1408.000000,1294.000000,1611.000000
502.000000,2841.000000,353.000000,2914.000000
3384.000000,3016.000000,3128.000000,3239.000000
2255.000000,7.000000,2362.000000,179.000000
2502.000000,2134.000000,2450.000000,2205.000000
2970.000000,438.000000,3179.000000,590.000000
850.000000,1519.000000,910.000000,1741.000000
2611.000000,3184.000000,2317.000000,3228.000000
833.000000,2250.000000,766.000000,2522.000000
3326.000000,1511.000000,3575.000000,1714.000000
331.000000,2143.000000,183.000000,2145.000000
116.000000,127.000000,147.000000,441.000000
1493.000000,400.000000,1675.000000,590.000000
16.000000,2974.000000,18.000000,3627.000000
3107.000000,2557.000000,2926.000000,2655.000000
476.000000,3398.000000,631.000000,3456.000000
18.000000,3627.000000,14.000000,3678.000000
609.000000,2867.000000,913.000000,2938.000000
2704.000000,2804.000000,2538.000000,2908.000000
664.000000,855.000000,733.000000,962.000000
2701.000000,1129.000000,2554.000000,1311.000000
2704.000000,2804.000000,2777.000000,2885.000000
137.000000,1006.000000,55.000000,1351.000000
470.000000,1947.000000,462.000000,2304.000000
2307.000000,1261.000000,2048.000000,1609.000000
3128.000000,3239.000000,3232.000000,3410.000000
3071.000000,1737.000000,2862.000000,1789.000000
2164.000000,448.000000,2640.000000,770.000000
55.000000,1351.000000,69.000000,1632.000000
1677.000000,1834.000000,1286.000000,2052.000000
2076.000000,987.000000,2440.000000,1044.000000
3071.000000,1737.000000,3037.000000,1919.000000
1175.000000,950.000000,1100.000000,1175.000000
1245.000000,1408.000000,1410.000000,1469.000000
2635.000000,2424.000000,2682.000000,2618.000000
2584.000000,3491.000000,2872.000000,3553.000000
183.000000,2145.000000,188.000000,2150.000000
988.000000,3258.000000,989.000000,3318.000000
3530.000000,916.000000,3614.000000,1029.000000
1573.000000,1366.000000,1540.000000,1483.000000
2440.000000,1044.000000,2222.000000,1276.000000
998.000000,1480.000000,910.000000,1741.000000
3544.000000,1072.000000,3370.000000,1426.000000
255.000000,2854.000000,296.000000,2869.000000
1342.000000,726.000000,1447.000000,818.000000
3610.000000,1803.000000,3568.000000,2340.000000
1849.000000,1671.000000,1763.000000,1950.000000
2339.000000,3363.000000,2489.000000,3407.000000
353.000000,2914.000000,516.000000,3037.000000
2807.000000,2300.000000,3076.000000,2342.000000
3072.000000,1175.000000,3064.000000,1203.000000
2892.000000,2787.000000,2777.000000,2885.000000
455.000000,256.000000,322.000000,360.000000
766.000000,2522.000000,1061.000000,2845.000000
1962.000000,1644.000000,2142.000000,1801.000000
2538.000000,2908.000000,2002.000000,2913.000000
1606.000000,1048.000000,1881.000000,1080.000000
1536.000000,2132.000000,1875.000000,2172.000000
1912.000000,1508.000000,1962.000000,1644.000000
3202.000000,188.000000,2970.000000,438.000000
2450.000000,1306.000000,2529.000000,1374.000000
2224.000000,3446.000000,2337.000000,3508.000000
2045.000000,3318.000000,2224.000000,3446.000000
3393.000000,262.000000,3513.000000,364.000000
2797.000000,1846.000000,2676.000000,1934.000000
2307.000000,1261.000000,2222.000000,1276.000000
181.000000,2456.000000,648.000000,2483.000000
3184.000000,2745.000000,3264.000000,2787.000000
2364.000000,3676.000000,2829.000000,3728.000000
1881.000000,1080.000000,1661.000000,1108.000000
1382.000000,1036.000000,1573.000000,1366.000000
1881.000000,1080.000000,1822.000000,1219.000000
1962.000000,1644.000000,2189.000000,1859.000000
2255.000000,7.000000,2585.000000,181.000000
2189.000000,1859.000000,2081.000000,2121.000000
1100.000000,1175.000000,1093.000000,1419.000000
2501.000000,3140.000000,2317.000000,3228.000000
2352.000000,1509.000000,2142.000000,1801.000000
1820.000000,515.000000,1737.000000,647.000000
1279.000000,2719.000000,1352.000000,3065.000000
75.000000,3516.000000,335.000000,3668.000000
2301.000000,3504.000000,2364.000000,3676.000000
913.000000,2938.000000,1016.000000,3033.000000
331.000000,2143.000000,384.000000,2149.000000
2644.000000,1869.000000,2580.000000,2038.000000
2814.000000,622.000000,2784.000000,941.000000
3165.000000,2541.000000,3214.000000,2610.000000
1319.000000,3189.000000,1440.000000,3248.000000
3612.000000,779.000000,3645.000000,843.000000
1881.000000,1080.000000,1806.000000,1241.000000
593.000000,1747.000000,470.000000,1947.000000
577.000000,110.000000,651.000000,361.000000
1661.000000,1108.000000,1806.000000,1241.000000
2222.000000,1276.000000,2168.000000,1325.000000
3030.000000,2237.000000,3069.000000,2237.000000
455.000000,44.000000,666.000000,102.000000
2524.000000,1601.000000,2479.000000,1869.000000
1800.000000,698.000000,1823.000000,701.000000
1279.000000,2719.000000,1524.000000,2748.000000
1891.000000,3194.000000,1553.000000,3228.000000
2450.000000,1306.000000,2529.000000,1393.000000
1675.000000,590.000000,1737.000000,647.000000
2862.000000,1789.000000,2797.000000,1846.000000
516.000000,3037.000000,671.000000,3065.000000
2440.000000,1044.000000,2450.000000,1306.000000
909.000000,2028.000000,1113.000000,2605.000000
2355.000000,1252.000000,2307.000000,1261.000000
1428.000000,1945.000000,1286.000000,2052.000000
2635.000000,2424.000000,2704.000000,2804.000000
1769.000000,3099.000000,1891.000000,3194.000000
1842.000000,2428.000000,2059.000000,2704.000000
1113.000000,2605.000000,1061.000000,2845.000000
1791.000000,2220.000000,1798.000000,2364.000000
1261.000000,3686.000000,1579.000000,3703.000000
1800.000000,1324.000000,1562.000000,1455.000000
1823.000000,701.000000,2140.000000,907.000000
2529.000000,1393.000000,2785.000000,1592.000000
79.000000,3119.000000,25.000000,3249.000000
2098.000000,3040.000000,2283.000000,3195.000000
3721.000000,452.000000,3691.000000,735.000000
1780.000000,3635.000000,1579.000000,3703.000000
2748.000000,1295.000000,2867.000000,1321.000000
609.000000,2867.000000,988.000000,3258.000000
666.000000,102.000000,717.000000,356.000000
513.000000,2731.000000,255.000000,2854.000000
3412.000000,738.000000,3157.000000,1189.000000
3361.000000,2718.000000,3600.000000,2993.000000
1820.000000,515.000000,1966.000000,626.000000
3691.000000,735.000000,3643.000000,1924.000000
2440.000000,1553.000000,2354.000000,1753.000000
1847.000000,60.000000,2005.000000,61.000000
188.000000,1043.000000,186.000000,1046.000000
1763.000000,1950.000000,2062.000000,2045.000000
2554.000000,1311.000000,2785.000000,1592.000000
3160.000000,2930.000000,3384.000000,3016.000000
1675.000000,2224.000000,1798.000000,2364.000000
1737.000000,647.000000,1800.000000,698.000000
1279.000000,2719.000000,1180.000000,2965.000000
2640.000000,770.000000,2697.000000,948.000000
2339.000000,3363.000000,2337.000000,3508.000000
2797.000000,1846.000000,3037.000000,1919.000000
1722.000000,2791.000000,1687.000000,2896.000000
2970.000000,438.000000,3012.000000,669.000000
574.000000,1460.000000,363.000000,1538.000000
2888.000000,244.000000,2970.000000,438.000000
322.000000,360.000000,210.000000,517.000000
3202.000000,188.000000,2888.000000,244.000000
1440.000000,234.000000,1304.000000,339.000000
1245.000000,1408.000000,998.000000,1480.000000
740.000000,3303.000000,916.000000,3415.000000
137.000000,1006.000000,186.000000,1046.000000
455.000000,44.000000,116.000000,127.000000
2887.000000,105.000000,2888.000000,244.000000
1210.000000,1995.000000,909.000000,2028.000000
3000.000000,3500.000000,2992.000000,3540.000000
210.000000,517.000000,370.000000,601.000000
188.000000,2150.000000,172.000000,2156.000000
516.000000,3037.000000,740.000000,3303.000000
3683.000000,912.000000,3610.000000,1803.000000
3184.000000,2745.000000,3159.000000,2827.000000
647.000000,1228.000000,574.000000,1460.000000
2479.000000,1869.000000,2502.000000,2134.000000
996.000000,2785.000000,1016.000000,3033.000000
2255.000000,7.000000,2005.000000,61.000000
2045.000000,3318.000000,2122.000000,3414.000000
1414.000000,2173.000000,1113.000000,2605.000000
2785.000000,1592.000000,3071.000000,1737.000000
1393.000000,119.000000,1440.000000,234.000000
