POINTS
675.000000,3.000000
2476.000000,12.000000
1924.000000,16.000000
2613.000000,17.000000
1563.000000,20.000000
1951.000000,46.000000
2669.000000,60.000000
2835.000000,100.000000
1458.000000,108.000000
1236.000000,118.000000
3545.000000,151.000000
494.000000,155.000000
520.000000,156.000000
2586.000000,159.000000
2501.000000,165.000000
1027.000000,168.000000
2892.000000,193.000000
3410.000000,193.000000
1484.000000,195.000000
3042.000000,198.000000
1298.000000,204.000000
331.000000,206.000000
1867.000000,209.000000
1774.000000,212.000000
3008.000000,225.000000
3056.000000,234.000000
1705.000000,235.000000
3048.000000,243.000000
437.000000,244.000000
1860.000000,265.000000
3135.000000,271.000000
3561.000000,309.000000
3123.000000,318.000000
2175.000000,358.000000
2929.000000,376.000000
2358.000000,383.000000
2917.000000,388.000000
3394.000000,417.000000
3368.000000,419.000000
1064.000000,423.000000
447.000000,427.000000
2467.000000,433.000000
3762.000000,454.000000
2611.000000,486.000000
3511.000000,487.000000
3202.000000,492.000000
1633.000000,524.000000
3024.000000,527.000000
129.000000,529.000000
2988.000000,531.000000
3035.000000,532.000000
1511.000000,539.000000
1929.000000,545.000000
1681.000000,565.000000
2097.000000,569.000000
1448.000000,585.000000
3055.000000,600.000000
1438.000000,601.000000
1862.000000,606.000000
355.000000,638.000000
1368.000000,644.000000
225.000000,648.000000
2127.000000,654.000000
1593.000000,675.000000
827.000000,677.000000
1940.000000,677.000000
2611.000000,692.000000
2045.000000,694.000000
1222.000000,702.000000
2408.000000,708.000000
1847.000000,730.000000
2787.000000,731.000000
3231.000000,737.000000
117.000000,767.000000
595.000000,778.000000
993.000000,788.000000
2305.000000,789.000000
360.000000,795.000000
342.000000,817.000000
2489.000000,818.000000
1213.000000,831.000000
3073.000000,849.000000
643.000000,850.000000
2351.000000,857.000000
636.000000,868.000000
2863.000000,880.000000
1549.000000,884.000000
1548.000000,886.000000
1478.000000,923.000000
693.000000,933.000000
679.000000,934.000000
2505.000000,937.000000
1318.000000,942.000000
1978.000000,953.000000
2245.000000,961.000000
3698.000000,968.000000
1904.000000,979.000000
2647.000000,985.000000
1388.000000,1013.000000
452.000000,1034.000000
907.000000,1037.000000
3416.000000,1048.000000
2344.000000,1067.000000
2584.000000,1068.000000
2965.000000,1083.000000
2256.000000,1106.000000
413.000000,1143.000000
1129.000000,1173.000000
1765.000000,1175.000000
3530.000000,1182.000000
3057.000000,1197.000000
2874.000000,1199.000000
1570.000000,1201.000000
1951.000000,1217.000000
3066.000000,1230.000000
1410.000000,1233.000000
1172.000000,1248.000000
1786.000000,1286.000000
1231.000000,1292.000000
3422.000000,1298.000000
1466.000000,1302.000000
1602.000000,1303.000000
506.000000,1315.000000
632.000000,1324.000000
1316.000000,1329.000000
912.000000,1331.000000
701.000000,1342.000000
2683.000000,1346.000000
1207.000000,1347.000000
2998.000000,1347.000000
2888.000000,1350.000000
668.000000,1360.000000
1020.000000,1362.000000
1102.000000,1383.000000
1311.000000,1388.000000
2803.000000,1388.000000
1436.000000,1412.000000
2160.000000,1414.000000
2142.000000,1416.000000
1996.000000,1422.000000
2341.000000,1434.000000
149.000000,1440.000000
1203.000000,1447.000000
1296.000000,1461.000000
207.000000,1462.000000
2967.000000,1470.000000
166.000000,1475.000000
1397.000000,1478.000000
38.000000,1485.000000
1007.000000,1492.000000
272.000000,1493.000000
2841.000000,1496.000000
2336.000000,1501.000000
2783.000000,1508.000000
1751.000000,1523.000000
2843.000000,1525.000000
1146.000000,1532.000000
82.000000,1537.000000
3809.000000,1548.000000
800.000000,1559.000000
1486.000000,1563.000000
2335.000000,1572.000000
2228.000000,1575.000000
1187.000000,1577.000000
2986.000000,1578.000000
3231.000000,1601.000000
1498.000000,1641.000000
3754.000000,1671.000000
1967.000000,1683.000000
3325.000000,1690.000000
3441.000000,1693.000000
1114.000000,1708.000000
1980.000000,1712.000000
3264.000000,1732.000000
3385.000000,1732.000000
3718.000000,1742.000000
869.000000,1754.000000
3066.000000,1759.000000
2026.000000,1777.000000
1589.000000,1787.000000
2333.000000,1792.000000
1575.000000,1834.000000
1741.000000,1837.000000
2259.000000,1837.000000
2911.000000,1864.000000
1955.000000,1869.000000
2826.000000,1870.000000
3674.000000,1885.000000
3309.000000,1888.000000
2203.000000,1905.000000
2340.000000,1911.000000
906.000000,1915.000000
1926.000000,1923.000000
1608.000000,1929.000000
3799.000000,1930.000000
866.000000,1935.000000
3183.000000,1953.000000
362.000000,1986.000000
2925.000000,1990.000000
2889.000000,2024.000000
151.000000,2025.000000
3644.000000,2051.000000
110.000000,2057.000000
2831.000000,2069.000000
2077.000000,2074.000000
3509.000000,2075.000000
2178.000000,2077.000000
1343.000000,2093.000000
2889.000000,2095.000000
2131.000000,2123.000000
2491.000000,2125.000000
2001.000000,2134.000000
1547.000000,2139.000000
2050.000000,2152.000000
1192.000000,2158.000000
85.000000,2171.000000
3266.000000,2172.000000
44.000000,2185.000000
3180.000000,2204.000000
593.000000,2222.000000
3311.000000,2222.000000
3017.000000,2228.000000
3243.000000,2228.000000
957.000000,2284.000000
260.000000,2289.000000
3290.000000,2291.000000
2893.000000,2297.000000
3477.000000,2312.000000
391.000000,2318.000000
2159.000000,2321.000000
3528.000000,2333.000000
460.000000,2336.000000
3020.000000,2343.000000
2731.000000,2347.000000
2973.000000,2351.000000
1054.000000,2354.000000
2876.000000,2363.000000
2934.000000,2396.000000
703.000000,2405.000000
1138.000000,2428.000000
1463.000000,2430.000000
1130.000000,2454.000000
2991.000000,2455.000000
3022.000000,2456.000000
1161.000000,2461.000000
2432.000000,2477.000000
1760.000000,2488.000000
2516.000000,2501.000000
645.000000,2507.000000
1227.000000,2518.000000
2248.000000,2534.000000
891.000000,2542.000000
731.000000,2551.000000
3445.000000,2551.000000
1209.000000,2553.000000
3320.000000,2569.000000
1805.000000,2570.000000
43.000000,2573.000000
742.000000,2610.000000
3296.000000,2620.000000
735.000000,2622.000000
2838.000000,2645.000000
388.000000,2646.000000
3586.000000,2653.000000
1131.000000,2656.000000
1565.000000,2660.000000
2879.000000,2661.000000
177.000000,2665.000000
2781.000000,2683.000000
3409.000000,2691.000000
3179.000000,2699.000000
2424.000000,2704.000000
460.000000,2739.000000
209.000000,2746.000000
3105.000000,2749.000000
3419.000000,2768.000000
1593.000000,2769.000000
2558.000000,2771.000000
3558.000000,2782.000000
3223.000000,2787.000000
1134.000000,2792.000000
704.000000,2799.000000
1918.000000,2799.000000
2766.000000,2809.000000
1908.000000,2819.000000
2415.000000,2819.000000
1774.000000,2836.000000
3610.000000,2837.000000
653.000000,2856.000000
1238.000000,2859.000000
941.000000,2861.000000
1702.000000,2874.000000
2725.000000,2880.000000
699.000000,2881.000000
3650.000000,2882.000000
2288.000000,2947.000000
1680.000000,2976.000000
608.000000,2983.000000
3609.000000,2983.000000
2917.000000,2992.000000
913.000000,2996.000000
3577.000000,3002.000000
1892.000000,3007.000000
3373.000000,3011.000000
2150.000000,3025.000000
1951.000000,3030.000000
3439.000000,3033.000000
2163.000000,3035.000000
2141.000000,3040.000000
146.000000,3041.000000
2521.000000,3061.000000
3650.000000,3067.000000
761.000000,3094.000000
2971.000000,3102.000000
651.000000,3110.000000
785.000000,3110.000000
2661.000000,3111.000000
3085.000000,3126.000000
1718.000000,3145.000000
1135.000000,3151.000000
1533.000000,3158.000000
3372.000000,3166.000000
434.000000,3167.000000
222.000000,3173.000000
437.000000,3178.000000
654.000000,3180.000000
2525.000000,3186.000000
206.000000,3187.000000
3502.000000,3189.000000
2222.000000,3206.000000
2780.000000,3223.000000
3435.000000,3225.000000
1757.000000,3246.000000
3390.000000,3264.000000
1827.000000,3284.000000
1252.000000,3285.000000
3199.000000,3313.000000
373.000000,3315.000000
1423.000000,3316.000000
2309.000000,3325.000000
2031.000000,3340.000000
256.000000,3352.000000
69.000000,3358.000000
3627.000000,3360.000000
1330.000000,3367.000000
3521.000000,3382.000000
801.000000,3424.000000
1823.000000,3425.000000
2001.000000,3425.000000
2062.000000,3436.000000
3776.000000,3451.000000
1950.000000,3457.000000
3690.000000,3459.000000
2402.000000,3471.000000
3186.000000,3486.000000
2750.000000,3493.000000
514.000000,3507.000000
3255.000000,3512.000000
3320.000000,3517.000000
2056.000000,3528.000000
3510.000000,3540.000000
2471.000000,3544.000000
68.000000,3548.000000
248.000000,3557.000000
2748.000000,3566.000000
3499.000000,3592.000000
442.000000,3606.000000
2500.000000,3610.000000
1716.000000,3626.000000
62.000000,3667.000000
921.000000,3676.000000
2487.000000,3701.000000
1862.000000,3709.000000
2601.000000,3713.000000
3435.000000,3717.000000
3338.000000,3721.000000
1799.000000,3738.000000
1035.000000,3765.000000
2286.000000,3770.000000
22.000000,3780.000000
2902.000000,3796.000000
LINES
3290.000000,2291.000000,3477.000000,2312.000000
2142.000000,1416.000000,1996.000000,1422.000000
2248.000000,2534.000000,2424.000000,2704.000000
1904.000000,979.000000,1786.000000,1286.000000
2341.000000,1434.000000,2340.000000,1911.000000
3255.000000,3512.000000,3320.000000,3517.000000
2971.000000,3102.000000,3199.000000,3313.000000
1511.000000,539.000000,1593.000000,675.000000
3609.000000,2983.000000,3577.000000,3002.000000
2203.000000,1905.000000,2491.000000,2125.000000
3445.000000,2551.000000,3320.000000,2569.000000
1593.000000,2769.000000,1238.000000,2859.000000
693.000000,933.000000,413.000000,1143.000000
3231.000000,1601.000000,3066.000000,1759.000000
2917.000000,388.000000,2787.000000,731.000000
3419.000000,2768.000000,3558.000000,2782.000000
1423.000000,3316.000000,1330.000000,3367.000000
2874.000000,1199.000000,2888.000000,1350.000000
2889.000000,2095.000000,3017.000000,2228.000000
1368.000000,644.000000,1593.000000,675.000000
3435.000000,3717.000000,3338.000000,3721.000000
2525.000000,3186.000000,2750.000000,3493.000000
3231.000000,737.000000,3066.000000,1230.000000
3762.000000,454.000000,3511.000000,487.000000
1498.000000,1641.000000,1114.000000,1708.000000
2309.000000,3325.000000,2402.000000,3471.000000
1549.000000,884.000000,1318.000000,942.000000
3368.000000,419.000000,3231.000000,737.000000
785.000000,3110.000000,1035.000000,3765.000000
1231.000000,1292.000000,1296.000000,1461.000000
869.000000,1754.000000,906.000000,1915.000000
608.000000,2983.000000,651.000000,3110.000000
3290.000000,2291.000000,3020.000000,2343.000000
2925.000000,1990.000000,3243.000000,2228.000000
957.000000,2284.000000,645.000000,2507.000000
1463.000000,2430.000000,1565.000000,2660.000000
957.000000,2284.000000,1054.000000,2354.000000
1484.000000,195.000000,1064.000000,423.000000
2925.000000,1990.000000,2889.000000,2024.000000
3296.000000,2620.000000,3409.000000,2691.000000
1466.000000,1302.000000,1602.000000,1303.000000
1593.000000,675.000000,1847.000000,730.000000
1950.000000,3457.000000,1716.000000,3626.000000
1702.000000,2874.000000,1680.000000,2976.000000
1486.000000,1563.000000,1498.000000,1641.000000
3441.000000,1693.000000,3309.000000,1888.000000
355.000000,638.000000,360.000000,795.000000
1996.000000,1422.000000,1751.000000,1523.000000
1296.000000,1461.000000,1146.000000,1532.000000
3521.000000,3382.000000,3690.000000,3459.000000
1463.000000,2430.000000,1227.000000,2518.000000
272.000000,1493.000000,82.000000,1537.000000
2647.000000,985.000000,2874.000000,1199.000000
1681.000000,565.000000,1862.000000,606.000000
1951.000000,1217.000000,2341.000000,1434.000000
1940.000000,677.000000,1847.000000,730.000000
1397.000000,1478.000000,1187.000000,1577.000000
1007.000000,1492.000000,800.000000,1559.000000
2750.000000,3493.000000,2500.000000,3610.000000
43.000000,2573.000000,146.000000,3041.000000
1565.000000,2660.000000,1238.000000,2859.000000
1343.000000,2093.000000,1463.000000,2430.000000
44.000000,2185.000000,22.000000,3780.000000
653.000000,2856.000000,699.000000,2881.000000
1967.000000,1683.000000,1955.000000,1869.000000
3264.000000,1732.000000,3183.000000,1953.000000
506.000000,1315.000000,869.000000,1754.000000
2934.000000,2396.000000,3022.000000,2456.000000
1926.000000,1923.000000,1547.000000,2139.000000
891.000000,2542.000000,731.000000,2551.000000
1410.000000,1233.000000,1316.000000,1329.000000
1236.000000,118.000000,1027.000000,168.000000
3644.000000,2051.000000,3528.000000,2333.000000
2142.000000,1416.000000,2228.000000,1575.000000
1035.000000,3765.000000,22.000000,3780.000000
3325.000000,1690.000000,3441.000000,1693.000000
1929.000000,545.000000,1681.000000,565.000000
2336.000000,1501.000000,2335.000000,1572.000000
2062.000000,3436.000000,2402.000000,3471.000000
1751.000000,1523.000000,1967.000000,1683.000000
3530.000000,1182.000000,3441.000000,1693.000000
651.000000,3110.000000,654.000000,3180.000000
3231.000000,1601.000000,3264.000000,1732.000000
869.000000,1754.000000,593.000000,2222.000000
2336.000000,1501.000000,2340.000000,1911.000000
2358.000000,383.000000,2097.000000,569.000000
3199.000000,3313.000000,3255.000000,3512.000000
1213.000000,831.000000,1129.000000,1173.000000
1231.000000,1292.000000,1207.000000,1347.000000
3416.000000,1048.000000,3530.000000,1182.000000
413.000000,1143.000000,506.000000,1315.000000
1547.000000,2139.000000,1760.000000,2488.000000
2991.000000,2455.000000,2879.000000,2661.000000
1330.000000,3367.000000,1799.000000,3738.000000
1466.000000,1302.000000,1436.000000,1412.000000
1388.000000,1013.000000,1570.000000,1201.000000
1146.000000,1532.000000,1187.000000,1577.000000
506.000000,1315.000000,151.000000,2025.000000
3024.000000,527.000000,2988.000000,531.000000
761.000000,3094.000000,785.000000,3110.000000
3528.000000,2333.000000,3650.000000,2882.000000
442.000000,3606.000000,1035.000000,3765.000000
110.000000,2057.000000,44.000000,2185.000000
608.000000,2983.000000,654.000000,3180.000000
1064.000000,423.000000,827.000000,677.000000
2045.000000,694.000000,2245.000000,961.000000
2911.000000,1864.000000,2826.000000,1870.000000
3445.000000,2551.000000,3586.000000,2653.000000
3066.000000,1759.000000,2826.000000,1870.000000
3186.000000,3486.000000,3255.000000,3512.000000
3180.000000,2204.000000,3243.000000,2228.000000
2062.000000,3436.000000,2056.000000,3528.000000
1563.000000,20.000000,1458.000000,108.000000
1330.000000,3367.000000,1035.000000,3765.000000
913.000000,2996.000000,761.000000,3094.000000
675.000000,3.000000,1236.000000,118.000000
2889.000000,2024.000000,2889.000000,2095.000000
3509.000000,2075.000000,3528.000000,2333.000000
2917.000000,2992.000000,2661.000000,3111.000000
2163.000000,3035.000000,2309.000000,3325.000000
1892.000000,3007.000000,1951.000000,3030.000000
1718.000000,3145.000000,1827.000000,3284.000000
1951.000000,46.000000,1867.000000,209.000000
151.000000,2025.000000,110.000000,2057.000000
3008.000000,225.000000,2929.000000,376.000000
68.000000,3548.000000,62.000000,3667.000000
3627.000000,3360.000000,3690.000000,3459.000000
3073.000000,849.000000,2965.000000,1083.000000
1064.000000,423.000000,355.000000,638.000000
442.000000,3606.000000,62.000000,3667.000000
3528.000000,2333.000000,3445.000000,2551.000000
3290.000000,2291.000000,3445.000000,2551.000000
632.000000,1324.000000,912.000000,1331.000000
3255.000000,3512.000000,3338.000000,3721.000000
2601.000000,3713.000000,2902.000000,3796.000000
2893.000000,2297.000000,2973.000000,2351.000000
3073.000000,849.000000,2863.000000,880.000000
675.000000,3.000000,2476.000000,12.000000
643.000000,850.000000,693.000000,933.000000
1368.000000,644.000000,1213.000000,831.000000
2892.000000,193.000000,2611.000000,486.000000
1929.000000,545.000000,2045.000000,694.000000
3435.000000,3717.000000,2902.000000,3796.000000
2333.000000,1792.000000,2340.000000,1911.000000
1955.000000,1869.000000,1926.000000,1923.000000
2031.000000,3340.000000,2001.000000,3425.000000
1847.000000,730.000000,1549.000000,884.000000
3799.000000,1930.000000,3528.000000,2333.000000
593.000000,2222.000000,957.000000,2284.000000
1438.000000,601.000000,1222.000000,702.000000
1054.000000,2354.000000,1463.000000,2430.000000
3309.000000,1888.000000,3243.000000,2228.000000
2026.000000,1777.000000,2203.000000,1905.000000
2432.000000,2477.000000,2248.000000,2534.000000
1929.000000,545.000000,1862.000000,606.000000
2525.000000,3186.000000,2309.000000,3325.000000
3644.000000,2051.000000,3509.000000,2075.000000
437.000000,3178.000000,654.000000,3180.000000
1904.000000,979.000000,1765.000000,1175.000000
3264.000000,1732.000000,3066.000000,1759.000000
3558.000000,2782.000000,3577.000000,3002.000000
742.000000,2610.000000,735.000000,2622.000000
3135.000000,271.000000,3123.000000,318.000000
129.000000,529.000000,38.000000,1485.000000
2986.000000,1578.000000,2826.000000,1870.000000
3577.000000,3002.000000,3502.000000,3189.000000
1633.000000,524.000000,1593.000000,675.000000
3650.000000,3067.000000,3627.000000,3360.000000
2803.000000,1388.000000,2841.000000,1496.000000
1918.000000,2799.000000,1774.000000,2836.000000
801.000000,3424.000000,514.000000,3507.000000
1318.000000,942.000000,1129.000000,1173.000000
1967.000000,1683.000000,2259.000000,1837.000000
1172.000000,1248.000000,1203.000000,1447.000000
1236.000000,118.000000,1484.000000,195.000000
248.000000,3557.000000,62.000000,3667.000000
1252.000000,3285.000000,1330.000000,3367.000000
2501.000000,165.000000,2467.000000,433.000000
1227.000000,2518.000000,1209.000000,2553.000000
595.000000,778.000000,360.000000,795.000000
2965.000000,1083.000000,2874.000000,1199.000000
1918.000000,2799.000000,1951.000000,3030.000000
993.000000,788.000000,907.000000,1037.000000
3066.000000,1230.000000,2986.000000,1578.000000
506.000000,1315.000000,272.000000,1493.000000
460.000000,2336.000000,43.000000,2573.000000
2586.000000,159.000000,2501.000000,165.000000
1054.000000,2354.000000,1138.000000,2428.000000
3199.000000,3313.000000,3186.000000,3486.000000
1716.000000,3626.000000,1799.000000,3738.000000
1751.000000,1523.000000,1589.000000,1787.000000
2160.000000,1414.000000,2228.000000,1575.000000
3545.000000,151.000000,3762.000000,454.000000
3627.000000,3360.000000,3521.000000,3382.000000
146.000000,3041.000000,206.000000,3187.000000
3776.000000,3451.000000,3690.000000,3459.000000
2611.000000,692.000000,2647.000000,985.000000
1757.000000,3246.000000,1823.000000,3425.000000
3394.000000,417.000000,3511.000000,487.000000
3809.000000,1548.000000,3674.000000,1885.000000
1951.000000,46.000000,2358.000000,383.000000
699.000000,2881.000000,608.000000,2983.000000
2222.000000,3206.000000,2309.000000,3325.000000
2911.000000,1864.000000,2925.000000,1990.000000
3296.000000,2620.000000,3179.000000,2699.000000
2558.000000,2771.000000,2521.000000,3061.000000
1129.000000,1173.000000,1172.000000,1248.000000
3799.000000,1930.000000,3644.000000,2051.000000
1926.000000,1923.000000,2001.000000,2134.000000
2892.000000,193.000000,2917.000000,388.000000
2783.000000,1508.000000,2826.000000,1870.000000
1716.000000,3626.000000,1862.000000,3709.000000
3416.000000,1048.000000,3422.000000,1298.000000
827.000000,677.000000,643.000000,850.000000
3558.000000,2782.000000,3085.000000,3126.000000
447.000000,427.000000,129.000000,529.000000
2731.000000,2347.000000,2516.000000,2501.000000
3586.000000,2653.000000,3650.000000,2882.000000
3183.000000,1953.000000,2925.000000,1990.000000
260.000000,2289.000000,460.000000,2336.000000
3754.000000,1671.000000,3718.000000,1742.000000
1134.000000,2792.000000,704.000000,2799.000000
3561.000000,309.000000,3511.000000,487.000000
1548.000000,886.000000,1570.000000,1201.000000
3179.000000,2699.000000,3223.000000,2787.000000
693.000000,933.000000,907.000000,1037.000000
2358.000000,383.000000,2467.000000,433.000000
1718.000000,3145.000000,1757.000000,3246.000000
3502.000000,3189.000000,3390.000000,3264.000000
452.000000,1034.000000,413.000000,1143.000000
869.000000,1754.000000,151.000000,2025.000000
1862.000000,3709.000000,2286.000000,3770.000000
1318.000000,942.000000,1231.000000,1292.000000
1064.000000,423.000000,1448.000000,585.000000
3577.000000,3002.000000,3373.000000,3011.000000
2160.000000,1414.000000,2336.000000,1501.000000
3042.000000,198.000000,3135.000000,271.000000
2893.000000,2297.000000,2876.000000,2363.000000
2501.000000,165.000000,2611.000000,486.000000
3690.000000,3459.000000,3510.000000,3540.000000
2613.000000,17.000000,3545.000000,151.000000
437.000000,3178.000000,514.000000,3507.000000
653.000000,2856.000000,608.000000,2983.000000
2879.000000,2661.000000,2766.000000,2809.000000
2288.000000,2947.000000,2150.000000,3025.000000
3202.000000,492.000000,3055.000000,600.000000
129.000000,529.000000,355.000000,638.000000
1786.000000,1286.000000,1751.000000,1523.000000
699.000000,2881.000000,913.000000,2996.000000
912.000000,1331.000000,1020.000000,1362.000000
2335.000000,1572.000000,2228.000000,1575.000000
362.000000,1986.000000,593.000000,2222.000000
1236.000000,118.000000,1298.000000,204.000000
110.000000,2057.000000,85.000000,2171.000000
703.000000,2405.000000,645.000000,2507.000000
906.000000,1915.000000,866.000000,1935.000000
3698.000000,968.000000,3809.000000,1548.000000
2998.000000,1347.000000,2888.000000,1350.000000
2967.000000,1470.000000,2841.000000,1496.000000
3320.000000,2569.000000,3296.000000,2620.000000
3017.000000,2228.000000,3020.000000,2343.000000
2476.000000,12.000000,2586.000000,159.000000
1064.000000,423.000000,1222.000000,702.000000
1633.000000,524.000000,1681.000000,565.000000
1589.000000,1787.000000,1575.000000,1834.000000
2780.000000,3223.000000,3186.000000,3486.000000
2892.000000,193.000000,3008.000000,225.000000
69.000000,3358.000000,442.000000,3606.000000
3042.000000,198.000000,3368.000000,419.000000
2489.000000,818.000000,2505.000000,937.000000
2965.000000,1083.000000,3057.000000,1197.000000
3610.000000,2837.000000,3577.000000,3002.000000
2131.000000,2123.000000,2491.000000,2125.000000
3073.000000,849.000000,3066.000000,1230.000000
1967.000000,1683.000000,1980.000000,1712.000000
3231.000000,737.000000,3073.000000,849.000000
1438.000000,601.000000,1368.000000,644.000000
43.000000,2573.000000,69.000000,3358.000000
3799.000000,1930.000000,3650.000000,2882.000000
1238.000000,2859.000000,941.000000,2861.000000
2893.000000,2297.000000,2934.000000,2396.000000
1565.000000,2660.000000,1774.000000,2836.000000
2127.000000,654.000000,2045.000000,694.000000
1172.000000,1248.000000,1207.000000,1347.000000
2669.000000,60.000000,2586.000000,159.000000
3762.000000,454.000000,3698.000000,968.000000
2892.000000,193.000000,2929.000000,376.000000
1203.000000,1447.000000,1146.000000,1532.000000
3290.000000,2291.000000,3320.000000,2569.000000
3008.000000,225.000000,3056.000000,234.000000
3022.000000,2456.000000,3179.000000,2699.000000
699.000000,2881.000000,761.000000,3094.000000
1187.000000,1577.000000,1114.000000,1708.000000
1741.000000,1837.000000,1955.000000,1869.000000
222.000000,3173.000000,206.000000,3187.000000
1860.000000,265.000000,1929.000000,545.000000
3650.000000,3067.000000,3776.000000,3451.000000
1950.000000,3457.000000,2056.000000,3528.000000
2489.000000,818.000000,2256.000000,1106.000000
3320.000000,3517.000000,3435.000000,3717.000000
1862.000000,606.000000,1940.000000,677.000000
3231.000000,1601.000000,3325.000000,1690.000000
2127.000000,654.000000,2408.000000,708.000000
891.000000,2542.000000,1131.000000,2656.000000
866.000000,1935.000000,593.000000,2222.000000
1827.000000,3284.000000,1823.000000,3425.000000
2787.000000,731.000000,2863.000000,880.000000
2971.000000,3102.000000,2661.000000,3111.000000
1436.000000,1412.000000,1296.000000,1461.000000
2892.000000,193.000000,2787.000000,731.000000
2305.000000,789.000000,2489.000000,818.000000
3243.000000,2228.000000,3290.000000,2291.000000
1765.000000,1175.000000,1786.000000,1286.000000
3441.000000,1693.000000,3674.000000,1885.000000
3368.000000,419.000000,3511.000000,487.000000
2305.000000,789.000000,2351.000000,857.000000
207.000000,1462.000000,38.000000,1485.000000
2056.000000,3528.000000,1862.000000,3709.000000
1926.000000,1923.000000,1608.000000,1929.000000
3135.000000,271.000000,3368.000000,419.000000
1343.000000,2093.000000,1192.000000,2158.000000
1589.000000,1787.000000,1741.000000,1837.000000
801.000000,3424.000000,921.000000,3676.000000
2613.000000,17.000000,2669.000000,60.000000
704.000000,2799.000000,941.000000,2861.000000
2141.000000,3040.000000,1827.000000,3284.000000
2309.000000,3325.000000,2750.000000,3493.000000
735.000000,2622.000000,704.000000,2799.000000
3008.000000,225.000000,3123.000000,318.000000
3799.000000,1930.000000,3776.000000,3451.000000
2228.000000,1575.000000,2259.000000,1837.000000
2973.000000,2351.000000,3022.000000,2456.000000
1978.000000,953.000000,1904.000000,979.000000
2471.000000,3544.000000,2500.000000,3610.000000
1924.000000,16.000000,1951.000000,46.000000
362.000000,1986.000000,151.000000,2025.000000
494.000000,155.000000,520.000000,156.000000
3066.000000,1230.000000,3066.000000,1759.000000
2780.000000,3223.000000,2750.000000,3493.000000
2141.000000,3040.000000,2031.000000,3340.000000
3372.000000,3166.000000,3502.000000,3189.000000
2415.000000,2819.000000,2288.000000,2947.000000
68.000000,3548.000000,22.000000,3780.000000
85.000000,2171.000000,44.000000,2185.000000
207.000000,1462.000000,166.000000,1475.000000
209.000000,2746.000000,222.000000,3173.000000
207.000000,1462.000000,82.000000,1537.000000
2781.000000,2683.000000,2725.000000,2880.000000
1786.000000,1286.000000,1996.000000,1422.000000
3309.000000,1888.000000,3183.000000,1953.000000
3545.000000,151.000000,3561.000000,309.000000
1172.000000,1248.000000,1231.000000,1292.000000
2001.000000,2134.000000,2050.000000,2152.000000
1368.000000,644.000000,1222.000000,702.000000
761.000000,3094.000000,801.000000,3424.000000
645.000000,2507.000000,891.000000,2542.000000
342.000000,817.000000,636.000000,868.000000
1565.000000,2660.000000,1593.000000,2769.000000
1608.000000,1929.000000,1547.000000,2139.000000
2500.000000,3610.000000,2487.000000,3701.000000
1929.000000,545.000000,1940.000000,677.000000
1135.000000,3151.000000,1533.000000,3158.000000
3325.000000,1690.000000,3264.000000,1732.000000
1847.000000,730.000000,1548.000000,886.000000
3435.000000,3225.000000,3390.000000,3264.000000
1296.000000,1461.000000,1397.000000,1478.000000
2045.000000,694.000000,1978.000000,953.000000
1227.000000,2518.000000,1131.000000,2656.000000
2150.000000,3025.000000,1951.000000,3030.000000
1397.000000,1478.000000,1498.000000,1641.000000
2131.000000,2123.000000,2050.000000,2152.000000
3264.000000,1732.000000,3385.000000,1732.000000
3502.000000,3189.000000,3435.000000,3225.000000
177.000000,2665.000000,209.000000,2746.000000
2731.000000,2347.000000,2838.000000,2645.000000
2892.000000,193.000000,3042.000000,198.000000
1760.000000,2488.000000,1805.000000,2570.000000
38.000000,1485.000000,44.000000,2185.000000
1718.000000,3145.000000,1533.000000,3158.000000
957.000000,2284.000000,703.000000,2405.000000
2097.000000,569.000000,2045.000000,694.000000
2150.000000,3025.000000,2163.000000,3035.000000
3441.000000,1693.000000,3509.000000,2075.000000
2222.000000,3206.000000,2031.000000,3340.000000
3409.000000,2691.000000,3419.000000,2768.000000
3441.000000,1693.000000,3718.000000,1742.000000
146.000000,3041.000000,69.000000,3358.000000
906.000000,1915.000000,1343.000000,2093.000000
2613.000000,17.000000,3410.000000,193.000000
2050.000000,2152.000000,2248.000000,2534.000000
2838.000000,2645.000000,2558.000000,2771.000000
2973.000000,2351.000000,2934.000000,2396.000000
3441.000000,1693.000000,3385.000000,1732.000000
1114.000000,1708.000000,869.000000,1754.000000
866.000000,1935.000000,957.000000,2284.000000
1311.000000,1388.000000,1296.000000,1461.000000
1918.000000,2799.000000,2288.000000,2947.000000
225.000000,648.000000,360.000000,795.000000
993.000000,788.000000,693.000000,933.000000
993.000000,788.000000,1213.000000,831.000000
3290.000000,2291.000000,3528.000000,2333.000000
941.000000,2861.000000,913.000000,2996.000000
1951.000000,3030.000000,1827.000000,3284.000000
2879.000000,2661.000000,2917.000000,2992.000000
2647.000000,985.000000,2584.000000,1068.000000
3610.000000,2837.000000,3650.000000,2882.000000
2611.000000,692.000000,2489.000000,818.000000
3020.000000,2343.000000,3022.000000,2456.000000
2888.000000,1350.000000,2803.000000,1388.000000
2783.000000,1508.000000,2831.000000,2069.000000
85.000000,2171.000000,391.000000,2318.000000
2876.000000,2363.000000,2991.000000,2455.000000
2661.000000,3111.000000,2525.000000,3186.000000
3409.000000,2691.000000,3223.000000,2787.000000
3105.000000,2749.000000,3223.000000,2787.000000
1138.000000,2428.000000,1161.000000,2461.000000
2487.000000,3701.000000,2286.000000,3770.000000
1027.000000,168.000000,1064.000000,423.000000
693.000000,933.000000,912.000000,1331.000000
1316.000000,1329.000000,1311.000000,1388.000000
2835.000000,100.000000,2892.000000,193.000000
1760.000000,2488.000000,2248.000000,2534.000000
800.000000,1559.000000,869.000000,1754.000000
1484.000000,195.000000,1298.000000,204.000000
225.000000,648.000000,117.000000,767.000000
3409.000000,2691.000000,3558.000000,2782.000000
1548.000000,886.000000,1765.000000,1175.000000
460.000000,2336.000000,388.000000,2646.000000
2077.000000,2074.000000,2131.000000,2123.000000
3320.000000,2569.000000,3409.000000,2691.000000
2611.000000,692.000000,2505.000000,937.000000
2127.000000,654.000000,2305.000000,789.000000
2831.000000,2069.000000,2731.000000,2347.000000
2889.000000,2024.000000,2831.000000,2069.000000
3509.000000,2075.000000,3290.000000,2291.000000
3530.000000,1182.000000,3718.000000,1742.000000
2831.000000,2069.000000,2889.000000,2095.000000
2288.000000,2947.000000,2525.000000,3186.000000
1548.000000,886.000000,1478.000000,923.000000
248.000000,3557.000000,442.000000,3606.000000
1867.000000,209.000000,2097.000000,569.000000
1593.000000,2769.000000,1702.000000,2874.000000
68.000000,3548.000000,248.000000,3557.000000
1996.000000,1422.000000,2228.000000,1575.000000
913.000000,2996.000000,785.000000,3110.000000
209.000000,2746.000000,146.000000,3041.000000
3105.000000,2749.000000,2917.000000,2992.000000
2971.000000,3102.000000,2780.000000,3223.000000
1498.000000,1641.000000,1589.000000,1787.000000
2750.000000,3493.000000,2471.000000,3544.000000
3048.000000,243.000000,3123.000000,318.000000
2245.000000,961.000000,2256.000000,1106.000000
3561.000000,309.000000,3762.000000,454.000000
1924.000000,16.000000,2358.000000,383.000000
3066.000000,1230.000000,3231.000000,1601.000000
2178.000000,2077.000000,2131.000000,2123.000000
679.000000,934.000000,452.000000,1034.000000
206.000000,3187.000000,256.000000,3352.000000
1318.000000,942.000000,1388.000000,1013.000000
2911.000000,1864.000000,3183.000000,1953.000000
1575.000000,1834.000000,1608.000000,1929.000000
3123.000000,318.000000,3024.000000,527.000000
2160.000000,1414.000000,2142.000000,1416.000000
69.000000,3358.000000,248.000000,3557.000000
1805.000000,2570.000000,2288.000000,2947.000000
69.000000,3358.000000,68.000000,3548.000000
668.000000,1360.000000,800.000000,1559.000000
1368.000000,644.000000,1318.000000,942.000000
3296.000000,2620.000000,3223.000000,2787.000000
891.000000,2542.000000,704.000000,2799.000000
2783.000000,1508.000000,2986.000000,1578.000000
693.000000,933.000000,452.000000,1034.000000
2971.000000,3102.000000,3085.000000,3126.000000
2838.000000,2645.000000,2879.000000,2661.000000
3338.000000,3721.000000,2902.000000,3796.000000
1680.000000,2976.000000,1533.000000,3158.000000
1209.000000,2553.000000,1131.000000,2656.000000
2501.000000,165.000000,2358.000000,383.000000
1007.000000,1492.000000,869.000000,1754.000000
1135.000000,3151.000000,1252.000000,3285.000000
2248.000000,2534.000000,2558.000000,2771.000000
2062.000000,3436.000000,2286.000000,3770.000000
44.000000,2185.000000,260.000000,2289.000000
632.000000,1324.000000,668.000000,1360.000000
2467.000000,433.000000,2408.000000,708.000000
3179.000000,2699.000000,3105.000000,2749.000000
1705.000000,235.000000,1681.000000,565.000000
2893.000000,2297.000000,2731.000000,2347.000000
891.000000,2542.000000,1134.000000,2792.000000
1458.000000,108.000000,1236.000000,118.000000
1209.000000,2553.000000,1238.000000,2859.000000
1484.000000,195.000000,1511.000000,539.000000
2826.000000,1870.000000,2925.000000,1990.000000
2831.000000,2069.000000,3017.000000,2228.000000
891.000000,2542.000000,742.000000,2610.000000
2288.000000,2947.000000,2521.000000,3061.000000
1951.000000,1217.000000,2160.000000,1414.000000
1131.000000,2656.000000,1238.000000,2859.000000
520.000000,156.000000,1027.000000,168.000000
2988.000000,531.000000,3073.000000,849.000000
827.000000,677.000000,595.000000,778.000000
2521.000000,3061.000000,2661.000000,3111.000000
2467.000000,433.000000,2611.000000,486.000000
373.000000,3315.000000,514.000000,3507.000000
2929.000000,376.000000,3024.000000,527.000000
3020.000000,2343.000000,2973.000000,2351.000000
355.000000,638.000000,827.000000,677.000000
3558.000000,2782.000000,3373.000000,3011.000000
225.000000,648.000000,342.000000,817.000000
2358.000000,383.000000,2127.000000,654.000000
2988.000000,531.000000,3055.000000,600.000000
1563.000000,20.000000,1705.000000,235.000000
1908.000000,2819.000000,1892.000000,3007.000000
2050.000000,2152.000000,1760.000000,2488.000000
2505.000000,937.000000,2647.000000,985.000000
1138.000000,2428.000000,1463.000000,2430.000000
3509.000000,2075.000000,3266.000000,2172.000000
3042.000000,198.000000,3056.000000,234.000000
1862.000000,606.000000,1847.000000,730.000000
3390.000000,3264.000000,3199.000000,3313.000000
3048.000000,243.000000,3135.000000,271.000000
1760.000000,2488.000000,2288.000000,2947.000000
2001.000000,3425.000000,2056.000000,3528.000000
785.000000,3110.000000,1252.000000,3285.000000
3186.000000,3486.000000,2902.000000,3796.000000
1388.000000,1013.000000,1410.000000,1233.000000
362.000000,1986.000000,460.000000,2336.000000
3528.000000,2333.000000,3586.000000,2653.000000
1172.000000,1248.000000,1102.000000,1383.000000
2077.000000,2074.000000,2050.000000,2152.000000
2683.000000,1346.000000,2341.000000,1434.000000
1511.000000,539.000000,1438.000000,601.000000
1131.000000,2656.000000,1134.000000,2792.000000
2344.000000,1067.000000,2683.000000,1346.000000
3674.000000,1885.000000,3509.000000,2075.000000
1130.000000,2454.000000,1131.000000,2656.000000
1027.000000,168.000000,437.000000,244.000000
1867.000000,209.000000,1929.000000,545.000000
2516.000000,2501.000000,2558.000000,2771.000000
1978.000000,953.000000,1786.000000,1286.000000
1570.000000,1201.000000,1602.000000,1303.000000
3055.000000,600.000000,3073.000000,849.000000
1064.000000,423.000000,447.000000,427.000000
149.000000,1440.000000,207.000000,1462.000000
632.000000,1324.000000,701.000000,1342.000000
2203.000000,1905.000000,2340.000000,1911.000000
1007.000000,1492.000000,1146.000000,1532.000000
1207.000000,1347.000000,1203.000000,1447.000000
373.000000,3315.000000,256.000000,3352.000000
2725.000000,2880.000000,2521.000000,3061.000000
2256.000000,1106.000000,2341.000000,1434.000000
442.000000,3606.000000,921.000000,3676.000000
1298.000000,204.000000,1064.000000,423.000000
1978.000000,953.000000,1951.000000,1217.000000
3561.000000,309.000000,3368.000000,419.000000
1862.000000,606.000000,1593.000000,675.000000
906.000000,1915.000000,1192.000000,2158.000000
3202.000000,492.000000,3024.000000,527.000000
452.000000,1034.000000,38.000000,1485.000000
1929.000000,545.000000,2097.000000,569.000000
2831.000000,2069.000000,2893.000000,2297.000000
593.000000,2222.000000,703.000000,2405.000000
1805.000000,2570.000000,1918.000000,2799.000000
1805.000000,2570.000000,1774.000000,2836.000000
2309.000000,3325.000000,2471.000000,3544.000000
827.000000,677.000000,1222.000000,702.000000
2731.000000,2347.000000,2876.000000,2363.000000
355.000000,638.000000,595.000000,778.000000
701.000000,1342.000000,668.000000,1360.000000
43.000000,2573.000000,177.000000,2665.000000
2228.000000,1575.000000,1967.000000,1683.000000
2917.000000,2992.000000,3085.000000,3126.000000
1311.000000,1388.000000,1436.000000,1412.000000
2336.000000,1501.000000,2228.000000,1575.000000
1511.000000,539.000000,1448.000000,585.000000
3266.000000,2172.000000,3243.000000,2228.000000
22.000000,3780.000000,2902.000000,3796.000000
1799.000000,3738.000000,1035.000000,3765.000000
2351.000000,857.000000,2245.000000,961.000000
2988.000000,531.000000,2863.000000,880.000000
434.000000,3167.000000,222.000000,3173.000000
907.000000,1037.000000,912.000000,1331.000000
912.000000,1331.000000,1007.000000,1492.000000
1146.000000,1532.000000,1114.000000,1708.000000
3372.000000,3166.000000,3390.000000,3264.000000
3410.000000,193.000000,3368.000000,419.000000
1589.000000,1787.000000,1608.000000,1929.000000
2045.000000,694.000000,1847.000000,730.000000
2340.000000,1911.000000,2831.000000,2069.000000
1633.000000,524.000000,1511.000000,539.000000
2917.000000,388.000000,3024.000000,527.000000
146.000000,3041.000000,256.000000,3352.000000
3264.000000,1732.000000,3309.000000,1888.000000
1114.000000,1708.000000,1343.000000,2093.000000
2826.000000,1870.000000,2831.000000,2069.000000
260.000000,2289.000000,391.000000,2318.000000
1751.000000,1523.000000,1486.000000,1563.000000
1760.000000,2488.000000,1565.000000,2660.000000
3776.000000,3451.000000,3435.000000,3717.000000
2863.000000,880.000000,2965.000000,1083.000000
69.000000,3358.000000,22.000000,3780.000000
3499.000000,3592.000000,3435.000000,3717.000000
129.000000,529.000000,117.000000,767.000000
3521.000000,3382.000000,3510.000000,3540.000000
2340.000000,1911.000000,2491.000000,2125.000000
209.000000,2746.000000,434.000000,3167.000000
3066.000000,1230.000000,3422.000000,1298.000000
360.000000,795.000000,342.000000,817.000000
1318.000000,942.000000,1410.000000,1233.000000
129.000000,529.000000,225.000000,648.000000
2203.000000,1905.000000,2178.000000,2077.000000
3266.000000,2172.000000,3290.000000,2291.000000
3545.000000,151.000000,3410.000000,193.000000
2613.000000,17.000000,2586.000000,159.000000
1827.000000,3284.000000,1950.000000,3457.000000
1484.000000,195.000000,1448.000000,585.000000
1918.000000,2799.000000,1908.000000,2819.000000
207.000000,1462.000000,272.000000,1493.000000
38.000000,1485.000000,22.000000,3780.000000
2998.000000,1347.000000,2967.000000,1470.000000
331.000000,206.000000,437.000000,244.000000
360.000000,795.000000,636.000000,868.000000
1161.000000,2461.000000,1227.000000,2518.000000
3008.000000,225.000000,3024.000000,527.000000
2731.000000,2347.000000,2248.000000,2534.000000
3698.000000,968.000000,3416.000000,1048.000000
1316.000000,1329.000000,1436.000000,1412.000000
3674.000000,1885.000000,3799.000000,1930.000000
437.000000,3178.000000,373.000000,3315.000000
742.000000,2610.000000,704.000000,2799.000000
1967.000000,1683.000000,1741.000000,1837.000000
331.000000,206.000000,447.000000,427.000000
2831.000000,2069.000000,2491.000000,2125.000000
3057.000000,1197.000000,3066.000000,1230.000000
3561.000000,309.000000,3394.000000,417.000000
1980.000000,1712.000000,2026.000000,1777.000000
906.000000,1915.000000,957.000000,2284.000000
460.000000,2336.000000,645.000000,2507.000000
2781.000000,2683.000000,2558.000000,2771.000000
2045.000000,694.000000,2305.000000,789.000000
1760.000000,2488.000000,2415.000000,2819.000000
2525.000000,3186.000000,2780.000000,3223.000000
1547.000000,2139.000000,1463.000000,2430.000000
3008.000000,225.000000,3048.000000,243.000000
1134.000000,2792.000000,941.000000,2861.000000
1680.000000,2976.000000,1718.000000,3145.000000
1296.000000,1461.000000,1187.000000,1577.000000
3650.000000,2882.000000,3609.000000,2983.000000
1996.000000,1422.000000,1967.000000,1683.000000
2826.000000,1870.000000,2889.000000,2024.000000
2288.000000,2947.000000,2309.000000,3325.000000
3577.000000,3002.000000,3439.000000,3033.000000
1757.000000,3246.000000,1423.000000,3316.000000
2838.000000,2645.000000,2781.000000,2683.000000
2967.000000,1470.000000,2843.000000,1525.000000
413.000000,1143.000000,912.000000,1331.000000
1397.000000,1478.000000,1486.000000,1563.000000
2491.000000,2125.000000,2248.000000,2534.000000
3180.000000,2204.000000,3017.000000,2228.000000
2341.000000,1434.000000,2783.000000,1508.000000
2647.000000,985.000000,2683.000000,1346.000000
222.000000,3173.000000,256.000000,3352.000000
2731.000000,2347.000000,2558.000000,2771.000000
2159.000000,2321.000000,2248.000000,2534.000000
2344.000000,1067.000000,2256.000000,1106.000000
1926.000000,1923.000000,1760.000000,2488.000000
1823.000000,3425.000000,1950.000000,3457.000000
3509.000000,2075.000000,3477.000000,2312.000000
3056.000000,234.000000,3135.000000,271.000000
3422.000000,1298.000000,3231.000000,1601.000000
2783.000000,1508.000000,2843.000000,1525.000000
2925.000000,1990.000000,2889.000000,2095.000000
1978.000000,953.000000,2341.000000,1434.000000
3754.000000,1671.000000,3674.000000,1885.000000
1130.000000,2454.000000,1161.000000,2461.000000
1448.000000,585.000000,1438.000000,601.000000
3066.000000,1759.000000,2911.000000,1864.000000
3390.000000,3264.000000,3510.000000,3540.000000
3368.000000,419.000000,3202.000000,492.000000
2476.000000,12.000000,2613.000000,17.000000
957.000000,2284.000000,1130.000000,2454.000000
38.000000,1485.000000,110.000000,2057.000000
2150.000000,3025.000000,2222.000000,3206.000000
3762.000000,454.000000,3809.000000,1548.000000
2178.000000,2077.000000,2491.000000,2125.000000
3135.000000,271.000000,3202.000000,492.000000
2415.000000,2819.000000,2521.000000,3061.000000
1860.000000,265.000000,1681.000000,565.000000
1751.000000,1523.000000,1741.000000,1837.000000
3320.000000,3517.000000,3510.000000,3540.000000
520.000000,156.000000,437.000000,244.000000
2611.000000,692.000000,2787.000000,731.000000
3057.000000,1197.000000,2998.000000,1347.000000
2879.000000,2661.000000,2725.000000,2880.000000
608.000000,2983.000000,761.000000,3094.000000
1238.000000,2859.000000,1680.000000,2976.000000
595.000000,778.000000,636.000000,868.000000
388.000000,2646.000000,209.000000,2746.000000
2141.000000,3040.000000,2222.000000,3206.000000
166.000000,1475.000000,38.000000,1485.000000
1330.000000,3367.000000,1823.000000,3425.000000
1484.000000,195.000000,1705.000000,235.000000
1316.000000,1329.000000,1296.000000,1461.000000
1924.000000,16.000000,1774.000000,212.000000
1847.000000,730.000000,1904.000000,979.000000
1486.000000,1563.000000,1589.000000,1787.000000
1951.000000,1217.000000,1786.000000,1286.000000
2647.000000,985.000000,2965.000000,1083.000000
1138.000000,2428.000000,1227.000000,2518.000000
3231.000000,737.000000,3698.000000,968.000000
2344.000000,1067.000000,2341.000000,1434.000000
907.000000,1037.000000,1129.000000,1173.000000
82.000000,1537.000000,110.000000,2057.000000
1799.000000,3738.000000,2286.000000,3770.000000
342.000000,817.000000,452.000000,1034.000000
913.000000,2996.000000,1135.000000,3151.000000
675.000000,3.000000,1563.000000,20.000000
460.000000,2739.000000,653.000000,2856.000000
514.000000,3507.000000,442.000000,3606.000000
1741.000000,1837.000000,1926.000000,1923.000000
362.000000,1986.000000,391.000000,2318.000000
391.000000,2318.000000,460.000000,2336.000000
2341.000000,1434.000000,2336.000000,1501.000000
2925.000000,1990.000000,3180.000000,2204.000000
3186.000000,3486.000000,3338.000000,3721.000000
675.000000,3.000000,520.000000,156.000000
2925.000000,1990.000000,3017.000000,2228.000000
2001.000000,3425.000000,2062.000000,3436.000000
3394.000000,417.000000,3368.000000,419.000000
2841.000000,1496.000000,2843.000000,1525.000000
272.000000,1493.000000,110.000000,2057.000000
2286.000000,3770.000000,2902.000000,3796.000000
2203.000000,1905.000000,2077.000000,2074.000000
413.000000,1143.000000,632.000000,1324.000000
2683.000000,1346.000000,2803.000000,1388.000000
636.000000,868.000000,452.000000,1034.000000
2026.000000,1777.000000,2259.000000,1837.000000
3186.000000,3486.000000,2748.000000,3566.000000
3017.000000,2228.000000,2893.000000,2297.000000
869.000000,1754.000000,362.000000,1986.000000
645.000000,2507.000000,731.000000,2551.000000
434.000000,3167.000000,373.000000,3315.000000
1602.000000,1303.000000,1751.000000,1523.000000
1774.000000,212.000000,1705.000000,235.000000
1563.000000,20.000000,1484.000000,195.000000
595.000000,778.000000,643.000000,850.000000
3799.000000,1930.000000,3650.000000,3067.000000
1718.000000,3145.000000,1423.000000,3316.000000
2586.000000,159.000000,2611.000000,486.000000
2056.000000,3528.000000,2286.000000,3770.000000
2611.000000,486.000000,2787.000000,731.000000
1138.000000,2428.000000,1130.000000,2454.000000
1203.000000,1447.000000,1007.000000,1492.000000
654.000000,3180.000000,514.000000,3507.000000
2050.000000,2152.000000,2159.000000,2321.000000
1129.000000,1173.000000,1231.000000,1292.000000
2505.000000,937.000000,2344.000000,1067.000000
731.000000,2551.000000,742.000000,2610.000000
1924.000000,16.000000,1867.000000,209.000000
2476.000000,12.000000,2358.000000,383.000000
2026.000000,1777.000000,1926.000000,1923.000000
413.000000,1143.000000,149.000000,1440.000000
2309.000000,3325.000000,2062.000000,3436.000000
1926.000000,1923.000000,2077.000000,2074.000000
1448.000000,585.000000,1222.000000,702.000000
704.000000,2799.000000,699.000000,2881.000000
1129.000000,1173.000000,912.000000,1331.000000
643.000000,850.000000,636.000000,868.000000
1867.000000,209.000000,1774.000000,212.000000
761.000000,3094.000000,651.000000,3110.000000
3073.000000,849.000000,3057.000000,1197.000000
3373.000000,3011.000000,3372.000000,3166.000000
1548.000000,886.000000,1388.000000,1013.000000
3183.000000,1953.000000,3243.000000,2228.000000
2402.000000,3471.000000,2487.000000,3701.000000
2163.000000,3035.000000,2222.000000,3206.000000
761.000000,3094.000000,1035.000000,3765.000000
3042.000000,198.000000,3008.000000,225.000000
3809.000000,1548.000000,3718.000000,1742.000000
2841.000000,1496.000000,2783.000000,1508.000000
2351.000000,857.000000,2256.000000,1106.000000
1978.000000,953.000000,2245.000000,961.000000
1187.000000,1577.000000,1498.000000,1641.000000
2835.000000,100.000000,3410.000000,193.000000
1980.000000,1712.000000,1955.000000,1869.000000
957.000000,2284.000000,1138.000000,2428.000000
653.000000,2856.000000,437.000000,3178.000000
1172.000000,1248.000000,912.000000,1331.000000
1020.000000,1362.000000,1007.000000,1492.000000
1741.000000,1837.000000,1608.000000,1929.000000
1681.000000,565.000000,1593.000000,675.000000
2160.000000,1414.000000,2341.000000,1434.000000
801.000000,3424.000000,1035.000000,3765.000000
3372.000000,3166.000000,3199.000000,3313.000000
1892.000000,3007.000000,1718.000000,3145.000000
1548.000000,886.000000,1318.000000,942.000000
3609.000000,2983.000000,3650.000000,3067.000000
3180.000000,2204.000000,3290.000000,2291.000000
3055.000000,600.000000,3231.000000,737.000000
2259.000000,1837.000000,2340.000000,1911.000000
2843.000000,1525.000000,2986.000000,1578.000000
1565.000000,2660.000000,1702.000000,2874.000000
1549.000000,884.000000,1548.000000,886.000000
1114.000000,1708.000000,906.000000,1915.000000
2863.000000,880.000000,2647.000000,985.000000
1847.000000,730.000000,1978.000000,953.000000
2259.000000,1837.000000,2203.000000,1905.000000
2748.000000,3566.000000,2601.000000,3713.000000
3718.000000,1742.000000,3674.000000,1885.000000
1213.000000,831.000000,1318.000000,942.000000
2097.000000,569.000000,2127.000000,654.000000
1114.000000,1708.000000,1589.000000,1787.000000
1238.000000,2859.000000,1135.000000,3151.000000
1951.000000,1217.000000,1996.000000,1422.000000
1786.000000,1286.000000,1602.000000,1303.000000
1774.000000,2836.000000,1702.000000,2874.000000
1533.000000,3158.000000,1330.000000,3367.000000
2929.000000,376.000000,2917.000000,388.000000
2934.000000,2396.000000,2991.000000,2455.000000
2888.000000,1350.000000,2841.000000,1496.000000
447.000000,427.000000,355.000000,638.000000
1680.000000,2976.000000,1892.000000,3007.000000
1602.000000,1303.000000,1436.000000,1412.000000
3502.000000,3189.000000,3627.000000,3360.000000
731.000000,2551.000000,388.000000,2646.000000
1203.000000,1447.000000,1296.000000,1461.000000
222.000000,3173.000000,373.000000,3315.000000
2879.000000,2661.000000,2781.000000,2683.000000
3056.000000,234.000000,3048.000000,243.000000
1940.000000,677.000000,2045.000000,694.000000
1918.000000,2799.000000,2150.000000,3025.000000
355.000000,638.000000,225.000000,648.000000
2611.000000,486.000000,2611.000000,692.000000
1192.000000,2158.000000,1054.000000,2354.000000
2601.000000,3713.000000,2286.000000,3770.000000
1951.000000,3030.000000,2141.000000,3040.000000
3372.000000,3166.000000,3435.000000,3225.000000
494.000000,155.000000,331.000000,206.000000
1130.000000,2454.000000,891.000000,2542.000000
2967.000000,1470.000000,2986.000000,1578.000000
3650.000000,3067.000000,3502.000000,3189.000000
2001.000000,3425.000000,1950.000000,3457.000000
1466.000000,1302.000000,1316.000000,1329.000000
2803.000000,1388.000000,2783.000000,1508.000000
957.000000,2284.000000,891.000000,2542.000000
1410.000000,1233.000000,1602.000000,1303.000000
3373.000000,3011.000000,3439.000000,3033.000000
1027.000000,168.000000,1298.000000,204.000000
3650.000000,2882.000000,3650.000000,3067.000000
2344.000000,1067.000000,2584.000000,1068.000000
2831.000000,2069.000000,2248.000000,2534.000000
593.000000,2222.000000,460.000000,2336.000000
209.000000,2746.000000,653.000000,2856.000000
1238.000000,2859.000000,913.000000,2996.000000
3416.000000,1048.000000,3066.000000,1230.000000
1867.000000,209.000000,2175.000000,358.000000
1410.000000,1233.000000,1466.000000,1302.000000
643.000000,850.000000,679.000000,934.000000
3439.000000,3033.000000,3502.000000,3189.000000
3558.000000,2782.000000,3610.000000,2837.000000
1805.000000,2570.000000,1565.000000,2660.000000
3419.000000,2768.000000,3223.000000,2787.000000
151.000000,2025.000000,85.000000,2171.000000
388.000000,2646.000000,177.000000,2665.000000
388.000000,2646.000000,460.000000,2739.000000
3445.000000,2551.000000,3409.000000,2691.000000
3373.000000,3011.000000,3085.000000,3126.000000
3422.000000,1298.000000,3325.000000,1690.000000
3022.000000,2456.000000,2879.000000,2661.000000
3385.000000,1732.000000,3309.000000,1888.000000
636.000000,868.000000,679.000000,934.000000
1705.000000,235.000000,1633.000000,524.000000
1102.000000,1383.000000,1007.000000,1492.000000
1575.000000,1834.000000,1343.000000,2093.000000
2874.000000,1199.000000,2683.000000,1346.000000
2661.000000,3111.000000,2780.000000,3223.000000
1238.000000,2859.000000,1533.000000,3158.000000
1463.000000,2430.000000,1760.000000,2488.000000
494.000000,155.000000,437.000000,244.000000
3586.000000,2653.000000,3610.000000,2837.000000
2203.000000,1905.000000,1926.000000,1923.000000
2748.000000,3566.000000,2902.000000,3796.000000
117.000000,767.000000,38.000000,1485.000000
3445.000000,2551.000000,3558.000000,2782.000000
2888.000000,1350.000000,2967.000000,1470.000000
912.000000,1331.000000,701.000000,1342.000000
1192.000000,2158.000000,957.000000,2284.000000
1533.000000,3158.000000,1423.000000,3316.000000
2731.000000,2347.000000,2432.000000,2477.000000
3530.000000,1182.000000,3809.000000,1548.000000
2471.000000,3544.000000,2487.000000,3701.000000
2131.000000,2123.000000,2159.000000,2321.000000
2489.000000,818.000000,2351.000000,857.000000
3202.000000,492.000000,3231.000000,737.000000
1484.000000,195.000000,1633.000000,524.000000
3610.000000,2837.000000,3609.000000,2983.000000
2333.000000,1792.000000,2259.000000,1837.000000
653.000000,2856.000000,434.000000,3167.000000
1908.000000,2819.000000,1702.000000,2874.000000
3509.000000,2075.000000,3311.000000,2222.000000
256.000000,3352.000000,69.000000,3358.000000
2766.000000,2809.000000,2725.000000,2880.000000
1134.000000,2792.000000,1238.000000,2859.000000
437.000000,244.000000,447.000000,427.000000
704.000000,2799.000000,653.000000,2856.000000
3809.000000,1548.000000,3776.000000,3451.000000
1702.000000,2874.000000,1892.000000,3007.000000
2336.000000,1501.000000,2333.000000,1792.000000
3809.000000,1548.000000,3754.000000,1671.000000
3085.000000,3126.000000,3372.000000,3166.000000
1924.000000,16.000000,1705.000000,235.000000
2584.000000,1068.000000,2683.000000,1346.000000
3231.000000,737.000000,3416.000000,1048.000000
43.000000,2573.000000,22.000000,3780.000000
1458.000000,108.000000,1484.000000,195.000000
1908.000000,2819.000000,1951.000000,3030.000000
2476.000000,12.000000,2501.000000,165.000000
43.000000,2573.000000,209.000000,2746.000000
3511.000000,487.000000,3231.000000,737.000000
1209.000000,2553.000000,1565.000000,2660.000000
3776.000000,3451.000000,3510.000000,3540.000000
2335.000000,1572.000000,2333.000000,1792.000000
2402.000000,3471.000000,2471.000000,3544.000000
3510.000000,3540.000000,3499.000000,3592.000000
1862.000000,3709.000000,1799.000000,3738.000000
437.000000,244.000000,1064.000000,423.000000
506.000000,1315.000000,207.000000,1462.000000
2150.000000,3025.000000,2141.000000,3040.000000
3325.000000,1690.000000,3385.000000,1732.000000
827.000000,677.000000,693.000000,933.000000
1602.000000,1303.000000,1486.000000,1563.000000
506.000000,1315.000000,110.000000,2057.000000
3264.000000,1732.000000,2911.000000,1864.000000
1463.000000,2430.000000,1209.000000,2553.000000
1102.000000,1383.000000,1203.000000,1447.000000
2516.000000,2501.000000,2248.000000,2534.000000
2001.000000,2134.000000,1760.000000,2488.000000
2780.000000,3223.000000,3199.000000,3313.000000
2991.000000,2455.000000,2838.000000,2645.000000
1035.000000,3765.000000,2286.000000,3770.000000
2160.000000,1414.000000,1996.000000,1422.000000
2476.000000,12.000000,1924.000000,16.000000
2358.000000,383.000000,2408.000000,708.000000
2175.000000,358.000000,2097.000000,569.000000
869.000000,1754.000000,866.000000,1935.000000
1967.000000,1683.000000,2026.000000,1777.000000
2725.000000,2880.000000,2661.000000,3111.000000
2402.000000,3471.000000,2286.000000,3770.000000
3586.000000,2653.000000,3558.000000,2782.000000
2131.000000,2123.000000,2248.000000,2534.000000
38.000000,1485.000000,82.000000,1537.000000
2611.000000,692.000000,2408.000000,708.000000
3266.000000,2172.000000,3311.000000,2222.000000
2787.000000,731.000000,2647.000000,985.000000
735.000000,2622.000000,653.000000,2856.000000
3024.000000,527.000000,3035.000000,532.000000
1130.000000,2454.000000,1227.000000,2518.000000
3502.000000,3189.000000,3521.000000,3382.000000
442.000000,3606.000000,22.000000,3780.000000
117.000000,767.000000,342.000000,817.000000
2669.000000,60.000000,2835.000000,100.000000
2986.000000,1578.000000,3066.000000,1759.000000
2558.000000,2771.000000,2725.000000,2880.000000
2991.000000,2455.000000,3022.000000,2456.000000
3024.000000,527.000000,3055.000000,600.000000
413.000000,1143.000000,38.000000,1485.000000
1951.000000,3030.000000,1718.000000,3145.000000
1908.000000,2819.000000,1774.000000,2836.000000
3809.000000,1548.000000,3799.000000,1930.000000
2408.000000,708.000000,2305.000000,789.000000
1343.000000,2093.000000,1547.000000,2139.000000
3410.000000,193.000000,3042.000000,198.000000
1951.000000,46.000000,2175.000000,358.000000
731.000000,2551.000000,653.000000,2856.000000
434.000000,3167.000000,437.000000,3178.000000
2683.000000,1346.000000,2783.000000,1508.000000
654.000000,3180.000000,801.000000,3424.000000
1231.000000,1292.000000,1316.000000,1329.000000
1563.000000,20.000000,1236.000000,118.000000
3320.000000,2569.000000,3179.000000,2699.000000
117.000000,767.000000,452.000000,1034.000000
645.000000,2507.000000,388.000000,2646.000000
1757.000000,3246.000000,1827.000000,3284.000000
2305.000000,789.000000,2245.000000,961.000000
2521.000000,3061.000000,2525.000000,3186.000000
3558.000000,2782.000000,3223.000000,2787.000000
3674.000000,1885.000000,3644.000000,2051.000000
3202.000000,492.000000,3035.000000,532.000000
827.000000,677.000000,993.000000,788.000000
2248.000000,2534.000000,2415.000000,2819.000000
1570.000000,1201.000000,1786.000000,1286.000000
2781.000000,2683.000000,2766.000000,2809.000000
2893.000000,2297.000000,3020.000000,2343.000000
1608.000000,1929.000000,1343.000000,2093.000000
3511.000000,487.000000,3698.000000,968.000000
506.000000,1315.000000,632.000000,1324.000000
3545.000000,151.000000,3368.000000,419.000000
1924.000000,16.000000,1563.000000,20.000000
941.000000,2861.000000,699.000000,2881.000000
1548.000000,886.000000,1786.000000,1286.000000
2432.000000,2477.000000,2516.000000,2501.000000
1978.000000,953.000000,2256.000000,1106.000000
1330.000000,3367.000000,1716.000000,3626.000000
3776.000000,3451.000000,3499.000000,3592.000000
3180.000000,2204.000000,3020.000000,2343.000000
3066.000000,1230.000000,2998.000000,1347.000000
388.000000,2646.000000,653.000000,2856.000000
993.000000,788.000000,1129.000000,1173.000000
1222.000000,702.000000,1213.000000,831.000000
3477.000000,2312.000000,3528.000000,2333.000000
1343.000000,2093.000000,1054.000000,2354.000000
2077.000000,2074.000000,2178.000000,2077.000000
1705.000000,235.000000,1860.000000,265.000000
2917.000000,388.000000,2988.000000,531.000000
921.000000,3676.000000,1035.000000,3765.000000
2408.000000,708.000000,2489.000000,818.000000
3422.000000,1298.000000,3441.000000,1693.000000
2748.000000,3566.000000,2500.000000,3610.000000
506.000000,1315.000000,668.000000,1360.000000
2876.000000,2363.000000,2934.000000,2396.000000
2879.000000,2661.000000,3105.000000,2749.000000
1020.000000,1362.000000,1102.000000,1383.000000
1548.000000,886.000000,1904.000000,979.000000
693.000000,933.000000,679.000000,934.000000
3223.000000,2787.000000,2917.000000,2992.000000
1368.000000,644.000000,1549.000000,884.000000
146.000000,3041.000000,222.000000,3173.000000
3309.000000,1888.000000,3509.000000,2075.000000
1478.000000,923.000000,1388.000000,1013.000000
675.000000,3.000000,1924.000000,16.000000
701.000000,1342.000000,800.000000,1559.000000
3085.000000,3126.000000,3199.000000,3313.000000
675.000000,3.000000,494.000000,155.000000
2228.000000,1575.000000,2333.000000,1792.000000
1410.000000,1233.000000,1231.000000,1292.000000
3311.000000,2222.000000,3290.000000,2291.000000
44.000000,2185.000000,43.000000,2573.000000
668.000000,1360.000000,869.000000,1754.000000
2424.000000,2704.000000,2415.000000,2819.000000
1774.000000,212.000000,1860.000000,265.000000
1827.000000,3284.000000,2031.000000,3340.000000
2031.000000,3340.000000,1950.000000,3457.000000
2879.000000,2661.000000,3179.000000,2699.000000
1478.000000,923.000000,1318.000000,942.000000
1602.000000,1303.000000,1397.000000,1478.000000
1436.000000,1412.000000,1397.000000,1478.000000
3066.000000,1230.000000,2967.000000,1470.000000
2780.000000,3223.000000,2748.000000,3566.000000
506.000000,1315.000000,149.000000,1440.000000
2586.000000,159.000000,2892.000000,193.000000
2611.000000,486.000000,2408.000000,708.000000
256.000000,3352.000000,442.000000,3606.000000
2613.000000,17.000000,2835.000000,100.000000
675.000000,3.000000,331.000000,206.000000
2988.000000,531.000000,2787.000000,731.000000
761.000000,3094.000000,654.000000,3180.000000
373.000000,3315.000000,442.000000,3606.000000
2835.000000,100.000000,3042.000000,198.000000
1252.000000,3285.000000,1035.000000,3765.000000
3123.000000,318.000000,3202.000000,492.000000
3320.000000,3517.000000,3499.000000,3592.000000
913.000000,2996.000000,1252.000000,3285.000000
166.000000,1475.000000,82.000000,1537.000000
1146.000000,1532.000000,869.000000,1754.000000
2487.000000,3701.000000,2601.000000,3713.000000
701.000000,1342.000000,1007.000000,1492.000000
2288.000000,2947.000000,2163.000000,3035.000000
2731.000000,2347.000000,2991.000000,2455.000000
331.000000,206.000000,129.000000,529.000000
1438.000000,601.000000,1593.000000,675.000000
912.000000,1331.000000,1102.000000,1383.000000
1589.000000,1787.000000,1343.000000,2093.000000
3320.000000,3517.000000,3338.000000,3721.000000
2725.000000,2880.000000,2917.000000,2992.000000
3309.000000,1888.000000,3266.000000,2172.000000
2505.000000,937.000000,2256.000000,1106.000000
2026.000000,1777.000000,1955.000000,1869.000000
2309.000000,3325.000000,2031.000000,3340.000000
2505.000000,937.000000,2584.000000,1068.000000
3577.000000,3002.000000,3650.000000,3067.000000
3390.000000,3264.000000,3320.000000,3517.000000
149.000000,1440.000000,38.000000,1485.000000
2309.000000,3325.000000,2001.000000,3425.000000
85.000000,2171.000000,260.000000,2289.000000
62.000000,3667.000000,22.000000,3780.000000
2558.000000,2771.000000,2415.000000,2819.000000
362.000000,1986.000000,85.000000,2171.000000
3057.000000,1197.000000,2874.000000,1199.000000
2286.000000,3770.000000,22.000000,3780.000000
675.000000,3.000000,1027.000000,168.000000
3290.000000,2291.000000,3022.000000,2456.000000
2750.000000,3493.000000,2748.000000,3566.000000
1207.000000,1347.000000,1296.000000,1461.000000
3022.000000,2456.000000,3320.000000,2569.000000
731.000000,2551.000000,735.000000,2622.000000
2424.000000,2704.000000,2558.000000,2771.000000
3698.000000,968.000000,3530.000000,1182.000000
1135.000000,3151.000000,1330.000000,3367.000000
1823.000000,3425.000000,1716.000000,3626.000000
1757.000000,3246.000000,1330.000000,3367.000000
43.000000,2573.000000,388.000000,2646.000000
1593.000000,675.000000,1549.000000,884.000000
3627.000000,3360.000000,3776.000000,3451.000000
260.000000,2289.000000,43.000000,2573.000000
2175.000000,358.000000,2358.000000,383.000000
3390.000000,3264.000000,3521.000000,3382.000000
460.000000,2739.000000,209.000000,2746.000000
514.000000,3507.000000,921.000000,3676.000000
1950.000000,3457.000000,1862.000000,3709.000000
1593.000000,2769.000000,1680.000000,2976.000000
2683.000000,1346.000000,2888.000000,1350.000000
608.000000,2983.000000,437.000000,3178.000000
3199.000000,3313.000000,3320.000000,3517.000000
460.000000,2336.000000,703.000000,2405.000000
1867.000000,209.000000,1860.000000,265.000000
3057.000000,1197.000000,2888.000000,1350.000000
3558.000000,2782.000000,2917.000000,2992.000000
1222.000000,702.000000,993.000000,788.000000
3035.000000,532.000000,3055.000000,600.000000
2500.000000,3610.000000,2601.000000,3713.000000
3530.000000,1182.000000,3422.000000,1298.000000
1570.000000,1201.000000,1410.000000,1233.000000
2783.000000,1508.000000,2340.000000,1911.000000
2077.000000,2074.000000,2001.000000,2134.000000
2835.000000,100.000000,2586.000000,159.000000
2917.000000,2992.000000,2971.000000,3102.000000
3439.000000,3033.000000,3372.000000,3166.000000
