POINTS
1797.000000,15.000000
1816.000000,38.000000
725.000000,47.000000
2260.000000,54.000000
3473.000000,63.000000
1244.000000,82.000000
3085.000000,92.000000
1979.000000,103.000000
2665.000000,106.000000
3362.000000,135.000000
195.000000,144.000000
252.000000,150.000000
1511.000000,168.000000
3886.000000,175.000000
515.000000,194.000000
2130.000000,213.000000
2778.000000,214.000000
2356.000000,218.000000
243.000000,223.000000
1438.000000,241.000000
1663.000000,251.000000
2490.000000,265.000000
1983.000000,279.000000
766.000000,281.000000
2510.000000,300.000000
1585.000000,312.000000
1581.000000,322.000000
1786.000000,339.000000
2941.000000,341.000000
759.000000,364.000000
1133.000000,371.000000
3367.000000,402.000000
3821.000000,402.000000
2724.000000,404.000000
1183.000000,407.000000
1209.000000,417.000000
3111.000000,429.000000
1819.000000,430.000000
3412.000000,437.000000
3748.000000,441.000000
2622.000000,450.000000
3301.000000,462.000000
2439.000000,477.000000
3753.000000,478.000000
1538.000000,494.000000
3231.000000,494.000000
3319.000000,502.000000
2818.000000,510.000000
361.000000,511.000000
76.000000,523.000000
1993.000000,524.000000
3573.000000,538.000000
2759.000000,546.000000
1636.000000,555.000000
3672.000000,564.000000
3162.000000,582.000000
326.000000,586.000000
3218.000000,586.000000
2731.000000,598.000000
107.000000,600.000000
770.000000,604.000000
3384.000000,659.000000
1967.000000,661.000000
3251.000000,666.000000
2881.000000,682.000000
3251.000000,686.000000
1144.000000,695.000000
962.000000,700.000000
2143.000000,705.000000
2415.000000,724.000000
3312.000000,743.000000
2460.000000,764.000000
2863.000000,767.000000
1659.000000,769.000000
2568.000000,777.000000
436.000000,778.000000
2700.000000,781.000000
686.000000,793.000000
1459.000000,800.000000
778.000000,850.000000
3641.000000,855.000000
797.000000,863.000000
2064.000000,885.000000
557.000000,899.000000
2697.000000,909.000000
2551.000000,917.000000
1684.000000,943.000000
418.000000,951.000000
625.000000,965.000000
197.000000,972.000000
3696.000000,1001.000000
2496.000000,1034.000000
171.000000,1035.000000
355.000000,1109.000000
3323.000000,1125.000000
3722.000000,1128.000000
592.000000,1131.000000
3730.000000,1137.000000
1474.000000,1152.000000
170.000000,1157.000000
486.000000,1158.000000
1303.000000,1165.000000
3787.000000,1187.000000
2079.000000,1209.000000
2038.000000,1218.000000
982.000000,1225.000000
3338.000000,1227.000000
2733.000000,1228.000000
1981.000000,1245.000000
175.000000,1265.000000
492.000000,1275.000000
3826.000000,1275.000000
1546.000000,1276.000000
2152.000000,1277.000000
186.000000,1299.000000
2752.000000,1310.000000
3494.000000,1312.000000
2309.000000,1314.000000
1934.000000,1326.000000
3673.000000,1327.000000
545.000000,1361.000000
2589.000000,1367.000000
3027.000000,1372.000000
608.000000,1384.000000
719.000000,1389.000000
766.000000,1392.000000
582.000000,1407.000000
1606.000000,1421.000000
2894.000000,1427.000000
3877.000000,1447.000000
1821.000000,1452.000000
2137.000000,1464.000000
2392.000000,1469.000000
1254.000000,1481.000000
2621.000000,1488.000000
2170.000000,1494.000000
2374.000000,1520.000000
3760.000000,1523.000000
1161.000000,1526.000000
2130.000000,1543.000000
846.000000,1546.000000
2373.000000,1546.000000
877.000000,1551.000000
1956.000000,1558.000000
1085.000000,1586.000000
3125.000000,1635.000000
3706.000000,1636.000000
669.000000,1644.000000
363.000000,1648.000000
796.000000,1648.000000
158.000000,1659.000000
2844.000000,1688.000000
659.000000,1704.000000
3236.000000,1717.000000
1084.000000,1720.000000
694.000000,1721.000000
3022.000000,1739.000000
2446.000000,1763.000000
2497.000000,1769.000000
2483.000000,1783.000000
1570.000000,1795.000000
3526.000000,1796.000000
422.000000,1800.000000
1834.000000,1811.000000
852.000000,1812.000000
2921.000000,1822.000000
1090.000000,1837.000000
1824.000000,1839.000000
3742.000000,1855.000000
2346.000000,1857.000000
3047.000000,1860.000000
1501.000000,1868.000000
1806.000000,1872.000000
2374.000000,1882.000000
315.000000,1885.000000
425.000000,1886.000000
1647.000000,1897.000000
3612.000000,1909.000000
1131.000000,1916.000000
1231.000000,1941.000000
1670.000000,1945.000000
2814.000000,1953.000000
235.000000,1954.000000
2193.000000,1966.000000
1778.000000,1979.000000
3564.000000,1983.000000
2875.000000,1990.000000
3702.000000,1994.000000
3073.000000,1996.000000
1783.000000,2011.000000
3156.000000,2025.000000
2187.000000,2055.000000
3091.000000,2061.000000
1668.000000,2067.000000
3520.000000,2074.000000
2509.000000,2077.000000
233.000000,2080.000000
1670.000000,2081.000000
3287.000000,2090.000000
3680.000000,2107.000000
794.000000,2111.000000
3010.000000,2116.000000
3362.000000,2116.000000
2791.000000,2130.000000
2260.000000,2132.000000
1128.000000,2138.000000
3822.000000,2138.000000
3257.000000,2151.000000
3848.000000,2156.000000
668.000000,2160.000000
2405.000000,2173.000000
558.000000,2198.000000
590.000000,2202.000000
2438.000000,2205.000000
743.000000,2211.000000
3478.000000,2212.000000
1740.000000,2223.000000
782.000000,2248.000000
815.000000,2251.000000
2059.000000,2267.000000
1201.000000,2269.000000
2448.000000,2275.000000
1824.000000,2291.000000
3183.000000,2303.000000
1649.000000,2306.000000
771.000000,2311.000000
3140.000000,2313.000000
3258.000000,2327.000000
3307.000000,2334.000000
3797.000000,2343.000000
3122.000000,2357.000000
2717.000000,2361.000000
900.000000,2379.000000
2461.000000,2392.000000
3091.000000,2400.000000
18.000000,2434.000000
3324.000000,2451.000000
3278.000000,2487.000000
2750.000000,2491.000000
3673.000000,2494.000000
3705.000000,2500.000000
1944.000000,2508.000000
913.000000,2511.000000
1186.000000,2512.000000
3840.000000,2519.000000
1117.000000,2521.000000
1930.000000,2527.000000
118.000000,2539.000000
2455.000000,2539.000000
815.000000,2541.000000
462.000000,2550.000000
2677.000000,2554.000000
1972.000000,2557.000000
1816.000000,2572.000000
1496.000000,2607.000000
3441.000000,2613.000000
2130.000000,2615.000000
1303.000000,2627.000000
1801.000000,2633.000000
151.000000,2634.000000
2900.000000,2635.000000
3886.000000,2636.000000
944.000000,2637.000000
3292.000000,2639.000000
3253.000000,2652.000000
215.000000,2672.000000
1286.000000,2688.000000
351.000000,2689.000000
162.000000,2698.000000
509.000000,2722.000000
1841.000000,2733.000000
3475.000000,2745.000000
1257.000000,2756.000000
3496.000000,2784.000000
3388.000000,2801.000000
3569.000000,2810.000000
882.000000,2822.000000
1734.000000,2824.000000
1371.000000,2835.000000
3681.000000,2862.000000
3517.000000,2864.000000
1500.000000,2873.000000
1675.000000,2877.000000
474.000000,2878.000000
1160.000000,2885.000000
252.000000,2887.000000
569.000000,2888.000000
3699.000000,2925.000000
775.000000,2927.000000
1260.000000,2932.000000
2031.000000,2933.000000
1031.000000,2935.000000
1283.000000,2954.000000
233.000000,2958.000000
3068.000000,2970.000000
3505.000000,2973.000000
3367.000000,2992.000000
393.000000,3001.000000
3450.000000,3015.000000
1359.000000,3052.000000
88.000000,3053.000000
1867.000000,3056.000000
2735.000000,3069.000000
3767.000000,3078.000000
2847.000000,3092.000000
993.000000,3093.000000
3135.000000,3094.000000
3506.000000,3108.000000
2538.000000,3113.000000
1368.000000,3114.000000
2476.000000,3123.000000
535.000000,3144.000000
1702.000000,3148.000000
1294.000000,3176.000000
2248.000000,3177.000000
2573.000000,3189.000000
2212.000000,3193.000000
2221.000000,3198.000000
1854.000000,3205.000000
2117.000000,3207.000000
3264.000000,3215.000000
3052.000000,3221.000000
3140.000000,3224.000000
1052.000000,3230.000000
3787.000000,3238.000000
725.000000,3245.000000
839.000000,3251.000000
858.000000,3254.000000
1365.000000,3260.000000
3187.000000,3264.000000
3609.000000,3280.000000
18.000000,3282.000000
3107.000000,3306.000000
3461.000000,3330.000000
3451.000000,3331.000000
2207.000000,3339.000000
3695.000000,3370.000000
3516.000000,3372.000000
3448.000000,3383.000000
2918.000000,3385.000000
430.000000,3389.000000
2490.000000,3389.000000
764.000000,3394.000000
1391.000000,3414.000000
2415.000000,3439.000000
2841.000000,3460.000000
2928.000000,3466.000000
2600.000000,3493.000000
3874.000000,3500.000000
3721.000000,3509.000000
1598.000000,3517.000000
2803.000000,3521.000000
3844.000000,3522.000000
627.000000,3524.000000
3872.000000,3534.000000
1352.000000,3538.000000
660.000000,3544.000000
832.000000,3554.000000
3073.000000,3559.000000
809.000000,3561.000000
3485.000000,3566.000000
1155.000000,3571.000000
2257.000000,3577.000000
2583.000000,3585.000000
115.000000,3587.000000
1366.000000,3641.000000
2808.000000,3641.000000
2018.000000,3663.000000
3633.000000,3665.000000
3618.000000,3681.000000
2765.000000,3691.000000
2612.000000,3700.000000
3699.000000,3707.000000
2118.000000,3717.000000
262.000000,3731.000000
2711.000000,3733.000000
385.000000,3747.000000
3308.000000,3754.000000
1757.000000,3758.000000
2654.000000,3758.000000
702.000000,3765.000000
3095.000000,3766.000000
1679.000000,3782.000000
156.000000,3784.000000
2378.000000,3817.000000
2011.000000,3850.000000
2297.000000,3856.000000
926.000000,3865.000000
297.000000,3868.000000
LINES
1659.000000,769.000000,1459.000000,800.000000
2079.000000,1209.000000,1981.000000,1245.000000
186.000000,1299.000000,158.000000,1659.000000
1797.000000,15.000000,2260.000000,54.000000
509.000000,2722.000000,474.000000,2878.000000
1598.000000,3517.000000,1352.000000,3538.000000
2415.000000,3439.000000,2257.000000,3577.000000
2483.000000,1783.000000,2509.000000,2077.000000
3702.000000,1994.000000,3680.000000,2107.000000
1606.000000,1421.000000,1254.000000,1481.000000
1841.000000,2733.000000,2031.000000,2933.000000
422.000000,1800.000000,558.000000,2198.000000
3516.000000,3372.000000,3448.000000,3383.000000
3681.000000,2862.000000,3699.000000,2925.000000
2374.000000,1882.000000,2509.000000,2077.000000
3569.000000,2810.000000,3681.000000,2862.000000
2130.000000,213.000000,2356.000000,218.000000
107.000000,600.000000,171.000000,1035.000000
3052.000000,3221.000000,2918.000000,3385.000000
686.000000,793.000000,778.000000,850.000000
1500.000000,2873.000000,1675.000000,2877.000000
535.000000,3144.000000,725.000000,3245.000000
2733.000000,1228.000000,2589.000000,1367.000000
3107.000000,3306.000000,3448.000000,3383.000000
3251.000000,686.000000,3323.000000,1125.000000
1930.000000,2527.000000,1972.000000,2557.000000
351.000000,2689.000000,252.000000,2887.000000
3312.000000,743.000000,3323.000000,1125.000000
76.000000,523.000000,175.000000,1265.000000
3696.000000,1001.000000,3722.000000,1128.000000
1546.000000,1276.000000,1606.000000,1421.000000
3753.000000,478.000000,3573.000000,538.000000
2900.000000,2635.000000,3388.000000,2801.000000
3705.000000,2500.000000,3886.000000,2636.000000
151.000000,2634.000000,215.000000,2672.000000
2130.000000,1543.000000,1834.000000,1811.000000
1438.000000,241.000000,1581.000000,322.000000
1684.000000,943.000000,1981.000000,1245.000000
3496.000000,2784.000000,3517.000000,2864.000000
3696.000000,1001.000000,3787.000000,1187.000000
3091.000000,2400.000000,2750.000000,2491.000000
2600.000000,3493.000000,2583.000000,3585.000000
186.000000,1299.000000,18.000000,2434.000000
425.000000,1886.000000,235.000000,1954.000000
1684.000000,943.000000,1546.000000,1276.000000
1496.000000,2607.000000,1734.000000,2824.000000
2031.000000,2933.000000,2212.000000,3193.000000
1679.000000,3782.000000,926.000000,3865.000000
385.000000,3747.000000,156.000000,3784.000000
1675.000000,2877.000000,2031.000000,2933.000000
3695.000000,3370.000000,3721.000000,3509.000000
2152.000000,1277.000000,2309.000000,1314.000000
515.000000,194.000000,361.000000,511.000000
2187.000000,2055.000000,1824.000000,2291.000000
962.000000,700.000000,797.000000,863.000000
3822.000000,2138.000000,3848.000000,2156.000000
1740.000000,2223.000000,1649.000000,2306.000000
2841.000000,3460.000000,2928.000000,3466.000000
2921.000000,1822.000000,2814.000000,1953.000000
1538.000000,494.000000,1144.000000,695.000000
3673.000000,2494.000000,3705.000000,2500.000000
3073.000000,3559.000000,2808.000000,3641.000000
3695.000000,3370.000000,3485.000000,3566.000000
2031.000000,2933.000000,2248.000000,3177.000000
3787.000000,3238.000000,3695.000000,3370.000000
2373.000000,1546.000000,2446.000000,1763.000000
2928.000000,3466.000000,2808.000000,3641.000000
3673.000000,2494.000000,3441.000000,2613.000000
3485.000000,3566.000000,3618.000000,3681.000000
158.000000,1659.000000,315.000000,1885.000000
1956.000000,1558.000000,1570.000000,1795.000000
558.000000,2198.000000,590.000000,2202.000000
2415.000000,724.000000,2460.000000,764.000000
1778.000000,1979.000000,1783.000000,2011.000000
18.000000,3282.000000,115.000000,3587.000000
3618.000000,3681.000000,3095.000000,3766.000000
2346.000000,1857.000000,2193.000000,1966.000000
2031.000000,2933.000000,2538.000000,3113.000000
2941.000000,341.000000,3111.000000,429.000000
3699.000000,2925.000000,3505.000000,2973.000000
1084.000000,1720.000000,852.000000,1812.000000
2079.000000,1209.000000,2038.000000,1218.000000
1934.000000,1326.000000,1821.000000,1452.000000
2490.000000,3389.000000,2583.000000,3585.000000
3821.000000,402.000000,3696.000000,1001.000000
3278.000000,2487.000000,3253.000000,2652.000000
794.000000,2111.000000,743.000000,2211.000000
1359.000000,3052.000000,1294.000000,3176.000000
1816.000000,2572.000000,1841.000000,2733.000000
2152.000000,1277.000000,2589.000000,1367.000000
2665.000000,106.000000,2778.000000,214.000000
2117.000000,3207.000000,2207.000000,3339.000000
3441.000000,2613.000000,3253.000000,2652.000000
3068.000000,2970.000000,3135.000000,3094.000000
660.000000,3544.000000,702.000000,3765.000000
832.000000,3554.000000,926.000000,3865.000000
2415.000000,3439.000000,2378.000000,3817.000000
1668.000000,2067.000000,1740.000000,2223.000000
2309.000000,1314.000000,2392.000000,1469.000000
3673.000000,1327.000000,3760.000000,1523.000000
1133.000000,371.000000,1209.000000,417.000000
1231.000000,1941.000000,1649.000000,2306.000000
1031.000000,2935.000000,993.000000,3093.000000
1663.000000,251.000000,1983.000000,279.000000
1254.000000,1481.000000,1231.000000,1941.000000
877.000000,1551.000000,1085.000000,1586.000000
797.000000,863.000000,766.000000,1392.000000
3748.000000,441.000000,3753.000000,478.000000
1131.000000,1916.000000,1128.000000,2138.000000
2654.000000,3758.000000,2378.000000,3817.000000
430.000000,3389.000000,262.000000,3731.000000
815.000000,2541.000000,944.000000,2637.000000
156.000000,3784.000000,297.000000,3868.000000
2460.000000,764.000000,2551.000000,917.000000
3475.000000,2745.000000,3517.000000,2864.000000
1783.000000,2011.000000,1824.000000,2291.000000
2221.000000,3198.000000,2490.000000,3389.000000
557.000000,899.000000,625.000000,965.000000
3140.000000,3224.000000,3187.000000,3264.000000
3231.000000,494.000000,3251.000000,666.000000
1816.000000,2572.000000,1734.000000,2824.000000
668.000000,2160.000000,558.000000,2198.000000
2212.000000,3193.000000,1854.000000,3205.000000
1303.000000,1165.000000,1254.000000,1481.000000
3218.000000,586.000000,3251.000000,666.000000
1131.000000,1916.000000,1231.000000,1941.000000
1090.000000,1837.000000,1231.000000,1941.000000
3324.000000,2451.000000,3278.000000,2487.000000
3506.000000,3108.000000,3264.000000,3215.000000
3135.000000,3094.000000,3264.000000,3215.000000
625.000000,965.000000,592.000000,1131.000000
3475.000000,2745.000000,3569.000000,2810.000000
2031.000000,2933.000000,2476.000000,3123.000000
1209.000000,417.000000,1538.000000,494.000000
3068.000000,2970.000000,3367.000000,2992.000000
3451.000000,3331.000000,3448.000000,3383.000000
3301.000000,462.000000,3319.000000,502.000000
462.000000,2550.000000,569.000000,2888.000000
2791.000000,2130.000000,2717.000000,2361.000000
2814.000000,1953.000000,3073.000000,1996.000000
759.000000,364.000000,770.000000,604.000000
877.000000,1551.000000,796.000000,1648.000000
2803.000000,3521.000000,2612.000000,3700.000000
3742.000000,1855.000000,3612.000000,1909.000000
1371.000000,2835.000000,1260.000000,2932.000000
2248.000000,3177.000000,2221.000000,3198.000000
422.000000,1800.000000,425.000000,1886.000000
1131.000000,1916.000000,900.000000,2379.000000
3367.000000,2992.000000,3264.000000,3215.000000
3722.000000,1128.000000,3730.000000,1137.000000
3068.000000,2970.000000,2847.000000,3092.000000
1257.000000,2756.000000,1031.000000,2935.000000
3140.000000,3224.000000,3107.000000,3306.000000
1824.000000,1839.000000,1806.000000,1872.000000
1867.000000,3056.000000,1702.000000,3148.000000
3287.000000,2090.000000,3257.000000,2151.000000
351.000000,2689.000000,393.000000,3001.000000
2731.000000,598.000000,2863.000000,767.000000
719.000000,1389.000000,766.000000,1392.000000
794.000000,2111.000000,815.000000,2251.000000
764.000000,3394.000000,660.000000,3544.000000
815.000000,2541.000000,882.000000,2822.000000
2260.000000,54.000000,2356.000000,218.000000
1585.000000,312.000000,1581.000000,322.000000
355.000000,1109.000000,492.000000,1275.000000
1294.000000,3176.000000,1052.000000,3230.000000
3886.000000,175.000000,3886.000000,2636.000000
1967.000000,661.000000,2064.000000,885.000000
1144.000000,695.000000,797.000000,863.000000
2731.000000,598.000000,2700.000000,781.000000
425.000000,1886.000000,558.000000,2198.000000
993.000000,3093.000000,1052.000000,3230.000000
2170.000000,1494.000000,2130.000000,1543.000000
545.000000,1361.000000,669.000000,1644.000000
913.000000,2511.000000,944.000000,2637.000000
1501.000000,1868.000000,1670.000000,1945.000000
3787.000000,1187.000000,3673.000000,1327.000000
1806.000000,1872.000000,1778.000000,1979.000000
2130.000000,1543.000000,2373.000000,1546.000000
2496.000000,1034.000000,2589.000000,1367.000000
1359.000000,3052.000000,1368.000000,3114.000000
1636.000000,555.000000,1659.000000,769.000000
725.000000,47.000000,1244.000000,82.000000
425.000000,1886.000000,215.000000,2672.000000
2137.000000,1464.000000,2170.000000,1494.000000
2059.000000,2267.000000,2461.000000,2392.000000
1186.000000,2512.000000,1257.000000,2756.000000
195.000000,144.000000,243.000000,223.000000
3362.000000,2116.000000,3257.000000,2151.000000
2374.000000,1520.000000,2373.000000,1546.000000
3699.000000,2925.000000,3767.000000,3078.000000
3848.000000,2156.000000,3886.000000,2636.000000
2847.000000,3092.000000,2918.000000,3385.000000
3681.000000,2862.000000,3767.000000,3078.000000
2260.000000,54.000000,1979.000000,103.000000
3441.000000,2613.000000,3292.000000,2639.000000
3673.000000,2494.000000,3840.000000,2519.000000
2152.000000,1277.000000,2373.000000,1546.000000
1254.000000,1481.000000,1161.000000,1526.000000
3526.000000,1796.000000,3612.000000,1909.000000
3573.000000,538.000000,3672.000000,564.000000
1598.000000,3517.000000,1757.000000,3758.000000
3496.000000,2784.000000,3569.000000,2810.000000
545.000000,1361.000000,766.000000,1392.000000
1816.000000,2572.000000,1801.000000,2633.000000
175.000000,1265.000000,18.000000,2434.000000
1816.000000,38.000000,1585.000000,312.000000
1085.000000,1586.000000,1084.000000,1720.000000
1474.000000,1152.000000,1606.000000,1421.000000
2221.000000,3198.000000,2207.000000,3339.000000
430.000000,3389.000000,627.000000,3524.000000
778.000000,850.000000,625.000000,965.000000
3886.000000,175.000000,3826.000000,1275.000000
2130.000000,1543.000000,2346.000000,1857.000000
1085.000000,1586.000000,1090.000000,1837.000000
3338.000000,1227.000000,3526.000000,1796.000000
3886.000000,175.000000,3748.000000,441.000000
3412.000000,437.000000,3641.000000,855.000000
2212.000000,3193.000000,2117.000000,3207.000000
2059.000000,2267.000000,1944.000000,2508.000000
430.000000,3389.000000,156.000000,3784.000000
3461.000000,3330.000000,3451.000000,3331.000000
764.000000,3394.000000,627.000000,3524.000000
771.000000,2311.000000,815.000000,2541.000000
436.000000,778.000000,557.000000,899.000000
1675.000000,2877.000000,1702.000000,3148.000000
1659.000000,769.000000,1684.000000,943.000000
1647.000000,1897.000000,1670.000000,1945.000000
1201.000000,2269.000000,1186.000000,2512.000000
2260.000000,54.000000,2665.000000,106.000000
3323.000000,1125.000000,3722.000000,1128.000000
2064.000000,885.000000,1684.000000,943.000000
492.000000,1275.000000,545.000000,1361.000000
627.000000,3524.000000,660.000000,3544.000000
1993.000000,524.000000,2143.000000,705.000000
3680.000000,2107.000000,3478.000000,2212.000000
3362.000000,2116.000000,3478.000000,2212.000000
2374.000000,1882.000000,2405.000000,2173.000000
3520.000000,2074.000000,3680.000000,2107.000000
1303.000000,2627.000000,1286.000000,2688.000000
913.000000,2511.000000,1117.000000,2521.000000
858.000000,3254.000000,764.000000,3394.000000
118.000000,2539.000000,162.000000,2698.000000
1967.000000,661.000000,1684.000000,943.000000
3721.000000,3509.000000,3485.000000,3566.000000
3886.000000,175.000000,3821.000000,402.000000
2863.000000,767.000000,2733.000000,1228.000000
1133.000000,371.000000,770.000000,604.000000
1474.000000,1152.000000,1303.000000,1165.000000
3848.000000,2156.000000,3840.000000,2519.000000
3886.000000,2636.000000,3767.000000,3078.000000
1052.000000,3230.000000,858.000000,3254.000000
2735.000000,3069.000000,2573.000000,3189.000000
3441.000000,2613.000000,3569.000000,2810.000000
2803.000000,3521.000000,2808.000000,3641.000000
1501.000000,1868.000000,1649.000000,2306.000000
1161.000000,1526.000000,1085.000000,1586.000000
158.000000,1659.000000,235.000000,1954.000000
2778.000000,214.000000,2941.000000,341.000000
2461.000000,2392.000000,2455.000000,2539.000000
3367.000000,402.000000,3412.000000,437.000000
1581.000000,322.000000,1209.000000,417.000000
1670.000000,2081.000000,1649.000000,2306.000000
3886.000000,175.000000,3787.000000,1187.000000
3721.000000,3509.000000,3844.000000,3522.000000
1500.000000,2873.000000,1359.000000,3052.000000
3073.000000,3559.000000,3485.000000,3566.000000
2735.000000,3069.000000,2841.000000,3460.000000
2568.000000,777.000000,2551.000000,917.000000
2439.000000,477.000000,1993.000000,524.000000
2130.000000,213.000000,1993.000000,524.000000
993.000000,3093.000000,839.000000,3251.000000
775.000000,2927.000000,1031.000000,2935.000000
3135.000000,3094.000000,3052.000000,3221.000000
3307.000000,2334.000000,3122.000000,2357.000000
3564.000000,1983.000000,3702.000000,1994.000000
2130.000000,2615.000000,2538.000000,3113.000000
3125.000000,1635.000000,2844.000000,1688.000000
852.000000,1812.000000,794.000000,2111.000000
1663.000000,251.000000,1819.000000,430.000000
2765.000000,3691.000000,2711.000000,3733.000000
1972.000000,2557.000000,1841.000000,2733.000000
3307.000000,2334.000000,3324.000000,2451.000000
2483.000000,1783.000000,2346.000000,1857.000000
832.000000,3554.000000,1155.000000,3571.000000
659.000000,1704.000000,694.000000,1721.000000
315.000000,1885.000000,425.000000,1886.000000
2573.000000,3189.000000,2490.000000,3389.000000
669.000000,1644.000000,659.000000,1704.000000
2612.000000,3700.000000,2711.000000,3733.000000
3742.000000,1855.000000,3702.000000,1994.000000
1993.000000,524.000000,2415.000000,724.000000
3085.000000,92.000000,2941.000000,341.000000
1979.000000,103.000000,1983.000000,279.000000
1702.000000,3148.000000,1365.000000,3260.000000
3140.000000,2313.000000,3307.000000,2334.000000
2724.000000,404.000000,2622.000000,450.000000
2152.000000,1277.000000,2137.000000,1464.000000
660.000000,3544.000000,809.000000,3561.000000
18.000000,3282.000000,156.000000,3784.000000
2814.000000,1953.000000,2875.000000,1990.000000
2374.000000,1882.000000,2193.000000,1966.000000
1670.000000,1945.000000,1778.000000,1979.000000
3251.000000,666.000000,3251.000000,686.000000
1371.000000,2835.000000,1500.000000,2873.000000
3475.000000,2745.000000,3388.000000,2801.000000
659.000000,1704.000000,852.000000,1812.000000
3324.000000,2451.000000,3441.000000,2613.000000
262.000000,3731.000000,385.000000,3747.000000
1797.000000,15.000000,1816.000000,38.000000
2621.000000,1488.000000,2497.000000,1769.000000
3412.000000,437.000000,3312.000000,743.000000
1670.000000,1945.000000,1783.000000,2011.000000
3111.000000,429.000000,3162.000000,582.000000
2750.000000,2491.000000,2677.000000,2554.000000
3872.000000,3534.000000,3699.000000,3707.000000
3362.000000,135.000000,3367.000000,402.000000
171.000000,1035.000000,355.000000,1109.000000
3478.000000,2212.000000,3324.000000,2451.000000
2814.000000,1953.000000,2509.000000,2077.000000
1511.000000,168.000000,1438.000000,241.000000
2448.000000,2275.000000,2717.000000,2361.000000
2130.000000,1543.000000,2193.000000,1966.000000
171.000000,1035.000000,170.000000,1157.000000
1365.000000,3260.000000,1391.000000,3414.000000
3308.000000,3754.000000,3095.000000,3766.000000
2750.000000,2491.000000,3253.000000,2652.000000
3695.000000,3370.000000,3874.000000,3500.000000
1819.000000,430.000000,1967.000000,661.000000
2733.000000,1228.000000,2894.000000,1427.000000
1500.000000,2873.000000,1368.000000,3114.000000
1684.000000,943.000000,2038.000000,1218.000000
1371.000000,2835.000000,1359.000000,3052.000000
1734.000000,2824.000000,1675.000000,2877.000000
1511.000000,168.000000,1585.000000,312.000000
1606.000000,1421.000000,1821.000000,1452.000000
2011.000000,3850.000000,926.000000,3865.000000
1834.000000,1811.000000,2193.000000,1966.000000
1501.000000,1868.000000,1231.000000,1941.000000
3323.000000,1125.000000,3494.000000,1312.000000
1352.000000,3538.000000,1366.000000,3641.000000
3505.000000,2973.000000,3450.000000,3015.000000
3362.000000,135.000000,2941.000000,341.000000
3338.000000,1227.000000,3125.000000,1635.000000
462.000000,2550.000000,882.000000,2822.000000
1474.000000,1152.000000,1254.000000,1481.000000
3705.000000,2500.000000,3840.000000,2519.000000
686.000000,793.000000,557.000000,899.000000
815.000000,2251.000000,900.000000,2379.000000
2207.000000,3339.000000,2257.000000,3577.000000
1546.000000,1276.000000,1821.000000,1452.000000
1133.000000,371.000000,1183.000000,407.000000
1783.000000,2011.000000,2187.000000,2055.000000
3218.000000,586.000000,2881.000000,682.000000
2018.000000,3663.000000,1757.000000,3758.000000
3767.000000,3078.000000,3874.000000,3500.000000
582.000000,1407.000000,669.000000,1644.000000
3877.000000,1447.000000,3706.000000,1636.000000
797.000000,863.000000,625.000000,965.000000
2752.000000,1310.000000,2894.000000,1427.000000
1368.000000,3114.000000,1365.000000,3260.000000
3091.000000,2061.000000,2717.000000,2361.000000
2207.000000,3339.000000,2018.000000,3663.000000
3848.000000,2156.000000,3797.000000,2343.000000
771.000000,2311.000000,462.000000,2550.000000
1244.000000,82.000000,1133.000000,371.000000
832.000000,3554.000000,702.000000,3765.000000
3384.000000,659.000000,3312.000000,743.000000
743.000000,2211.000000,815.000000,2251.000000
3641.000000,855.000000,3323.000000,1125.000000
719.000000,1389.000000,582.000000,1407.000000
743.000000,2211.000000,782.000000,2248.000000
852.000000,1812.000000,1131.000000,1916.000000
1459.000000,800.000000,1303.000000,1165.000000
839.000000,3251.000000,858.000000,3254.000000
3236.000000,1717.000000,3526.000000,1796.000000
363.000000,1648.000000,315.000000,1885.000000
1496.000000,2607.000000,1303.000000,2627.000000
2059.000000,2267.000000,2130.000000,2615.000000
3362.000000,135.000000,3231.000000,494.000000
2297.000000,3856.000000,926.000000,3865.000000
3091.000000,2061.000000,3091.000000,2400.000000
3787.000000,3238.000000,3609.000000,3280.000000
1757.000000,3758.000000,1679.000000,3782.000000
3095.000000,3766.000000,2297.000000,3856.000000
3362.000000,135.000000,3301.000000,462.000000
3612.000000,1909.000000,3564.000000,1983.000000
2193.000000,1966.000000,2187.000000,2055.000000
2677.000000,2554.000000,2538.000000,3113.000000
3797.000000,2343.000000,3840.000000,2519.000000
2483.000000,1783.000000,2814.000000,1953.000000
2941.000000,341.000000,2724.000000,404.000000
515.000000,194.000000,759.000000,364.000000
3162.000000,582.000000,2881.000000,682.000000
1983.000000,279.000000,1993.000000,524.000000
3307.000000,2334.000000,3278.000000,2487.000000
3844.000000,3522.000000,3699.000000,3707.000000
3253.000000,2652.000000,3388.000000,2801.000000
2875.000000,1990.000000,3073.000000,1996.000000
361.000000,511.000000,436.000000,778.000000
2808.000000,3641.000000,2711.000000,3733.000000
3085.000000,92.000000,3362.000000,135.000000
3450.000000,3015.000000,3506.000000,3108.000000
557.000000,899.000000,418.000000,951.000000
3485.000000,3566.000000,3633.000000,3665.000000
2844.000000,1688.000000,3022.000000,1739.000000
2143.000000,705.000000,2496.000000,1034.000000
2573.000000,3189.000000,2841.000000,3460.000000
326.000000,586.000000,436.000000,778.000000
355.000000,1109.000000,486.000000,1158.000000
3251.000000,666.000000,3312.000000,743.000000
3609.000000,3280.000000,3516.000000,3372.000000
770.000000,604.000000,778.000000,850.000000
694.000000,1721.000000,852.000000,1812.000000
3312.000000,743.000000,3641.000000,855.000000
2392.000000,1469.000000,2374.000000,1520.000000
852.000000,1812.000000,900.000000,2379.000000
3505.000000,2973.000000,3506.000000,3108.000000
2130.000000,1543.000000,1956.000000,1558.000000
1366.000000,3641.000000,926.000000,3865.000000
1459.000000,800.000000,1474.000000,1152.000000
846.000000,1546.000000,877.000000,1551.000000
3319.000000,502.000000,3312.000000,743.000000
3323.000000,1125.000000,2733.000000,1228.000000
2510.000000,300.000000,2439.000000,477.000000
3367.000000,402.000000,3319.000000,502.000000
846.000000,1546.000000,669.000000,1644.000000
1117.000000,2521.000000,1257.000000,2756.000000
770.000000,604.000000,797.000000,863.000000
3517.000000,2864.000000,3505.000000,2973.000000
846.000000,1546.000000,796.000000,1648.000000
2752.000000,1310.000000,2844.000000,1688.000000
1983.000000,279.000000,1819.000000,430.000000
3695.000000,3370.000000,3516.000000,3372.000000
3122.000000,2357.000000,3278.000000,2487.000000
393.000000,3001.000000,535.000000,3144.000000
590.000000,2202.000000,743.000000,2211.000000
3609.000000,3280.000000,3451.000000,3331.000000
796.000000,1648.000000,852.000000,1812.000000
3706.000000,1636.000000,3742.000000,1855.000000
3388.000000,2801.000000,3367.000000,2992.000000
3461.000000,3330.000000,3516.000000,3372.000000
1231.000000,1941.000000,1201.000000,2269.000000
2405.000000,2173.000000,2448.000000,2275.000000
3156.000000,2025.000000,3091.000000,2061.000000
2733.000000,1228.000000,2752.000000,1310.000000
3073.000000,1996.000000,3091.000000,2061.000000
3047.000000,1860.000000,3156.000000,2025.000000
1944.000000,2508.000000,2130.000000,2615.000000
2731.000000,598.000000,2881.000000,682.000000
2497.000000,1769.000000,2483.000000,1783.000000
3564.000000,1983.000000,3680.000000,2107.000000
926.000000,3865.000000,297.000000,3868.000000
1160.000000,2885.000000,1283.000000,2954.000000
2356.000000,218.000000,2510.000000,300.000000
1834.000000,1811.000000,1824.000000,1839.000000
162.000000,2698.000000,88.000000,3053.000000
1684.000000,943.000000,1474.000000,1152.000000
1647.000000,1897.000000,1778.000000,1979.000000
1967.000000,661.000000,1659.000000,769.000000
3874.000000,3500.000000,3721.000000,3509.000000
1084.000000,1720.000000,1090.000000,1837.000000
2248.000000,3177.000000,2212.000000,3193.000000
2900.000000,2635.000000,3253.000000,2652.000000
2875.000000,1990.000000,3010.000000,2116.000000
1636.000000,555.000000,1967.000000,661.000000
797.000000,863.000000,982.000000,1225.000000
775.000000,2927.000000,839.000000,3251.000000
900.000000,2379.000000,1117.000000,2521.000000
1244.000000,82.000000,1511.000000,168.000000
1117.000000,2521.000000,944.000000,2637.000000
3292.000000,2639.000000,3253.000000,2652.000000
3886.000000,2636.000000,3569.000000,2810.000000
809.000000,3561.000000,702.000000,3765.000000
2130.000000,213.000000,1983.000000,279.000000
3257.000000,2151.000000,3140.000000,2313.000000
1538.000000,494.000000,1459.000000,800.000000
2697.000000,909.000000,2551.000000,917.000000
1841.000000,2733.000000,1734.000000,2824.000000
3564.000000,1983.000000,3362.000000,2116.000000
1816.000000,38.000000,1663.000000,251.000000
197.000000,972.000000,171.000000,1035.000000
2573.000000,3189.000000,2600.000000,3493.000000
3236.000000,1717.000000,3156.000000,2025.000000
1570.000000,1795.000000,1834.000000,1811.000000
2551.000000,917.000000,2496.000000,1034.000000
3680.000000,2107.000000,3822.000000,2138.000000
3073.000000,3559.000000,3095.000000,3766.000000
2031.000000,2933.000000,1867.000000,3056.000000
3251.000000,686.000000,2863.000000,767.000000
1183.000000,407.000000,1209.000000,417.000000
2260.000000,54.000000,3473.000000,63.000000
3264.000000,3215.000000,3448.000000,3383.000000
2373.000000,1546.000000,2346.000000,1857.000000
418.000000,951.000000,355.000000,1109.000000
1981.000000,1245.000000,1934.000000,1326.000000
361.000000,511.000000,557.000000,899.000000
627.000000,3524.000000,385.000000,3747.000000
1930.000000,2527.000000,1816.000000,2572.000000
3473.000000,63.000000,3412.000000,437.000000
993.000000,3093.000000,1294.000000,3176.000000
2621.000000,1488.000000,2844.000000,1688.000000
3494.000000,1312.000000,3760.000000,1523.000000
3633.000000,3665.000000,3699.000000,3707.000000
2612.000000,3700.000000,2378.000000,3817.000000
2881.000000,682.000000,3251.000000,686.000000
3753.000000,478.000000,3672.000000,564.000000
545.000000,1361.000000,608.000000,1384.000000
3338.000000,1227.000000,3494.000000,1312.000000
3278.000000,2487.000000,2750.000000,2491.000000
1368.000000,3114.000000,1702.000000,3148.000000
1834.000000,1811.000000,1783.000000,2011.000000
2476.000000,3123.000000,2573.000000,3189.000000
3618.000000,3681.000000,3699.000000,3707.000000
545.000000,1361.000000,582.000000,1407.000000
2455.000000,2539.000000,2130.000000,2615.000000
2863.000000,767.000000,2700.000000,781.000000
590.000000,2202.000000,771.000000,2311.000000
1867.000000,3056.000000,2212.000000,3193.000000
2863.000000,767.000000,2697.000000,909.000000
418.000000,951.000000,486.000000,1158.000000
115.000000,3587.000000,156.000000,3784.000000
2130.000000,213.000000,2439.000000,477.000000
1052.000000,3230.000000,1155.000000,3571.000000
2221.000000,3198.000000,2415.000000,3439.000000
3569.000000,2810.000000,3517.000000,2864.000000
361.000000,511.000000,326.000000,586.000000
794.000000,2111.000000,668.000000,2160.000000
3821.000000,402.000000,3753.000000,478.000000
2446.000000,1763.000000,2497.000000,1769.000000
545.000000,1361.000000,719.000000,1389.000000
3412.000000,437.000000,3753.000000,478.000000
3073.000000,1996.000000,3156.000000,2025.000000
1972.000000,2557.000000,1816.000000,2572.000000
3027.000000,1372.000000,3125.000000,1635.000000
3702.000000,1994.000000,3848.000000,2156.000000
766.000000,281.000000,759.000000,364.000000
1183.000000,407.000000,1144.000000,695.000000
3187.000000,3264.000000,3107.000000,3306.000000
1368.000000,3114.000000,1294.000000,3176.000000
3473.000000,63.000000,3085.000000,92.000000
3135.000000,3094.000000,3140.000000,3224.000000
2118.000000,3717.000000,2378.000000,3817.000000
3706.000000,1636.000000,3612.000000,1909.000000
195.000000,144.000000,76.000000,523.000000
1649.000000,2306.000000,1303.000000,2627.000000
2711.000000,3733.000000,3095.000000,3766.000000
1816.000000,38.000000,1979.000000,103.000000
660.000000,3544.000000,385.000000,3747.000000
2894.000000,1427.000000,3125.000000,1635.000000
2439.000000,477.000000,2759.000000,546.000000
118.000000,2539.000000,151.000000,2634.000000
3287.000000,2090.000000,3362.000000,2116.000000
170.000000,1157.000000,545.000000,1361.000000
1944.000000,2508.000000,1930.000000,2527.000000
3877.000000,1447.000000,3848.000000,2156.000000
702.000000,3765.000000,297.000000,3868.000000
3264.000000,3215.000000,3140.000000,3224.000000
3323.000000,1125.000000,3338.000000,1227.000000
2808.000000,3641.000000,2612.000000,3700.000000
1303.000000,2627.000000,1257.000000,2756.000000
1734.000000,2824.000000,2031.000000,2933.000000
2894.000000,1427.000000,2844.000000,1688.000000
2257.000000,3577.000000,2018.000000,3663.000000
2847.000000,3092.000000,2841.000000,3460.000000
170.000000,1157.000000,186.000000,1299.000000
170.000000,1157.000000,175.000000,1265.000000
233.000000,2080.000000,18.000000,2434.000000
18.000000,3282.000000,430.000000,3389.000000
1668.000000,2067.000000,1670.000000,2081.000000
2509.000000,2077.000000,2405.000000,2173.000000
2187.000000,2055.000000,2059.000000,2267.000000
1734.000000,2824.000000,1500.000000,2873.000000
351.000000,2689.000000,509.000000,2722.000000
592.000000,1131.000000,486.000000,1158.000000
422.000000,1800.000000,794.000000,2111.000000
1186.000000,2512.000000,1117.000000,2521.000000
1085.000000,1586.000000,796.000000,1648.000000
252.000000,2887.000000,393.000000,3001.000000
743.000000,2211.000000,771.000000,2311.000000
1501.000000,1868.000000,1668.000000,2067.000000
2476.000000,3123.000000,2221.000000,3198.000000
1824.000000,2291.000000,1816.000000,2572.000000
3156.000000,2025.000000,3362.000000,2116.000000
252.000000,2887.000000,88.000000,3053.000000
2461.000000,2392.000000,2130.000000,2615.000000
3826.000000,1275.000000,3673.000000,1327.000000
815.000000,2541.000000,462.000000,2550.000000
3641.000000,855.000000,3722.000000,1128.000000
3324.000000,2451.000000,3673.000000,2494.000000
3844.000000,3522.000000,3633.000000,3665.000000
982.000000,1225.000000,1161.000000,1526.000000
3478.000000,2212.000000,3307.000000,2334.000000
2221.000000,3198.000000,2117.000000,3207.000000
660.000000,3544.000000,832.000000,3554.000000
3526.000000,1796.000000,3564.000000,1983.000000
770.000000,604.000000,686.000000,793.000000
1581.000000,322.000000,1819.000000,430.000000
2731.000000,598.000000,2568.000000,777.000000
1286.000000,2688.000000,1500.000000,2873.000000
175.000000,1265.000000,186.000000,1299.000000
608.000000,1384.000000,582.000000,1407.000000
2439.000000,477.000000,2415.000000,724.000000
2193.000000,1966.000000,2405.000000,2173.000000
3251.000000,686.000000,3312.000000,743.000000
3231.000000,494.000000,3319.000000,502.000000
1231.000000,1941.000000,1128.000000,2138.000000
2143.000000,705.000000,2064.000000,885.000000
3760.000000,1523.000000,3706.000000,1636.000000
3441.000000,2613.000000,3388.000000,2801.000000
3236.000000,1717.000000,3022.000000,1739.000000
3231.000000,494.000000,3218.000000,586.000000
3257.000000,2151.000000,3258.000000,2327.000000
2881.000000,682.000000,2863.000000,767.000000
1161.000000,1526.000000,846.000000,1546.000000
2717.000000,2361.000000,2750.000000,2491.000000
3844.000000,3522.000000,3485.000000,3566.000000
846.000000,1546.000000,694.000000,1721.000000
235.000000,1954.000000,233.000000,2080.000000
3091.000000,2061.000000,3287.000000,2090.000000
3680.000000,2107.000000,3797.000000,2343.000000
1797.000000,15.000000,1979.000000,103.000000
1821.000000,1452.000000,1956.000000,1558.000000
3412.000000,437.000000,3748.000000,441.000000
1797.000000,15.000000,3473.000000,63.000000
3705.000000,2500.000000,3441.000000,2613.000000
1371.000000,2835.000000,1283.000000,2954.000000
3362.000000,135.000000,3111.000000,429.000000
535.000000,3144.000000,430.000000,3389.000000
3473.000000,63.000000,2665.000000,106.000000
3022.000000,1739.000000,2921.000000,1822.000000
1606.000000,1421.000000,1956.000000,1558.000000
1663.000000,251.000000,1581.000000,322.000000
2665.000000,106.000000,2490.000000,265.000000
2847.000000,3092.000000,3052.000000,3221.000000
1702.000000,3148.000000,1598.000000,3517.000000
794.000000,2111.000000,900.000000,2379.000000
474.000000,2878.000000,393.000000,3001.000000
515.000000,194.000000,243.000000,223.000000
3722.000000,1128.000000,3673.000000,1327.000000
3699.000000,2925.000000,3506.000000,3108.000000
3475.000000,2745.000000,3450.000000,3015.000000
1570.000000,1795.000000,1501.000000,1868.000000
1294.000000,3176.000000,1352.000000,3538.000000
3609.000000,3280.000000,3461.000000,3330.000000
326.000000,586.000000,107.000000,600.000000
3886.000000,2636.000000,3681.000000,2862.000000
1438.000000,241.000000,1209.000000,417.000000
2490.000000,3389.000000,2600.000000,3493.000000
2765.000000,3691.000000,3095.000000,3766.000000
1663.000000,251.000000,1786.000000,339.000000
3886.000000,2636.000000,3874.000000,3500.000000
1201.000000,2269.000000,1303.000000,2627.000000
436.000000,778.000000,418.000000,951.000000
3122.000000,2357.000000,3091.000000,2400.000000
1161.000000,1526.000000,877.000000,1551.000000
3264.000000,3215.000000,3187.000000,3264.000000
1257.000000,2756.000000,1260.000000,2932.000000
18.000000,2434.000000,162.000000,2698.000000
2841.000000,3460.000000,2803.000000,3521.000000
351.000000,2689.000000,162.000000,2698.000000
1944.000000,2508.000000,1816.000000,2572.000000
2137.000000,1464.000000,1956.000000,1558.000000
2448.000000,2275.000000,2461.000000,2392.000000
1834.000000,1811.000000,1778.000000,1979.000000
252.000000,2887.000000,233.000000,2958.000000
1979.000000,103.000000,2130.000000,213.000000
3520.000000,2074.000000,3362.000000,2116.000000
1675.000000,2877.000000,1867.000000,3056.000000
3052.000000,3221.000000,3140.000000,3224.000000
668.000000,2160.000000,743.000000,2211.000000
2405.000000,2173.000000,2461.000000,2392.000000
3091.000000,2061.000000,3140.000000,2313.000000
3367.000000,2992.000000,3450.000000,3015.000000
1294.000000,3176.000000,1391.000000,3414.000000
1702.000000,3148.000000,1757.000000,3758.000000
1186.000000,2512.000000,1303.000000,2627.000000
3573.000000,538.000000,3641.000000,855.000000
3236.000000,1717.000000,3564.000000,1983.000000
1201.000000,2269.000000,900.000000,2379.000000
3338.000000,1227.000000,3760.000000,1523.000000
545.000000,1361.000000,363.000000,1648.000000
252.000000,150.000000,243.000000,223.000000
3231.000000,494.000000,3312.000000,743.000000
363.000000,1648.000000,158.000000,1659.000000
2207.000000,3339.000000,2415.000000,3439.000000
2152.000000,1277.000000,1934.000000,1326.000000
3680.000000,2107.000000,3840.000000,2519.000000
1128.000000,2138.000000,1201.000000,2269.000000
1934.000000,1326.000000,2137.000000,1464.000000
1679.000000,3782.000000,2011.000000,3850.000000
1260.000000,2932.000000,1283.000000,2954.000000
2568.000000,777.000000,2697.000000,909.000000
1801.000000,2633.000000,1734.000000,2824.000000
3107.000000,3306.000000,3073.000000,3559.000000
1757.000000,3758.000000,2011.000000,3850.000000
2818.000000,510.000000,2731.000000,598.000000
385.000000,3747.000000,702.000000,3765.000000
3699.000000,3707.000000,3308.000000,3754.000000
2373.000000,1546.000000,2497.000000,1769.000000
2568.000000,777.000000,2700.000000,781.000000
3264.000000,3215.000000,3451.000000,3331.000000
2415.000000,724.000000,2568.000000,777.000000
2392.000000,1469.000000,2497.000000,1769.000000
385.000000,3747.000000,297.000000,3868.000000
725.000000,3245.000000,858.000000,3254.000000
107.000000,600.000000,197.000000,972.000000
2717.000000,2361.000000,2455.000000,2539.000000
2654.000000,3758.000000,2297.000000,3856.000000
2510.000000,300.000000,2622.000000,450.000000
2928.000000,3466.000000,2803.000000,3521.000000
1598.000000,3517.000000,1679.000000,3782.000000
1052.000000,3230.000000,839.000000,3251.000000
2724.000000,404.000000,2759.000000,546.000000
355.000000,1109.000000,545.000000,1361.000000
215.000000,2672.000000,351.000000,2689.000000
770.000000,604.000000,962.000000,700.000000
2509.000000,2077.000000,2448.000000,2275.000000
3162.000000,582.000000,3218.000000,586.000000
1819.000000,430.000000,1636.000000,555.000000
3236.000000,1717.000000,3047.000000,1860.000000
1303.000000,1165.000000,982.000000,1225.000000
3073.000000,3559.000000,2765.000000,3691.000000
1967.000000,661.000000,2143.000000,705.000000
1283.000000,2954.000000,1294.000000,3176.000000
1570.000000,1795.000000,1231.000000,1941.000000
1816.000000,38.000000,1244.000000,82.000000
1570.000000,1795.000000,1778.000000,1979.000000
2455.000000,2539.000000,2677.000000,2554.000000
3010.000000,2116.000000,2717.000000,2361.000000
3257.000000,2151.000000,3183.000000,2303.000000
3753.000000,478.000000,3641.000000,855.000000
1366.000000,3641.000000,1679.000000,3782.000000
1944.000000,2508.000000,1972.000000,2557.000000
2717.000000,2361.000000,2677.000000,2554.000000
900.000000,2379.000000,913.000000,2511.000000
88.000000,3053.000000,430.000000,3389.000000
982.000000,1225.000000,846.000000,1546.000000
2059.000000,2267.000000,1824.000000,2291.000000
1570.000000,1795.000000,1806.000000,1872.000000
3681.000000,2862.000000,3517.000000,2864.000000
1391.000000,3414.000000,1598.000000,3517.000000
2759.000000,546.000000,2568.000000,777.000000
474.000000,2878.000000,535.000000,3144.000000
1581.000000,322.000000,1636.000000,555.000000
1538.000000,494.000000,1659.000000,769.000000
3258.000000,2327.000000,3307.000000,2334.000000
1133.000000,371.000000,962.000000,700.000000
3641.000000,855.000000,3696.000000,1001.000000
3886.000000,175.000000,3877.000000,1447.000000
1294.000000,3176.000000,1365.000000,3260.000000
2018.000000,3663.000000,2011.000000,3850.000000
3085.000000,92.000000,2665.000000,106.000000
1391.000000,3414.000000,1352.000000,3538.000000
252.000000,150.000000,515.000000,194.000000
2490.000000,265.000000,2510.000000,300.000000
3388.000000,2801.000000,2538.000000,3113.000000
3073.000000,1996.000000,3010.000000,2116.000000
430.000000,3389.000000,385.000000,3747.000000
3844.000000,3522.000000,3872.000000,3534.000000
3877.000000,1447.000000,3742.000000,1855.000000
3068.000000,2970.000000,3052.000000,3221.000000
2143.000000,705.000000,2415.000000,724.000000
1257.000000,2756.000000,1160.000000,2885.000000
2260.000000,2132.000000,2405.000000,2173.000000
425.000000,1886.000000,233.000000,2080.000000
3706.000000,1636.000000,3526.000000,1796.000000
1824.000000,2291.000000,1649.000000,2306.000000
486.000000,1158.000000,545.000000,1361.000000
3448.000000,3383.000000,3485.000000,3566.000000
2405.000000,2173.000000,2438.000000,2205.000000
2844.000000,1688.000000,2921.000000,1822.000000
3441.000000,2613.000000,3475.000000,2745.000000
3760.000000,1523.000000,3526.000000,1796.000000
3680.000000,2107.000000,3848.000000,2156.000000
3612.000000,1909.000000,3702.000000,1994.000000
88.000000,3053.000000,18.000000,3282.000000
2928.000000,3466.000000,3073.000000,3559.000000
535.000000,3144.000000,627.000000,3524.000000
3475.000000,2745.000000,3496.000000,2784.000000
1816.000000,38.000000,1511.000000,168.000000
2803.000000,3521.000000,2583.000000,3585.000000
1854.000000,3205.000000,2117.000000,3207.000000
3156.000000,2025.000000,3287.000000,2090.000000
2510.000000,300.000000,2724.000000,404.000000
2778.000000,214.000000,2510.000000,300.000000
3517.000000,2864.000000,3450.000000,3015.000000
2415.000000,724.000000,2551.000000,917.000000
725.000000,47.000000,195.000000,144.000000
1244.000000,82.000000,1438.000000,241.000000
725.000000,47.000000,766.000000,281.000000
725.000000,3245.000000,839.000000,3251.000000
1797.000000,15.000000,725.000000,47.000000
3183.000000,2303.000000,3258.000000,2327.000000
2415.000000,3439.000000,2583.000000,3585.000000
2717.000000,2361.000000,2461.000000,2392.000000
3010.000000,2116.000000,2791.000000,2130.000000
1474.000000,1152.000000,1546.000000,1276.000000
796.000000,1648.000000,694.000000,1721.000000
2064.000000,885.000000,2496.000000,1034.000000
1649.000000,2306.000000,1496.000000,2607.000000
2392.000000,1469.000000,2373.000000,1546.000000
2496.000000,1034.000000,2733.000000,1228.000000
1144.000000,695.000000,982.000000,1225.000000
2064.000000,885.000000,2589.000000,1367.000000
944.000000,2637.000000,1031.000000,2935.000000
2612.000000,3700.000000,2654.000000,3758.000000
430.000000,3389.000000,115.000000,3587.000000
3506.000000,3108.000000,3787.000000,3238.000000
2260.000000,2132.000000,2059.000000,2267.000000
2193.000000,1966.000000,2260.000000,2132.000000
107.000000,600.000000,170.000000,1157.000000
1972.000000,2557.000000,2031.000000,2933.000000
3473.000000,63.000000,3367.000000,402.000000
797.000000,863.000000,545.000000,1361.000000
1254.000000,1481.000000,1570.000000,1795.000000
76.000000,523.000000,107.000000,600.000000
3564.000000,1983.000000,3156.000000,2025.000000
3826.000000,1275.000000,3877.000000,1447.000000
243.000000,223.000000,76.000000,523.000000
2260.000000,2132.000000,2461.000000,2392.000000
1854.000000,3205.000000,2018.000000,3663.000000
1459.000000,800.000000,1684.000000,943.000000
2356.000000,218.000000,2490.000000,265.000000
2791.000000,2130.000000,2448.000000,2275.000000
3730.000000,1137.000000,3787.000000,1187.000000
725.000000,47.000000,515.000000,194.000000
262.000000,3731.000000,156.000000,3784.000000
1201.000000,2269.000000,1117.000000,2521.000000
3367.000000,402.000000,3301.000000,462.000000
2309.000000,1314.000000,2373.000000,1546.000000
515.000000,194.000000,766.000000,281.000000
725.000000,47.000000,252.000000,150.000000
3140.000000,3224.000000,2918.000000,3385.000000
1183.000000,407.000000,962.000000,700.000000
2137.000000,1464.000000,2130.000000,1543.000000
2711.000000,3733.000000,2654.000000,3758.000000
2750.000000,2491.000000,2900.000000,2635.000000
3633.000000,3665.000000,3618.000000,3681.000000
3506.000000,3108.000000,3609.000000,3280.000000
2079.000000,1209.000000,2152.000000,1277.000000
3140.000000,2313.000000,3258.000000,2327.000000
3681.000000,2862.000000,3505.000000,2973.000000
1257.000000,2756.000000,1371.000000,2835.000000
361.000000,511.000000,76.000000,523.000000
2118.000000,3717.000000,2011.000000,3850.000000
782.000000,2248.000000,815.000000,2251.000000
3278.000000,2487.000000,3292.000000,2639.000000
1052.000000,3230.000000,764.000000,3394.000000
1254.000000,1481.000000,1085.000000,1586.000000
900.000000,2379.000000,815.000000,2541.000000
2130.000000,2615.000000,2031.000000,2933.000000
186.000000,1299.000000,363.000000,1648.000000
702.000000,3765.000000,926.000000,3865.000000
2677.000000,2554.000000,2130.000000,2615.000000
1286.000000,2688.000000,1734.000000,2824.000000
3257.000000,2151.000000,3307.000000,2334.000000
2309.000000,1314.000000,2374.000000,1520.000000
515.000000,194.000000,770.000000,604.000000
2677.000000,2554.000000,2900.000000,2635.000000
766.000000,1392.000000,846.000000,1546.000000
2064.000000,885.000000,2079.000000,1209.000000
669.000000,1644.000000,422.000000,1800.000000
3680.000000,2107.000000,3673.000000,2494.000000
2918.000000,3385.000000,3073.000000,3559.000000
2392.000000,1469.000000,2621.000000,1488.000000
361.000000,511.000000,770.000000,604.000000
3047.000000,1860.000000,3073.000000,1996.000000
1783.000000,2011.000000,1668.000000,2067.000000
659.000000,1704.000000,422.000000,1800.000000
3673.000000,1327.000000,3877.000000,1447.000000
2921.000000,1822.000000,3073.000000,1996.000000
3073.000000,3559.000000,3618.000000,3681.000000
815.000000,2251.000000,771.000000,2311.000000
233.000000,2080.000000,118.000000,2539.000000
118.000000,2539.000000,215.000000,2672.000000
2212.000000,3193.000000,2221.000000,3198.000000
1209.000000,417.000000,1144.000000,695.000000
2476.000000,3123.000000,2248.000000,3177.000000
418.000000,951.000000,197.000000,972.000000
1821.000000,1452.000000,2137.000000,1464.000000
2483.000000,1783.000000,2374.000000,1882.000000
1740.000000,2223.000000,1824.000000,2291.000000
3886.000000,175.000000,3753.000000,478.000000
462.000000,2550.000000,509.000000,2722.000000
3027.000000,1372.000000,2894.000000,1427.000000
2257.000000,3577.000000,2378.000000,3817.000000
422.000000,1800.000000,852.000000,1812.000000
2446.000000,1763.000000,2483.000000,1783.000000
2589.000000,1367.000000,2621.000000,1488.000000
2064.000000,885.000000,2152.000000,1277.000000
2143.000000,705.000000,2551.000000,917.000000
2260.000000,54.000000,2490.000000,265.000000
363.000000,1648.000000,422.000000,1800.000000
462.000000,2550.000000,775.000000,2927.000000
2697.000000,909.000000,2733.000000,1228.000000
2900.000000,2635.000000,2538.000000,3113.000000
796.000000,1648.000000,1084.000000,1720.000000
3877.000000,1447.000000,3702.000000,1994.000000
2941.000000,341.000000,2818.000000,510.000000
2460.000000,764.000000,2568.000000,777.000000
775.000000,2927.000000,993.000000,3093.000000
2018.000000,3663.000000,2118.000000,3717.000000
2941.000000,341.000000,2881.000000,682.000000
3022.000000,1739.000000,3047.000000,1860.000000
2697.000000,909.000000,2496.000000,1034.000000
1286.000000,2688.000000,1371.000000,2835.000000
770.000000,604.000000,557.000000,899.000000
393.000000,3001.000000,88.000000,3053.000000
1834.000000,1811.000000,1806.000000,1872.000000
771.000000,2311.000000,215.000000,2672.000000
1834.000000,1811.000000,2187.000000,2055.000000
2538.000000,3113.000000,2573.000000,3189.000000
2011.000000,3850.000000,2297.000000,3856.000000
3874.000000,3500.000000,3844.000000,3522.000000
558.000000,2198.000000,215.000000,2672.000000
315.000000,1885.000000,235.000000,1954.000000
2490.000000,3389.000000,2415.000000,3439.000000
2257.000000,3577.000000,2118.000000,3717.000000
3264.000000,3215.000000,3609.000000,3280.000000
88.000000,3053.000000,535.000000,3144.000000
766.000000,1392.000000,669.000000,1644.000000
197.000000,972.000000,355.000000,1109.000000
797.000000,863.000000,592.000000,1131.000000
608.000000,1384.000000,719.000000,1389.000000
1496.000000,2607.000000,1286.000000,2688.000000
3140.000000,2313.000000,3091.000000,2400.000000
1867.000000,3056.000000,1854.000000,3205.000000
2622.000000,450.000000,2759.000000,546.000000
3091.000000,2061.000000,3010.000000,2116.000000
1283.000000,2954.000000,1359.000000,3052.000000
3722.000000,1128.000000,3787.000000,1187.000000
1286.000000,2688.000000,1257.000000,2756.000000
2187.000000,2055.000000,2260.000000,2132.000000
766.000000,281.000000,770.000000,604.000000
2841.000000,3460.000000,2600.000000,3493.000000
778.000000,850.000000,797.000000,863.000000
3367.000000,2992.000000,3506.000000,3108.000000
3091.000000,2061.000000,3257.000000,2151.000000
2918.000000,3385.000000,2841.000000,3460.000000
3767.000000,3078.000000,3506.000000,3108.000000
1981.000000,1245.000000,1546.000000,1276.000000
3323.000000,1125.000000,2894.000000,1427.000000
2118.000000,3717.000000,2297.000000,3856.000000
3412.000000,437.000000,3384.000000,659.000000
3278.000000,2487.000000,3441.000000,2613.000000
233.000000,2958.000000,88.000000,3053.000000
3787.000000,3238.000000,3874.000000,3500.000000
3494.000000,1312.000000,3673.000000,1327.000000
1668.000000,2067.000000,1824.000000,2291.000000
2497.000000,1769.000000,2814.000000,1953.000000
3308.000000,3754.000000,2297.000000,3856.000000
1052.000000,3230.000000,832.000000,3554.000000
1801.000000,2633.000000,1841.000000,2733.000000
3140.000000,2313.000000,3122.000000,2357.000000
766.000000,1392.000000,582.000000,1407.000000
3473.000000,63.000000,3362.000000,135.000000
2439.000000,477.000000,2568.000000,777.000000
3183.000000,2303.000000,3140.000000,2313.000000
3840.000000,2519.000000,3886.000000,2636.000000
107.000000,600.000000,436.000000,778.000000
2622.000000,450.000000,2439.000000,477.000000
1983.000000,279.000000,1786.000000,339.000000
363.000000,1648.000000,425.000000,1886.000000
1254.000000,1481.000000,1090.000000,1837.000000
2778.000000,214.000000,2724.000000,404.000000
2717.000000,2361.000000,3091.000000,2400.000000
2665.000000,106.000000,2941.000000,341.000000
509.000000,2722.000000,569.000000,2888.000000
1244.000000,82.000000,1209.000000,417.000000
3091.000000,2400.000000,3278.000000,2487.000000
1668.000000,2067.000000,1649.000000,2306.000000
3384.000000,659.000000,3641.000000,855.000000
764.000000,3394.000000,832.000000,3554.000000
2446.000000,1763.000000,2346.000000,1857.000000
1816.000000,38.000000,1983.000000,279.000000
2064.000000,885.000000,2038.000000,1218.000000
2841.000000,3460.000000,2583.000000,3585.000000
669.000000,1644.000000,694.000000,1721.000000
355.000000,1109.000000,170.000000,1157.000000
2752.000000,1310.000000,2621.000000,1488.000000
569.000000,2888.000000,535.000000,3144.000000
1201.000000,2269.000000,1649.000000,2306.000000
1670.000000,2081.000000,1740.000000,2223.000000
2918.000000,3385.000000,2928.000000,3466.000000
3231.000000,494.000000,3162.000000,582.000000
3107.000000,3306.000000,2918.000000,3385.000000
1702.000000,3148.000000,1854.000000,3205.000000
235.000000,1954.000000,18.000000,2434.000000
3787.000000,1187.000000,3826.000000,1275.000000
2589.000000,1367.000000,2392.000000,1469.000000
1052.000000,3230.000000,1352.000000,3538.000000
1438.000000,241.000000,1585.000000,312.000000
2875.000000,1990.000000,2791.000000,2130.000000
1144.000000,695.000000,1303.000000,1165.000000
3461.000000,3330.000000,3448.000000,3383.000000
3564.000000,1983.000000,3520.000000,2074.000000
1128.000000,2138.000000,900.000000,2379.000000
1972.000000,2557.000000,2130.000000,2615.000000
418.000000,951.000000,592.000000,1131.000000
1090.000000,1837.000000,1131.000000,1916.000000
3257.000000,2151.000000,3478.000000,2212.000000
3301.000000,462.000000,3231.000000,494.000000
3722.000000,1128.000000,3494.000000,1312.000000
3388.000000,2801.000000,3068.000000,2970.000000
3877.000000,1447.000000,3886.000000,2636.000000
3695.000000,3370.000000,3448.000000,3383.000000
3068.000000,2970.000000,3264.000000,3215.000000
1144.000000,695.000000,962.000000,700.000000
233.000000,2080.000000,215.000000,2672.000000
3187.000000,3264.000000,3448.000000,3383.000000
2808.000000,3641.000000,2765.000000,3691.000000
1538.000000,494.000000,1636.000000,555.000000
3672.000000,564.000000,3641.000000,855.000000
3448.000000,3383.000000,3073.000000,3559.000000
982.000000,1225.000000,766.000000,1392.000000
3338.000000,1227.000000,3027.000000,1372.000000
2621.000000,1488.000000,2814.000000,1953.000000
107.000000,600.000000,175.000000,1265.000000
1786.000000,339.000000,1819.000000,430.000000
462.000000,2550.000000,351.000000,2689.000000
162.000000,2698.000000,252.000000,2887.000000
686.000000,793.000000,625.000000,965.000000
3125.000000,1635.000000,3022.000000,1739.000000
486.000000,1158.000000,492.000000,1275.000000
3702.000000,1994.000000,3822.000000,2138.000000
1819.000000,430.000000,1993.000000,524.000000
3473.000000,63.000000,3748.000000,441.000000
545.000000,1361.000000,422.000000,1800.000000
3412.000000,437.000000,3319.000000,502.000000
882.000000,2822.000000,1031.000000,2935.000000
3338.000000,1227.000000,2894.000000,1427.000000
535.000000,3144.000000,839.000000,3251.000000
195.000000,144.000000,252.000000,150.000000
882.000000,2822.000000,775.000000,2927.000000
2152.000000,1277.000000,2170.000000,1494.000000
2735.000000,3069.000000,2538.000000,3113.000000
2378.000000,3817.000000,2297.000000,3856.000000
1570.000000,1795.000000,1647.000000,1897.000000
1155.000000,3571.000000,926.000000,3865.000000
1160.000000,2885.000000,1031.000000,2935.000000
1649.000000,2306.000000,1816.000000,2572.000000
1797.000000,15.000000,1244.000000,82.000000
1981.000000,1245.000000,1821.000000,1452.000000
3388.000000,2801.000000,3450.000000,3015.000000
2724.000000,404.000000,2818.000000,510.000000
2700.000000,781.000000,2697.000000,909.000000
474.000000,2878.000000,569.000000,2888.000000
557.000000,899.000000,592.000000,1131.000000
1303.000000,1165.000000,1161.000000,1526.000000
1824.000000,2291.000000,1944.000000,2508.000000
3767.000000,3078.000000,3787.000000,3238.000000
1581.000000,322.000000,1538.000000,494.000000
1598.000000,3517.000000,1366.000000,3641.000000
1283.000000,2954.000000,993.000000,3093.000000
233.000000,2958.000000,393.000000,3001.000000
1144.000000,695.000000,1459.000000,800.000000
1155.000000,3571.000000,1366.000000,3641.000000
2573.000000,3189.000000,2221.000000,3198.000000
151.000000,2634.000000,162.000000,2698.000000
782.000000,2248.000000,771.000000,2311.000000
18.000000,2434.000000,18.000000,3282.000000
725.000000,47.000000,1133.000000,371.000000
2778.000000,214.000000,2490.000000,265.000000
725.000000,3245.000000,764.000000,3394.000000
569.000000,2888.000000,775.000000,2927.000000
832.000000,3554.000000,809.000000,3561.000000
3125.000000,1635.000000,3526.000000,1796.000000
2079.000000,1209.000000,1934.000000,1326.000000
2752.000000,1310.000000,2589.000000,1367.000000
3412.000000,437.000000,3573.000000,538.000000
2863.000000,767.000000,3323.000000,1125.000000
1670.000000,1945.000000,1668.000000,2067.000000
1854.000000,3205.000000,1757.000000,3758.000000
1160.000000,2885.000000,993.000000,3093.000000
2759.000000,546.000000,2731.000000,598.000000
3609.000000,3280.000000,3695.000000,3370.000000
2654.000000,3758.000000,3095.000000,3766.000000
2735.000000,3069.000000,2847.000000,3092.000000
3125.000000,1635.000000,3236.000000,1717.000000
462.000000,2550.000000,215.000000,2672.000000
668.000000,2160.000000,590.000000,2202.000000
2170.000000,1494.000000,2373.000000,1546.000000
76.000000,523.000000,18.000000,2434.000000
3218.000000,586.000000,3251.000000,686.000000
2844.000000,1688.000000,2814.000000,1953.000000
2818.000000,510.000000,2759.000000,546.000000
3478.000000,2212.000000,3673.000000,2494.000000
18.000000,2434.000000,118.000000,2539.000000
3821.000000,402.000000,3787.000000,1187.000000
3618.000000,3681.000000,3308.000000,3754.000000
2583.000000,3585.000000,2612.000000,3700.000000
1816.000000,2572.000000,1496.000000,2607.000000
215.000000,2672.000000,162.000000,2698.000000
1365.000000,3260.000000,1598.000000,3517.000000
775.000000,2927.000000,535.000000,3144.000000
1160.000000,2885.000000,1260.000000,2932.000000
3874.000000,3500.000000,3872.000000,3534.000000
2921.000000,1822.000000,3047.000000,1860.000000
1500.000000,2873.000000,1702.000000,3148.000000
3111.000000,429.000000,3231.000000,494.000000
2038.000000,1218.000000,1981.000000,1245.000000
771.000000,2311.000000,900.000000,2379.000000
2260.000000,54.000000,2130.000000,213.000000
1117.000000,2521.000000,1031.000000,2935.000000
1352.000000,3538.000000,1155.000000,3571.000000
558.000000,2198.000000,771.000000,2311.000000
3705.000000,2500.000000,3569.000000,2810.000000
1824.000000,1839.000000,1778.000000,1979.000000
76.000000,523.000000,326.000000,586.000000
913.000000,2511.000000,815.000000,2541.000000
1993.000000,524.000000,1967.000000,661.000000
2509.000000,2077.000000,2438.000000,2205.000000
436.000000,778.000000,197.000000,972.000000
3068.000000,2970.000000,2735.000000,3069.000000
2309.000000,1314.000000,2589.000000,1367.000000
2438.000000,2205.000000,2448.000000,2275.000000
535.000000,3144.000000,764.000000,3394.000000
852.000000,1812.000000,1090.000000,1837.000000
3473.000000,63.000000,3886.000000,175.000000
1501.000000,1868.000000,1647.000000,1897.000000
243.000000,223.000000,361.000000,511.000000
1663.000000,251.000000,1585.000000,312.000000
2346.000000,1857.000000,2374.000000,1882.000000
3821.000000,402.000000,3641.000000,855.000000
2538.000000,3113.000000,2476.000000,3123.000000
592.000000,1131.000000,545.000000,1361.000000
158.000000,1659.000000,18.000000,2434.000000
944.000000,2637.000000,882.000000,2822.000000
3730.000000,1137.000000,3673.000000,1327.000000
3520.000000,2074.000000,3478.000000,2212.000000
162.000000,2698.000000,18.000000,3282.000000
2941.000000,341.000000,3162.000000,582.000000
2814.000000,1953.000000,2791.000000,2130.000000
1854.000000,3205.000000,2207.000000,3339.000000
1956.000000,1558.000000,1834.000000,1811.000000
794.000000,2111.000000,558.000000,2198.000000
186.000000,1299.000000,545.000000,1361.000000
2356.000000,218.000000,2439.000000,477.000000
766.000000,281.000000,1133.000000,371.000000
3877.000000,1447.000000,3760.000000,1523.000000
2509.000000,2077.000000,2791.000000,2130.000000
1606.000000,1421.000000,1570.000000,1795.000000
2583.000000,3585.000000,2378.000000,3817.000000
351.000000,2689.000000,474.000000,2878.000000
3068.000000,2970.000000,2538.000000,3113.000000
2818.000000,510.000000,2881.000000,682.000000
