POINTS
1689.000000,4.000000
2072.000000,8.000000
540.000000,14.000000
2885.000000,25.000000
957.000000,34.000000
700.000000,47.000000
672.000000,58.000000
2948.000000,68.000000
3487.000000,127.000000
2317.000000,138.000000
3686.000000,145.000000
2432.000000,154.000000
436.000000,171.000000
1658.000000,172.000000
1178.000000,198.000000
651.000000,203.000000
1610.000000,222.000000
2260.000000,226.000000
2423.000000,230.000000
3759.000000,234.000000
4068.000000,234.000000
629.000000,239.000000
2512.000000,259.000000
3227.000000,262.000000
1320.000000,265.000000
958.000000,291.000000
1113.000000,318.000000
406.000000,328.000000
3726.000000,329.000000
2274.000000,333.000000
678.000000,356.000000
1024.000000,373.000000
1860.000000,376.000000
2791.000000,383.000000
933.000000,385.000000
3423.000000,386.000000
486.000000,399.000000
1976.000000,413.000000
2483.000000,419.000000
527.000000,432.000000
271.000000,436.000000
3586.000000,453.000000
629.000000,483.000000
1256.000000,498.000000
2712.000000,508.000000
799.000000,516.000000
3401.000000,525.000000
258.000000,531.000000
850.000000,531.000000
2136.000000,543.000000
3105.000000,547.000000
1269.000000,551.000000
530.000000,555.000000
542.000000,569.000000
2019.000000,577.000000
3536.000000,584.000000
3444.000000,585.000000
178.000000,611.000000
1404.000000,649.000000
2604.000000,656.000000
1535.000000,668.000000
1090.000000,680.000000
1421.000000,684.000000
3525.000000,691.000000
2714.000000,699.000000
3942.000000,720.000000
2387.000000,730.000000
3201.000000,736.000000
538.000000,742.000000
1943.000000,746.000000
3510.000000,746.000000
731.000000,750.000000
1880.000000,753.000000
132.000000,759.000000
2316.000000,784.000000
231.000000,835.000000
3129.000000,859.000000
2809.000000,866.000000
1997.000000,884.000000
2083.000000,888.000000
2149.000000,890.000000
2748.000000,905.000000
1978.000000,908.000000
1758.000000,911.000000
408.000000,912.000000
3918.000000,912.000000
892.000000,944.000000
3523.000000,946.000000
1908.000000,952.000000
3037.000000,964.000000
1326.000000,969.000000
3207.000000,973.000000
3582.000000,980.000000
86.000000,997.000000
22.000000,1006.000000
2120.000000,1016.000000
2315.000000,1026.000000
906.000000,1027.000000
811.000000,1030.000000
72.000000,1039.000000
1688.000000,1047.000000
1723.000000,1050.000000
1031.000000,1053.000000
1969.000000,1102.000000
2142.000000,1103.000000
619.000000,1116.000000
3483.000000,1117.000000
3050.000000,1119.000000
1805.000000,1135.000000
2898.000000,1135.000000
1583.000000,1150.000000
1086.000000,1161.000000
2603.000000,1162.000000
2883.000000,1164.000000
2753.000000,1179.000000
1893.000000,1192.000000
892.000000,1204.000000
1983.000000,1214.000000
2723.000000,1219.000000
3974.000000,1219.000000
2043.000000,1227.000000
2362.000000,1243.000000
3338.000000,1248.000000
423.000000,1259.000000
2556.000000,1280.000000
79.000000,1281.000000
1775.000000,1282.000000
3080.000000,1289.000000
3443.000000,1293.000000
1432.000000,1295.000000
1323.000000,1299.000000
3992.000000,1314.000000
1708.000000,1315.000000
3547.000000,1324.000000
96.000000,1339.000000
1851.000000,1349.000000
1783.000000,1351.000000
463.000000,1353.000000
1807.000000,1363.000000
681.000000,1367.000000
2981.000000,1374.000000
639.000000,1390.000000
3817.000000,1395.000000
3971.000000,1407.000000
823.000000,1416.000000
2201.000000,1423.000000
3179.000000,1429.000000
1678.000000,1430.000000
2979.000000,1437.000000
982.000000,1466.000000
1270.000000,1470.000000
3025.000000,1476.000000
1604.000000,1481.000000
2663.000000,1481.000000
3207.000000,1485.000000
2025.000000,1496.000000
1210.000000,1504.000000
3385.000000,1506.000000
748.000000,1515.000000
1717.000000,1525.000000
503.000000,1529.000000
1597.000000,1530.000000
3384.000000,1539.000000
2806.000000,1542.000000
879.000000,1546.000000
718.000000,1551.000000
2019.000000,1552.000000
505.000000,1609.000000
1903.000000,1609.000000
661.000000,1610.000000
2736.000000,1616.000000
597.000000,1641.000000
3945.000000,1641.000000
1231.000000,1652.000000
1658.000000,1661.000000
2070.000000,1665.000000
1198.000000,1676.000000
758.000000,1679.000000
1411.000000,1683.000000
3129.000000,1697.000000
1123.000000,1704.000000
34.000000,1719.000000
2583.000000,1735.000000
2799.000000,1744.000000
3270.000000,1745.000000
3747.000000,1750.000000
1538.000000,1760.000000
836.000000,1762.000000
2047.000000,1763.000000
957.000000,1766.000000
2374.000000,1768.000000
3278.000000,1776.000000
3867.000000,1819.000000
526.000000,1827.000000
2770.000000,1843.000000
2643.000000,1854.000000
3587.000000,1881.000000
2659.000000,1904.000000
3213.000000,1914.000000
610.000000,1918.000000
2713.000000,1939.000000
3109.000000,1952.000000
1093.000000,1953.000000
3268.000000,1956.000000
3942.000000,1960.000000
2231.000000,1963.000000
100.000000,1965.000000
3683.000000,1973.000000
1968.000000,1979.000000
3857.000000,1997.000000
1053.000000,2008.000000
107.000000,2014.000000
3669.000000,2032.000000
2098.000000,2054.000000
1104.000000,2061.000000
2104.000000,2063.000000
1362.000000,2065.000000
4010.000000,2069.000000
3724.000000,2083.000000
3369.000000,2107.000000
866.000000,2122.000000
1164.000000,2122.000000
1246.000000,2122.000000
917.000000,2123.000000
2672.000000,2155.000000
3748.000000,2155.000000
3214.000000,2160.000000
632.000000,2188.000000
1701.000000,2191.000000
2417.000000,2201.000000
3634.000000,2243.000000
464.000000,2265.000000
796.000000,2267.000000
2448.000000,2284.000000
414.000000,2290.000000
3698.000000,2310.000000
1146.000000,2317.000000
3207.000000,2344.000000
2300.000000,2358.000000
3008.000000,2381.000000
1557.000000,2382.000000
330.000000,2411.000000
1143.000000,2429.000000
1073.000000,2459.000000
99.000000,2468.000000
650.000000,2490.000000
3396.000000,2510.000000
10.000000,2516.000000
1675.000000,2536.000000
1566.000000,2541.000000
1468.000000,2549.000000
3406.000000,2556.000000
2675.000000,2565.000000
1158.000000,2580.000000
1335.000000,2596.000000
1155.000000,2601.000000
1544.000000,2631.000000
3537.000000,2650.000000
3820.000000,2669.000000
2936.000000,2677.000000
1275.000000,2678.000000
1832.000000,2686.000000
746.000000,2700.000000
2836.000000,2721.000000
1290.000000,2732.000000
3601.000000,2735.000000
638.000000,2740.000000
1056.000000,2751.000000
2179.000000,2762.000000
4018.000000,2762.000000
3163.000000,2765.000000
1186.000000,2766.000000
260.000000,2789.000000
4086.000000,2791.000000
2152.000000,2804.000000
3742.000000,2814.000000
835.000000,2815.000000
1641.000000,2818.000000
2004.000000,2819.000000
2256.000000,2821.000000
307.000000,2823.000000
2494.000000,2835.000000
2152.000000,2839.000000
3640.000000,2845.000000
216.000000,2846.000000
3098.000000,2853.000000
1351.000000,2855.000000
3950.000000,2872.000000
193.000000,2882.000000
2865.000000,2890.000000
1763.000000,2894.000000
1007.000000,2900.000000
412.000000,2906.000000
985.000000,2908.000000
726.000000,2913.000000
919.000000,2916.000000
1549.000000,2920.000000
1607.000000,2923.000000
1551.000000,2925.000000
1040.000000,2941.000000
3993.000000,2945.000000
34.000000,2947.000000
223.000000,2947.000000
1266.000000,2947.000000
526.000000,2961.000000
1147.000000,2961.000000
2493.000000,2989.000000
1389.000000,2993.000000
1751.000000,3016.000000
3345.000000,3035.000000
1682.000000,3044.000000
3126.000000,3044.000000
852.000000,3046.000000
635.000000,3054.000000
3102.000000,3064.000000
1127.000000,3067.000000
1312.000000,3073.000000
3358.000000,3082.000000
689.000000,3086.000000
329.000000,3095.000000
3904.000000,3107.000000
293.000000,3109.000000
413.000000,3129.000000
3763.000000,3131.000000
1856.000000,3148.000000
250.000000,3155.000000
1409.000000,3155.000000
1336.000000,3162.000000
2737.000000,3162.000000
3614.000000,3178.000000
2181.000000,3188.000000
1737.000000,3195.000000
1196.000000,3196.000000
2596.000000,3204.000000
2526.000000,3213.000000
1229.000000,3223.000000
3041.000000,3227.000000
1546.000000,3241.000000
995.000000,3256.000000
724.000000,3284.000000
1302.000000,3302.000000
2150.000000,3311.000000
899.000000,3314.000000
2980.000000,3314.000000
1976.000000,3348.000000
498.000000,3366.000000
653.000000,3377.000000
3549.000000,3410.000000
926.000000,3433.000000
553.000000,3446.000000
2530.000000,3447.000000
232.000000,3456.000000
3912.000000,3463.000000
1184.000000,3484.000000
3818.000000,3493.000000
1383.000000,3509.000000
2502.000000,3519.000000
2275.000000,3523.000000
1005.000000,3556.000000
1765.000000,3569.000000
1.000000,3604.000000
3473.000000,3608.000000
3503.000000,3624.000000
1622.000000,3654.000000
2348.000000,3658.000000
3659.000000,3660.000000
1761.000000,3674.000000
3290.000000,3674.000000
2518.000000,3677.000000
1678.000000,3682.000000
489.000000,3703.000000
3957.000000,3703.000000
3317.000000,3725.000000
3925.000000,3736.000000
2745.000000,3750.000000
256.000000,3756.000000
2573.000000,3769.000000
149.000000,3818.000000
1434.000000,3818.000000
130.000000,3821.000000
2020.000000,3824.000000
2817.000000,3836.000000
3761.000000,3843.000000
849.000000,3849.000000
2245.000000,3850.000000
2388.000000,3850.000000
236.000000,3855.000000
10.000000,3864.000000
262.000000,3868.000000
871.000000,3873.000000
858.000000,3883.000000
1508.000000,3885.000000
1616.000000,3893.000000
1355.000000,3907.000000
606.000000,3930.000000
2983.000000,3935.000000
4002.000000,3957.000000
2470.000000,3970.000000
3906.000000,3972.000000
258.000000,3973.000000
2553.000000,3973.000000
1077.000000,3983.000000
307.000000,4006.000000
1293.000000,4013.000000
1882.000000,4031.000000
117.000000,4037.000000
3556.000000,4055.000000
4059.000000,4066.000000
2571.000000,4074.000000
LINES
610.000000,1918.000000,632.000000,2188.000000
260.000000,2789.000000,526.000000,2961.000000
464.000000,2265.000000,330.000000,2411.000000
2556.000000,1280.000000,2201.000000,1423.000000
3669.000000,2032.000000,3634.000000,2243.000000
1658.000000,1661.000000,1538.000000,1760.000000
799.000000,516.000000,850.000000,531.000000
223.000000,2947.000000,329.000000,3095.000000
538.000000,742.000000,619.000000,1116.000000
293.000000,3109.000000,413.000000,3129.000000
1976.000000,413.000000,2136.000000,543.000000
2448.000000,2284.000000,2179.000000,2762.000000
34.000000,1719.000000,100.000000,1965.000000
256.000000,3756.000000,236.000000,3855.000000
3207.000000,973.000000,3050.000000,1119.000000
1508.000000,3885.000000,1293.000000,4013.000000
650.000000,2490.000000,1056.000000,2751.000000
610.000000,1918.000000,866.000000,2122.000000
3025.000000,1476.000000,3207.000000,1485.000000
2316.000000,784.000000,2748.000000,905.000000
3163.000000,2765.000000,3345.000000,3035.000000
3587.000000,1881.000000,3669.000000,2032.000000
96.000000,1339.000000,34.000000,1719.000000
2316.000000,784.000000,2315.000000,1026.000000
995.000000,3256.000000,899.000000,3314.000000
957.000000,34.000000,1320.000000,265.000000
2315.000000,1026.000000,2362.000000,1243.000000
2736.000000,1616.000000,2374.000000,1768.000000
1086.000000,1161.000000,982.000000,1466.000000
3483.000000,1117.000000,3338.000000,1248.000000
1432.000000,1295.000000,1708.000000,1315.000000
3582.000000,980.000000,3483.000000,1117.000000
2672.000000,2155.000000,2417.000000,2201.000000
2748.000000,905.000000,2753.000000,1179.000000
149.000000,3818.000000,130.000000,3821.000000
2348.000000,3658.000000,2518.000000,3677.000000
526.000000,1827.000000,100.000000,1965.000000
86.000000,997.000000,72.000000,1039.000000
2512.000000,259.000000,2274.000000,333.000000
1178.000000,198.000000,1024.000000,373.000000
3614.000000,3178.000000,3818.000000,3493.000000
1763.000000,2894.000000,1751.000000,3016.000000
3942.000000,1960.000000,3683.000000,1973.000000
526.000000,1827.000000,610.000000,1918.000000
3747.000000,1750.000000,3683.000000,1973.000000
1231.000000,1652.000000,1411.000000,1683.000000
1113.000000,318.000000,1024.000000,373.000000
1535.000000,668.000000,1688.000000,1047.000000
1362.000000,2065.000000,1557.000000,2382.000000
3201.000000,736.000000,3129.000000,859.000000
796.000000,2267.000000,1073.000000,2459.000000
1737.000000,3195.000000,1622.000000,3654.000000
3406.000000,2556.000000,3163.000000,2765.000000
22.000000,1006.000000,34.000000,1719.000000
232.000000,3456.000000,489.000000,3703.000000
1383.000000,3509.000000,1355.000000,3907.000000
2072.000000,8.000000,2260.000000,226.000000
3906.000000,3972.000000,4059.000000,4066.000000
3406.000000,2556.000000,3601.000000,2735.000000
906.000000,1027.000000,892.000000,1204.000000
2573.000000,3769.000000,2388.000000,3850.000000
79.000000,1281.000000,96.000000,1339.000000
1421.000000,684.000000,1031.000000,1053.000000
748.000000,1515.000000,503.000000,1529.000000
3401.000000,525.000000,3201.000000,736.000000
3129.000000,1697.000000,3278.000000,1776.000000
258.000000,3973.000000,117.000000,4037.000000
1326.000000,969.000000,1323.000000,1299.000000
2512.000000,259.000000,2712.000000,508.000000
681.000000,1367.000000,639.000000,1390.000000
2713.000000,1939.000000,2672.000000,2155.000000
3126.000000,3044.000000,3102.000000,3064.000000
3904.000000,3107.000000,3957.000000,3703.000000
2885.000000,25.000000,3487.000000,127.000000
629.000000,483.000000,850.000000,531.000000
34.000000,1719.000000,526.000000,1827.000000
1751.000000,3016.000000,1856.000000,3148.000000
610.000000,1918.000000,100.000000,1965.000000
879.000000,1546.000000,836.000000,1762.000000
2770.000000,1843.000000,2672.000000,2155.000000
236.000000,3855.000000,262.000000,3868.000000
1978.000000,908.000000,1908.000000,952.000000
926.000000,3433.000000,1005.000000,3556.000000
3659.000000,3660.000000,3761.000000,3843.000000
796.000000,2267.000000,650.000000,2490.000000
1983.000000,1214.000000,1775.000000,1282.000000
4068.000000,234.000000,4010.000000,2069.000000
223.000000,2947.000000,250.000000,3155.000000
3918.000000,912.000000,3992.000000,1314.000000
3338.000000,1248.000000,3547.000000,1324.000000
1860.000000,376.000000,1943.000000,746.000000
2201.000000,1423.000000,2019.000000,1552.000000
661.000000,1610.000000,526.000000,1827.000000
330.000000,2411.000000,99.000000,2468.000000
258.000000,531.000000,178.000000,611.000000
2388.000000,3850.000000,2553.000000,3973.000000
2791.000000,383.000000,2714.000000,699.000000
746.000000,2700.000000,726.000000,2913.000000
2502.000000,3519.000000,2348.000000,3658.000000
653.000000,3377.000000,553.000000,3446.000000
2865.000000,2890.000000,2737.000000,3162.000000
957.000000,34.000000,651.000000,203.000000
3912.000000,3463.000000,3659.000000,3660.000000
1761.000000,3674.000000,1882.000000,4031.000000
3290.000000,3674.000000,3317.000000,3725.000000
250.000000,3155.000000,498.000000,3366.000000
1290.000000,2732.000000,1351.000000,2855.000000
2981.000000,1374.000000,2663.000000,1481.000000
1893.000000,1192.000000,1983.000000,1214.000000
1336.000000,3162.000000,1302.000000,3302.000000
22.000000,1006.000000,79.000000,1281.000000
22.000000,1006.000000,72.000000,1039.000000
3008.000000,2381.000000,2936.000000,2677.000000
4002.000000,3957.000000,4059.000000,4066.000000
1362.000000,2065.000000,1246.000000,2122.000000
1293.000000,4013.000000,1882.000000,4031.000000
2142.000000,1103.000000,2201.000000,1423.000000
1856.000000,3148.000000,1976.000000,3348.000000
1326.000000,969.000000,1031.000000,1053.000000
2136.000000,543.000000,2387.000000,730.000000
653.000000,3377.000000,926.000000,3433.000000
3098.000000,2853.000000,2980.000000,3314.000000
2025.000000,1496.000000,2019.000000,1552.000000
635.000000,3054.000000,413.000000,3129.000000
2948.000000,68.000000,3227.000000,262.000000
503.000000,1529.000000,505.000000,1609.000000
3818.000000,3493.000000,3473.000000,3608.000000
2493.000000,2989.000000,2737.000000,3162.000000
2643.000000,1854.000000,2713.000000,1939.000000
1701.000000,2191.000000,1675.000000,2536.000000
2070.000000,1665.000000,2231.000000,1963.000000
72.000000,1039.000000,96.000000,1339.000000
149.000000,3818.000000,117.000000,4037.000000
2083.000000,888.000000,1978.000000,908.000000
34.000000,2947.000000,1.000000,3604.000000
2317.000000,138.000000,2432.000000,154.000000
3817.000000,1395.000000,3747.000000,1750.000000
2136.000000,543.000000,2714.000000,699.000000
1389.000000,2993.000000,1409.000000,3155.000000
1.000000,3604.000000,10.000000,3864.000000
746.000000,2700.000000,1007.000000,2900.000000
3759.000000,234.000000,4068.000000,234.000000
835.000000,2815.000000,919.000000,2916.000000
3857.000000,1997.000000,3724.000000,2083.000000
2770.000000,1843.000000,2713.000000,1939.000000
2020.000000,3824.000000,1882.000000,4031.000000
498.000000,3366.000000,489.000000,3703.000000
542.000000,569.000000,132.000000,759.000000
258.000000,531.000000,132.000000,759.000000
2470.000000,3970.000000,2553.000000,3973.000000
651.000000,203.000000,958.000000,291.000000
250.000000,3155.000000,1.000000,3604.000000
1198.000000,1676.000000,957.000000,1766.000000
1086.000000,1161.000000,1323.000000,1299.000000
540.000000,14.000000,436.000000,171.000000
1851.000000,1349.000000,2025.000000,1496.000000
3820.000000,2669.000000,3950.000000,2872.000000
1997.000000,884.000000,2149.000000,890.000000
724.000000,3284.000000,899.000000,3314.000000
3290.000000,3674.000000,2745.000000,3750.000000
3549.000000,3410.000000,3473.000000,3608.000000
1293.000000,4013.000000,117.000000,4037.000000
651.000000,203.000000,629.000000,239.000000
1546.000000,3241.000000,1302.000000,3302.000000
3525.000000,691.000000,3942.000000,720.000000
678.000000,356.000000,629.000000,483.000000
2004.000000,2819.000000,1763.000000,2894.000000
1893.000000,1192.000000,1775.000000,1282.000000
1290.000000,2732.000000,1186.000000,2766.000000
1246.000000,2122.000000,1146.000000,2317.000000
1708.000000,1315.000000,1678.000000,1430.000000
1566.000000,2541.000000,1544.000000,2631.000000
2809.000000,866.000000,3037.000000,964.000000
1266.000000,2947.000000,1127.000000,3067.000000
2748.000000,905.000000,2315.000000,1026.000000
1198.000000,1676.000000,1164.000000,2122.000000
2983.000000,3935.000000,3556.000000,4055.000000
1805.000000,1135.000000,1583.000000,1150.000000
1158.000000,2580.000000,1155.000000,2601.000000
2712.000000,508.000000,2604.000000,656.000000
2512.000000,259.000000,2791.000000,383.000000
1551.000000,2925.000000,1682.000000,3044.000000
2556.000000,1280.000000,2663.000000,1481.000000
130.000000,3821.000000,10.000000,3864.000000
3523.000000,946.000000,3582.000000,980.000000
3957.000000,3703.000000,3925.000000,3736.000000
2245.000000,3850.000000,2571.000000,4074.000000
1860.000000,376.000000,1976.000000,413.000000
635.000000,3054.000000,724.000000,3284.000000
3369.000000,2107.000000,3396.000000,2510.000000
1832.000000,2686.000000,2179.000000,2762.000000
1616.000000,3893.000000,1882.000000,4031.000000
1708.000000,1315.000000,1783.000000,1351.000000
1535.000000,668.000000,1421.000000,684.000000
3385.000000,1506.000000,3270.000000,1745.000000
958.000000,291.000000,678.000000,356.000000
3207.000000,973.000000,3483.000000,1117.000000
1086.000000,1161.000000,892.000000,1204.000000
1968.000000,1979.000000,2098.000000,2054.000000
629.000000,483.000000,530.000000,555.000000
2043.000000,1227.000000,1851.000000,1349.000000
329.000000,3095.000000,293.000000,3109.000000
414.000000,2290.000000,330.000000,2411.000000
1758.000000,911.000000,1723.000000,1050.000000
3867.000000,1819.000000,3942.000000,1960.000000
2316.000000,784.000000,2149.000000,890.000000
2753.000000,1179.000000,2723.000000,1219.000000
1969.000000,1102.000000,2043.000000,1227.000000
2136.000000,543.000000,2604.000000,656.000000
1997.000000,884.000000,1978.000000,908.000000
271.000000,436.000000,258.000000,531.000000
638.000000,2740.000000,526.000000,2961.000000
423.000000,1259.000000,681.000000,1367.000000
1969.000000,1102.000000,1983.000000,1214.000000
2387.000000,730.000000,2316.000000,784.000000
3345.000000,3035.000000,3614.000000,3178.000000
850.000000,531.000000,1031.000000,1053.000000
2494.000000,2835.000000,2865.000000,2890.000000
1597.000000,1530.000000,1411.000000,1683.000000
892.000000,944.000000,906.000000,1027.000000
1538.000000,1760.000000,1362.000000,2065.000000
231.000000,835.000000,96.000000,1339.000000
1113.000000,318.000000,1256.000000,498.000000
2573.000000,3769.000000,2553.000000,3973.000000
2072.000000,8.000000,2317.000000,138.000000
2770.000000,1843.000000,3109.000000,1952.000000
892.000000,944.000000,1031.000000,1053.000000
2374.000000,1768.000000,2417.000000,2201.000000
99.000000,2468.000000,216.000000,2846.000000
3041.000000,3227.000000,2980.000000,3314.000000
1775.000000,1282.000000,1708.000000,1315.000000
423.000000,1259.000000,96.000000,1339.000000
3817.000000,1395.000000,3384.000000,1539.000000
22.000000,1006.000000,10.000000,2516.000000
2417.000000,2201.000000,2448.000000,2284.000000
3537.000000,2650.000000,3742.000000,2814.000000
1362.000000,2065.000000,1164.000000,2122.000000
330.000000,2411.000000,650.000000,2490.000000
2104.000000,2063.000000,2179.000000,2762.000000
1024.000000,373.000000,1090.000000,680.000000
3942.000000,1960.000000,3857.000000,1997.000000
2663.000000,1481.000000,2374.000000,1768.000000
1293.000000,4013.000000,2571.000000,4074.000000
3817.000000,1395.000000,3971.000000,1407.000000
2865.000000,2890.000000,2493.000000,2989.000000
2885.000000,25.000000,2317.000000,138.000000
2201.000000,1423.000000,2374.000000,1768.000000
689.000000,3086.000000,724.000000,3284.000000
2181.000000,3188.000000,2150.000000,3311.000000
3601.000000,2735.000000,3742.000000,2814.000000
2470.000000,3970.000000,2571.000000,4074.000000
503.000000,1529.000000,661.000000,1610.000000
1783.000000,1351.000000,1678.000000,1430.000000
1040.000000,2941.000000,1147.000000,2961.000000
629.000000,483.000000,731.000000,750.000000
3818.000000,3493.000000,3659.000000,3660.000000
3759.000000,234.000000,3726.000000,329.000000
1551.000000,2925.000000,1389.000000,2993.000000
2245.000000,3850.000000,2388.000000,3850.000000
132.000000,759.000000,86.000000,997.000000
3423.000000,386.000000,3401.000000,525.000000
1675.000000,2536.000000,1763.000000,2894.000000
3102.000000,3064.000000,2980.000000,3314.000000
2072.000000,8.000000,1860.000000,376.000000
412.000000,2906.000000,526.000000,2961.000000
1968.000000,1979.000000,1362.000000,2065.000000
1335.000000,2596.000000,1275.000000,2678.000000
1688.000000,1047.000000,1432.000000,1295.000000
3724.000000,2083.000000,3748.000000,2155.000000
2150.000000,3311.000000,1976.000000,3348.000000
1610.000000,222.000000,1535.000000,668.000000
1622.000000,3654.000000,1434.000000,3818.000000
2596.000000,3204.000000,2526.000000,3213.000000
3129.000000,1697.000000,2799.000000,1744.000000
1383.000000,3509.000000,871.000000,3873.000000
1077.000000,3983.000000,307.000000,4006.000000
149.000000,3818.000000,10.000000,3864.000000
3050.000000,1119.000000,3080.000000,1289.000000
724.000000,3284.000000,653.000000,3377.000000
2072.000000,8.000000,2136.000000,543.000000
748.000000,1515.000000,718.000000,1551.000000
1383.000000,3509.000000,1434.000000,3818.000000
3857.000000,1997.000000,3698.000000,2310.000000
3537.000000,2650.000000,3601.000000,2735.000000
632.000000,2188.000000,796.000000,2267.000000
34.000000,1719.000000,107.000000,2014.000000
216.000000,2846.000000,193.000000,2882.000000
2556.000000,1280.000000,2981.000000,1374.000000
1270.000000,1470.000000,1604.000000,1481.000000
3950.000000,2872.000000,3993.000000,2945.000000
871.000000,3873.000000,858.000000,3883.000000
1269.000000,551.000000,1090.000000,680.000000
1302.000000,3302.000000,1383.000000,3509.000000
412.000000,2906.000000,329.000000,3095.000000
1143.000000,2429.000000,1335.000000,2596.000000
3278.000000,1776.000000,3213.000000,1914.000000
731.000000,750.000000,619.000000,1116.000000
849.000000,3849.000000,606.000000,3930.000000
796.000000,2267.000000,1146.000000,2317.000000
1053.000000,2008.000000,866.000000,2122.000000
1549.000000,2920.000000,1551.000000,2925.000000
1761.000000,3674.000000,2020.000000,3824.000000
1557.000000,2382.000000,1468.000000,2549.000000
811.000000,1030.000000,892.000000,1204.000000
3025.000000,1476.000000,2663.000000,1481.000000
2019.000000,1552.000000,2070.000000,1665.000000
1908.000000,952.000000,1723.000000,1050.000000
3025.000000,1476.000000,3129.000000,1697.000000
1270.000000,1470.000000,1210.000000,1504.000000
3974.000000,1219.000000,3992.000000,1314.000000
2152.000000,2804.000000,2152.000000,2839.000000
3102.000000,3064.000000,3041.000000,3227.000000
2019.000000,577.000000,2149.000000,890.000000
406.000000,328.000000,527.000000,432.000000
4068.000000,234.000000,4086.000000,2791.000000
2362.000000,1243.000000,2201.000000,1423.000000
2083.000000,888.000000,2149.000000,890.000000
1056.000000,2751.000000,1147.000000,2961.000000
2374.000000,1768.000000,2643.000000,1854.000000
1880.000000,753.000000,1997.000000,884.000000
1434.000000,3818.000000,1508.000000,3885.000000
260.000000,2789.000000,307.000000,2823.000000
2603.000000,1162.000000,2556.000000,1280.000000
3268.000000,1956.000000,3214.000000,2160.000000
1675.000000,2536.000000,1566.000000,2541.000000
758.000000,1679.000000,526.000000,1827.000000
1737.000000,3195.000000,1765.000000,3569.000000
3549.000000,3410.000000,3818.000000,3493.000000
2448.000000,2284.000000,3008.000000,2381.000000
639.000000,1390.000000,748.000000,1515.000000
1143.000000,2429.000000,1275.000000,2678.000000
1607.000000,2923.000000,1551.000000,2925.000000
653.000000,3377.000000,849.000000,3849.000000
917.000000,2123.000000,796.000000,2267.000000
463.000000,1353.000000,639.000000,1390.000000
3338.000000,1248.000000,3179.000000,1429.000000
4002.000000,3957.000000,3906.000000,3972.000000
2448.000000,2284.000000,2494.000000,2835.000000
100.000000,1965.000000,464.000000,2265.000000
1210.000000,1504.000000,1198.000000,1676.000000
836.000000,1762.000000,610.000000,1918.000000
836.000000,1762.000000,866.000000,2122.000000
3278.000000,1776.000000,3268.000000,1956.000000
985.000000,2908.000000,919.000000,2916.000000
3129.000000,1697.000000,2770.000000,1843.000000
3747.000000,1750.000000,3867.000000,1819.000000
2659.000000,1904.000000,2713.000000,1939.000000
3201.000000,736.000000,3510.000000,746.000000
619.000000,1116.000000,423.000000,1259.000000
3270.000000,1745.000000,3587.000000,1881.000000
2149.000000,890.000000,1908.000000,952.000000
527.000000,432.000000,530.000000,555.000000
232.000000,3456.000000,256.000000,3756.000000
1326.000000,969.000000,1086.000000,1161.000000
538.000000,742.000000,132.000000,759.000000
1073.000000,2459.000000,1155.000000,2601.000000
505.000000,1609.000000,526.000000,1827.000000
2098.000000,2054.000000,2104.000000,2063.000000
1566.000000,2541.000000,1335.000000,2596.000000
1432.000000,1295.000000,1323.000000,1299.000000
1860.000000,376.000000,1880.000000,753.000000
2948.000000,68.000000,3401.000000,525.000000
1198.000000,1676.000000,1411.000000,1683.000000
957.000000,34.000000,1178.000000,198.000000
2374.000000,1768.000000,2231.000000,1963.000000
2483.000000,419.000000,2604.000000,656.000000
3945.000000,1641.000000,4010.000000,2069.000000
2675.000000,2565.000000,2494.000000,2835.000000
1763.000000,2894.000000,1682.000000,3044.000000
2432.000000,154.000000,2274.000000,333.000000
4018.000000,2762.000000,3950.000000,2872.000000
79.000000,1281.000000,34.000000,1719.000000
2512.000000,259.000000,2604.000000,656.000000
1675.000000,2536.000000,1832.000000,2686.000000
1031.000000,1053.000000,1086.000000,1161.000000
4010.000000,2069.000000,3742.000000,2814.000000
1976.000000,413.000000,2019.000000,577.000000
849.000000,3849.000000,871.000000,3873.000000
1196.000000,3196.000000,1229.000000,3223.000000
3129.000000,1697.000000,3270.000000,1745.000000
629.000000,239.000000,958.000000,291.000000
1127.000000,3067.000000,1312.000000,3073.000000
34.000000,2947.000000,250.000000,3155.000000
413.000000,3129.000000,250.000000,3155.000000
1024.000000,373.000000,850.000000,531.000000
1040.000000,2941.000000,1127.000000,3067.000000
1007.000000,2900.000000,985.000000,2908.000000
3536.000000,584.000000,3444.000000,585.000000
256.000000,3756.000000,307.000000,4006.000000
2714.000000,699.000000,2809.000000,866.000000
1.000000,3604.000000,256.000000,3756.000000
3213.000000,1914.000000,3109.000000,1952.000000
1997.000000,884.000000,2083.000000,888.000000
3109.000000,1952.000000,3268.000000,1956.000000
3443.000000,1293.000000,3385.000000,1506.000000
858.000000,3883.000000,606.000000,3930.000000
1583.000000,1150.000000,1708.000000,1315.000000
4086.000000,2791.000000,3993.000000,2945.000000
1557.000000,2382.000000,1675.000000,2536.000000
1805.000000,1135.000000,1775.000000,1282.000000
1751.000000,3016.000000,1682.000000,3044.000000
1404.000000,649.000000,1421.000000,684.000000
2518.000000,3677.000000,2573.000000,3769.000000
2317.000000,138.000000,2260.000000,226.000000
2898.000000,1135.000000,2883.000000,1164.000000
2603.000000,1162.000000,2723.000000,1219.000000
4010.000000,2069.000000,4086.000000,2791.000000
307.000000,2823.000000,193.000000,2882.000000
2672.000000,2155.000000,3214.000000,2160.000000
3473.000000,3608.000000,3290.000000,3674.000000
958.000000,291.000000,1024.000000,373.000000
423.000000,1259.000000,639.000000,1390.000000
3358.000000,3082.000000,3290.000000,3674.000000
2494.000000,2835.000000,2493.000000,2989.000000
3163.000000,2765.000000,3126.000000,3044.000000
436.000000,171.000000,406.000000,328.000000
3080.000000,1289.000000,2979.000000,1437.000000
1077.000000,3983.000000,1293.000000,4013.000000
2885.000000,25.000000,2948.000000,68.000000
835.000000,2815.000000,852.000000,3046.000000
231.000000,835.000000,408.000000,912.000000
3587.000000,1881.000000,3268.000000,1956.000000
2745.000000,3750.000000,2573.000000,3769.000000
3957.000000,3703.000000,3761.000000,3843.000000
906.000000,1027.000000,811.000000,1030.000000
1073.000000,2459.000000,1186.000000,2766.000000
1641.000000,2818.000000,1763.000000,2894.000000
3698.000000,2310.000000,3396.000000,2510.000000
1164.000000,2122.000000,917.000000,2123.000000
4018.000000,2762.000000,4086.000000,2791.000000
1270.000000,1470.000000,1411.000000,1683.000000
271.000000,436.000000,530.000000,555.000000
1320.000000,265.000000,1404.000000,649.000000
1566.000000,2541.000000,1290.000000,2732.000000
2152.000000,2839.000000,2493.000000,2989.000000
307.000000,2823.000000,526.000000,2961.000000
1147.000000,2961.000000,1127.000000,3067.000000
505.000000,1609.000000,34.000000,1719.000000
957.000000,34.000000,958.000000,291.000000
3483.000000,1117.000000,3547.000000,1324.000000
1104.000000,2061.000000,1164.000000,2122.000000
672.000000,58.000000,436.000000,171.000000
2004.000000,2819.000000,1751.000000,3016.000000
1143.000000,2429.000000,1073.000000,2459.000000
3820.000000,2669.000000,4086.000000,2791.000000
2885.000000,25.000000,3686.000000,145.000000
3587.000000,1881.000000,3369.000000,2107.000000
256.000000,3756.000000,149.000000,3818.000000
2979.000000,1437.000000,3025.000000,1476.000000
3358.000000,3082.000000,3549.000000,3410.000000
1093.000000,1953.000000,1053.000000,2008.000000
2448.000000,2284.000000,2675.000000,2565.000000
503.000000,1529.000000,597.000000,1641.000000
3659.000000,3660.000000,3957.000000,3703.000000
957.000000,34.000000,700.000000,47.000000
2596.000000,3204.000000,2980.000000,3314.000000
1678.000000,1430.000000,1717.000000,1525.000000
639.000000,1390.000000,823.000000,1416.000000
10.000000,2516.000000,216.000000,2846.000000
271.000000,436.000000,542.000000,569.000000
1717.000000,1525.000000,1597.000000,1530.000000
1860.000000,376.000000,1535.000000,668.000000
3971.000000,1407.000000,3747.000000,1750.000000
489.000000,3703.000000,256.000000,3756.000000
1557.000000,2382.000000,1335.000000,2596.000000
2573.000000,3769.000000,2571.000000,4074.000000
1275.000000,2678.000000,1186.000000,2766.000000
629.000000,239.000000,406.000000,328.000000
3102.000000,3064.000000,3358.000000,3082.000000
2530.000000,3447.000000,2275.000000,3523.000000
3683.000000,1973.000000,3724.000000,2083.000000
3401.000000,525.000000,3105.000000,547.000000
2231.000000,1963.000000,2104.000000,2063.000000
3601.000000,2735.000000,3640.000000,2845.000000
3037.000000,964.000000,3050.000000,1119.000000
1622.000000,3654.000000,1616.000000,3893.000000
632.000000,2188.000000,330.000000,2411.000000
1073.000000,2459.000000,1158.000000,2580.000000
2502.000000,3519.000000,2518.000000,3677.000000
1976.000000,3348.000000,2275.000000,3523.000000
1421.000000,684.000000,1326.000000,969.000000
3290.000000,3674.000000,2983.000000,3935.000000
3556.000000,4055.000000,2571.000000,4074.000000
436.000000,171.000000,651.000000,203.000000
3614.000000,3178.000000,3912.000000,3463.000000
1983.000000,1214.000000,2043.000000,1227.000000
1086.000000,1161.000000,823.000000,1416.000000
3556.000000,4055.000000,4059.000000,4066.000000
464.000000,2265.000000,414.000000,2290.000000
3080.000000,1289.000000,3179.000000,1429.000000
1689.000000,4.000000,1860.000000,376.000000
3050.000000,1119.000000,3338.000000,1248.000000
107.000000,2014.000000,99.000000,2468.000000
3945.000000,1641.000000,3747.000000,1750.000000
1689.000000,4.000000,1610.000000,222.000000
3163.000000,2765.000000,3102.000000,3064.000000
262.000000,3868.000000,307.000000,4006.000000
1290.000000,2732.000000,1549.000000,2920.000000
3993.000000,2945.000000,3904.000000,3107.000000
1320.000000,265.000000,1535.000000,668.000000
22.000000,1006.000000,1.000000,3604.000000
1783.000000,1351.000000,1717.000000,1525.000000
2530.000000,3447.000000,2573.000000,3769.000000
1290.000000,2732.000000,1551.000000,2925.000000
2179.000000,2762.000000,2494.000000,2835.000000
3640.000000,2845.000000,3950.000000,2872.000000
1312.000000,3073.000000,1409.000000,3155.000000
1969.000000,1102.000000,2142.000000,1103.000000
1689.000000,4.000000,540.000000,14.000000
3129.000000,859.000000,3037.000000,964.000000
718.000000,1551.000000,836.000000,1762.000000
724.000000,3284.000000,553.000000,3446.000000
2643.000000,1854.000000,2659.000000,1904.000000
2659.000000,1904.000000,2672.000000,2155.000000
2072.000000,8.000000,2274.000000,333.000000
2936.000000,2677.000000,2865.000000,2890.000000
1851.000000,1349.000000,1807.000000,1363.000000
1583.000000,1150.000000,1775.000000,1282.000000
1434.000000,3818.000000,1355.000000,3907.000000
2799.000000,1744.000000,2770.000000,1843.000000
1158.000000,2580.000000,1275.000000,2678.000000
2736.000000,1616.000000,2799.000000,1744.000000
2025.000000,1496.000000,1903.000000,1609.000000
3686.000000,145.000000,4068.000000,234.000000
4010.000000,2069.000000,3820.000000,2669.000000
1805.000000,1135.000000,1893.000000,1192.000000
1005.000000,3556.000000,849.000000,3849.000000
3634.000000,2243.000000,3698.000000,2310.000000
958.000000,291.000000,933.000000,385.000000
1807.000000,1363.000000,2025.000000,1496.000000
1622.000000,3654.000000,1761.000000,3674.000000
1127.000000,3067.000000,995.000000,3256.000000
1723.000000,1050.000000,1893.000000,1192.000000
638.000000,2740.000000,726.000000,2913.000000
3925.000000,3736.000000,3761.000000,3843.000000
823.000000,1416.000000,879.000000,1546.000000
96.000000,1339.000000,505.000000,1609.000000
4059.000000,4066.000000,2571.000000,4074.000000
1658.000000,1661.000000,1968.000000,1979.000000
1355.000000,3907.000000,1293.000000,4013.000000
1198.000000,1676.000000,1093.000000,1953.000000
2432.000000,154.000000,2512.000000,259.000000
1155.000000,2601.000000,1186.000000,2766.000000
906.000000,1027.000000,1031.000000,1053.000000
1908.000000,952.000000,1969.000000,1102.000000
638.000000,2740.000000,260.000000,2789.000000
1851.000000,1349.000000,1783.000000,1351.000000
2948.000000,68.000000,3487.000000,127.000000
1056.000000,2751.000000,1186.000000,2766.000000
2179.000000,2762.000000,2152.000000,2804.000000
629.000000,483.000000,542.000000,569.000000
2142.000000,1103.000000,2043.000000,1227.000000
2898.000000,1135.000000,2723.000000,1219.000000
260.000000,2789.000000,216.000000,2846.000000
2152.000000,2804.000000,2256.000000,2821.000000
2072.000000,8.000000,1976.000000,413.000000
1256.000000,498.000000,1269.000000,551.000000
933.000000,385.000000,629.000000,483.000000
3904.000000,3107.000000,3912.000000,3463.000000
2388.000000,3850.000000,2470.000000,3970.000000
2274.000000,333.000000,2136.000000,543.000000
1549.000000,2920.000000,1607.000000,2923.000000
3726.000000,329.000000,3536.000000,584.000000
836.000000,1762.000000,1093.000000,1953.000000
1146.000000,2317.000000,1143.000000,2429.000000
2737.000000,3162.000000,2596.000000,3204.000000
1976.000000,3348.000000,1765.000000,3569.000000
10.000000,2516.000000,1.000000,3604.000000
1688.000000,1047.000000,1583.000000,1150.000000
3614.000000,3178.000000,3549.000000,3410.000000
2883.000000,1164.000000,2556.000000,1280.000000
849.000000,3849.000000,858.000000,3883.000000
3586.000000,453.000000,3536.000000,584.000000
2142.000000,1103.000000,2362.000000,1243.000000
653.000000,3377.000000,489.000000,3703.000000
3406.000000,2556.000000,3537.000000,2650.000000
629.000000,483.000000,799.000000,516.000000
3025.000000,1476.000000,2799.000000,1744.000000
1658.000000,172.000000,1860.000000,376.000000
489.000000,3703.000000,849.000000,3849.000000
2149.000000,890.000000,2120.000000,1016.000000
3857.000000,1997.000000,3748.000000,2155.000000
1269.000000,551.000000,1031.000000,1053.000000
2179.000000,2762.000000,2004.000000,2819.000000
3683.000000,1973.000000,3669.000000,2032.000000
2885.000000,25.000000,2791.000000,383.000000
178.000000,611.000000,132.000000,759.000000
2150.000000,3311.000000,2275.000000,3523.000000
3098.000000,2853.000000,2865.000000,2890.000000
117.000000,4037.000000,2571.000000,4074.000000
2980.000000,3314.000000,3290.000000,3674.000000
650.000000,2490.000000,638.000000,2740.000000
2004.000000,2819.000000,1856.000000,3148.000000
3918.000000,912.000000,3974.000000,1219.000000
1880.000000,753.000000,1978.000000,908.000000
1093.000000,1953.000000,866.000000,2122.000000
1717.000000,1525.000000,1658.000000,1661.000000
3213.000000,1914.000000,3268.000000,1956.000000
2745.000000,3750.000000,2817.000000,3836.000000
3918.000000,912.000000,3582.000000,980.000000
1908.000000,952.000000,2120.000000,1016.000000
1775.000000,1282.000000,1851.000000,1349.000000
1943.000000,746.000000,1997.000000,884.000000
3050.000000,1119.000000,2981.000000,1374.000000
1761.000000,3674.000000,1678.000000,3682.000000
3207.000000,2344.000000,3406.000000,2556.000000
2898.000000,1135.000000,2753.000000,1179.000000
871.000000,3873.000000,1077.000000,3983.000000
3207.000000,2344.000000,3008.000000,2381.000000
852.000000,3046.000000,689.000000,3086.000000
2936.000000,2677.000000,3163.000000,2765.000000
3747.000000,1750.000000,3587.000000,1881.000000
3317.000000,3725.000000,2983.000000,3935.000000
3587.000000,1881.000000,3683.000000,1973.000000
3992.000000,1314.000000,3945.000000,1641.000000
2583.000000,1735.000000,2374.000000,1768.000000
258.000000,3973.000000,307.000000,4006.000000
726.000000,2913.000000,526.000000,2961.000000
1323.000000,1299.000000,982.000000,1466.000000
726.000000,2913.000000,852.000000,3046.000000
3726.000000,329.000000,3586.000000,453.000000
650.000000,2490.000000,260.000000,2789.000000
10.000000,3864.000000,117.000000,4037.000000
4068.000000,234.000000,3942.000000,720.000000
3207.000000,2344.000000,3396.000000,2510.000000
3396.000000,2510.000000,3406.000000,2556.000000
718.000000,1551.000000,661.000000,1610.000000
3025.000000,1476.000000,2806.000000,1542.000000
919.000000,2916.000000,1040.000000,2941.000000
3207.000000,973.000000,3338.000000,1248.000000
2104.000000,2063.000000,1675.000000,2536.000000
866.000000,2122.000000,632.000000,2188.000000
193.000000,2882.000000,34.000000,2947.000000
1186.000000,2766.000000,1147.000000,2961.000000
2348.000000,3658.000000,2245.000000,3850.000000
3503.000000,3624.000000,3659.000000,3660.000000
1856.000000,3148.000000,2181.000000,3188.000000
4068.000000,234.000000,3992.000000,1314.000000
1968.000000,1979.000000,2104.000000,2063.000000
408.000000,912.000000,423.000000,1259.000000
3748.000000,2155.000000,3698.000000,2310.000000
1604.000000,1481.000000,1717.000000,1525.000000
262.000000,3868.000000,258.000000,3973.000000
2019.000000,1552.000000,2374.000000,1768.000000
2512.000000,259.000000,2483.000000,419.000000
1717.000000,1525.000000,1903.000000,1609.000000
2019.000000,577.000000,2387.000000,730.000000
2672.000000,2155.000000,3008.000000,2381.000000
1404.000000,649.000000,1535.000000,668.000000
957.000000,1766.000000,1093.000000,1953.000000
3008.000000,2381.000000,2675.000000,2565.000000
724.000000,3284.000000,498.000000,3366.000000
1351.000000,2855.000000,1266.000000,2947.000000
132.000000,759.000000,22.000000,1006.000000
2423.000000,230.000000,2274.000000,333.000000
1336.000000,3162.000000,1229.000000,3223.000000
1983.000000,1214.000000,1851.000000,1349.000000
3179.000000,1429.000000,3385.000000,1506.000000
2493.000000,2989.000000,2181.000000,3188.000000
1198.000000,1676.000000,1538.000000,1760.000000
2885.000000,25.000000,2512.000000,259.000000
1146.000000,2317.000000,1073.000000,2459.000000
1678.000000,3682.000000,1616.000000,3893.000000
1178.000000,198.000000,958.000000,291.000000
540.000000,14.000000,957.000000,34.000000
1320.000000,265.000000,1256.000000,498.000000
1409.000000,3155.000000,1336.000000,3162.000000
1073.000000,2459.000000,1056.000000,2751.000000
1641.000000,2818.000000,1607.000000,2923.000000
746.000000,2700.000000,1056.000000,2751.000000
2748.000000,905.000000,2898.000000,1135.000000
1231.000000,1652.000000,1198.000000,1676.000000
34.000000,1719.000000,10.000000,2516.000000
852.000000,3046.000000,899.000000,3314.000000
1723.000000,1050.000000,1805.000000,1135.000000
823.000000,1416.000000,982.000000,1466.000000
3761.000000,3843.000000,4002.000000,3957.000000
4010.000000,2069.000000,3698.000000,2310.000000
3473.000000,3608.000000,3503.000000,3624.000000
232.000000,3456.000000,1.000000,3604.000000
2502.000000,3519.000000,2275.000000,3523.000000
2231.000000,1963.000000,2098.000000,2054.000000
823.000000,1416.000000,748.000000,1515.000000
661.000000,1610.000000,758.000000,1679.000000
3105.000000,547.000000,3201.000000,736.000000
1557.000000,2382.000000,1143.000000,2429.000000
2573.000000,3769.000000,2817.000000,3836.000000
236.000000,3855.000000,258.000000,3973.000000
632.000000,2188.000000,464.000000,2265.000000
1312.000000,3073.000000,1196.000000,3196.000000
3925.000000,3736.000000,4059.000000,4066.000000
672.000000,58.000000,651.000000,203.000000
995.000000,3256.000000,926.000000,3433.000000
3487.000000,127.000000,3686.000000,145.000000
2948.000000,68.000000,2791.000000,383.000000
1682.000000,3044.000000,1409.000000,3155.000000
1302.000000,3302.000000,1184.000000,3484.000000
1409.000000,3155.000000,1546.000000,3241.000000
1765.000000,3569.000000,2020.000000,3824.000000
3686.000000,145.000000,3586.000000,453.000000
3227.000000,262.000000,3401.000000,525.000000
1610.000000,222.000000,1860.000000,376.000000
307.000000,4006.000000,117.000000,4037.000000
748.000000,1515.000000,661.000000,1610.000000
917.000000,2123.000000,1146.000000,2317.000000
3105.000000,547.000000,3129.000000,859.000000
2672.000000,2155.000000,2448.000000,2284.000000
1256.000000,498.000000,1090.000000,680.000000
2231.000000,1963.000000,2417.000000,2201.000000
231.000000,835.000000,72.000000,1039.000000
3867.000000,1819.000000,3683.000000,1973.000000
3105.000000,547.000000,3037.000000,964.000000
2714.000000,699.000000,2387.000000,730.000000
3683.000000,1973.000000,3857.000000,1997.000000
629.000000,239.000000,678.000000,356.000000
2836.000000,2721.000000,2865.000000,2890.000000
1053.000000,2008.000000,917.000000,2123.000000
2817.000000,3836.000000,2571.000000,4074.000000
2948.000000,68.000000,3105.000000,547.000000
2231.000000,1963.000000,1968.000000,1979.000000
892.000000,944.000000,811.000000,1030.000000
758.000000,1679.000000,610.000000,1918.000000
3270.000000,1745.000000,3278.000000,1776.000000
1701.000000,2191.000000,1557.000000,2382.000000
436.000000,171.000000,271.000000,436.000000
1355.000000,3907.000000,1077.000000,3983.000000
3974.000000,1219.000000,3817.000000,1395.000000
1508.000000,3885.000000,1882.000000,4031.000000
3201.000000,736.000000,3207.000000,973.000000
1196.000000,3196.000000,995.000000,3256.000000
3345.000000,3035.000000,3358.000000,3082.000000
3950.000000,2872.000000,3763.000000,3131.000000
3129.000000,1697.000000,3213.000000,1914.000000
4086.000000,2791.000000,3950.000000,2872.000000
2120.000000,1016.000000,2315.000000,1026.000000
107.000000,2014.000000,10.000000,2516.000000
2387.000000,730.000000,2149.000000,890.000000
99.000000,2468.000000,260.000000,2789.000000
899.000000,3314.000000,926.000000,3433.000000
1269.000000,551.000000,1421.000000,684.000000
2714.000000,699.000000,2748.000000,905.000000
2362.000000,1243.000000,2556.000000,1280.000000
1675.000000,2536.000000,1641.000000,2818.000000
2603.000000,1162.000000,2362.000000,1243.000000
1123.000000,1704.000000,957.000000,1766.000000
1689.000000,4.000000,1320.000000,265.000000
3525.000000,691.000000,3510.000000,746.000000
86.000000,997.000000,22.000000,1006.000000
1761.000000,3674.000000,1616.000000,3893.000000
3820.000000,2669.000000,3742.000000,2814.000000
3993.000000,2945.000000,3763.000000,3131.000000
72.000000,1039.000000,79.000000,1281.000000
3763.000000,3131.000000,3614.000000,3178.000000
2019.000000,1552.000000,1903.000000,1609.000000
34.000000,2947.000000,223.000000,2947.000000
2736.000000,1616.000000,2713.000000,1939.000000
3582.000000,980.000000,3547.000000,1324.000000
1566.000000,2541.000000,1468.000000,2549.000000
1851.000000,1349.000000,2201.000000,1423.000000
1832.000000,2686.000000,1763.000000,2894.000000
3525.000000,691.000000,3523.000000,946.000000
1056.000000,2751.000000,1007.000000,2900.000000
718.000000,1551.000000,758.000000,1679.000000
726.000000,2913.000000,689.000000,3086.000000
2663.000000,1481.000000,2736.000000,1616.000000
1362.000000,2065.000000,1143.000000,2429.000000
629.000000,239.000000,527.000000,432.000000
1807.000000,1363.000000,1717.000000,1525.000000
193.000000,2882.000000,412.000000,2906.000000
2181.000000,3188.000000,2275.000000,3523.000000
250.000000,3155.000000,232.000000,3456.000000
3345.000000,3035.000000,3126.000000,3044.000000
1143.000000,2429.000000,1158.000000,2580.000000
2806.000000,1542.000000,2736.000000,1616.000000
2275.000000,3523.000000,1765.000000,3569.000000
3444.000000,585.000000,3510.000000,746.000000
2149.000000,890.000000,1978.000000,908.000000
2791.000000,383.000000,2712.000000,508.000000
3037.000000,964.000000,2898.000000,1135.000000
1007.000000,2900.000000,919.000000,2916.000000
1737.000000,3195.000000,1302.000000,3302.000000
3698.000000,2310.000000,3742.000000,2814.000000
3401.000000,525.000000,3536.000000,584.000000
1658.000000,1661.000000,2047.000000,1763.000000
982.000000,1466.000000,957.000000,1766.000000
1544.000000,2631.000000,1549.000000,2920.000000
1860.000000,376.000000,2019.000000,577.000000
1675.000000,2536.000000,1544.000000,2631.000000
1362.000000,2065.000000,1701.000000,2191.000000
1678.000000,1430.000000,1604.000000,1481.000000
3748.000000,2155.000000,3634.000000,2243.000000
678.000000,356.000000,933.000000,385.000000
3384.000000,1539.000000,3587.000000,1881.000000
982.000000,1466.000000,1123.000000,1704.000000
3957.000000,3703.000000,4059.000000,4066.000000
3179.000000,1429.000000,3025.000000,1476.000000
2714.000000,699.000000,3037.000000,964.000000
3207.000000,1485.000000,3385.000000,1506.000000
2201.000000,1423.000000,2025.000000,1496.000000
1434.000000,3818.000000,1616.000000,3893.000000
1196.000000,3196.000000,1184.000000,3484.000000
2483.000000,419.000000,2136.000000,543.000000
3384.000000,1539.000000,3747.000000,1750.000000
3974.000000,1219.000000,3547.000000,1324.000000
1737.000000,3195.000000,1976.000000,3348.000000
3423.000000,386.000000,3586.000000,453.000000
1622.000000,3654.000000,1678.000000,3682.000000
1389.000000,2993.000000,1682.000000,3044.000000
3163.000000,2765.000000,3098.000000,2853.000000
2432.000000,154.000000,2423.000000,230.000000
748.000000,1515.000000,879.000000,1546.000000
1186.000000,2766.000000,1351.000000,2855.000000
3207.000000,1485.000000,3129.000000,1697.000000
1968.000000,1979.000000,1701.000000,2191.000000
1.000000,3604.000000,149.000000,3818.000000
1323.000000,1299.000000,1210.000000,1504.000000
1184.000000,3484.000000,871.000000,3873.000000
3369.000000,2107.000000,3634.000000,2243.000000
1266.000000,2947.000000,1147.000000,2961.000000
2256.000000,2821.000000,2494.000000,2835.000000
3742.000000,2814.000000,3640.000000,2845.000000
2245.000000,3850.000000,1882.000000,4031.000000
3820.000000,2669.000000,4018.000000,2762.000000
2245.000000,3850.000000,2470.000000,3970.000000
3338.000000,1248.000000,3080.000000,1289.000000
3587.000000,1881.000000,3214.000000,2160.000000
731.000000,750.000000,811.000000,1030.000000
1266.000000,2947.000000,1312.000000,3073.000000
2181.000000,3188.000000,2526.000000,3213.000000
1783.000000,1351.000000,1807.000000,1363.000000
1302.000000,3302.000000,1622.000000,3654.000000
1246.000000,2122.000000,1143.000000,2429.000000
3601.000000,2735.000000,3163.000000,2765.000000
871.000000,3873.000000,1355.000000,3907.000000
3536.000000,584.000000,3942.000000,720.000000
1024.000000,373.000000,933.000000,385.000000
1270.000000,1470.000000,1231.000000,1652.000000
2806.000000,1542.000000,2799.000000,1744.000000
3759.000000,234.000000,3942.000000,720.000000
2530.000000,3447.000000,2745.000000,3750.000000
2883.000000,1164.000000,2723.000000,1219.000000
866.000000,2122.000000,917.000000,2123.000000
3487.000000,127.000000,3227.000000,262.000000
540.000000,14.000000,700.000000,47.000000
2043.000000,1227.000000,2201.000000,1423.000000
1210.000000,1504.000000,1123.000000,1704.000000
731.000000,750.000000,892.000000,944.000000
811.000000,1030.000000,823.000000,1416.000000
1535.000000,668.000000,1758.000000,911.000000
1468.000000,2549.000000,1335.000000,2596.000000
4086.000000,2791.000000,4059.000000,4066.000000
1610.000000,222.000000,1320.000000,265.000000
3214.000000,2160.000000,3008.000000,2381.000000
412.000000,2906.000000,413.000000,3129.000000
2104.000000,2063.000000,1832.000000,2686.000000
1104.000000,2061.000000,917.000000,2123.000000
538.000000,742.000000,731.000000,750.000000
2300.000000,2358.000000,2179.000000,2762.000000
746.000000,2700.000000,835.000000,2815.000000
526.000000,2961.000000,635.000000,3054.000000
3523.000000,946.000000,3483.000000,1117.000000
746.000000,2700.000000,919.000000,2916.000000
879.000000,1546.000000,718.000000,1551.000000
1641.000000,2818.000000,1549.000000,2920.000000
1763.000000,2894.000000,1607.000000,2923.000000
2553.000000,3973.000000,2571.000000,4074.000000
3686.000000,145.000000,3227.000000,262.000000
1882.000000,4031.000000,2571.000000,4074.000000
231.000000,835.000000,86.000000,997.000000
635.000000,3054.000000,689.000000,3086.000000
3669.000000,2032.000000,3724.000000,2083.000000
700.000000,47.000000,672.000000,58.000000
1737.000000,3195.000000,1546.000000,3241.000000
3726.000000,329.000000,3942.000000,720.000000
2256.000000,2821.000000,2493.000000,2989.000000
1326.000000,969.000000,1688.000000,1047.000000
330.000000,2411.000000,260.000000,2789.000000
2315.000000,1026.000000,2603.000000,1162.000000
850.000000,531.000000,1090.000000,680.000000
746.000000,2700.000000,638.000000,2740.000000
2518.000000,3677.000000,2388.000000,3850.000000
1765.000000,3569.000000,1761.000000,3674.000000
2047.000000,1763.000000,2231.000000,1963.000000
258.000000,531.000000,542.000000,569.000000
3942.000000,1960.000000,4010.000000,2069.000000
2181.000000,3188.000000,1976.000000,3348.000000
1432.000000,1295.000000,1678.000000,1430.000000
1583.000000,1150.000000,1432.000000,1295.000000
3338.000000,1248.000000,3443.000000,1293.000000
3761.000000,3843.000000,3556.000000,4055.000000
3207.000000,2344.000000,3163.000000,2765.000000
2737.000000,3162.000000,2980.000000,3314.000000
3601.000000,2735.000000,3345.000000,3035.000000
2019.000000,1552.000000,2231.000000,1963.000000
2275.000000,3523.000000,2245.000000,3850.000000
2603.000000,1162.000000,2753.000000,1179.000000
3358.000000,3082.000000,3041.000000,3227.000000
1903.000000,1609.000000,2047.000000,1763.000000
3686.000000,145.000000,3759.000000,234.000000
2275.000000,3523.000000,2348.000000,3658.000000
1508.000000,3885.000000,1355.000000,3907.000000
3080.000000,1289.000000,2981.000000,1374.000000
2745.000000,3750.000000,2983.000000,3935.000000
2936.000000,2677.000000,3098.000000,2853.000000
4086.000000,2791.000000,3904.000000,3107.000000
3906.000000,3972.000000,3556.000000,4055.000000
731.000000,750.000000,1031.000000,1053.000000
132.000000,759.000000,231.000000,835.000000
3109.000000,1952.000000,3214.000000,2160.000000
1178.000000,198.000000,1320.000000,265.000000
107.000000,2014.000000,464.000000,2265.000000
2809.000000,866.000000,2898.000000,1135.000000
498.000000,3366.000000,232.000000,3456.000000
3640.000000,2845.000000,3763.000000,3131.000000
2675.000000,2565.000000,2936.000000,2677.000000
1908.000000,952.000000,1893.000000,1192.000000
1969.000000,1102.000000,1893.000000,1192.000000
1856.000000,3148.000000,1737.000000,3195.000000
2736.000000,1616.000000,2643.000000,1854.000000
3547.000000,1324.000000,3385.000000,1506.000000
2980.000000,3314.000000,2745.000000,3750.000000
3640.000000,2845.000000,3345.000000,3035.000000
3857.000000,1997.000000,4010.000000,2069.000000
2072.000000,8.000000,2885.000000,25.000000
2530.000000,3447.000000,2502.000000,3519.000000
681.000000,1367.000000,823.000000,1416.000000
1765.000000,3569.000000,1622.000000,3654.000000
2526.000000,3213.000000,2275.000000,3523.000000
408.000000,912.000000,619.000000,1116.000000
1658.000000,1661.000000,1362.000000,2065.000000
3742.000000,2814.000000,3950.000000,2872.000000
2374.000000,1768.000000,2659.000000,1904.000000
553.000000,3446.000000,489.000000,3703.000000
2004.000000,2819.000000,2152.000000,2839.000000
1229.000000,3223.000000,1302.000000,3302.000000
1682.000000,3044.000000,1546.000000,3241.000000
260.000000,2789.000000,193.000000,2882.000000
3669.000000,2032.000000,3369.000000,2107.000000
3207.000000,2344.000000,2936.000000,2677.000000
1312.000000,3073.000000,1336.000000,3162.000000
933.000000,385.000000,799.000000,516.000000
3503.000000,3624.000000,3317.000000,3725.000000
2675.000000,2565.000000,2836.000000,2721.000000
223.000000,2947.000000,293.000000,3109.000000
2025.000000,1496.000000,1717.000000,1525.000000
2317.000000,138.000000,2274.000000,333.000000
2526.000000,3213.000000,2530.000000,3447.000000
2423.000000,230.000000,2512.000000,259.000000
2104.000000,2063.000000,2300.000000,2358.000000
2604.000000,656.000000,2714.000000,699.000000
639.000000,1390.000000,503.000000,1529.000000
540.000000,14.000000,672.000000,58.000000
406.000000,328.000000,486.000000,399.000000
650.000000,2490.000000,746.000000,2700.000000
3126.000000,3044.000000,3358.000000,3082.000000
2104.000000,2063.000000,1701.000000,2191.000000
3925.000000,3736.000000,4002.000000,3957.000000
850.000000,531.000000,731.000000,750.000000
100.000000,1965.000000,107.000000,2014.000000
149.000000,3818.000000,236.000000,3855.000000
3317.000000,3725.000000,3556.000000,4055.000000
982.000000,1466.000000,1210.000000,1504.000000
4068.000000,234.000000,3918.000000,912.000000
3992.000000,1314.000000,3971.000000,1407.000000
2583.000000,1735.000000,2643.000000,1854.000000
3443.000000,1293.000000,3547.000000,1324.000000
619.000000,1116.000000,681.000000,1367.000000
1758.000000,911.000000,1688.000000,1047.000000
995.000000,3256.000000,1005.000000,3556.000000
2448.000000,2284.000000,2300.000000,2358.000000
413.000000,3129.000000,724.000000,3284.000000
406.000000,328.000000,271.000000,436.000000
3971.000000,1407.000000,3945.000000,1641.000000
3105.000000,547.000000,2714.000000,699.000000
2201.000000,1423.000000,2663.000000,1481.000000
2712.000000,508.000000,2714.000000,699.000000
3369.000000,2107.000000,3207.000000,2344.000000
2980.000000,3314.000000,2530.000000,3447.000000
486.000000,399.000000,527.000000,432.000000
463.000000,1353.000000,503.000000,1529.000000
1432.000000,1295.000000,1604.000000,1481.000000
1508.000000,3885.000000,1616.000000,3893.000000
307.000000,4006.000000,1293.000000,4013.000000
2836.000000,2721.000000,2494.000000,2835.000000
2979.000000,1437.000000,2663.000000,1481.000000
926.000000,3433.000000,849.000000,3849.000000
700.000000,47.000000,651.000000,203.000000
526.000000,2961.000000,689.000000,3086.000000
1544.000000,2631.000000,1641.000000,2818.000000
2152.000000,2839.000000,1856.000000,3148.000000
3214.000000,2160.000000,3207.000000,2344.000000
1053.000000,2008.000000,1104.000000,2061.000000
2417.000000,2201.000000,2300.000000,2358.000000
2348.000000,3658.000000,2388.000000,3850.000000
610.000000,1918.000000,464.000000,2265.000000
3536.000000,584.000000,3525.000000,691.000000
271.000000,436.000000,178.000000,611.000000
3129.000000,1697.000000,3109.000000,1952.000000
835.000000,2815.000000,726.000000,2913.000000
423.000000,1259.000000,463.000000,1353.000000
3396.000000,2510.000000,3537.000000,2650.000000
2120.000000,1016.000000,1969.000000,1102.000000
3992.000000,1314.000000,3817.000000,1395.000000
3503.000000,3624.000000,3761.000000,3843.000000
2136.000000,543.000000,2019.000000,577.000000
2659.000000,1904.000000,2417.000000,2201.000000
1775.000000,1282.000000,1783.000000,1351.000000
498.000000,3366.000000,553.000000,3446.000000
542.000000,569.000000,731.000000,750.000000
982.000000,1466.000000,879.000000,1546.000000
1178.000000,198.000000,1113.000000,318.000000
2714.000000,699.000000,2316.000000,784.000000
2256.000000,2821.000000,2152.000000,2839.000000
1312.000000,3073.000000,1229.000000,3223.000000
412.000000,2906.000000,223.000000,2947.000000
414.000000,2290.000000,99.000000,2468.000000
852.000000,3046.000000,1127.000000,3067.000000
879.000000,1546.000000,957.000000,1766.000000
413.000000,3129.000000,498.000000,3366.000000
1090.000000,680.000000,1031.000000,1053.000000
1717.000000,1525.000000,1538.000000,1760.000000
1689.000000,4.000000,2072.000000,8.000000
2315.000000,1026.000000,2142.000000,1103.000000
3207.000000,1485.000000,3270.000000,1745.000000
3686.000000,145.000000,3726.000000,329.000000
1127.000000,3067.000000,1196.000000,3196.000000
2260.000000,226.000000,2274.000000,333.000000
2791.000000,383.000000,3105.000000,547.000000
1723.000000,1050.000000,1583.000000,1150.000000
527.000000,432.000000,629.000000,483.000000
3510.000000,746.000000,3523.000000,946.000000
3473.000000,3608.000000,3317.000000,3725.000000
538.000000,742.000000,408.000000,912.000000
3686.000000,145.000000,3423.000000,386.000000
1535.000000,668.000000,1978.000000,908.000000
3586.000000,453.000000,3401.000000,525.000000
2120.000000,1016.000000,2142.000000,1103.000000
216.000000,2846.000000,34.000000,2947.000000
436.000000,171.000000,629.000000,239.000000
1053.000000,2008.000000,1164.000000,2122.000000
3358.000000,3082.000000,3614.000000,3178.000000
1007.000000,2900.000000,1040.000000,2941.000000
307.000000,2823.000000,412.000000,2906.000000
3992.000000,1314.000000,4010.000000,2069.000000
3041.000000,3227.000000,3290.000000,3674.000000
597.000000,1641.000000,526.000000,1827.000000
1269.000000,551.000000,1404.000000,649.000000
1689.000000,4.000000,1658.000000,172.000000
2019.000000,577.000000,1997.000000,884.000000
3525.000000,691.000000,3918.000000,912.000000
1266.000000,2947.000000,1389.000000,2993.000000
526.000000,2961.000000,413.000000,3129.000000
629.000000,239.000000,629.000000,483.000000
2885.000000,25.000000,2432.000000,154.000000
1186.000000,2766.000000,1266.000000,2947.000000
836.000000,1762.000000,957.000000,1766.000000
1270.000000,1470.000000,1597.000000,1530.000000
2883.000000,1164.000000,2981.000000,1374.000000
2736.000000,1616.000000,2583.000000,1735.000000
2981.000000,1374.000000,2979.000000,1437.000000
2737.000000,3162.000000,2526.000000,3213.000000
132.000000,759.000000,408.000000,912.000000
3904.000000,3107.000000,3614.000000,3178.000000
406.000000,328.000000,530.000000,555.000000
2152.000000,2804.000000,2004.000000,2819.000000
1184.000000,3484.000000,1005.000000,3556.000000
107.000000,2014.000000,414.000000,2290.000000
3401.000000,525.000000,3444.000000,585.000000
1832.000000,2686.000000,2004.000000,2819.000000
2748.000000,905.000000,2603.000000,1162.000000
2070.000000,1665.000000,2047.000000,1763.000000
3669.000000,2032.000000,3748.000000,2155.000000
1164.000000,2122.000000,1146.000000,2317.000000
3278.000000,1776.000000,3587.000000,1881.000000
3129.000000,859.000000,3207.000000,973.000000
1758.000000,911.000000,1908.000000,952.000000
1432.000000,1295.000000,1270.000000,1470.000000
3163.000000,2765.000000,2980.000000,3314.000000
852.000000,3046.000000,724.000000,3284.000000
2530.000000,3447.000000,2518.000000,3677.000000
852.000000,3046.000000,995.000000,3256.000000
1717.000000,1525.000000,2047.000000,1763.000000
1320.000000,265.000000,1269.000000,551.000000
3698.000000,2310.000000,3537.000000,2650.000000
2865.000000,2890.000000,2980.000000,3314.000000
661.000000,1610.000000,597.000000,1641.000000
3942.000000,720.000000,3918.000000,912.000000
1007.000000,2900.000000,1147.000000,2961.000000
3227.000000,262.000000,3423.000000,386.000000
3179.000000,1429.000000,3207.000000,1485.000000
1607.000000,2923.000000,1682.000000,3044.000000
858.000000,3883.000000,307.000000,4006.000000
1689.000000,4.000000,957.000000,34.000000
3201.000000,736.000000,3523.000000,946.000000
1.000000,3604.000000,130.000000,3821.000000
2817.000000,3836.000000,2983.000000,3935.000000
3384.000000,1539.000000,3270.000000,1745.000000
2179.000000,2762.000000,2256.000000,2821.000000
3050.000000,1119.000000,2898.000000,1135.000000
3582.000000,980.000000,3974.000000,1219.000000
1093.000000,1953.000000,1164.000000,2122.000000
1682.000000,3044.000000,1737.000000,3195.000000
96.000000,1339.000000,463.000000,1353.000000
149.000000,3818.000000,258.000000,3973.000000
2019.000000,577.000000,1943.000000,746.000000
3080.000000,1289.000000,3025.000000,1476.000000
899.000000,3314.000000,653.000000,3377.000000
2047.000000,1763.000000,1968.000000,1979.000000
3904.000000,3107.000000,3763.000000,3131.000000
2019.000000,1552.000000,2047.000000,1763.000000
193.000000,2882.000000,223.000000,2947.000000
486.000000,399.000000,530.000000,555.000000
1389.000000,2993.000000,1312.000000,3073.000000
3037.000000,964.000000,3207.000000,973.000000
2512.000000,259.000000,2136.000000,543.000000
3369.000000,2107.000000,3214.000000,2160.000000
2983.000000,3935.000000,2571.000000,4074.000000
3473.000000,3608.000000,3659.000000,3660.000000
2799.000000,1744.000000,2713.000000,1939.000000
811.000000,1030.000000,619.000000,1116.000000
632.000000,2188.000000,650.000000,2490.000000
2723.000000,1219.000000,2556.000000,1280.000000
2275.000000,3523.000000,2020.000000,3824.000000
1351.000000,2855.000000,1389.000000,2993.000000
1113.000000,318.000000,1090.000000,680.000000
1751.000000,3016.000000,1737.000000,3195.000000
1155.000000,2601.000000,1275.000000,2678.000000
1198.000000,1676.000000,1123.000000,1704.000000
906.000000,1027.000000,1086.000000,1161.000000
3912.000000,3463.000000,3957.000000,3703.000000
3443.000000,1293.000000,3179.000000,1429.000000
606.000000,3930.000000,307.000000,4006.000000
1323.000000,1299.000000,1270.000000,1470.000000
530.000000,555.000000,542.000000,569.000000
10.000000,2516.000000,34.000000,2947.000000
1184.000000,3484.000000,1383.000000,3509.000000
1658.000000,172.000000,1610.000000,222.000000
2152.000000,2839.000000,2181.000000,3188.000000
1535.000000,668.000000,1326.000000,969.000000
2936.000000,2677.000000,2836.000000,2721.000000
1566.000000,2541.000000,1275.000000,2678.000000
1198.000000,1676.000000,1362.000000,2065.000000
1943.000000,746.000000,1880.000000,753.000000
505.000000,1609.000000,597.000000,1641.000000
3945.000000,1641.000000,3867.000000,1819.000000
329.000000,3095.000000,413.000000,3129.000000
1326.000000,969.000000,1432.000000,1295.000000
619.000000,1116.000000,823.000000,1416.000000
1409.000000,3155.000000,1302.000000,3302.000000
256.000000,3756.000000,262.000000,3868.000000
2493.000000,2989.000000,2526.000000,3213.000000
3385.000000,1506.000000,3384.000000,1539.000000
1383.000000,3509.000000,1622.000000,3654.000000
1597.000000,1530.000000,1538.000000,1760.000000
2663.000000,1481.000000,2806.000000,1542.000000
3523.000000,946.000000,3207.000000,973.000000
96.000000,1339.000000,503.000000,1529.000000
1411.000000,1683.000000,1538.000000,1760.000000
1275.000000,2678.000000,1290.000000,2732.000000
2809.000000,866.000000,2748.000000,905.000000
1688.000000,1047.000000,1723.000000,1050.000000
178.000000,611.000000,22.000000,1006.000000
489.000000,3703.000000,307.000000,4006.000000
1164.000000,2122.000000,1246.000000,2122.000000
1320.000000,265.000000,1113.000000,318.000000
3444.000000,585.000000,3525.000000,691.000000
892.000000,1204.000000,823.000000,1416.000000
933.000000,385.000000,850.000000,531.000000
2104.000000,2063.000000,2417.000000,2201.000000
3503.000000,3624.000000,3556.000000,4055.000000
542.000000,569.000000,538.000000,742.000000
3867.000000,1819.000000,4010.000000,2069.000000
1005.000000,3556.000000,871.000000,3873.000000
99.000000,2468.000000,10.000000,2516.000000
3634.000000,2243.000000,3396.000000,2510.000000
1544.000000,2631.000000,1290.000000,2732.000000
3761.000000,3843.000000,3906.000000,3972.000000
3549.000000,3410.000000,3290.000000,3674.000000
1073.000000,2459.000000,650.000000,2490.000000
985.000000,2908.000000,1040.000000,2941.000000
3547.000000,1324.000000,3817.000000,1395.000000
3912.000000,3463.000000,3818.000000,3493.000000
758.000000,1679.000000,836.000000,1762.000000
1978.000000,908.000000,1758.000000,911.000000
858.000000,3883.000000,1077.000000,3983.000000
3401.000000,525.000000,3510.000000,746.000000
1196.000000,3196.000000,1302.000000,3302.000000
866.000000,2122.000000,796.000000,2267.000000
3640.000000,2845.000000,3614.000000,3178.000000
1535.000000,668.000000,1880.000000,753.000000
1040.000000,2941.000000,852.000000,3046.000000
919.000000,2916.000000,852.000000,3046.000000
293.000000,3109.000000,250.000000,3155.000000
3050.000000,1119.000000,2883.000000,1164.000000
1604.000000,1481.000000,1597.000000,1530.000000
2596.000000,3204.000000,2530.000000,3447.000000
489.000000,3703.000000,606.000000,3930.000000
1210.000000,1504.000000,1231.000000,1652.000000
2149.000000,890.000000,2315.000000,1026.000000
4086.000000,2791.000000,3957.000000,3703.000000
231.000000,835.000000,423.000000,1259.000000
3109.000000,1952.000000,2672.000000,2155.000000
1557.000000,2382.000000,1566.000000,2541.000000
2020.000000,3824.000000,2245.000000,3850.000000
1351.000000,2855.000000,1551.000000,2925.000000
3918.000000,912.000000,3523.000000,946.000000
995.000000,3256.000000,1184.000000,3484.000000
3547.000000,1324.000000,3384.000000,1539.000000
