POINTS
3898.000000,4.000000
3212.000000,8.000000
3824.000000,22.000000
1052.000000,34.000000
1807.000000,59.000000
4078.000000,69.000000
1867.000000,73.000000
3411.000000,97.000000
3488.000000,99.000000
2464.000000,108.000000
1163.000000,113.000000
1967.000000,129.000000
2899.000000,143.000000
4360.000000,146.000000
1960.000000,157.000000
1740.000000,171.000000
176.000000,172.000000
1292.000000,189.000000
4505.000000,190.000000
635.000000,195.000000
3330.000000,227.000000
4510.000000,240.000000
641.000000,250.000000
3908.000000,251.000000
4092.000000,252.000000
1912.000000,259.000000
3862.000000,260.000000
3842.000000,263.000000
192.000000,272.000000
794.000000,294.000000
4103.000000,298.000000
90.000000,299.000000
3578.000000,303.000000
1537.000000,306.000000
3276.000000,312.000000
4199.000000,320.000000
1878.000000,331.000000
3667.000000,356.000000
1009.000000,368.000000
3277.000000,368.000000
805.000000,369.000000
1760.000000,369.000000
3383.000000,371.000000
3835.000000,374.000000
2391.000000,377.000000
1504.000000,390.000000
1273.000000,408.000000
3367.000000,421.000000
2033.000000,429.000000
4287.000000,442.000000
2503.000000,475.000000
2361.000000,480.000000
1121.000000,496.000000
3960.000000,500.000000
4443.000000,501.000000
4531.000000,527.000000
2238.000000,548.000000
1185.000000,572.000000
4466.000000,583.000000
1504.000000,626.000000
1385.000000,630.000000
4109.000000,651.000000
3949.000000,668.000000
1738.000000,681.000000
3137.000000,692.000000
583.000000,695.000000
2274.000000,695.000000
1068.000000,712.000000
1158.000000,742.000000
1112.000000,771.000000
2530.000000,780.000000
2485.000000,786.000000
2274.000000,789.000000
290.000000,794.000000
2307.000000,804.000000
2808.000000,817.000000
3491.000000,826.000000
2379.000000,831.000000
1415.000000,839.000000
1999.000000,848.000000
2483.000000,849.000000
952.000000,852.000000
1473.000000,856.000000
397.000000,858.000000
1059.000000,860.000000
408.000000,865.000000
2554.000000,873.000000
3151.000000,885.000000
1838.000000,896.000000
1533.000000,898.000000
2090.000000,899.000000
1442.000000,911.000000
3893.000000,928.000000
737.000000,944.000000
1552.000000,957.000000
4385.000000,976.000000
1669.000000,984.000000
4526.000000,1008.000000
4063.000000,1017.000000
647.000000,1018.000000
1932.000000,1025.000000
926.000000,1034.000000
1952.000000,1047.000000
4413.000000,1052.000000
4055.000000,1062.000000
4533.000000,1062.000000
1.000000,1067.000000
3781.000000,1076.000000
1211.000000,1077.000000
2479.000000,1082.000000
3726.000000,1112.000000
1937.000000,1137.000000
4187.000000,1140.000000
4301.000000,1141.000000
97.000000,1143.000000
3279.000000,1167.000000
458.000000,1170.000000
828.000000,1183.000000
1519.000000,1191.000000
3938.000000,1194.000000
2860.000000,1214.000000
3975.000000,1216.000000
1659.000000,1230.000000
1850.000000,1244.000000
3481.000000,1245.000000
2157.000000,1270.000000
339.000000,1287.000000
4172.000000,1322.000000
498.000000,1348.000000
4500.000000,1369.000000
2873.000000,1370.000000
4167.000000,1371.000000
3694.000000,1380.000000
3609.000000,1390.000000
788.000000,1411.000000
836.000000,1435.000000
3991.000000,1451.000000
2476.000000,1461.000000
2088.000000,1462.000000
2036.000000,1477.000000
3704.000000,1483.000000
4459.000000,1486.000000
2221.000000,1503.000000
3279.000000,1523.000000
1860.000000,1548.000000
1871.000000,1550.000000
652.000000,1571.000000
3905.000000,1572.000000
3357.000000,1575.000000
877.000000,1580.000000
951.000000,1584.000000
4020.000000,1589.000000
130.000000,1592.000000
51.000000,1595.000000
4296.000000,1604.000000
2411.000000,1605.000000
258.000000,1611.000000
3009.000000,1646.000000
2159.000000,1649.000000
628.000000,1657.000000
1388.000000,1662.000000
2419.000000,1677.000000
1958.000000,1685.000000
771.000000,1694.000000
3752.000000,1697.000000
4121.000000,1701.000000
1405.000000,1710.000000
1082.000000,1713.000000
72.000000,1718.000000
1347.000000,1718.000000
3431.000000,1721.000000
1343.000000,1723.000000
3798.000000,1735.000000
2973.000000,1753.000000
1596.000000,1758.000000
1762.000000,1764.000000
2165.000000,1775.000000
538.000000,1781.000000
95.000000,1789.000000
4035.000000,1795.000000
3854.000000,1812.000000
4077.000000,1816.000000
2241.000000,1841.000000
269.000000,1844.000000
1063.000000,1845.000000
2131.000000,1846.000000
121.000000,1848.000000
1813.000000,1885.000000
4158.000000,1891.000000
2759.000000,1910.000000
747.000000,1932.000000
29.000000,1966.000000
3082.000000,1966.000000
4023.000000,1991.000000
3426.000000,1993.000000
2553.000000,2006.000000
3553.000000,2015.000000
3607.000000,2040.000000
1344.000000,2041.000000
1371.000000,2048.000000
3640.000000,2074.000000
4254.000000,2079.000000
4207.000000,2081.000000
718.000000,2092.000000
3401.000000,2110.000000
70.000000,2127.000000
447.000000,2132.000000
3752.000000,2150.000000
366.000000,2151.000000
723.000000,2153.000000
2345.000000,2186.000000
1756.000000,2193.000000
2076.000000,2193.000000
1267.000000,2195.000000
1452.000000,2197.000000
1359.000000,2202.000000
1039.000000,2206.000000
4082.000000,2215.000000
4156.000000,2227.000000
3492.000000,2231.000000
2225.000000,2245.000000
2012.000000,2253.000000
209.000000,2297.000000
3609.000000,2305.000000
2621.000000,2310.000000
4260.000000,2323.000000
1685.000000,2326.000000
4565.000000,2333.000000
4358.000000,2342.000000
521.000000,2352.000000
1864.000000,2364.000000
2798.000000,2371.000000
3116.000000,2382.000000
4460.000000,2435.000000
492.000000,2436.000000
3244.000000,2438.000000
2026.000000,2442.000000
257.000000,2448.000000
4505.000000,2450.000000
3262.000000,2458.000000
4360.000000,2464.000000
2223.000000,2465.000000
2802.000000,2469.000000
2978.000000,2476.000000
3428.000000,2483.000000
3382.000000,2501.000000
789.000000,2542.000000
2231.000000,2546.000000
2372.000000,2546.000000
3873.000000,2548.000000
1402.000000,2563.000000
3518.000000,2566.000000
2556.000000,2569.000000
2766.000000,2572.000000
2010.000000,2575.000000
3727.000000,2591.000000
3258.000000,2599.000000
635.000000,2605.000000
3590.000000,2620.000000
3629.000000,2621.000000
2773.000000,2627.000000
1066.000000,2629.000000
4453.000000,2652.000000
2921.000000,2655.000000
2801.000000,2657.000000
700.000000,2660.000000
635.000000,2661.000000
299.000000,2680.000000
3733.000000,2701.000000
1380.000000,2716.000000
306.000000,2724.000000
924.000000,2726.000000
2536.000000,2737.000000
2872.000000,2760.000000
595.000000,2781.000000
1783.000000,2801.000000
1910.000000,2803.000000
752.000000,2822.000000
3355.000000,2828.000000
1454.000000,2834.000000
4303.000000,2838.000000
4225.000000,2850.000000
1373.000000,2852.000000
257.000000,2878.000000
3732.000000,2886.000000
3907.000000,2887.000000
3337.000000,2918.000000
2817.000000,2944.000000
1939.000000,2960.000000
138.000000,2961.000000
3748.000000,2975.000000
2959.000000,2976.000000
1351.000000,2979.000000
2099.000000,2985.000000
3587.000000,2990.000000
1019.000000,3007.000000
623.000000,3017.000000
3634.000000,3023.000000
1705.000000,3032.000000
766.000000,3043.000000
198.000000,3045.000000
3970.000000,3046.000000
2698.000000,3070.000000
3182.000000,3080.000000
1255.000000,3083.000000
110.000000,3092.000000
3428.000000,3092.000000
4130.000000,3100.000000
2976.000000,3101.000000
4332.000000,3108.000000
2946.000000,3111.000000
3204.000000,3117.000000
325.000000,3120.000000
1547.000000,3121.000000
4458.000000,3122.000000
3668.000000,3129.000000
1971.000000,3130.000000
3789.000000,3130.000000
1496.000000,3153.000000
2661.000000,3156.000000
2798.000000,3201.000000
726.000000,3202.000000
742.000000,3204.000000
2727.000000,3207.000000
1239.000000,3220.000000
1030.000000,3235.000000
1739.000000,3236.000000
4479.000000,3258.000000
3563.000000,3266.000000
2816.000000,3269.000000
4560.000000,3271.000000
1954.000000,3278.000000
1630.000000,3284.000000
3336.000000,3285.000000
2592.000000,3289.000000
2715.000000,3300.000000
906.000000,3305.000000
2797.000000,3309.000000
3544.000000,3324.000000
1376.000000,3328.000000
4026.000000,3338.000000
725.000000,3340.000000
2210.000000,3343.000000
3500.000000,3343.000000
3092.000000,3372.000000
3584.000000,3380.000000
2483.000000,3408.000000
2153.000000,3423.000000
3709.000000,3425.000000
2083.000000,3427.000000
2851.000000,3435.000000
4398.000000,3450.000000
406.000000,3475.000000
1528.000000,3477.000000
2586.000000,3480.000000
3188.000000,3491.000000
4242.000000,3507.000000
997.000000,3542.000000
4377.000000,3565.000000
3328.000000,3571.000000
2214.000000,3572.000000
555.000000,3583.000000
3813.000000,3588.000000
2748.000000,3604.000000
887.000000,3608.000000
2261.000000,3622.000000
310.000000,3626.000000
3676.000000,3630.000000
2936.000000,3639.000000
2438.000000,3653.000000
4091.000000,3685.000000
1179.000000,3690.000000
661.000000,3719.000000
505.000000,3725.000000
1360.000000,3729.000000
3637.000000,3733.000000
4003.000000,3749.000000
411.000000,3751.000000
1025.000000,3765.000000
3679.000000,3773.000000
1658.000000,3790.000000
1700.000000,3792.000000
4089.000000,3800.000000
4216.000000,3803.000000
3790.000000,3816.000000
837.000000,3843.000000
3590.000000,3845.000000
2803.000000,3867.000000
3470.000000,3871.000000
394.000000,3873.000000
93.000000,3878.000000
3355.000000,3884.000000
2032.000000,3886.000000
4395.000000,3905.000000
1627.000000,3920.000000
3968.000000,3943.000000
3386.000000,3956.000000
3057.000000,3964.000000
3884.000000,3973.000000
2406.000000,4016.000000
1459.000000,4018.000000
2580.000000,4020.000000
4031.000000,4023.000000
1742.000000,4026.000000
2138.000000,4037.000000
2845.000000,4044.000000
2034.000000,4058.000000
2357.000000,4071.000000
1336.000000,4081.000000
206.000000,4087.000000
2204.000000,4089.000000
1724.000000,4093.000000
3371.000000,4103.000000
2159.000000,4127.000000
1426.000000,4150.000000
2584.000000,4156.000000
3723.000000,4177.000000
3314.000000,4207.000000
3406.000000,4209.000000
2528.000000,4211.000000
724.000000,4212.000000
1489.000000,4218.000000
2850.000000,4223.000000
3850.000000,4242.000000
4446.000000,4243.000000
3128.000000,4251.000000
4005.000000,4252.000000
441.000000,4255.000000
1445.000000,4256.000000
997.000000,4263.000000
1204.000000,4265.000000
666.000000,4267.000000
779.000000,4276.000000
3303.000000,4288.000000
1872.000000,4292.000000
958.000000,4312.000000
772.000000,4324.000000
4335.000000,4328.000000
2450.000000,4331.000000
3060.000000,4337.000000
3696.000000,4351.000000
4506.000000,4390.000000
2569.000000,4400.000000
891.000000,4425.000000
4170.000000,4440.000000
3126.000000,4447.000000
2278.000000,4448.000000
842.000000,4454.000000
1082.000000,4458.000000
2654.000000,4471.000000
1660.000000,4475.000000
3628.000000,4502.000000
29.000000,4505.000000
495.000000,4507.000000
2900.000000,4510.000000
2702.000000,4511.000000
2024.000000,4565.000000
3721.000000,4568.000000
LINES
3137.000000,692.000000,2808.000000,817.000000
2241.000000,1841.000000,2131.000000,1846.000000
1658.000000,3790.000000,1627.000000,3920.000000
3276.000000,312.000000,3383.000000,371.000000
29.000000,1966.000000,29.000000,4505.000000
3873.000000,2548.000000,4130.000000,3100.000000
1388.000000,1662.000000,1596.000000,1758.000000
4453.000000,2652.000000,4458.000000,3122.000000
1519.000000,1191.000000,1388.000000,1662.000000
583.000000,695.000000,647.000000,1018.000000
2873.000000,1370.000000,3009.000000,1646.000000
3694.000000,1380.000000,3704.000000,1483.000000
4260.000000,2323.000000,4358.000000,2342.000000
4360.000000,2464.000000,3873.000000,2548.000000
2936.000000,3639.000000,3057.000000,3964.000000
4360.000000,146.000000,4505.000000,190.000000
1807.000000,59.000000,1740.000000,171.000000
3492.000000,2231.000000,3609.000000,2305.000000
3898.000000,4.000000,3908.000000,251.000000
4458.000000,3122.000000,4560.000000,3271.000000
3431.000000,1721.000000,3553.000000,2015.000000
209.000000,2297.000000,521.000000,2352.000000
1952.000000,1047.000000,2479.000000,1082.000000
4360.000000,146.000000,4443.000000,501.000000
1359.000000,2202.000000,1402.000000,2563.000000
766.000000,3043.000000,742.000000,3204.000000
1402.000000,2563.000000,1380.000000,2716.000000
1860.000000,1548.000000,1596.000000,1758.000000
4199.000000,320.000000,4287.000000,442.000000
2766.000000,2572.000000,2773.000000,2627.000000
997.000000,3542.000000,887.000000,3608.000000
1019.000000,3007.000000,766.000000,3043.000000
3578.000000,303.000000,3667.000000,356.000000
1504.000000,390.000000,1273.000000,408.000000
1739.000000,3236.000000,1954.000000,3278.000000
952.000000,852.000000,737.000000,944.000000
2372.000000,2546.000000,2536.000000,2737.000000
2076.000000,2193.000000,1864.000000,2364.000000
2536.000000,2737.000000,2817.000000,2944.000000
3905.000000,1572.000000,3854.000000,1812.000000
4254.000000,2079.000000,4207.000000,2081.000000
1343.000000,1723.000000,1371.000000,2048.000000
1473.000000,856.000000,1442.000000,911.000000
1660.000000,4475.000000,2024.000000,4565.000000
2225.000000,2245.000000,2372.000000,2546.000000
1371.000000,2048.000000,1756.000000,2193.000000
772.000000,4324.000000,842.000000,4454.000000
652.000000,1571.000000,538.000000,1781.000000
2959.000000,2976.000000,3182.000000,3080.000000
1385.000000,630.000000,1158.000000,742.000000
2851.000000,3435.000000,2748.000000,3604.000000
1533.000000,898.000000,1669.000000,984.000000
4020.000000,1589.000000,4296.000000,1604.000000
4287.000000,442.000000,3960.000000,500.000000
3884.000000,3973.000000,3850.000000,4242.000000
4335.000000,4328.000000,4506.000000,4390.000000
1052.000000,34.000000,192.000000,272.000000
3426.000000,1993.000000,3607.000000,2040.000000
1052.000000,34.000000,176.000000,172.000000
1267.000000,2195.000000,1039.000000,2206.000000
290.000000,794.000000,397.000000,858.000000
2536.000000,2737.000000,2661.000000,3156.000000
2817.000000,2944.000000,2959.000000,2976.000000
411.000000,3751.000000,394.000000,3873.000000
1445.000000,4256.000000,1660.000000,4475.000000
70.000000,2127.000000,209.000000,2297.000000
3553.000000,2015.000000,3607.000000,2040.000000
4078.000000,69.000000,4103.000000,298.000000
3401.000000,2110.000000,3492.000000,2231.000000
2083.000000,3427.000000,2032.000000,3886.000000
70.000000,2127.000000,110.000000,3092.000000
2153.000000,3423.000000,2214.000000,3572.000000
1813.000000,1885.000000,1371.000000,2048.000000
1059.000000,860.000000,1211.000000,1077.000000
2860.000000,1214.000000,2476.000000,1461.000000
4466.000000,583.000000,4109.000000,651.000000
1762.000000,1764.000000,1813.000000,1885.000000
1850.000000,1244.000000,1860.000000,1548.000000
3336.000000,3285.000000,3188.000000,3491.000000
2278.000000,4448.000000,2024.000000,4565.000000
641.000000,250.000000,397.000000,858.000000
1700.000000,3792.000000,2034.000000,4058.000000
3991.000000,1451.000000,3905.000000,1572.000000
3386.000000,3956.000000,3128.000000,4251.000000
623.000000,3017.000000,726.000000,3202.000000
2033.000000,429.000000,1738.000000,681.000000
641.000000,250.000000,290.000000,794.000000
97.000000,1143.000000,130.000000,1592.000000
4026.000000,3338.000000,4398.000000,3450.000000
2536.000000,2737.000000,2698.000000,3070.000000
2274.000000,695.000000,2090.000000,899.000000
3578.000000,303.000000,3383.000000,371.000000
1030.000000,3235.000000,997.000000,3542.000000
1376.000000,3328.000000,1528.000000,3477.000000
1939.000000,2960.000000,2099.000000,2985.000000
2528.000000,4211.000000,2569.000000,4400.000000
2921.000000,2655.000000,2872.000000,2760.000000
1082.000000,1713.000000,1039.000000,2206.000000
3426.000000,1993.000000,3553.000000,2015.000000
4533.000000,1062.000000,4500.000000,1369.000000
1630.000000,3284.000000,1376.000000,3328.000000
2159.000000,1649.000000,1958.000000,1685.000000
209.000000,2297.000000,110.000000,3092.000000
325.000000,3120.000000,726.000000,3202.000000
4332.000000,3108.000000,4398.000000,3450.000000
1344.000000,2041.000000,1267.000000,2195.000000
2223.000000,2465.000000,2010.000000,2575.000000
2476.000000,1461.000000,2411.000000,1605.000000
1402.000000,2563.000000,1454.000000,2834.000000
3587.000000,2990.000000,3563.000000,3266.000000
3137.000000,692.000000,3151.000000,885.000000
2727.000000,3207.000000,2715.000000,3300.000000
1939.000000,2960.000000,1971.000000,3130.000000
3854.000000,1812.000000,4023.000000,1991.000000
3406.000000,4209.000000,3628.000000,4502.000000
2464.000000,108.000000,1967.000000,129.000000
4225.000000,2850.000000,4458.000000,3122.000000
3835.000000,374.000000,3960.000000,500.000000
4500.000000,1369.000000,4565.000000,2333.000000
1163.000000,113.000000,1273.000000,408.000000
1740.000000,171.000000,1912.000000,259.000000
1971.000000,3130.000000,1954.000000,3278.000000
2036.000000,1477.000000,1871.000000,1550.000000
666.000000,4267.000000,772.000000,4324.000000
3893.000000,928.000000,4063.000000,1017.000000
2241.000000,1841.000000,2553.000000,2006.000000
2817.000000,2944.000000,2798.000000,3201.000000
3563.000000,3266.000000,3709.000000,3425.000000
1596.000000,1758.000000,1813.000000,1885.000000
3563.000000,3266.000000,3544.000000,3324.000000
3116.000000,2382.000000,2872.000000,2760.000000
3128.000000,4251.000000,3060.000000,4337.000000
2584.000000,4156.000000,2569.000000,4400.000000
447.000000,2132.000000,366.000000,2151.000000
458.000000,1170.000000,339.000000,1287.000000
3500.000000,3343.000000,3584.000000,3380.000000
3668.000000,3129.000000,3789.000000,3130.000000
718.000000,2092.000000,447.000000,2132.000000
779.000000,4276.000000,891.000000,4425.000000
2210.000000,3343.000000,2083.000000,3427.000000
3126.000000,4447.000000,3628.000000,4502.000000
1504.000000,626.000000,1473.000000,856.000000
3607.000000,2040.000000,3401.000000,2110.000000
51.000000,1595.000000,29.000000,1966.000000
3884.000000,3973.000000,3723.000000,4177.000000
1496.000000,3153.000000,1376.000000,3328.000000
192.000000,272.000000,90.000000,299.000000
2872.000000,2760.000000,3355.000000,2828.000000
2798.000000,3201.000000,2715.000000,3300.000000
4358.000000,2342.000000,4460.000000,2435.000000
2210.000000,3343.000000,2153.000000,3423.000000
1380.000000,2716.000000,1454.000000,2834.000000
752.000000,2822.000000,623.000000,3017.000000
1659.000000,1230.000000,1860.000000,1548.000000
737.000000,944.000000,926.000000,1034.000000
447.000000,2132.000000,521.000000,2352.000000
3151.000000,885.000000,3481.000000,1245.000000
2357.000000,4071.000000,2204.000000,4089.000000
635.000000,195.000000,90.000000,299.000000
441.000000,4255.000000,666.000000,4267.000000
3431.000000,1721.000000,3426.000000,1993.000000
4207.000000,2081.000000,4156.000000,2227.000000
1756.000000,2193.000000,1864.000000,2364.000000
2759.000000,1910.000000,3082.000000,1966.000000
1783.000000,2801.000000,1496.000000,3153.000000
2345.000000,2186.000000,2076.000000,2193.000000
652.000000,1571.000000,628.000000,1657.000000
2584.000000,4156.000000,2850.000000,4223.000000
583.000000,695.000000,737.000000,944.000000
2530.000000,780.000000,2808.000000,817.000000
3854.000000,1812.000000,4158.000000,1891.000000
3667.000000,356.000000,3835.000000,374.000000
2238.000000,548.000000,2274.000000,695.000000
3970.000000,3046.000000,4026.000000,3338.000000
2808.000000,817.000000,2860.000000,1214.000000
138.000000,2961.000000,198.000000,3045.000000
3116.000000,2382.000000,3262.000000,2458.000000
3092.000000,3372.000000,3188.000000,3491.000000
2159.000000,4127.000000,2024.000000,4565.000000
2379.000000,831.000000,2479.000000,1082.000000
3244.000000,2438.000000,3262.000000,2458.000000
4130.000000,3100.000000,4026.000000,3338.000000
4296.000000,1604.000000,4121.000000,1701.000000
724.000000,4212.000000,958.000000,4312.000000
2372.000000,2546.000000,2556.000000,2569.000000
1504.000000,626.000000,1738.000000,681.000000
2483.000000,3408.000000,2586.000000,3480.000000
3116.000000,2382.000000,2921.000000,2655.000000
3850.000000,4242.000000,3696.000000,4351.000000
29.000000,1966.000000,70.000000,2127.000000
2773.000000,2627.000000,2872.000000,2760.000000
2900.000000,4510.000000,2702.000000,4511.000000
4395.000000,3905.000000,4031.000000,4023.000000
2406.000000,4016.000000,2357.000000,4071.000000
72.000000,1718.000000,121.000000,1848.000000
635.000000,2605.000000,700.000000,2660.000000
206.000000,4087.000000,29.000000,4505.000000
2138.000000,4037.000000,1872.000000,4292.000000
110.000000,3092.000000,325.000000,3120.000000
2973.000000,1753.000000,3082.000000,1966.000000
3634.000000,3023.000000,3668.000000,3129.000000
3328.000000,3571.000000,3637.000000,3733.000000
1039.000000,2206.000000,1402.000000,2563.000000
3723.000000,4177.000000,3628.000000,4502.000000
4199.000000,320.000000,4443.000000,501.000000
4242.000000,3507.000000,4377.000000,3565.000000
1112.000000,771.000000,1059.000000,860.000000
406.000000,3475.000000,310.000000,3626.000000
4170.000000,4440.000000,3721.000000,4568.000000
737.000000,944.000000,647.000000,1018.000000
2976.000000,3101.000000,3336.000000,3285.000000
4242.000000,3507.000000,4003.000000,3749.000000
29.000000,4505.000000,2024.000000,4565.000000
2479.000000,1082.000000,2476.000000,1461.000000
2391.000000,377.000000,2503.000000,475.000000
4207.000000,2081.000000,3752.000000,2150.000000
1273.000000,408.000000,1385.000000,630.000000
3907.000000,2887.000000,3748.000000,2975.000000
4026.000000,3338.000000,4242.000000,3507.000000
1211.000000,1077.000000,1519.000000,1191.000000
752.000000,2822.000000,1019.000000,3007.000000
1273.000000,408.000000,1121.000000,496.000000
4023.000000,1991.000000,3640.000000,2074.000000
652.000000,1571.000000,258.000000,1611.000000
3406.000000,4209.000000,3126.000000,4447.000000
2580.000000,4020.000000,2528.000000,4211.000000
1860.000000,1548.000000,1958.000000,1685.000000
4565.000000,2333.000000,4358.000000,2342.000000
1504.000000,626.000000,1533.000000,898.000000
1932.000000,1025.000000,1850.000000,1244.000000
3428.000000,3092.000000,3336.000000,3285.000000
1426.000000,4150.000000,1445.000000,4256.000000
3905.000000,1572.000000,3752.000000,1697.000000
3262.000000,2458.000000,3428.000000,2483.000000
4385.000000,976.000000,4063.000000,1017.000000
2715.000000,3300.000000,2797.000000,3309.000000
130.000000,1592.000000,258.000000,1611.000000
3137.000000,692.000000,3491.000000,826.000000
1030.000000,3235.000000,906.000000,3305.000000
2391.000000,377.000000,2238.000000,548.000000
2959.000000,2976.000000,2976.000000,3101.000000
779.000000,4276.000000,842.000000,4454.000000
1163.000000,113.000000,1121.000000,496.000000
1179.000000,3690.000000,1360.000000,3729.000000
70.000000,2127.000000,366.000000,2151.000000
3355.000000,3884.000000,3057.000000,3964.000000
788.000000,1411.000000,771.000000,1694.000000
3609.000000,1390.000000,3357.000000,1575.000000
3781.000000,1076.000000,3726.000000,1112.000000
3949.000000,668.000000,4063.000000,1017.000000
4506.000000,4390.000000,4170.000000,4440.000000
2204.000000,4089.000000,2528.000000,4211.000000
3748.000000,2975.000000,3668.000000,3129.000000
1068.000000,712.000000,1158.000000,742.000000
3128.000000,4251.000000,3126.000000,4447.000000
3126.000000,4447.000000,3721.000000,4568.000000
1872.000000,4292.000000,2024.000000,4565.000000
2131.000000,1846.000000,1813.000000,1885.000000
1204.000000,4265.000000,1660.000000,4475.000000
3330.000000,227.000000,3578.000000,303.000000
1066.000000,2629.000000,1019.000000,3007.000000
4413.000000,1052.000000,4533.000000,1062.000000
1405.000000,1710.000000,1596.000000,1758.000000
4466.000000,583.000000,4385.000000,976.000000
794.000000,294.000000,805.000000,369.000000
1.000000,1067.000000,130.000000,1592.000000
3733.000000,2701.000000,3907.000000,2887.000000
1292.000000,189.000000,1504.000000,390.000000
4003.000000,3749.000000,3884.000000,3973.000000
4398.000000,3450.000000,4395.000000,3905.000000
3752.000000,2150.000000,3873.000000,2548.000000
1630.000000,3284.000000,1528.000000,3477.000000
583.000000,695.000000,397.000000,858.000000
4395.000000,3905.000000,4506.000000,4390.000000
1405.000000,1710.000000,1343.000000,1723.000000
4531.000000,527.000000,4466.000000,583.000000
3732.000000,2886.000000,3587.000000,2990.000000
2802.000000,2469.000000,2801.000000,2657.000000
269.000000,1844.000000,121.000000,1848.000000
2485.000000,786.000000,2554.000000,873.000000
788.000000,1411.000000,836.000000,1435.000000
3789.000000,3130.000000,4026.000000,3338.000000
766.000000,3043.000000,725.000000,3340.000000
3748.000000,2975.000000,3970.000000,3046.000000
3212.000000,8.000000,1807.000000,59.000000
2698.000000,3070.000000,2661.000000,3156.000000
209.000000,2297.000000,257.000000,2448.000000
1385.000000,630.000000,1415.000000,839.000000
3428.000000,3092.000000,3563.000000,3266.000000
1700.000000,3792.000000,2032.000000,3886.000000
257.000000,2878.000000,138.000000,2961.000000
3862.000000,260.000000,4103.000000,298.000000
3590.000000,2620.000000,3355.000000,2828.000000
647.000000,1018.000000,458.000000,1170.000000
3873.000000,2548.000000,3733.000000,2701.000000
3905.000000,1572.000000,3798.000000,1735.000000
4078.000000,69.000000,4360.000000,146.000000
3491.000000,826.000000,3893.000000,928.000000
1.000000,1067.000000,458.000000,1170.000000
1960.000000,157.000000,2238.000000,548.000000
2817.000000,2944.000000,2698.000000,3070.000000
4031.000000,4023.000000,3850.000000,4242.000000
505.000000,3725.000000,394.000000,3873.000000
2411.000000,1605.000000,2419.000000,1677.000000
1052.000000,34.000000,805.000000,369.000000
3470.000000,3871.000000,3355.000000,3884.000000
4413.000000,1052.000000,4500.000000,1369.000000
1738.000000,681.000000,2274.000000,695.000000
4103.000000,298.000000,4199.000000,320.000000
1039.000000,2206.000000,1066.000000,2629.000000
725.000000,3340.000000,555.000000,3583.000000
1967.000000,129.000000,2391.000000,377.000000
4479.000000,3258.000000,4560.000000,3271.000000
492.000000,2436.000000,299.000000,2680.000000
2165.000000,1775.000000,2131.000000,1846.000000
2850.000000,4223.000000,3060.000000,4337.000000
779.000000,4276.000000,772.000000,4324.000000
4505.000000,2450.000000,4458.000000,3122.000000
1838.000000,896.000000,1533.000000,898.000000
2099.000000,2985.000000,2210.000000,3343.000000
1360.000000,3729.000000,1025.000000,3765.000000
1871.000000,1550.000000,1958.000000,1685.000000
1552.000000,957.000000,1211.000000,1077.000000
1756.000000,2193.000000,1685.000000,2326.000000
2036.000000,1477.000000,1860.000000,1548.000000
3873.000000,2548.000000,3727.000000,2591.000000
2621.000000,2310.000000,2802.000000,2469.000000
3640.000000,2074.000000,3401.000000,2110.000000
2159.000000,1649.000000,2241.000000,1841.000000
2850.000000,4223.000000,2569.000000,4400.000000
1063.000000,1845.000000,1039.000000,2206.000000
3492.000000,2231.000000,3116.000000,2382.000000
4156.000000,2227.000000,4565.000000,2333.000000
555.000000,3583.000000,661.000000,3719.000000
906.000000,3305.000000,887.000000,3608.000000
595.000000,2781.000000,257.000000,2878.000000
1121.000000,496.000000,1068.000000,712.000000
2450.000000,4331.000000,2569.000000,4400.000000
1380.000000,2716.000000,1019.000000,3007.000000
1.000000,1067.000000,339.000000,1287.000000
836.000000,1435.000000,1082.000000,1713.000000
4023.000000,1991.000000,4207.000000,2081.000000
3709.000000,3425.000000,4003.000000,3749.000000
4158.000000,1891.000000,4254.000000,2079.000000
2873.000000,1370.000000,2973.000000,1753.000000
997.000000,3542.000000,1179.000000,3690.000000
1239.000000,3220.000000,1030.000000,3235.000000
1912.000000,259.000000,1760.000000,369.000000
1158.000000,742.000000,1415.000000,839.000000
3732.000000,2886.000000,3748.000000,2975.000000
652.000000,1571.000000,771.000000,1694.000000
3590.000000,2620.000000,3629.000000,2621.000000
2483.000000,849.000000,2479.000000,1082.000000
666.000000,4267.000000,842.000000,4454.000000
2654.000000,4471.000000,2702.000000,4511.000000
2580.000000,4020.000000,2584.000000,4156.000000
1669.000000,984.000000,1659.000000,1230.000000
4035.000000,1795.000000,4158.000000,1891.000000
1864.000000,2364.000000,2026.000000,2442.000000
3336.000000,3285.000000,3544.000000,3324.000000
4565.000000,2333.000000,4505.000000,2450.000000
2231.000000,2546.000000,2099.000000,2985.000000
771.000000,1694.000000,747.000000,1932.000000
4089.000000,3800.000000,4216.000000,3803.000000
2204.000000,4089.000000,2159.000000,4127.000000
3781.000000,1076.000000,3938.000000,1194.000000
1627.000000,3920.000000,1459.000000,4018.000000
4207.000000,2081.000000,4082.000000,2215.000000
1967.000000,129.000000,1912.000000,259.000000
2900.000000,4510.000000,2024.000000,4565.000000
1740.000000,171.000000,1760.000000,369.000000
4531.000000,527.000000,4385.000000,976.000000
1255.000000,3083.000000,1239.000000,3220.000000
4500.000000,1369.000000,4254.000000,2079.000000
3908.000000,251.000000,3862.000000,260.000000
2798.000000,2371.000000,2802.000000,2469.000000
2661.000000,3156.000000,2798.000000,3201.000000
4187.000000,1140.000000,4167.000000,1371.000000
2131.000000,1846.000000,2076.000000,2193.000000
2899.000000,143.000000,2530.000000,780.000000
2845.000000,4044.000000,2850.000000,4223.000000
2088.000000,1462.000000,1871.000000,1550.000000
3428.000000,3092.000000,3204.000000,3117.000000
3428.000000,2483.000000,3629.000000,2621.000000
4505.000000,2450.000000,4453.000000,2652.000000
1267.000000,2195.000000,1359.000000,2202.000000
121.000000,1848.000000,366.000000,2151.000000
3813.000000,3588.000000,3679.000000,3773.000000
4505.000000,2450.000000,4560.000000,3271.000000
2485.000000,786.000000,2307.000000,804.000000
3355.000000,2828.000000,3182.000000,3080.000000
1912.000000,259.000000,2033.000000,429.000000
4453.000000,2652.000000,4303.000000,2838.000000
4092.000000,252.000000,4103.000000,298.000000
3905.000000,1572.000000,4121.000000,1701.000000
2899.000000,143.000000,3277.000000,368.000000
766.000000,3043.000000,1030.000000,3235.000000
3709.000000,3425.000000,3813.000000,3588.000000
623.000000,3017.000000,325.000000,3120.000000
2698.000000,3070.000000,2798.000000,3201.000000
4216.000000,3803.000000,4395.000000,3905.000000
958.000000,4312.000000,891.000000,4425.000000
3212.000000,8.000000,3276.000000,312.000000
635.000000,2661.000000,595.000000,2781.000000
595.000000,2781.000000,752.000000,2822.000000
1958.000000,1685.000000,2165.000000,1775.000000
521.000000,2352.000000,635.000000,2605.000000
2361.000000,480.000000,2274.000000,789.000000
3578.000000,303.000000,3367.000000,421.000000
4103.000000,298.000000,3960.000000,500.000000
1489.000000,4218.000000,1872.000000,4292.000000
2798.000000,2371.000000,3116.000000,2382.000000
2012.000000,2253.000000,1864.000000,2364.000000
290.000000,794.000000,1.000000,1067.000000
1504.000000,626.000000,1385.000000,630.000000
2976.000000,3101.000000,2798.000000,3201.000000
3428.000000,2483.000000,3382.000000,2501.000000
724.000000,4212.000000,779.000000,4276.000000
3337.000000,2918.000000,3182.000000,3080.000000
3679.000000,3773.000000,3790.000000,3816.000000
2032.000000,3886.000000,2138.000000,4037.000000
1336.000000,4081.000000,997.000000,4263.000000
2210.000000,3343.000000,2261.000000,3622.000000
2419.000000,1677.000000,2553.000000,2006.000000
1958.000000,1685.000000,1813.000000,1885.000000
3188.000000,3491.000000,3328.000000,3571.000000
1376.000000,3328.000000,997.000000,3542.000000
3938.000000,1194.000000,3694.000000,1380.000000
310.000000,3626.000000,411.000000,3751.000000
1630.000000,3284.000000,1700.000000,3792.000000
4109.000000,651.000000,4385.000000,976.000000
4225.000000,2850.000000,4332.000000,3108.000000
1937.000000,1137.000000,2157.000000,1270.000000
4385.000000,976.000000,4413.000000,1052.000000
2083.000000,3427.000000,2214.000000,3572.000000
209.000000,2297.000000,138.000000,2961.000000
2138.000000,4037.000000,2159.000000,4127.000000
1454.000000,2834.000000,1373.000000,2852.000000
3813.000000,3588.000000,3676.000000,3630.000000
3212.000000,8.000000,3330.000000,227.000000
1700.000000,3792.000000,1742.000000,4026.000000
3938.000000,1194.000000,3975.000000,1216.000000
4526.000000,1008.000000,4413.000000,1052.000000
2899.000000,143.000000,2808.000000,817.000000
1742.000000,4026.000000,2034.000000,4058.000000
1537.000000,306.000000,1504.000000,390.000000
2872.000000,2760.000000,3182.000000,3080.000000
3386.000000,3956.000000,3314.000000,4207.000000
926.000000,1034.000000,836.000000,1435.000000
2241.000000,1841.000000,2345.000000,2186.000000
3590.000000,2620.000000,3732.000000,2886.000000
176.000000,172.000000,192.000000,272.000000
394.000000,3873.000000,724.000000,4212.000000
3949.000000,668.000000,3893.000000,928.000000
2569.000000,4400.000000,2702.000000,4511.000000
4560.000000,3271.000000,4506.000000,4390.000000
2231.000000,2546.000000,2536.000000,2737.000000
2099.000000,2985.000000,2083.000000,3427.000000
2214.000000,3572.000000,2261.000000,3622.000000
1.000000,1067.000000,29.000000,4505.000000
723.000000,2153.000000,1039.000000,2206.000000
1445.000000,4256.000000,1204.000000,4265.000000
458.000000,1170.000000,498.000000,1348.000000
1954.000000,3278.000000,1630.000000,3284.000000
90.000000,299.000000,1.000000,1067.000000
1783.000000,2801.000000,1705.000000,3032.000000
93.000000,3878.000000,206.000000,4087.000000
1452.000000,2197.000000,1359.000000,2202.000000
1.000000,1067.000000,97.000000,1143.000000
2592.000000,3289.000000,2586.000000,3480.000000
3371.000000,4103.000000,3303.000000,4288.000000
3355.000000,3884.000000,3128.000000,4251.000000
3009.000000,1646.000000,2973.000000,1753.000000
2159.000000,4127.000000,2528.000000,4211.000000
1864.000000,2364.000000,1402.000000,2563.000000
2210.000000,3343.000000,2214.000000,3572.000000
3355.000000,2828.000000,3337.000000,2918.000000
394.000000,3873.000000,206.000000,4087.000000
3060.000000,4337.000000,3126.000000,4447.000000
4187.000000,1140.000000,4172.000000,1322.000000
3727.000000,2591.000000,3733.000000,2701.000000
2479.000000,1082.000000,2860.000000,1214.000000
1163.000000,113.000000,1009.000000,368.000000
299.000000,2680.000000,306.000000,2724.000000
3723.000000,4177.000000,3406.000000,4209.000000
2851.000000,3435.000000,3188.000000,3491.000000
3898.000000,4.000000,3212.000000,8.000000
1351.000000,2979.000000,1496.000000,3153.000000
2165.000000,1775.000000,2241.000000,1841.000000
628.000000,1657.000000,718.000000,2092.000000
997.000000,4263.000000,1204.000000,4265.000000
952.000000,852.000000,1059.000000,860.000000
4172.000000,1322.000000,4296.000000,1604.000000
3116.000000,2382.000000,3244.000000,2438.000000
121.000000,1848.000000,70.000000,2127.000000
2802.000000,2469.000000,2872.000000,2760.000000
257.000000,2878.000000,325.000000,3120.000000
3279.000000,1523.000000,3009.000000,1646.000000
4332.000000,3108.000000,4458.000000,3122.000000
1442.000000,911.000000,1211.000000,1077.000000
1960.000000,157.000000,2391.000000,377.000000
2278.000000,4448.000000,2702.000000,4511.000000
3500.000000,3343.000000,3637.000000,3733.000000
110.000000,3092.000000,93.000000,3878.000000
4377.000000,3565.000000,4091.000000,3685.000000
4301.000000,1141.000000,4172.000000,1322.000000
1878.000000,331.000000,1738.000000,681.000000
4565.000000,2333.000000,4460.000000,2435.000000
924.000000,2726.000000,1019.000000,3007.000000
3082.000000,1966.000000,2798.000000,2371.000000
3640.000000,2074.000000,3492.000000,2231.000000
924.000000,2726.000000,752.000000,2822.000000
3898.000000,4.000000,4360.000000,146.000000
3709.000000,3425.000000,3637.000000,3733.000000
906.000000,3305.000000,725.000000,3340.000000
72.000000,1718.000000,29.000000,1966.000000
4005.000000,4252.000000,3721.000000,4568.000000
4121.000000,1701.000000,4077.000000,1816.000000
2076.000000,2193.000000,2026.000000,2442.000000
3544.000000,3324.000000,3500.000000,3343.000000
2973.000000,1753.000000,2759.000000,1910.000000
3968.000000,3943.000000,4031.000000,4023.000000
258.000000,1611.000000,121.000000,1848.000000
583.000000,695.000000,408.000000,865.000000
3835.000000,374.000000,3949.000000,668.000000
4446.000000,4243.000000,4335.000000,4328.000000
4458.000000,3122.000000,4479.000000,3258.000000
2131.000000,1846.000000,1756.000000,2193.000000
2860.000000,1214.000000,3009.000000,1646.000000
3367.000000,421.000000,3137.000000,692.000000
1740.000000,171.000000,1504.000000,390.000000
887.000000,3608.000000,837.000000,3843.000000
110.000000,3092.000000,406.000000,3475.000000
4031.000000,4023.000000,4335.000000,4328.000000
4500.000000,1369.000000,4296.000000,1604.000000
1489.000000,4218.000000,1660.000000,4475.000000
2553.000000,2006.000000,2345.000000,2186.000000
2485.000000,786.000000,2379.000000,831.000000
766.000000,3043.000000,726.000000,3202.000000
1063.000000,1845.000000,747.000000,1932.000000
3862.000000,260.000000,3835.000000,374.000000
3908.000000,251.000000,4103.000000,298.000000
1019.000000,3007.000000,1255.000000,3083.000000
2345.000000,2186.000000,2225.000000,2245.000000
4296.000000,1604.000000,4077.000000,1816.000000
2090.000000,899.000000,1932.000000,1025.000000
3850.000000,4242.000000,4005.000000,4252.000000
1932.000000,1025.000000,1937.000000,1137.000000
4395.000000,3905.000000,4335.000000,4328.000000
2033.000000,429.000000,2238.000000,548.000000
3667.000000,356.000000,3367.000000,421.000000
2157.000000,1270.000000,2221.000000,1503.000000
3212.000000,8.000000,3488.000000,99.000000
1255.000000,3083.000000,1030.000000,3235.000000
3640.000000,2074.000000,3752.000000,2150.000000
2438.000000,3653.000000,2803.000000,3867.000000
3676.000000,3630.000000,3679.000000,3773.000000
2851.000000,3435.000000,2936.000000,3639.000000
492.000000,2436.000000,635.000000,2661.000000
1999.000000,848.000000,1932.000000,1025.000000
952.000000,852.000000,1211.000000,1077.000000
3355.000000,2828.000000,3587.000000,2990.000000
4260.000000,2323.000000,4360.000000,2464.000000
2661.000000,3156.000000,2727.000000,3207.000000
842.000000,4454.000000,495.000000,4507.000000
2464.000000,108.000000,2899.000000,143.000000
3789.000000,3130.000000,3709.000000,3425.000000
1519.000000,1191.000000,1347.000000,1718.000000
4055.000000,1062.000000,4187.000000,1140.000000
2274.000000,695.000000,1999.000000,848.000000
4063.000000,1017.000000,4055.000000,1062.000000
2530.000000,780.000000,2274.000000,789.000000
2088.000000,1462.000000,1958.000000,1685.000000
887.000000,3608.000000,1025.000000,3765.000000
2936.000000,3639.000000,3355.000000,3884.000000
138.000000,2961.000000,325.000000,3120.000000
1860.000000,1548.000000,1871.000000,1550.000000
492.000000,2436.000000,635.000000,2605.000000
1459.000000,4018.000000,1336.000000,4081.000000
3842.000000,263.000000,3835.000000,374.000000
1066.000000,2629.000000,924.000000,2726.000000
4082.000000,2215.000000,4260.000000,2323.000000
2621.000000,2310.000000,2556.000000,2569.000000
788.000000,1411.000000,652.000000,1571.000000
4167.000000,1371.000000,3991.000000,1451.000000
2978.000000,2476.000000,2921.000000,2655.000000
747.000000,1932.000000,1039.000000,2206.000000
1504.000000,390.000000,1504.000000,626.000000
3609.000000,1390.000000,3279.000000,1523.000000
1082.000000,1713.000000,1344.000000,2041.000000
1019.000000,3007.000000,1030.000000,3235.000000
1627.000000,3920.000000,1489.000000,4218.000000
641.000000,250.000000,90.000000,299.000000
3279.000000,1167.000000,2860.000000,1214.000000
1473.000000,856.000000,1533.000000,898.000000
2872.000000,2760.000000,2959.000000,2976.000000
4560.000000,3271.000000,4398.000000,3450.000000
1807.000000,59.000000,1504.000000,390.000000
1025.000000,3765.000000,837.000000,3843.000000
2419.000000,1677.000000,2241.000000,1841.000000
1552.000000,957.000000,1519.000000,1191.000000
1415.000000,839.000000,1473.000000,856.000000
628.000000,1657.000000,747.000000,1932.000000
1343.000000,1723.000000,1596.000000,1758.000000
752.000000,2822.000000,257.000000,2878.000000
3628.000000,4502.000000,3721.000000,4568.000000
4510.000000,240.000000,4466.000000,583.000000
1292.000000,189.000000,1537.000000,306.000000
3212.000000,8.000000,3824.000000,22.000000
3584.000000,3380.000000,3709.000000,3425.000000
1528.000000,3477.000000,1700.000000,3792.000000
4216.000000,3803.000000,3968.000000,3943.000000
2261.000000,3622.000000,2032.000000,3886.000000
842.000000,4454.000000,2024.000000,4565.000000
2032.000000,3886.000000,2034.000000,4058.000000
951.000000,1584.000000,1063.000000,1845.000000
3813.000000,3588.000000,4003.000000,3749.000000
4377.000000,3565.000000,4216.000000,3803.000000
3491.000000,826.000000,3151.000000,885.000000
3276.000000,312.000000,3277.000000,368.000000
836.000000,1435.000000,951.000000,1584.000000
1783.000000,2801.000000,1939.000000,2960.000000
4446.000000,4243.000000,4506.000000,4390.000000
4360.000000,2464.000000,4303.000000,2838.000000
2223.000000,2465.000000,2231.000000,2546.000000
3850.000000,4242.000000,3721.000000,4568.000000
1059.000000,860.000000,1442.000000,911.000000
828.000000,1183.000000,836.000000,1435.000000
4172.000000,1322.000000,4500.000000,1369.000000
3752.000000,1697.000000,3798.000000,1735.000000
1204.000000,4265.000000,1082.000000,4458.000000
2715.000000,3300.000000,2851.000000,3435.000000
3481.000000,1245.000000,3694.000000,1380.000000
1039.000000,2206.000000,521.000000,2352.000000
1.000000,1067.000000,51.000000,1595.000000
2033.000000,429.000000,2274.000000,695.000000
2802.000000,2469.000000,2773.000000,2627.000000
3629.000000,2621.000000,3733.000000,2701.000000
4413.000000,1052.000000,4301.000000,1141.000000
4089.000000,3800.000000,3968.000000,3943.000000
2159.000000,4127.000000,1872.000000,4292.000000
3382.000000,2501.000000,3258.000000,2599.000000
3873.000000,2548.000000,4225.000000,2850.000000
3279.000000,1523.000000,2973.000000,1753.000000
2530.000000,780.000000,2554.000000,873.000000
2661.000000,3156.000000,2715.000000,3300.000000
1405.000000,1710.000000,1347.000000,1718.000000
3382.000000,2501.000000,3518.000000,2566.000000
366.000000,2151.000000,209.000000,2297.000000
97.000000,1143.000000,339.000000,1287.000000
3330.000000,227.000000,3383.000000,371.000000
4031.000000,4023.000000,4005.000000,4252.000000
3277.000000,368.000000,3137.000000,692.000000
1669.000000,984.000000,1850.000000,1244.000000
1685.000000,2326.000000,1402.000000,2563.000000
2978.000000,2476.000000,2872.000000,2760.000000
1388.000000,1662.000000,1347.000000,1718.000000
339.000000,1287.000000,498.000000,1348.000000
3279.000000,1167.000000,3279.000000,1523.000000
209.000000,2297.000000,492.000000,2436.000000
1878.000000,331.000000,1760.000000,369.000000
1273.000000,408.000000,1504.000000,626.000000
1596.000000,1758.000000,1762.000000,1764.000000
4377.000000,3565.000000,4395.000000,3905.000000
1783.000000,2801.000000,1547.000000,3121.000000
635.000000,195.000000,192.000000,272.000000
1519.000000,1191.000000,1659.000000,1230.000000
3314.000000,4207.000000,3303.000000,4288.000000
3640.000000,2074.000000,3609.000000,2305.000000
2379.000000,831.000000,2090.000000,899.000000
2307.000000,804.000000,2090.000000,899.000000
2483.000000,3408.000000,2748.000000,3604.000000
2138.000000,4037.000000,2034.000000,4058.000000
3411.000000,97.000000,3330.000000,227.000000
661.000000,3719.000000,505.000000,3725.000000
1952.000000,1047.000000,2157.000000,1270.000000
1910.000000,2803.000000,1939.000000,2960.000000
1867.000000,73.000000,1912.000000,259.000000
3727.000000,2591.000000,3629.000000,2621.000000
4526.000000,1008.000000,4533.000000,1062.000000
836.000000,1435.000000,877.000000,1580.000000
1344.000000,2041.000000,1359.000000,2202.000000
2899.000000,143.000000,3276.000000,312.000000
4055.000000,1062.000000,4167.000000,1371.000000
1807.000000,59.000000,1292.000000,189.000000
2076.000000,2193.000000,2223.000000,2465.000000
2569.000000,4400.000000,2654.000000,4471.000000
4026.000000,3338.000000,3709.000000,3425.000000
2438.000000,3653.000000,2580.000000,4020.000000
3975.000000,1216.000000,3991.000000,1451.000000
1415.000000,839.000000,1442.000000,911.000000
1121.000000,496.000000,737.000000,944.000000
4055.000000,1062.000000,3781.000000,1076.000000
3279.000000,1167.000000,3609.000000,1390.000000
406.000000,3475.000000,411.000000,3751.000000
1376.000000,3328.000000,1360.000000,3729.000000
2157.000000,1270.000000,2088.000000,1462.000000
3500.000000,3343.000000,3328.000000,3571.000000
1533.000000,898.000000,1552.000000,957.000000
269.000000,1844.000000,447.000000,2132.000000
2391.000000,377.000000,2361.000000,480.000000
1347.000000,1718.000000,1343.000000,1723.000000
2024.000000,4565.000000,3721.000000,4568.000000
4003.000000,3749.000000,4089.000000,3800.000000
4459.000000,1486.000000,4296.000000,1604.000000
258.000000,1611.000000,538.000000,1781.000000
1489.000000,4218.000000,1445.000000,4256.000000
1910.000000,2803.000000,2099.000000,2985.000000
3212.000000,8.000000,1052.000000,34.000000
4082.000000,2215.000000,3873.000000,2548.000000
3277.000000,368.000000,2808.000000,817.000000
4358.000000,2342.000000,4360.000000,2464.000000
3492.000000,2231.000000,3428.000000,2483.000000
4287.000000,442.000000,4109.000000,651.000000
2816.000000,3269.000000,2797.000000,3309.000000
3694.000000,1380.000000,3991.000000,1451.000000
2088.000000,1462.000000,2036.000000,1477.000000
2802.000000,2469.000000,2978.000000,2476.000000
1872.000000,4292.000000,1660.000000,4475.000000
2261.000000,3622.000000,2438.000000,3653.000000
3488.000000,99.000000,3842.000000,263.000000
1344.000000,2041.000000,1371.000000,2048.000000
2083.000000,3427.000000,1700.000000,3792.000000
4443.000000,501.000000,4466.000000,583.000000
138.000000,2961.000000,110.000000,3092.000000
1426.000000,4150.000000,1489.000000,4218.000000
877.000000,1580.000000,951.000000,1584.000000
2026.000000,2442.000000,2010.000000,2575.000000
661.000000,3719.000000,394.000000,3873.000000
3668.000000,3129.000000,3563.000000,3266.000000
3492.000000,2231.000000,2798.000000,2371.000000
2099.000000,2985.000000,1954.000000,3278.000000
2798.000000,3201.000000,2816.000000,3269.000000
3406.000000,4209.000000,3303.000000,4288.000000
1380.000000,2716.000000,1351.000000,2979.000000
4287.000000,442.000000,4466.000000,583.000000
700.000000,2660.000000,924.000000,2726.000000
4287.000000,442.000000,4443.000000,501.000000
1442.000000,911.000000,1552.000000,957.000000
3060.000000,4337.000000,2900.000000,4510.000000
4460.000000,2435.000000,4505.000000,2450.000000
2157.000000,1270.000000,2036.000000,1477.000000
2773.000000,2627.000000,2801.000000,2657.000000
1039.000000,2206.000000,789.000000,2542.000000
635.000000,2661.000000,306.000000,2724.000000
1937.000000,1137.000000,1850.000000,1244.000000
2138.000000,4037.000000,2357.000000,4071.000000
3694.000000,1380.000000,3905.000000,1572.000000
3905.000000,1572.000000,4020.000000,1589.000000
4020.000000,1589.000000,4121.000000,1701.000000
4395.000000,3905.000000,4446.000000,4243.000000
3544.000000,3324.000000,3584.000000,3380.000000
1939.000000,2960.000000,1705.000000,3032.000000
2485.000000,786.000000,2483.000000,849.000000
3182.000000,3080.000000,2976.000000,3101.000000
366.000000,2151.000000,521.000000,2352.000000
2032.000000,3886.000000,2357.000000,4071.000000
3128.000000,4251.000000,3303.000000,4288.000000
2483.000000,3408.000000,2438.000000,3653.000000
3330.000000,227.000000,3276.000000,312.000000
2798.000000,3201.000000,2727.000000,3207.000000
2406.000000,4016.000000,2580.000000,4020.000000
2530.000000,780.000000,2485.000000,786.000000
1082.000000,1713.000000,1063.000000,1845.000000
1528.000000,3477.000000,1360.000000,3729.000000
3637.000000,3733.000000,3590.000000,3845.000000
3367.000000,421.000000,3893.000000,928.000000
3835.000000,374.000000,3367.000000,421.000000
3609.000000,2305.000000,3428.000000,2483.000000
2973.000000,1753.000000,3426.000000,1993.000000
2661.000000,3156.000000,2592.000000,3289.000000
198.000000,3045.000000,110.000000,3092.000000
1158.000000,742.000000,1442.000000,911.000000
1860.000000,1548.000000,1762.000000,1764.000000
2554.000000,873.000000,2860.000000,1214.000000
4216.000000,3803.000000,4031.000000,4023.000000
4003.000000,3749.000000,3968.000000,3943.000000
926.000000,1034.000000,1082.000000,1713.000000
4510.000000,240.000000,4443.000000,501.000000
747.000000,1932.000000,723.000000,2153.000000
2450.000000,4331.000000,2654.000000,4471.000000
3336.000000,3285.000000,3092.000000,3372.000000
805.000000,369.000000,397.000000,858.000000
2621.000000,2310.000000,2798.000000,2371.000000
4531.000000,527.000000,4526.000000,1008.000000
3277.000000,368.000000,3383.000000,371.000000
1351.000000,2979.000000,1239.000000,3220.000000
1939.000000,2960.000000,1739.000000,3236.000000
926.000000,1034.000000,828.000000,1183.000000
4103.000000,298.000000,3835.000000,374.000000
2798.000000,3201.000000,2797.000000,3309.000000
2090.000000,899.000000,2479.000000,1082.000000
1082.000000,4458.000000,1660.000000,4475.000000
4459.000000,1486.000000,4158.000000,1891.000000
3518.000000,2566.000000,3629.000000,2621.000000
2802.000000,2469.000000,2556.000000,2569.000000
3907.000000,2887.000000,3970.000000,3046.000000
257.000000,2448.000000,299.000000,2680.000000
1121.000000,496.000000,952.000000,852.000000
1163.000000,113.000000,1292.000000,189.000000
2536.000000,2737.000000,2210.000000,3343.000000
3752.000000,1697.000000,3431.000000,1721.000000
4063.000000,1017.000000,4187.000000,1140.000000
951.000000,1584.000000,1082.000000,1713.000000
1336.000000,4081.000000,1445.000000,4256.000000
4505.000000,2450.000000,4360.000000,2464.000000
1121.000000,496.000000,1158.000000,742.000000
1082.000000,1713.000000,1347.000000,1718.000000
2556.000000,2569.000000,2773.000000,2627.000000
837.000000,3843.000000,997.000000,4263.000000
206.000000,4087.000000,495.000000,4507.000000
1185.000000,572.000000,1158.000000,742.000000
661.000000,3719.000000,837.000000,3843.000000
90.000000,299.000000,290.000000,794.000000
1533.000000,898.000000,1442.000000,911.000000
837.000000,3843.000000,724.000000,4212.000000
3367.000000,421.000000,3491.000000,826.000000
3960.000000,500.000000,3949.000000,668.000000
29.000000,4505.000000,495.000000,4507.000000
4225.000000,2850.000000,4130.000000,3100.000000
2099.000000,2985.000000,1971.000000,3130.000000
718.000000,2092.000000,723.000000,2153.000000
1960.000000,157.000000,1912.000000,259.000000
4505.000000,190.000000,4510.000000,240.000000
2798.000000,2371.000000,2978.000000,2476.000000
3500.000000,3343.000000,3188.000000,3491.000000
206.000000,4087.000000,441.000000,4255.000000
3382.000000,2501.000000,3355.000000,2828.000000
269.000000,1844.000000,366.000000,2151.000000
3968.000000,3943.000000,3884.000000,3973.000000
3893.000000,928.000000,4055.000000,1062.000000
110.000000,3092.000000,555.000000,3583.000000
4398.000000,3450.000000,4242.000000,3507.000000
3279.000000,1523.000000,3426.000000,1993.000000
3893.000000,928.000000,3726.000000,1112.000000
2973.000000,1753.000000,2553.000000,2006.000000
1052.000000,34.000000,1163.000000,113.000000
2900.000000,4510.000000,3721.000000,4568.000000
3752.000000,1697.000000,3854.000000,1812.000000
2274.000000,789.000000,2307.000000,804.000000
3244.000000,2438.000000,3428.000000,2483.000000
2034.000000,4058.000000,1872.000000,4292.000000
110.000000,3092.000000,725.000000,3340.000000
3116.000000,2382.000000,3258.000000,2599.000000
1807.000000,59.000000,1537.000000,306.000000
2592.000000,3289.000000,2715.000000,3300.000000
3357.000000,1575.000000,3752.000000,1697.000000
3726.000000,1112.000000,3694.000000,1380.000000
209.000000,2297.000000,299.000000,2680.000000
4413.000000,1052.000000,4187.000000,1140.000000
3060.000000,4337.000000,2569.000000,4400.000000
3116.000000,2382.000000,2978.000000,2476.000000
766.000000,3043.000000,906.000000,3305.000000
3371.000000,4103.000000,3723.000000,4177.000000
4158.000000,1891.000000,4023.000000,1991.000000
3587.000000,2990.000000,3668.000000,3129.000000
3637.000000,3733.000000,3470.000000,3871.000000
1738.000000,681.000000,1838.000000,896.000000
726.000000,3202.000000,742.000000,3204.000000
4082.000000,2215.000000,4360.000000,2464.000000
1373.000000,2852.000000,1351.000000,2979.000000
310.000000,3626.000000,394.000000,3873.000000
3850.000000,4242.000000,3628.000000,4502.000000
3428.000000,2483.000000,3518.000000,2566.000000
4398.000000,3450.000000,4377.000000,3565.000000
2076.000000,2193.000000,2225.000000,2245.000000
3970.000000,3046.000000,4130.000000,3100.000000
1954.000000,3278.000000,2083.000000,3427.000000
4156.000000,2227.000000,4260.000000,2323.000000
1724.000000,4093.000000,1489.000000,4218.000000
290.000000,794.000000,458.000000,1170.000000
4055.000000,1062.000000,3938.000000,1194.000000
1627.000000,3920.000000,1742.000000,4026.000000
1659.000000,1230.000000,1850.000000,1244.000000
1504.000000,390.000000,1738.000000,681.000000
4565.000000,2333.000000,4560.000000,3271.000000
3723.000000,4177.000000,3696.000000,4351.000000
3733.000000,2701.000000,3732.000000,2886.000000
3584.000000,3380.000000,3637.000000,3733.000000
4360.000000,146.000000,4510.000000,240.000000
1958.000000,1685.000000,2131.000000,1846.000000
3790.000000,3816.000000,3590.000000,3845.000000
1082.000000,1713.000000,1343.000000,1723.000000
3470.000000,3871.000000,3386.000000,3956.000000
1999.000000,848.000000,2090.000000,899.000000
789.000000,2542.000000,1066.000000,2629.000000
997.000000,3542.000000,1025.000000,3765.000000
1669.000000,984.000000,1932.000000,1025.000000
723.000000,2153.000000,521.000000,2352.000000
628.000000,1657.000000,771.000000,1694.000000
724.000000,4212.000000,997.000000,4263.000000
3212.000000,8.000000,2464.000000,108.000000
4077.000000,1816.000000,4158.000000,1891.000000
3835.000000,374.000000,3893.000000,928.000000
2536.000000,2737.000000,2099.000000,2985.000000
4130.000000,3100.000000,4398.000000,3450.000000
1547.000000,3121.000000,1496.000000,3153.000000
2225.000000,2245.000000,2621.000000,2310.000000
2231.000000,2546.000000,2372.000000,2546.000000
2554.000000,873.000000,2479.000000,1082.000000
1121.000000,496.000000,1185.000000,572.000000
2076.000000,2193.000000,2012.000000,2253.000000
1030.000000,3235.000000,1376.000000,3328.000000
2773.000000,2627.000000,2536.000000,2737.000000
2702.000000,4511.000000,2024.000000,4565.000000
3314.000000,4207.000000,3128.000000,4251.000000
2873.000000,1370.000000,2419.000000,1677.000000
789.000000,2542.000000,700.000000,2660.000000
2580.000000,4020.000000,2850.000000,4223.000000
805.000000,369.000000,737.000000,944.000000
130.000000,1592.000000,51.000000,1595.000000
2210.000000,3343.000000,2483.000000,3408.000000
397.000000,858.000000,408.000000,865.000000
926.000000,1034.000000,1347.000000,1718.000000
2530.000000,780.000000,2307.000000,804.000000
1552.000000,957.000000,1659.000000,1230.000000
635.000000,2605.000000,635.000000,2661.000000
2010.000000,2575.000000,1783.000000,2801.000000
1402.000000,2563.000000,1066.000000,2629.000000
726.000000,3202.000000,725.000000,3340.000000
4413.000000,1052.000000,4172.000000,1322.000000
4005.000000,4252.000000,4335.000000,4328.000000
538.000000,1781.000000,447.000000,2132.000000
3590.000000,3845.000000,3386.000000,3956.000000
2748.000000,3604.000000,2803.000000,3867.000000
3726.000000,1112.000000,3481.000000,1245.000000
2159.000000,1649.000000,2165.000000,1775.000000
4254.000000,2079.000000,4565.000000,2333.000000
828.000000,1183.000000,788.000000,1411.000000
1958.000000,1685.000000,1762.000000,1764.000000
2899.000000,143.000000,2503.000000,475.000000
1705.000000,3032.000000,1739.000000,3236.000000
2479.000000,1082.000000,2157.000000,1270.000000
1.000000,1067.000000,29.000000,1966.000000
306.000000,2724.000000,257.000000,2878.000000
3371.000000,4103.000000,3314.000000,4207.000000
29.000000,1966.000000,93.000000,3878.000000
1376.000000,3328.000000,1179.000000,3690.000000
258.000000,1611.000000,269.000000,1844.000000
2157.000000,1270.000000,2476.000000,1461.000000
4082.000000,2215.000000,4156.000000,2227.000000
1158.000000,742.000000,1112.000000,771.000000
635.000000,195.000000,641.000000,250.000000
1867.000000,73.000000,1967.000000,129.000000
828.000000,1183.000000,498.000000,1348.000000
1850.000000,1244.000000,2036.000000,1477.000000
3279.000000,1523.000000,3431.000000,1721.000000
3057.000000,3964.000000,2845.000000,4044.000000
4091.000000,3685.000000,4089.000000,3800.000000
2464.000000,108.000000,2391.000000,377.000000
2803.000000,3867.000000,2845.000000,4044.000000
3518.000000,2566.000000,3590.000000,2620.000000
3587.000000,2990.000000,3428.000000,3092.000000
666.000000,4267.000000,495.000000,4507.000000
1496.000000,3153.000000,1239.000000,3220.000000
3386.000000,3956.000000,3371.000000,4103.000000
3884.000000,3973.000000,4031.000000,4023.000000
2159.000000,1649.000000,2419.000000,1677.000000
2816.000000,3269.000000,2851.000000,3435.000000
2802.000000,2469.000000,2766.000000,2572.000000
51.000000,1595.000000,72.000000,1718.000000
1742.000000,4026.000000,1872.000000,4292.000000
724.000000,4212.000000,441.000000,4255.000000
1742.000000,4026.000000,1724.000000,4093.000000
1068.000000,712.000000,1112.000000,771.000000
95.000000,1789.000000,121.000000,1848.000000
4531.000000,527.000000,4565.000000,2333.000000
1343.000000,1723.000000,1344.000000,2041.000000
306.000000,2724.000000,595.000000,2781.000000
3431.000000,1721.000000,3607.000000,2040.000000
3908.000000,251.000000,4092.000000,252.000000
1388.000000,1662.000000,1405.000000,1710.000000
3862.000000,260.000000,3842.000000,263.000000
1273.000000,408.000000,1185.000000,572.000000
1052.000000,34.000000,1009.000000,368.000000
3723.000000,4177.000000,3850.000000,4242.000000
1724.000000,4093.000000,1872.000000,4292.000000
521.000000,2352.000000,789.000000,2542.000000
2231.000000,2546.000000,2010.000000,2575.000000
290.000000,794.000000,647.000000,1018.000000
641.000000,250.000000,805.000000,369.000000
1971.000000,3130.000000,1739.000000,3236.000000
2773.000000,2627.000000,2817.000000,2944.000000
1630.000000,3284.000000,2083.000000,3427.000000
4360.000000,146.000000,4199.000000,320.000000
1052.000000,34.000000,794.000000,294.000000
2361.000000,480.000000,2238.000000,548.000000
789.000000,2542.000000,635.000000,2605.000000
339.000000,1287.000000,130.000000,1592.000000
3732.000000,2886.000000,3634.000000,3023.000000
4533.000000,1062.000000,4565.000000,2333.000000
441.000000,4255.000000,495.000000,4507.000000
198.000000,3045.000000,325.000000,3120.000000
1052.000000,34.000000,1292.000000,189.000000
3082.000000,1966.000000,3426.000000,1993.000000
3188.000000,3491.000000,3355.000000,3884.000000
3488.000000,99.000000,3578.000000,303.000000
1627.000000,3920.000000,1724.000000,4093.000000
4130.000000,3100.000000,4332.000000,3108.000000
2803.000000,3867.000000,2580.000000,4020.000000
1359.000000,2202.000000,1685.000000,2326.000000
3676.000000,3630.000000,3637.000000,3733.000000
926.000000,1034.000000,1519.000000,1191.000000
1739.000000,3236.000000,1630.000000,3284.000000
4091.000000,3685.000000,4216.000000,3803.000000
2872.000000,2760.000000,2817.000000,2944.000000
737.000000,944.000000,828.000000,1183.000000
521.000000,2352.000000,492.000000,2436.000000
997.000000,4263.000000,1082.000000,4458.000000
1705.000000,3032.000000,1547.000000,3121.000000
3607.000000,2040.000000,3640.000000,2074.000000
2026.000000,2442.000000,2223.000000,2465.000000
3694.000000,1380.000000,3609.000000,1390.000000
3970.000000,3046.000000,3789.000000,3130.000000
3212.000000,8.000000,3411.000000,97.000000
1158.000000,742.000000,1059.000000,860.000000
725.000000,3340.000000,887.000000,3608.000000
310.000000,3626.000000,93.000000,3878.000000
2936.000000,3639.000000,2803.000000,3867.000000
3798.000000,1735.000000,3854.000000,1812.000000
635.000000,195.000000,794.000000,294.000000
4172.000000,1322.000000,4167.000000,1371.000000
555.000000,3583.000000,837.000000,3843.000000
1960.000000,157.000000,2033.000000,429.000000
877.000000,1580.000000,771.000000,1694.000000
4103.000000,298.000000,4287.000000,442.000000
3303.000000,4288.000000,3126.000000,4447.000000
1658.000000,3790.000000,1336.000000,4081.000000
2808.000000,817.000000,3151.000000,885.000000
1999.000000,848.000000,1838.000000,896.000000
2803.000000,3867.000000,3057.000000,3964.000000
3748.000000,2975.000000,3789.000000,3130.000000
1380.000000,2716.000000,1255.000000,3083.000000
3975.000000,1216.000000,4167.000000,1371.000000
1344.000000,2041.000000,1039.000000,2206.000000
2860.000000,1214.000000,2873.000000,1370.000000
1552.000000,957.000000,1669.000000,984.000000
555.000000,3583.000000,411.000000,3751.000000
3411.000000,97.000000,3578.000000,303.000000
2307.000000,804.000000,2379.000000,831.000000
1052.000000,34.000000,1807.000000,59.000000
3696.000000,4351.000000,3628.000000,4502.000000
1066.000000,2629.000000,1380.000000,2716.000000
4303.000000,2838.000000,4225.000000,2850.000000
2621.000000,2310.000000,2372.000000,2546.000000
4459.000000,1486.000000,4254.000000,2079.000000
3960.000000,500.000000,4109.000000,651.000000
4187.000000,1140.000000,4301.000000,1141.000000
2090.000000,899.000000,1952.000000,1047.000000
3726.000000,1112.000000,3938.000000,1194.000000
1864.000000,2364.000000,1454.000000,2834.000000
4335.000000,4328.000000,4170.000000,4440.000000
3824.000000,22.000000,3862.000000,260.000000
997.000000,4263.000000,891.000000,4425.000000
4398.000000,3450.000000,4506.000000,4390.000000
3258.000000,2599.000000,2872.000000,2760.000000
3277.000000,368.000000,3367.000000,421.000000
257.000000,2878.000000,623.000000,3017.000000
4360.000000,2464.000000,4453.000000,2652.000000
1756.000000,2193.000000,1452.000000,2197.000000
1864.000000,2364.000000,1783.000000,2801.000000
2946.000000,3111.000000,2798.000000,3201.000000
628.000000,1657.000000,538.000000,1781.000000
3431.000000,1721.000000,3854.000000,1812.000000
1360.000000,3729.000000,1700.000000,3792.000000
700.000000,2660.000000,595.000000,2781.000000
538.000000,1781.000000,269.000000,1844.000000
394.000000,3873.000000,93.000000,3878.000000
51.000000,1595.000000,121.000000,1848.000000
789.000000,2542.000000,924.000000,2726.000000
3426.000000,1993.000000,2798.000000,2371.000000
2483.000000,849.000000,2554.000000,873.000000
492.000000,2436.000000,257.000000,2448.000000
2464.000000,108.000000,2503.000000,475.000000
290.000000,794.000000,408.000000,865.000000
4091.000000,3685.000000,4003.000000,3749.000000
1292.000000,189.000000,1273.000000,408.000000
3587.000000,2990.000000,3634.000000,3023.000000
306.000000,2724.000000,138.000000,2961.000000
1380.000000,2716.000000,1373.000000,2852.000000
951.000000,1584.000000,771.000000,1694.000000
647.000000,1018.000000,828.000000,1183.000000
339.000000,1287.000000,652.000000,1571.000000
3383.000000,371.000000,3367.000000,421.000000
3748.000000,2975.000000,3634.000000,3023.000000
2592.000000,3289.000000,2483.000000,3408.000000
70.000000,2127.000000,93.000000,3878.000000
95.000000,1789.000000,29.000000,1966.000000
3082.000000,1966.000000,2553.000000,2006.000000
3057.000000,3964.000000,3128.000000,4251.000000
805.000000,369.000000,583.000000,695.000000
110.000000,3092.000000,726.000000,3202.000000
4035.000000,1795.000000,4077.000000,1816.000000
4035.000000,1795.000000,3854.000000,1812.000000
3188.000000,3491.000000,2936.000000,3639.000000
3907.000000,2887.000000,4130.000000,3100.000000
3428.000000,3092.000000,3544.000000,3324.000000
130.000000,1592.000000,121.000000,1848.000000
3790.000000,3816.000000,3884.000000,3973.000000
3905.000000,1572.000000,4035.000000,1795.000000
3491.000000,826.000000,3726.000000,1112.000000
2131.000000,1846.000000,2345.000000,2186.000000
4526.000000,1008.000000,4187.000000,1140.000000
926.000000,1034.000000,1211.000000,1077.000000
3371.000000,4103.000000,3406.000000,4209.000000
4242.000000,3507.000000,4091.000000,3685.000000
538.000000,1781.000000,718.000000,2092.000000
3938.000000,1194.000000,3991.000000,1451.000000
2580.000000,4020.000000,2845.000000,4044.000000
1519.000000,1191.000000,1860.000000,1548.000000
4385.000000,976.000000,4187.000000,1140.000000
2976.000000,3101.000000,3204.000000,3117.000000
837.000000,3843.000000,1336.000000,4081.000000
700.000000,2660.000000,635.000000,2661.000000
724.000000,4212.000000,772.000000,4324.000000
4109.000000,651.000000,3949.000000,668.000000
4167.000000,1371.000000,4020.000000,1589.000000
2715.000000,3300.000000,2586.000000,3480.000000
906.000000,3305.000000,997.000000,3542.000000
4005.000000,4252.000000,4170.000000,4440.000000
3092.000000,3372.000000,2851.000000,3435.000000
3382.000000,2501.000000,3590.000000,2620.000000
4332.000000,3108.000000,4479.000000,3258.000000
2556.000000,2569.000000,2766.000000,2572.000000
3279.000000,1523.000000,3357.000000,1575.000000
176.000000,172.000000,90.000000,299.000000
2817.000000,2944.000000,2946.000000,3111.000000
4254.000000,2079.000000,4156.000000,2227.000000
3279.000000,1167.000000,3009.000000,1646.000000
3401.000000,2110.000000,2798.000000,2371.000000
3704.000000,1483.000000,3752.000000,1697.000000
1952.000000,1047.000000,1937.000000,1137.000000
2748.000000,3604.000000,2936.000000,3639.000000
1738.000000,681.000000,1999.000000,848.000000
1864.000000,2364.000000,2010.000000,2575.000000
1179.000000,3690.000000,1025.000000,3765.000000
1336.000000,4081.000000,1426.000000,4150.000000
3873.000000,2548.000000,4303.000000,2838.000000
3824.000000,22.000000,3842.000000,263.000000
725.000000,3340.000000,837.000000,3843.000000
3842.000000,263.000000,3578.000000,303.000000
3590.000000,3845.000000,3723.000000,4177.000000
2159.000000,4127.000000,2278.000000,4448.000000
2225.000000,2245.000000,2223.000000,2465.000000
3668.000000,3129.000000,3709.000000,3425.000000
4510.000000,240.000000,4531.000000,527.000000
2797.000000,3309.000000,2851.000000,3435.000000
1052.000000,34.000000,635.000000,195.000000
3355.000000,2828.000000,3732.000000,2886.000000
952.000000,852.000000,926.000000,1034.000000
2379.000000,831.000000,2483.000000,849.000000
299.000000,2680.000000,138.000000,2961.000000
93.000000,3878.000000,29.000000,4505.000000
3609.000000,2305.000000,3727.000000,2591.000000
2873.000000,1370.000000,2476.000000,1461.000000
3481.000000,1245.000000,3609.000000,1390.000000
2411.000000,1605.000000,2159.000000,1649.000000
3151.000000,885.000000,2860.000000,1214.000000
4078.000000,69.000000,3908.000000,251.000000
3854.000000,1812.000000,3607.000000,2040.000000
3336.000000,3285.000000,3500.000000,3343.000000
4055.000000,1062.000000,3975.000000,1216.000000
3637.000000,3733.000000,3355.000000,3884.000000
2231.000000,2546.000000,1910.000000,2803.000000
3258.000000,2599.000000,3355.000000,2828.000000
2450.000000,4331.000000,2278.000000,4448.000000
3212.000000,8.000000,2899.000000,143.000000
3182.000000,3080.000000,3428.000000,3092.000000
742.000000,3204.000000,725.000000,3340.000000
4167.000000,1371.000000,4296.000000,1604.000000
3752.000000,2150.000000,4082.000000,2215.000000
1596.000000,1758.000000,1371.000000,2048.000000
1813.000000,1885.000000,1756.000000,2193.000000
1082.000000,4458.000000,2024.000000,4565.000000
3898.000000,4.000000,4505.000000,190.000000
752.000000,2822.000000,766.000000,3043.000000
2845.000000,4044.000000,3128.000000,4251.000000
779.000000,4276.000000,958.000000,4312.000000
4296.000000,1604.000000,4158.000000,1891.000000
2528.000000,4211.000000,2278.000000,4448.000000
1068.000000,712.000000,1059.000000,860.000000
4026.000000,3338.000000,4003.000000,3749.000000
3824.000000,22.000000,3488.000000,99.000000
4121.000000,1701.000000,4035.000000,1795.000000
2438.000000,3653.000000,2357.000000,4071.000000
3732.000000,2886.000000,3907.000000,2887.000000
1627.000000,3920.000000,1336.000000,4081.000000
2221.000000,1503.000000,2159.000000,1649.000000
2808.000000,817.000000,2554.000000,873.000000
805.000000,369.000000,1121.000000,496.000000
498.000000,1348.000000,652.000000,1571.000000
3752.000000,2150.000000,3727.000000,2591.000000
498.000000,1348.000000,788.000000,1411.000000
4158.000000,1891.000000,4207.000000,2081.000000
1967.000000,129.000000,1960.000000,157.000000
3590.000000,3845.000000,3371.000000,4103.000000
1738.000000,681.000000,1533.000000,898.000000
3590.000000,2620.000000,3733.000000,2701.000000
3116.000000,2382.000000,3428.000000,2483.000000
2553.000000,2006.000000,2798.000000,2371.000000
2153.000000,3423.000000,2083.000000,3427.000000
2801.000000,2657.000000,2872.000000,2760.000000
492.000000,2436.000000,306.000000,2724.000000
1860.000000,1548.000000,1388.000000,1662.000000
1336.000000,4081.000000,1204.000000,4265.000000
2214.000000,3572.000000,2032.000000,3886.000000
3609.000000,2305.000000,3629.000000,2621.000000
3279.000000,1167.000000,3481.000000,1245.000000
3790.000000,3816.000000,3723.000000,4177.000000
2759.000000,1910.000000,2553.000000,2006.000000
1185.000000,572.000000,1385.000000,630.000000
1878.000000,331.000000,2033.000000,429.000000
1838.000000,896.000000,1669.000000,984.000000
3733.000000,2701.000000,4130.000000,3100.000000
1685.000000,2326.000000,1864.000000,2364.000000
2976.000000,3101.000000,2816.000000,3269.000000
2586.000000,3480.000000,2748.000000,3604.000000
4531.000000,527.000000,4533.000000,1062.000000
2361.000000,480.000000,2274.000000,695.000000
3709.000000,3425.000000,3676.000000,3630.000000
4303.000000,2838.000000,4458.000000,3122.000000
2345.000000,2186.000000,2621.000000,2310.000000
3842.000000,263.000000,3667.000000,356.000000
4003.000000,3749.000000,3679.000000,3773.000000
1547.000000,3121.000000,1630.000000,3284.000000
72.000000,1718.000000,95.000000,1789.000000
2569.000000,4400.000000,2900.000000,4510.000000
2873.000000,1370.000000,2553.000000,2006.000000
2361.000000,480.000000,2530.000000,780.000000
505.000000,3725.000000,411.000000,3751.000000
747.000000,1932.000000,718.000000,2092.000000
3355.000000,2828.000000,3428.000000,3092.000000
3898.000000,4.000000,3824.000000,22.000000
1932.000000,1025.000000,1952.000000,1047.000000
3704.000000,1483.000000,3905.000000,1572.000000
1351.000000,2979.000000,1255.000000,3083.000000
2357.000000,4071.000000,2528.000000,4211.000000
2088.000000,1462.000000,2159.000000,1649.000000
2503.000000,475.000000,2530.000000,780.000000
700.000000,2660.000000,752.000000,2822.000000
1452.000000,2197.000000,1685.000000,2326.000000
2976.000000,3101.000000,2946.000000,3111.000000
3898.000000,4.000000,3862.000000,260.000000
3151.000000,885.000000,3279.000000,1167.000000
2503.000000,475.000000,2361.000000,480.000000
1371.000000,2048.000000,1359.000000,2202.000000
2476.000000,1461.000000,2221.000000,1503.000000
2138.000000,4037.000000,2204.000000,4089.000000
4078.000000,69.000000,4199.000000,320.000000
1658.000000,3790.000000,1742.000000,4026.000000
2556.000000,2569.000000,2536.000000,2737.000000
3854.000000,1812.000000,3640.000000,2074.000000
3563.000000,3266.000000,3584.000000,3380.000000
406.000000,3475.000000,555.000000,3583.000000
2845.000000,4044.000000,3060.000000,4337.000000
1783.000000,2801.000000,1454.000000,2834.000000
997.000000,4263.000000,958.000000,4312.000000
339.000000,1287.000000,258.000000,1611.000000
4385.000000,976.000000,4526.000000,1008.000000
3590.000000,3845.000000,3470.000000,3871.000000
394.000000,3873.000000,441.000000,4255.000000
4460.000000,2435.000000,4360.000000,2464.000000
788.000000,1411.000000,877.000000,1580.000000
3640.000000,2074.000000,4207.000000,2081.000000
1454.000000,2834.000000,1496.000000,3153.000000
4479.000000,3258.000000,4398.000000,3450.000000
623.000000,3017.000000,766.000000,3043.000000
2010.000000,2575.000000,1910.000000,2803.000000
110.000000,3092.000000,310.000000,3626.000000
4500.000000,1369.000000,4459.000000,1486.000000
3204.000000,3117.000000,3336.000000,3285.000000
1068.000000,712.000000,952.000000,852.000000
3262.000000,2458.000000,3258.000000,2599.000000
495.000000,4507.000000,2024.000000,4565.000000
1783.000000,2801.000000,1910.000000,2803.000000
1658.000000,3790.000000,1700.000000,3792.000000
555.000000,3583.000000,505.000000,3725.000000
3991.000000,1451.000000,4020.000000,1589.000000
3337.000000,2918.000000,3428.000000,3092.000000
891.000000,4425.000000,1082.000000,4458.000000
2976.000000,3101.000000,2851.000000,3435.000000
771.000000,1694.000000,1063.000000,1845.000000
2748.000000,3604.000000,2438.000000,3653.000000
2528.000000,4211.000000,2450.000000,4331.000000
1360.000000,3729.000000,1658.000000,3790.000000
4109.000000,651.000000,4063.000000,1017.000000
3609.000000,1390.000000,3704.000000,1483.000000
3328.000000,3571.000000,3355.000000,3884.000000
447.000000,2132.000000,723.000000,2153.000000
2483.000000,3408.000000,2261.000000,3622.000000
891.000000,4425.000000,842.000000,4454.000000
2976.000000,3101.000000,3092.000000,3372.000000
842.000000,4454.000000,1082.000000,4458.000000
1912.000000,259.000000,1878.000000,331.000000
2225.000000,2245.000000,2231.000000,2546.000000
2715.000000,3300.000000,2748.000000,3604.000000
2012.000000,2253.000000,2026.000000,2442.000000
3898.000000,4.000000,4078.000000,69.000000
3679.000000,3773.000000,3590.000000,3845.000000
837.000000,3843.000000,394.000000,3873.000000
1496.000000,3153.000000,1630.000000,3284.000000
3355.000000,3884.000000,3386.000000,3956.000000
2553.000000,2006.000000,2621.000000,2310.000000
2661.000000,3156.000000,2210.000000,3343.000000
121.000000,1848.000000,29.000000,1966.000000
3182.000000,3080.000000,3204.000000,3117.000000
3491.000000,826.000000,3481.000000,1245.000000
2088.000000,1462.000000,2221.000000,1503.000000
2584.000000,4156.000000,2528.000000,4211.000000
1756.000000,2193.000000,2076.000000,2193.000000
3411.000000,97.000000,3488.000000,99.000000
2450.000000,4331.000000,2702.000000,4511.000000
1459.000000,4018.000000,1426.000000,4150.000000
1009.000000,368.000000,1121.000000,496.000000
1359.000000,2202.000000,1039.000000,2206.000000
4078.000000,69.000000,4092.000000,252.000000
2274.000000,695.000000,2274.000000,789.000000
3426.000000,1993.000000,3401.000000,2110.000000
1807.000000,59.000000,1867.000000,73.000000
724.000000,4212.000000,666.000000,4267.000000
2221.000000,1503.000000,2411.000000,1605.000000
458.000000,1170.000000,828.000000,1183.000000
1454.000000,2834.000000,1351.000000,2979.000000
4260.000000,2323.000000,4565.000000,2333.000000
2476.000000,1461.000000,2419.000000,1677.000000
2959.000000,2976.000000,2946.000000,3111.000000
1760.000000,369.000000,1738.000000,681.000000
3126.000000,4447.000000,2900.000000,4510.000000
1504.000000,626.000000,1415.000000,839.000000
1705.000000,3032.000000,1630.000000,3284.000000
1760.000000,369.000000,1504.000000,390.000000
1867.000000,73.000000,2464.000000,108.000000
3637.000000,3733.000000,3679.000000,3773.000000
2438.000000,3653.000000,2406.000000,4016.000000
1360.000000,3729.000000,1336.000000,4081.000000
1807.000000,59.000000,2464.000000,108.000000
1937.000000,1137.000000,2036.000000,1477.000000
1459.000000,4018.000000,1489.000000,4218.000000
1239.000000,3220.000000,1376.000000,3328.000000
2438.000000,3653.000000,2032.000000,3886.000000
408.000000,865.000000,647.000000,1018.000000
1867.000000,73.000000,1740.000000,171.000000
3357.000000,1575.000000,3431.000000,1721.000000
2274.000000,789.000000,2090.000000,899.000000
1371.000000,2048.000000,1452.000000,2197.000000
3262.000000,2458.000000,3382.000000,2501.000000
1838.000000,896.000000,1932.000000,1025.000000
641.000000,250.000000,794.000000,294.000000
4003.000000,3749.000000,3790.000000,3816.000000
3752.000000,2150.000000,3609.000000,2305.000000
3704.000000,1483.000000,3357.000000,1575.000000
3893.000000,928.000000,3781.000000,1076.000000
1009.000000,368.000000,805.000000,369.000000
2406.000000,4016.000000,2528.000000,4211.000000
2661.000000,3156.000000,2483.000000,3408.000000
1025.000000,3765.000000,1336.000000,4081.000000
4506.000000,4390.000000,3721.000000,4568.000000
