POINTS
4395.000000,4.000000
3517.000000,13.000000
2500.000000,26.000000
609.000000,33.000000
2569.000000,33.000000
524.000000,34.000000
4213.000000,38.000000
3985.000000,48.000000
1107.000000,57.000000
3928.000000,74.000000
372.000000,76.000000
1965.000000,82.000000
1409.000000,88.000000
4533.000000,99.000000
3968.000000,106.000000
726.000000,111.000000
663.000000,118.000000
2057.000000,120.000000
1929.000000,135.000000
256.000000,143.000000
4865.000000,144.000000
4156.000000,149.000000
4528.000000,150.000000
4018.000000,157.000000
704.000000,171.000000
1356.000000,173.000000
3881.000000,178.000000
3793.000000,203.000000
780.000000,209.000000
2462.000000,210.000000
4151.000000,218.000000
4464.000000,220.000000
1140.000000,223.000000
1672.000000,231.000000
978.000000,251.000000
1712.000000,256.000000
1643.000000,260.000000
3616.000000,261.000000
2827.000000,267.000000
679.000000,281.000000
3167.000000,281.000000
1285.000000,294.000000
593.000000,300.000000
1381.000000,300.000000
587.000000,307.000000
3501.000000,314.000000
4079.000000,322.000000
350.000000,330.000000
4753.000000,332.000000
3917.000000,339.000000
4209.000000,344.000000
2411.000000,347.000000
1768.000000,358.000000
437.000000,416.000000
3784.000000,416.000000
3109.000000,426.000000
2245.000000,429.000000
1916.000000,432.000000
2901.000000,433.000000
4218.000000,446.000000
3975.000000,449.000000
2211.000000,457.000000
4829.000000,458.000000
1104.000000,487.000000
2356.000000,509.000000
4626.000000,516.000000
4323.000000,528.000000
2663.000000,529.000000
708.000000,540.000000
4661.000000,541.000000
2271.000000,547.000000
402.000000,580.000000
4451.000000,591.000000
748.000000,599.000000
1189.000000,616.000000
2399.000000,623.000000
3623.000000,629.000000
2960.000000,630.000000
633.000000,631.000000
2911.000000,645.000000
79.000000,646.000000
3606.000000,650.000000
4284.000000,654.000000
34.000000,661.000000
2833.000000,661.000000
1645.000000,678.000000
4150.000000,693.000000
2829.000000,706.000000
3982.000000,709.000000
3330.000000,721.000000
1708.000000,729.000000
3025.000000,732.000000
719.000000,748.000000
1258.000000,752.000000
761.000000,798.000000
1172.000000,816.000000
2011.000000,821.000000
2315.000000,836.000000
4892.000000,842.000000
24.000000,844.000000
3652.000000,864.000000
4535.000000,873.000000
2781.000000,900.000000
273.000000,934.000000
1104.000000,935.000000
2549.000000,936.000000
2036.000000,944.000000
2387.000000,960.000000
1549.000000,963.000000
1049.000000,964.000000
3251.000000,977.000000
3451.000000,980.000000
1832.000000,992.000000
269.000000,1010.000000
2656.000000,1010.000000
4026.000000,1011.000000
839.000000,1020.000000
1513.000000,1031.000000
1229.000000,1039.000000
119.000000,1071.000000
1529.000000,1095.000000
4696.000000,1101.000000
2846.000000,1113.000000
4510.000000,1120.000000
4126.000000,1125.000000
2870.000000,1151.000000
2639.000000,1154.000000
3158.000000,1158.000000
4835.000000,1174.000000
1314.000000,1200.000000
1782.000000,1200.000000
4845.000000,1202.000000
714.000000,1206.000000
2389.000000,1208.000000
1854.000000,1209.000000
637.000000,1237.000000
4721.000000,1245.000000
3517.000000,1257.000000
4632.000000,1260.000000
1064.000000,1269.000000
2412.000000,1277.000000
3150.000000,1280.000000
4218.000000,1284.000000
2035.000000,1292.000000
3852.000000,1301.000000
3962.000000,1331.000000
3659.000000,1345.000000
2828.000000,1347.000000
1269.000000,1348.000000
1845.000000,1353.000000
124.000000,1355.000000
399.000000,1356.000000
3436.000000,1363.000000
706.000000,1364.000000
2424.000000,1371.000000
4636.000000,1377.000000
4880.000000,1383.000000
1526.000000,1386.000000
2898.000000,1403.000000
2005.000000,1405.000000
185.000000,1419.000000
1131.000000,1422.000000
1652.000000,1424.000000
4754.000000,1443.000000
493.000000,1455.000000
3162.000000,1468.000000
2073.000000,1471.000000
1370.000000,1490.000000
3218.000000,1499.000000
2680.000000,1504.000000
3565.000000,1505.000000
1438.000000,1517.000000
2098.000000,1519.000000
3592.000000,1544.000000
3948.000000,1546.000000
296.000000,1571.000000
783.000000,1571.000000
2417.000000,1582.000000
152.000000,1603.000000
2177.000000,1608.000000
373.000000,1612.000000
1565.000000,1613.000000
2287.000000,1621.000000
3987.000000,1644.000000
3015.000000,1660.000000
4645.000000,1660.000000
1377.000000,1663.000000
1603.000000,1668.000000
776.000000,1676.000000
54.000000,1682.000000
4729.000000,1722.000000
211.000000,1723.000000
525.000000,1727.000000
2610.000000,1752.000000
363.000000,1771.000000
4050.000000,1787.000000
2849.000000,1791.000000
26.000000,1798.000000
972.000000,1812.000000
266.000000,1835.000000
3399.000000,1849.000000
3409.000000,1859.000000
2258.000000,1862.000000
1272.000000,1874.000000
947.000000,1882.000000
4492.000000,1888.000000
1992.000000,1901.000000
2390.000000,1908.000000
931.000000,1911.000000
3889.000000,1911.000000
2586.000000,1926.000000
3858.000000,1927.000000
2156.000000,1935.000000
1105.000000,1937.000000
532.000000,1955.000000
2379.000000,1955.000000
3473.000000,1959.000000
3567.000000,1963.000000
923.000000,1972.000000
4146.000000,1979.000000
3836.000000,1984.000000
2397.000000,1992.000000
284.000000,2005.000000
3552.000000,2017.000000
1639.000000,2066.000000
4510.000000,2067.000000
4792.000000,2071.000000
2116.000000,2076.000000
1537.000000,2086.000000
1441.000000,2133.000000
1536.000000,2151.000000
3352.000000,2158.000000
3383.000000,2161.000000
1816.000000,2180.000000
1475.000000,2182.000000
2911.000000,2182.000000
282.000000,2209.000000
1587.000000,2251.000000
2834.000000,2258.000000
115.000000,2277.000000
3168.000000,2278.000000
2278.000000,2279.000000
1428.000000,2298.000000
358.000000,2306.000000
484.000000,2311.000000
2998.000000,2311.000000
1215.000000,2332.000000
1967.000000,2336.000000
2938.000000,2361.000000
3204.000000,2374.000000
2976.000000,2401.000000
281.000000,2415.000000
2254.000000,2422.000000
551.000000,2424.000000
3550.000000,2447.000000
2846.000000,2449.000000
1337.000000,2450.000000
4530.000000,2451.000000
4404.000000,2486.000000
2816.000000,2516.000000
1485.000000,2539.000000
1576.000000,2539.000000
615.000000,2570.000000
1064.000000,2634.000000
4824.000000,2652.000000
2354.000000,2668.000000
4085.000000,2669.000000
112.000000,2675.000000
1287.000000,2682.000000
125.000000,2683.000000
1297.000000,2694.000000
4630.000000,2696.000000
302.000000,2736.000000
4120.000000,2739.000000
382.000000,2750.000000
326.000000,2763.000000
271.000000,2775.000000
305.000000,2777.000000
2530.000000,2801.000000
4811.000000,2802.000000
1400.000000,2804.000000
4692.000000,2839.000000
2069.000000,2864.000000
2681.000000,2896.000000
2585.000000,2907.000000
3303.000000,2910.000000
4153.000000,2913.000000
2435.000000,2920.000000
4713.000000,2921.000000
3111.000000,2923.000000
4427.000000,2924.000000
3652.000000,2929.000000
399.000000,2931.000000
3830.000000,2962.000000
1628.000000,2987.000000
871.000000,2989.000000
4853.000000,2992.000000
2723.000000,3010.000000
2967.000000,3012.000000
817.000000,3017.000000
4906.000000,3018.000000
4519.000000,3026.000000
1556.000000,3028.000000
4020.000000,3034.000000
3246.000000,3038.000000
2039.000000,3042.000000
3918.000000,3058.000000
4906.000000,3058.000000
1339.000000,3082.000000
4418.000000,3084.000000
2192.000000,3092.000000
1609.000000,3111.000000
465.000000,3118.000000
4303.000000,3136.000000
2650.000000,3148.000000
3135.000000,3156.000000
2071.000000,3159.000000
3630.000000,3164.000000
98.000000,3187.000000
2812.000000,3192.000000
551.000000,3215.000000
2507.000000,3224.000000
1348.000000,3261.000000
3264.000000,3262.000000
3458.000000,3281.000000
395.000000,3285.000000
4806.000000,3294.000000
905.000000,3322.000000
3468.000000,3326.000000
1754.000000,3340.000000
2336.000000,3340.000000
384.000000,3352.000000
142.000000,3401.000000
2442.000000,3425.000000
4310.000000,3439.000000
1979.000000,3447.000000
3251.000000,3455.000000
3818.000000,3471.000000
4140.000000,3503.000000
1086.000000,3505.000000
249.000000,3510.000000
4376.000000,3514.000000
4296.000000,3521.000000
1194.000000,3529.000000
1877.000000,3533.000000
3800.000000,3535.000000
2319.000000,3542.000000
4092.000000,3556.000000
3872.000000,3563.000000
4126.000000,3571.000000
666.000000,3574.000000
682.000000,3603.000000
3115.000000,3605.000000
1523.000000,3607.000000
4466.000000,3658.000000
2441.000000,3661.000000
4446.000000,3663.000000
4801.000000,3669.000000
4880.000000,3675.000000
258.000000,3682.000000
4585.000000,3697.000000
4693.000000,3706.000000
4883.000000,3734.000000
2700.000000,3742.000000
3741.000000,3742.000000
3599.000000,3749.000000
2408.000000,3750.000000
516.000000,3755.000000
4254.000000,3757.000000
606.000000,3776.000000
1924.000000,3776.000000
150.000000,3777.000000
2441.000000,3787.000000
3108.000000,3787.000000
1140.000000,3788.000000
2518.000000,3788.000000
712.000000,3800.000000
2688.000000,3802.000000
2551.000000,3806.000000
1880.000000,3813.000000
2881.000000,3816.000000
2792.000000,3822.000000
1342.000000,3835.000000
1894.000000,3880.000000
1023.000000,3882.000000
4745.000000,3886.000000
3712.000000,3893.000000
1545.000000,3894.000000
1825.000000,3897.000000
267.000000,3902.000000
3552.000000,3925.000000
194.000000,3931.000000
2714.000000,3933.000000
3041.000000,3941.000000
4660.000000,3941.000000
1526.000000,3958.000000
862.000000,3960.000000
822.000000,3967.000000
2361.000000,3968.000000
3333.000000,3971.000000
597.000000,3972.000000
1463.000000,3983.000000
490.000000,3992.000000
1173.000000,4006.000000
4813.000000,4020.000000
3424.000000,4024.000000
914.000000,4027.000000
1474.000000,4027.000000
4739.000000,4045.000000
2340.000000,4052.000000
969.000000,4053.000000
2771.000000,4054.000000
352.000000,4059.000000
20.000000,4074.000000
2814.000000,4075.000000
3665.000000,4077.000000
3098.000000,4089.000000
1861.000000,4119.000000
849.000000,4121.000000
2004.000000,4132.000000
622.000000,4137.000000
1540.000000,4157.000000
833.000000,4188.000000
4819.000000,4196.000000
1613.000000,4205.000000
292.000000,4219.000000
3910.000000,4256.000000
4526.000000,4265.000000
4699.000000,4266.000000
667.000000,4287.000000
1456.000000,4288.000000
1685.000000,4289.000000
3555.000000,4303.000000
3562.000000,4322.000000
42.000000,4334.000000
306.000000,4344.000000
360.000000,4344.000000
208.000000,4350.000000
2553.000000,4359.000000
3347.000000,4374.000000
218.000000,4376.000000
736.000000,4376.000000
434.000000,4387.000000
4460.000000,4400.000000
3551.000000,4404.000000
922.000000,4405.000000
2776.000000,4421.000000
4753.000000,4425.000000
4437.000000,4427.000000
2497.000000,4431.000000
934.000000,4454.000000
3714.000000,4468.000000
3745.000000,4473.000000
1247.000000,4475.000000
2708.000000,4479.000000
2989.000000,4486.000000
937.000000,4493.000000
785.000000,4513.000000
2522.000000,4554.000000
1002.000000,4572.000000
1409.000000,4575.000000
1068.000000,4583.000000
4885.000000,4589.000000
3943.000000,4620.000000
2032.000000,4625.000000
478.000000,4627.000000
3708.000000,4632.000000
3707.000000,4637.000000
4169.000000,4656.000000
3110.000000,4662.000000
2963.000000,4721.000000
1382.000000,4738.000000
550.000000,4759.000000
3215.000000,4759.000000
3218.000000,4773.000000
2060.000000,4777.000000
2310.000000,4785.000000
3771.000000,4800.000000
3200.000000,4810.000000
2030.000000,4818.000000
745.000000,4822.000000
132.000000,4823.000000
1714.000000,4839.000000
2778.000000,4856.000000
4172.000000,4861.000000
1660.000000,4863.000000
4717.000000,4869.000000
1284.000000,4887.000000
2625.000000,4897.000000
1649.000000,4913.000000
1973.000000,4916.000000
931.000000,4917.000000
LINES
2792.000000,3822.000000,3098.000000,4089.000000
1342.000000,3835.000000,1463.000000,3983.000000
1023.000000,3882.000000,862.000000,3960.000000
296.000000,1571.000000,373.000000,1612.000000
4079.000000,322.000000,4209.000000,344.000000
2553.000000,4359.000000,2497.000000,4431.000000
712.000000,3800.000000,597.000000,3972.000000
1285.000000,294.000000,1189.000000,616.000000
3552.000000,3925.000000,3333.000000,3971.000000
1441.000000,2133.000000,1215.000000,2332.000000
3409.000000,1859.000000,3473.000000,1959.000000
2500.000000,26.000000,2462.000000,210.000000
4661.000000,541.000000,4892.000000,842.000000
2639.000000,1154.000000,2828.000000,1347.000000
4892.000000,842.000000,4880.000000,1383.000000
3707.000000,4637.000000,3771.000000,4800.000000
24.000000,844.000000,273.000000,934.000000
3517.000000,1257.000000,3436.000000,1363.000000
1485.000000,2539.000000,1576.000000,2539.000000
42.000000,4334.000000,208.000000,4350.000000
1979.000000,3447.000000,2319.000000,3542.000000
3098.000000,4089.000000,2776.000000,4421.000000
2336.000000,3340.000000,1979.000000,3447.000000
1660.000000,4863.000000,1649.000000,4913.000000
3218.000000,4773.000000,3200.000000,4810.000000
249.000000,3510.000000,150.000000,3777.000000
112.000000,2675.000000,382.000000,2750.000000
3168.000000,2278.000000,2938.000000,2361.000000
4296.000000,3521.000000,4126.000000,3571.000000
1967.000000,2336.000000,1576.000000,2539.000000
4209.000000,344.000000,4218.000000,446.000000
1652.000000,1424.000000,1992.000000,1901.000000
1979.000000,3447.000000,1924.000000,3776.000000
1348.000000,3261.000000,1086.000000,3505.000000
969.000000,4053.000000,736.000000,4376.000000
2639.000000,1154.000000,2412.000000,1277.000000
2829.000000,706.000000,3025.000000,732.000000
4792.000000,2071.000000,4530.000000,2451.000000
4528.000000,150.000000,4464.000000,220.000000
4906.000000,3058.000000,4801.000000,3669.000000
682.000000,3603.000000,516.000000,3755.000000
2412.000000,1277.000000,2680.000000,1504.000000
1523.000000,3607.000000,1342.000000,3835.000000
719.000000,748.000000,761.000000,798.000000
4692.000000,2839.000000,4519.000000,3026.000000
3630.000000,3164.000000,3818.000000,3471.000000
4880.000000,3675.000000,4883.000000,3734.000000
3025.000000,732.000000,3251.000000,977.000000
1967.000000,2336.000000,2039.000000,3042.000000
2411.000000,347.000000,2356.000000,509.000000
3347.000000,4374.000000,3771.000000,4800.000000
79.000000,646.000000,273.000000,934.000000
3928.000000,74.000000,3968.000000,106.000000
2849.000000,1791.000000,2834.000000,2258.000000
4699.000000,4266.000000,4885.000000,4589.000000
2441.000000,3787.000000,2714.000000,3933.000000
185.000000,1419.000000,152.000000,1603.000000
1603.000000,1668.000000,1537.000000,2086.000000
4661.000000,541.000000,4451.000000,591.000000
119.000000,1071.000000,26.000000,1798.000000
3109.000000,426.000000,3025.000000,732.000000
4535.000000,873.000000,4696.000000,1101.000000
4510.000000,1120.000000,4126.000000,1125.000000
1513.000000,1031.000000,1229.000000,1039.000000
2389.000000,1208.000000,2412.000000,1277.000000
360.000000,4344.000000,434.000000,4387.000000
2435.000000,2920.000000,2723.000000,3010.000000
1284.000000,4887.000000,931.000000,4917.000000
1456.000000,4288.000000,1247.000000,4475.000000
1992.000000,1901.000000,1816.000000,2180.000000
3200.000000,4810.000000,2778.000000,4856.000000
780.000000,209.000000,679.000000,281.000000
1172.000000,816.000000,1104.000000,935.000000
3551.000000,4404.000000,3707.000000,4637.000000
2680.000000,1504.000000,2849.000000,1791.000000
4284.000000,654.000000,4535.000000,873.000000
1992.000000,1901.000000,2116.000000,2076.000000
3108.000000,3787.000000,3041.000000,3941.000000
4460.000000,4400.000000,4753.000000,4425.000000
2500.000000,26.000000,2057.000000,120.000000
490.000000,3992.000000,622.000000,4137.000000
2829.000000,706.000000,2781.000000,900.000000
3399.000000,1849.000000,3473.000000,1959.000000
2408.000000,3750.000000,2551.000000,3806.000000
2073.000000,1471.000000,2177.000000,1608.000000
2846.000000,1113.000000,2828.000000,1347.000000
2411.000000,347.000000,2399.000000,623.000000
4626.000000,516.000000,4323.000000,528.000000
667.000000,4287.000000,478.000000,4627.000000
2650.000000,3148.000000,2336.000000,3340.000000
2417.000000,1582.000000,2610.000000,1752.000000
1979.000000,3447.000000,1877.000000,3533.000000
714.000000,1206.000000,706.000000,1364.000000
972.000000,1812.000000,931.000000,1911.000000
2032.000000,4625.000000,2060.000000,4777.000000
3562.000000,4322.000000,3707.000000,4637.000000
98.000000,3187.000000,142.000000,3401.000000
4801.000000,3669.000000,4880.000000,3675.000000
34.000000,661.000000,24.000000,844.000000
1064.000000,2634.000000,1339.000000,3082.000000
4376.000000,3514.000000,4446.000000,3663.000000
373.000000,1612.000000,211.000000,1723.000000
2258.000000,1862.000000,2586.000000,1926.000000
3303.000000,2910.000000,3458.000000,3281.000000
185.000000,1419.000000,296.000000,1571.000000
532.000000,1955.000000,484.000000,2311.000000
302.000000,2736.000000,382.000000,2750.000000
2663.000000,529.000000,2829.000000,706.000000
1536.000000,2151.000000,1475.000000,2182.000000
1894.000000,3880.000000,2340.000000,4052.000000
358.000000,2306.000000,551.000000,2424.000000
3303.000000,2910.000000,3246.000000,3038.000000
3330.000000,721.000000,3025.000000,732.000000
905.000000,3322.000000,666.000000,3574.000000
2057.000000,120.000000,2462.000000,210.000000
79.000000,646.000000,34.000000,661.000000
4717.000000,4869.000000,1973.000000,4916.000000
3712.000000,3893.000000,3552.000000,3925.000000
3881.000000,178.000000,3793.000000,203.000000
1660.000000,4863.000000,931.000000,4917.000000
3818.000000,3471.000000,4140.000000,3503.000000
3135.000000,3156.000000,2881.000000,3816.000000
284.000000,2005.000000,484.000000,2311.000000
719.000000,748.000000,839.000000,1020.000000
4153.000000,2913.000000,4427.000000,2924.000000
2846.000000,1113.000000,2870.000000,1151.000000
3968.000000,106.000000,3793.000000,203.000000
1400.000000,2804.000000,1339.000000,3082.000000
3135.000000,3156.000000,3264.000000,3262.000000
3943.000000,4620.000000,3708.000000,4632.000000
1708.000000,729.000000,1549.000000,963.000000
3818.000000,3471.000000,3872.000000,3563.000000
2776.000000,4421.000000,2989.000000,4486.000000
726.000000,111.000000,1172.000000,816.000000
2417.000000,1582.000000,2287.000000,1621.000000
4865.000000,144.000000,4753.000000,332.000000
1140.000000,223.000000,1285.000000,294.000000
2057.000000,120.000000,1768.000000,358.000000
1556.000000,3028.000000,1609.000000,3111.000000
2708.000000,4479.000000,3110.000000,4662.000000
4865.000000,144.000000,4829.000000,458.000000
4519.000000,3026.000000,4303.000000,3136.000000
4693.000000,3706.000000,4660.000000,3941.000000
2998.000000,2311.000000,2938.000000,2361.000000
1714.000000,4839.000000,1649.000000,4913.000000
1967.000000,2336.000000,1628.000000,2987.000000
3962.000000,1331.000000,3659.000000,1345.000000
2387.000000,960.000000,2639.000000,1154.000000
4585.000000,3697.000000,4693.000000,3706.000000
478.000000,4627.000000,132.000000,4823.000000
4451.000000,591.000000,4284.000000,654.000000
1064.000000,1269.000000,1131.000000,1422.000000
2004.000000,4132.000000,2032.000000,4625.000000
4323.000000,528.000000,4150.000000,693.000000
3599.000000,3749.000000,3333.000000,3971.000000
42.000000,4334.000000,478.000000,4627.000000
2354.000000,2668.000000,2435.000000,2920.000000
2834.000000,2258.000000,2998.000000,2311.000000
4829.000000,458.000000,4626.000000,516.000000
4150.000000,693.000000,4026.000000,1011.000000
934.000000,4454.000000,1002.000000,4572.000000
3652.000000,864.000000,3451.000000,980.000000
2500.000000,26.000000,2569.000000,33.000000
783.000000,1571.000000,972.000000,1812.000000
2271.000000,547.000000,2399.000000,623.000000
1409.000000,88.000000,1381.000000,300.000000
2963.000000,4721.000000,2778.000000,4856.000000
1880.000000,3813.000000,1894.000000,3880.000000
4140.000000,3503.000000,4126.000000,3571.000000
2071.000000,3159.000000,2336.000000,3340.000000
922.000000,4405.000000,937.000000,4493.000000
3215.000000,4759.000000,3218.000000,4773.000000
2700.000000,3742.000000,2518.000000,3788.000000
1189.000000,616.000000,1172.000000,816.000000
1768.000000,358.000000,2315.000000,836.000000
4395.000000,4.000000,4151.000000,218.000000
931.000000,1911.000000,923.000000,1972.000000
4418.000000,3084.000000,4303.000000,3136.000000
1712.000000,256.000000,1768.000000,358.000000
1314.000000,1200.000000,1526.000000,1386.000000
1314.000000,1200.000000,1269.000000,1348.000000
4630.000000,2696.000000,4692.000000,2839.000000
1639.000000,2066.000000,1536.000000,2151.000000
4753.000000,4425.000000,4885.000000,4589.000000
3098.000000,4089.000000,2989.000000,4486.000000
4533.000000,99.000000,4528.000000,150.000000
2723.000000,3010.000000,2650.000000,3148.000000
3264.000000,3262.000000,3741.000000,3742.000000
2776.000000,4421.000000,2708.000000,4479.000000
4026.000000,1011.000000,3852.000000,1301.000000
1609.000000,3111.000000,1348.000000,3261.000000
4636.000000,1377.000000,4645.000000,1660.000000
1348.000000,3261.000000,905.000000,3322.000000
4092.000000,3556.000000,4126.000000,3571.000000
3150.000000,1280.000000,3218.000000,1499.000000
256.000000,143.000000,402.000000,580.000000
2530.000000,2801.000000,2435.000000,2920.000000
2911.000000,645.000000,2833.000000,661.000000
1064.000000,2634.000000,1287.000000,2682.000000
1456.000000,4288.000000,1409.000000,4575.000000
1105.000000,1937.000000,1441.000000,2133.000000
2881.000000,3816.000000,2792.000000,3822.000000
706.000000,1364.000000,493.000000,1455.000000
1356.000000,173.000000,1140.000000,223.000000
3251.000000,3455.000000,3115.000000,3605.000000
2816.000000,2516.000000,2681.000000,2896.000000
4883.000000,3734.000000,4885.000000,4589.000000
4466.000000,3658.000000,4693.000000,3706.000000
4146.000000,1979.000000,3836.000000,1984.000000
1215.000000,2332.000000,1337.000000,2450.000000
26.000000,1798.000000,115.000000,2277.000000
2412.000000,1277.000000,2424.000000,1371.000000
2462.000000,210.000000,2411.000000,347.000000
3552.000000,2017.000000,4510.000000,2067.000000
2397.000000,1992.000000,2254.000000,2422.000000
4464.000000,220.000000,4218.000000,446.000000
2898.000000,1403.000000,2680.000000,1504.000000
384.000000,3352.000000,142.000000,3401.000000
1609.000000,3111.000000,1523.000000,3607.000000
218.000000,4376.000000,478.000000,4627.000000
4535.000000,873.000000,4510.000000,1120.000000
3473.000000,1959.000000,3352.000000,2158.000000
2497.000000,4431.000000,2522.000000,4554.000000
633.000000,631.000000,839.000000,1020.000000
1861.000000,4119.000000,2004.000000,4132.000000
1247.000000,4475.000000,1068.000000,4583.000000
4530.000000,2451.000000,4824.000000,2652.000000
3424.000000,4024.000000,3555.000000,4303.000000
1173.000000,4006.000000,969.000000,4053.000000
1258.000000,752.000000,1229.000000,1039.000000
922.000000,4405.000000,934.000000,4454.000000
2258.000000,1862.000000,2156.000000,1935.000000
1708.000000,729.000000,1832.000000,992.000000
1545.000000,3894.000000,1861.000000,4119.000000
1215.000000,2332.000000,1485.000000,2539.000000
2569.000000,33.000000,2462.000000,210.000000
1992.000000,1901.000000,1639.000000,2066.000000
271.000000,2775.000000,98.000000,3187.000000
1660.000000,4863.000000,1284.000000,4887.000000
1526.000000,1386.000000,1652.000000,1424.000000
969.000000,4053.000000,1247.000000,4475.000000
4530.000000,2451.000000,4120.000000,2739.000000
4218.000000,446.000000,3982.000000,709.000000
2714.000000,3933.000000,2340.000000,4052.000000
597.000000,3972.000000,622.000000,4137.000000
2781.000000,900.000000,2846.000000,1113.000000
3110.000000,4662.000000,3200.000000,4810.000000
934.000000,4454.000000,937.000000,4493.000000
1342.000000,3835.000000,1545.000000,3894.000000
2032.000000,4625.000000,2030.000000,4818.000000
4020.000000,3034.000000,3818.000000,3471.000000
3555.000000,4303.000000,3347.000000,4374.000000
3985.000000,48.000000,4156.000000,149.000000
597.000000,3972.000000,490.000000,3992.000000
4753.000000,332.000000,4829.000000,458.000000
2379.000000,1955.000000,2397.000000,1992.000000
1356.000000,173.000000,1285.000000,294.000000
2500.000000,26.000000,1965.000000,82.000000
1105.000000,1937.000000,1215.000000,2332.000000
2938.000000,2361.000000,2816.000000,2516.000000
1523.000000,3607.000000,1545.000000,3894.000000
373.000000,1612.000000,525.000000,1727.000000
2901.000000,433.000000,2833.000000,661.000000
2989.000000,4486.000000,3215.000000,4759.000000
1880.000000,3813.000000,1545.000000,3894.000000
2656.000000,1010.000000,2639.000000,1154.000000
2387.000000,960.000000,2412.000000,1277.000000
3910.000000,4256.000000,3745.000000,4473.000000
609.000000,33.000000,372.000000,76.000000
1628.000000,2987.000000,2039.000000,3042.000000
1639.000000,2066.000000,1816.000000,2180.000000
3985.000000,48.000000,4018.000000,157.000000
256.000000,143.000000,34.000000,661.000000
152.000000,1603.000000,54.000000,1682.000000
1854.000000,1209.000000,2005.000000,1405.000000
3714.000000,4468.000000,3708.000000,4632.000000
4050.000000,1787.000000,4146.000000,1979.000000
4906.000000,3058.000000,4880.000000,3675.000000
4526.000000,4265.000000,4169.000000,4656.000000
2960.000000,630.000000,3025.000000,732.000000
2500.000000,26.000000,609.000000,33.000000
4146.000000,1979.000000,4510.000000,2067.000000
125.000000,2683.000000,271.000000,2775.000000
1272.000000,1874.000000,1105.000000,1937.000000
1768.000000,358.000000,1645.000000,678.000000
525.000000,1727.000000,284.000000,2005.000000
4824.000000,2652.000000,4906.000000,3018.000000
2258.000000,1862.000000,2397.000000,1992.000000
2057.000000,120.000000,1916.000000,432.000000
1929.000000,135.000000,1768.000000,358.000000
2319.000000,3542.000000,2361.000000,3968.000000
4510.000000,1120.000000,4632.000000,1260.000000
776.000000,1676.000000,532.000000,1955.000000
712.000000,3800.000000,622.000000,4137.000000
3517.000000,13.000000,3616.000000,261.000000
3517.000000,13.000000,2569.000000,33.000000
2057.000000,120.000000,1929.000000,135.000000
1140.000000,223.000000,978.000000,251.000000
384.000000,3352.000000,249.000000,3510.000000
150.000000,3777.000000,20.000000,4074.000000
525.000000,1727.000000,266.000000,1835.000000
1992.000000,1901.000000,2156.000000,1935.000000
1549.000000,963.000000,1513.000000,1031.000000
2245.000000,429.000000,2211.000000,457.000000
4464.000000,220.000000,4323.000000,528.000000
4451.000000,591.000000,4535.000000,873.000000
150.000000,3777.000000,267.000000,3902.000000
2442.000000,3425.000000,2319.000000,3542.000000
382.000000,2750.000000,817.000000,3017.000000
609.000000,33.000000,1107.000000,57.000000
266.000000,1835.000000,284.000000,2005.000000
4811.000000,2802.000000,4906.000000,3018.000000
1269.000000,1348.000000,1526.000000,1386.000000
2098.000000,1519.000000,2177.000000,1608.000000
2834.000000,2258.000000,2938.000000,2361.000000
2828.000000,1347.000000,2898.000000,1403.000000
2898.000000,1403.000000,3162.000000,1468.000000
2408.000000,3750.000000,2361.000000,3968.000000
833.000000,4188.000000,667.000000,4287.000000
1086.000000,3505.000000,1023.000000,3882.000000
3793.000000,203.000000,3917.000000,339.000000
1409.000000,4575.000000,1068.000000,4583.000000
3458.000000,3281.000000,3468.000000,3326.000000
4323.000000,528.000000,4284.000000,654.000000
666.000000,3574.000000,516.000000,3755.000000
3424.000000,4024.000000,3098.000000,4089.000000
1064.000000,1269.000000,783.000000,1571.000000
4636.000000,1377.000000,4754.000000,1443.000000
1708.000000,729.000000,2011.000000,821.000000
712.000000,3800.000000,822.000000,3967.000000
931.000000,1911.000000,532.000000,1955.000000
2708.000000,4479.000000,2310.000000,4785.000000
3111.000000,2923.000000,3246.000000,3038.000000
776.000000,1676.000000,525.000000,1727.000000
712.000000,3800.000000,1023.000000,3882.000000
281.000000,2415.000000,551.000000,2424.000000
3714.000000,4468.000000,3707.000000,4637.000000
54.000000,1682.000000,26.000000,1798.000000
115.000000,2277.000000,20.000000,4074.000000
1474.000000,4027.000000,1613.000000,4205.000000
3109.000000,426.000000,2901.000000,433.000000
3948.000000,1546.000000,3987.000000,1644.000000
3135.000000,3156.000000,2812.000000,3192.000000
384.000000,3352.000000,258.000000,3682.000000
667.000000,4287.000000,736.000000,4376.000000
1967.000000,2336.000000,2354.000000,2668.000000
1816.000000,2180.000000,1967.000000,2336.000000
1832.000000,992.000000,1529.000000,1095.000000
3771.000000,4800.000000,3200.000000,4810.000000
4696.000000,1101.000000,4632.000000,1260.000000
2442.000000,3425.000000,2441.000000,3661.000000
3665.000000,4077.000000,3745.000000,4473.000000
1105.000000,1937.000000,923.000000,1972.000000
1685.000000,4289.000000,2032.000000,4625.000000
1537.000000,2086.000000,1475.000000,2182.000000
1064.000000,2634.000000,1297.000000,2694.000000
4632.000000,1260.000000,4050.000000,1787.000000
615.000000,2570.000000,382.000000,2750.000000
1370.000000,1490.000000,1377.000000,1663.000000
3975.000000,449.000000,3652.000000,864.000000
1587.000000,2251.000000,1967.000000,2336.000000
1215.000000,2332.000000,1576.000000,2539.000000
4713.000000,2921.000000,4806.000000,3294.000000
4085.000000,2669.000000,4120.000000,2739.000000
3852.000000,1301.000000,3659.000000,1345.000000
4696.000000,1101.000000,4835.000000,1174.000000
3517.000000,13.000000,3985.000000,48.000000
516.000000,3755.000000,267.000000,3902.000000
1409.000000,88.000000,1643.000000,260.000000
1438.000000,1517.000000,1565.000000,1613.000000
1536.000000,2151.000000,1587.000000,2251.000000
4526.000000,4265.000000,4699.000000,4266.000000
833.000000,4188.000000,736.000000,4376.000000
3968.000000,106.000000,4018.000000,157.000000
2700.000000,3742.000000,2792.000000,3822.000000
1845.000000,1353.000000,2098.000000,1519.000000
2098.000000,1519.000000,1992.000000,1901.000000
3110.000000,4662.000000,3218.000000,4773.000000
3135.000000,3156.000000,2442.000000,3425.000000
292.000000,4219.000000,360.000000,4344.000000
1474.000000,4027.000000,1540.000000,4157.000000
3451.000000,980.000000,3517.000000,1257.000000
302.000000,2736.000000,326.000000,2763.000000
4632.000000,1260.000000,4218.000000,1284.000000
1645.000000,678.000000,1708.000000,729.000000
2507.000000,3224.000000,2336.000000,3340.000000
4418.000000,3084.000000,4806.000000,3294.000000
4721.000000,1245.000000,4754.000000,1443.000000
465.000000,3118.000000,395.000000,3285.000000
2816.000000,2516.000000,2530.000000,2801.000000
1513.000000,1031.000000,1314.000000,1200.000000
2340.000000,4052.000000,2553.000000,4359.000000
4460.000000,4400.000000,4885.000000,4589.000000
4464.000000,220.000000,4209.000000,344.000000
1107.000000,57.000000,726.000000,111.000000
622.000000,4137.000000,833.000000,4188.000000
305.000000,2777.000000,399.000000,2931.000000
4085.000000,2669.000000,3652.000000,2929.000000
2039.000000,3042.000000,2192.000000,3092.000000
2901.000000,433.000000,2663.000000,529.000000
3251.000000,3455.000000,3333.000000,3971.000000
2846.000000,1113.000000,2639.000000,1154.000000
606.000000,3776.000000,712.000000,3800.000000
2586.000000,1926.000000,2397.000000,1992.000000
3352.000000,2158.000000,3168.000000,2278.000000
1861.000000,4119.000000,1613.000000,4205.000000
708.000000,540.000000,748.000000,599.000000
606.000000,3776.000000,597.000000,3972.000000
1825.000000,3897.000000,1861.000000,4119.000000
1576.000000,2539.000000,1556.000000,3028.000000
1229.000000,1039.000000,1314.000000,1200.000000
1086.000000,3505.000000,1194.000000,3529.000000
2870.000000,1151.000000,2828.000000,1347.000000
637.000000,1237.000000,706.000000,1364.000000
4510.000000,2067.000000,4404.000000,2486.000000
822.000000,3967.000000,833.000000,4188.000000
4126.000000,3571.000000,4446.000000,3663.000000
363.000000,1771.000000,266.000000,1835.000000
1215.000000,2332.000000,615.000000,2570.000000
4026.000000,1011.000000,4218.000000,1284.000000
1754.000000,3340.000000,1979.000000,3447.000000
4092.000000,3556.000000,3872.000000,3563.000000
1049.000000,964.000000,714.000000,1206.000000
2424.000000,1371.000000,2287.000000,1621.000000
4079.000000,322.000000,3975.000000,449.000000
708.000000,540.000000,719.000000,748.000000
3383.000000,2161.000000,3550.000000,2447.000000
4892.000000,842.000000,4835.000000,1174.000000
2569.000000,33.000000,2827.000000,267.000000
3352.000000,2158.000000,2911.000000,2182.000000
4739.000000,4045.000000,4819.000000,4196.000000
2011.000000,821.000000,1832.000000,992.000000
3115.000000,3605.000000,3041.000000,3941.000000
2814.000000,4075.000000,3098.000000,4089.000000
1107.000000,57.000000,1409.000000,88.000000
2035.000000,1292.000000,2073.000000,1471.000000
4026.000000,1011.000000,3962.000000,1331.000000
399.000000,2931.000000,817.000000,3017.000000
2530.000000,2801.000000,2681.000000,2896.000000
708.000000,540.000000,633.000000,631.000000
2610.000000,1752.000000,2258.000000,1862.000000
2518.000000,3788.000000,2551.000000,3806.000000
4526.000000,4265.000000,4460.000000,4400.000000
2553.000000,4359.000000,2708.000000,4479.000000
2069.000000,2864.000000,2192.000000,3092.000000
3251.000000,977.000000,3158.000000,1158.000000
4792.000000,2071.000000,4824.000000,2652.000000
726.000000,111.000000,663.000000,118.000000
4692.000000,2839.000000,4713.000000,2921.000000
4376.000000,3514.000000,4126.000000,3571.000000
273.000000,934.000000,637.000000,1237.000000
3872.000000,3563.000000,4126.000000,3571.000000
1297.000000,2694.000000,1400.000000,2804.000000
4460.000000,4400.000000,4169.000000,4656.000000
2435.000000,2920.000000,2192.000000,3092.000000
1513.000000,1031.000000,1529.000000,1095.000000
1894.000000,3880.000000,2361.000000,3968.000000
1537.000000,2086.000000,1441.000000,2133.000000
4050.000000,1787.000000,3889.000000,1911.000000
947.000000,1882.000000,923.000000,1972.000000
4156.000000,149.000000,4151.000000,218.000000
208.000000,4350.000000,218.000000,4376.000000
3567.000000,1963.000000,3552.000000,2017.000000
4845.000000,1202.000000,4880.000000,1383.000000
2411.000000,347.000000,2245.000000,429.000000
4310.000000,3439.000000,4376.000000,3514.000000
3333.000000,3971.000000,3098.000000,4089.000000
3150.000000,1280.000000,3162.000000,1468.000000
726.000000,111.000000,704.000000,171.000000
1400.000000,2804.000000,1556.000000,3028.000000
3158.000000,1158.000000,2898.000000,1403.000000
1645.000000,678.000000,1549.000000,963.000000
1131.000000,1422.000000,1105.000000,1937.000000
4427.000000,2924.000000,4303.000000,3136.000000
3333.000000,3971.000000,3424.000000,4024.000000
395.000000,3285.000000,384.000000,3352.000000
4745.000000,3886.000000,4739.000000,4045.000000
4626.000000,516.000000,4661.000000,541.000000
2650.000000,3148.000000,2812.000000,3192.000000
2700.000000,3742.000000,2881.000000,3816.000000
4883.000000,3734.000000,4819.000000,4196.000000
54.000000,1682.000000,211.000000,1723.000000
525.000000,1727.000000,363.000000,1771.000000
2625.000000,4897.000000,1973.000000,4916.000000
306.000000,4344.000000,208.000000,4350.000000
2039.000000,3042.000000,1609.000000,3111.000000
1428.000000,2298.000000,1215.000000,2332.000000
3858.000000,1927.000000,3567.000000,1963.000000
3741.000000,3742.000000,3599.000000,3749.000000
3218.000000,1499.000000,3399.000000,1849.000000
2192.000000,3092.000000,2071.000000,3159.000000
3517.000000,1257.000000,3852.000000,1301.000000
4510.000000,2067.000000,4530.000000,2451.000000
4824.000000,2652.000000,4630.000000,2696.000000
1247.000000,4475.000000,1002.000000,4572.000000
2211.000000,457.000000,2315.000000,836.000000
4632.000000,1260.000000,4645.000000,1660.000000
3111.000000,2923.000000,2967.000000,3012.000000
302.000000,2736.000000,271.000000,2775.000000
211.000000,1723.000000,266.000000,1835.000000
3115.000000,3605.000000,3333.000000,3971.000000
3109.000000,426.000000,2960.000000,630.000000
4395.000000,4.000000,609.000000,33.000000
1381.000000,300.000000,1768.000000,358.000000
2680.000000,1504.000000,2610.000000,1752.000000
3889.000000,1911.000000,3858.000000,1927.000000
4660.000000,3941.000000,4739.000000,4045.000000
2258.000000,1862.000000,2390.000000,1908.000000
4880.000000,1383.000000,4792.000000,2071.000000
3204.000000,2374.000000,3303.000000,2910.000000
4906.000000,3058.000000,4885.000000,4589.000000
1086.000000,3505.000000,682.000000,3603.000000
637.000000,1237.000000,493.000000,1455.000000
2911.000000,645.000000,2829.000000,706.000000
2361.000000,3968.000000,2340.000000,4052.000000
4906.000000,3018.000000,4806.000000,3294.000000
1140.000000,223.000000,1104.000000,487.000000
3987.000000,1644.000000,4050.000000,1787.000000
3330.000000,721.000000,3451.000000,980.000000
1973.000000,4916.000000,931.000000,4917.000000
4120.000000,2739.000000,4427.000000,2924.000000
2310.000000,4785.000000,1973.000000,4916.000000
3251.000000,977.000000,3150.000000,1280.000000
1565.000000,1613.000000,1603.000000,1668.000000
679.000000,281.000000,708.000000,540.000000
947.000000,1882.000000,1105.000000,1937.000000
714.000000,1206.000000,1064.000000,1269.000000
1609.000000,3111.000000,1194.000000,3529.000000
3135.000000,3156.000000,2336.000000,3340.000000
2714.000000,3933.000000,2771.000000,4054.000000
2057.000000,120.000000,2211.000000,457.000000
2156.000000,1935.000000,2116.000000,2076.000000
587.000000,307.000000,402.000000,580.000000
258.000000,3682.000000,267.000000,3902.000000
150.000000,3777.000000,194.000000,3931.000000
3352.000000,2158.000000,3383.000000,2161.000000
2834.000000,2258.000000,2846.000000,2449.000000
152.000000,1603.000000,211.000000,1723.000000
2569.000000,33.000000,2411.000000,347.000000
2778.000000,4856.000000,2625.000000,4897.000000
2708.000000,4479.000000,2625.000000,4897.000000
3517.000000,13.000000,2500.000000,26.000000
3606.000000,650.000000,3330.000000,721.000000
1545.000000,3894.000000,1825.000000,3897.000000
3264.000000,3262.000000,3599.000000,3749.000000
3652.000000,864.000000,3852.000000,1301.000000
667.000000,4287.000000,434.000000,4387.000000
593.000000,300.000000,587.000000,307.000000
3910.000000,4256.000000,3943.000000,4620.000000
2389.000000,1208.000000,2073.000000,1471.000000
54.000000,1682.000000,266.000000,1835.000000
4865.000000,144.000000,4892.000000,842.000000
3784.000000,416.000000,3623.000000,629.000000
350.000000,330.000000,437.000000,416.000000
4533.000000,99.000000,4464.000000,220.000000
2586.000000,1926.000000,2834.000000,2258.000000
4824.000000,2652.000000,4811.000000,2802.000000
1064.000000,2634.000000,871.000000,2989.000000
402.000000,580.000000,633.000000,631.000000
2397.000000,1992.000000,2354.000000,2668.000000
937.000000,4493.000000,745.000000,4822.000000
4510.000000,2067.000000,3652.000000,2929.000000
124.000000,1355.000000,26.000000,1798.000000
3800.000000,3535.000000,3741.000000,3742.000000
1861.000000,4119.000000,1685.000000,4289.000000
2192.000000,3092.000000,2336.000000,3340.000000
3599.000000,3749.000000,3552.000000,3925.000000
1285.000000,294.000000,1381.000000,300.000000
3552.000000,3925.000000,3424.000000,4024.000000
3015.000000,1660.000000,2911.000000,2182.000000
4806.000000,3294.000000,4801.000000,3669.000000
783.000000,1571.000000,776.000000,1676.000000
4156.000000,149.000000,4018.000000,157.000000
3659.000000,1345.000000,3948.000000,1546.000000
2828.000000,1347.000000,2680.000000,1504.000000
2553.000000,4359.000000,2032.000000,4625.000000
142.000000,3401.000000,150.000000,3777.000000
4303.000000,3136.000000,4140.000000,3503.000000
1877.000000,3533.000000,1523.000000,3607.000000
4310.000000,3439.000000,4140.000000,3503.000000
1285.000000,294.000000,1104.000000,487.000000
124.000000,1355.000000,152.000000,1603.000000
3468.000000,3326.000000,3741.000000,3742.000000
3818.000000,3471.000000,4092.000000,3556.000000
269.000000,1010.000000,637.000000,1237.000000
271.000000,2775.000000,305.000000,2777.000000
3652.000000,2929.000000,3630.000000,3164.000000
622.000000,4137.000000,292.000000,4219.000000
3517.000000,1257.000000,3659.000000,1345.000000
4819.000000,4196.000000,4526.000000,4265.000000
2098.000000,1519.000000,2156.000000,1935.000000
1337.000000,2450.000000,1064.000000,2634.000000
4050.000000,1787.000000,3858.000000,1927.000000
3623.000000,629.000000,3606.000000,650.000000
3968.000000,106.000000,3881.000000,178.000000
2004.000000,4132.000000,1685.000000,4289.000000
609.000000,33.000000,593.000000,300.000000
4218.000000,446.000000,4323.000000,528.000000
3800.000000,3535.000000,3872.000000,3563.000000
2688.000000,3802.000000,2714.000000,3933.000000
4492.000000,1888.000000,4792.000000,2071.000000
4865.000000,144.000000,4464.000000,220.000000
682.000000,3603.000000,1023.000000,3882.000000
4585.000000,3697.000000,4254.000000,3757.000000
4151.000000,218.000000,4079.000000,322.000000
1269.000000,1348.000000,1370.000000,1490.000000
1215.000000,2332.000000,1064.000000,2634.000000
1643.000000,260.000000,1768.000000,358.000000
4713.000000,2921.000000,4519.000000,3026.000000
609.000000,33.000000,663.000000,118.000000
4585.000000,3697.000000,4660.000000,3941.000000
4754.000000,1443.000000,4729.000000,1722.000000
922.000000,4405.000000,1247.000000,4475.000000
3712.000000,3893.000000,4819.000000,4196.000000
4020.000000,3034.000000,3918.000000,3058.000000
2530.000000,2801.000000,2585.000000,2907.000000
1540.000000,4157.000000,1613.000000,4205.000000
2258.000000,1862.000000,2379.000000,1955.000000
142.000000,3401.000000,249.000000,3510.000000
1140.000000,3788.000000,1023.000000,3882.000000
119.000000,1071.000000,124.000000,1355.000000
1537.000000,2086.000000,1215.000000,2332.000000
3555.000000,4303.000000,3745.000000,4473.000000
1894.000000,3880.000000,2004.000000,4132.000000
2681.000000,2896.000000,2723.000000,3010.000000
112.000000,2675.000000,125.000000,2683.000000
1382.000000,4738.000000,1714.000000,4839.000000
1549.000000,963.000000,1529.000000,1095.000000
2814.000000,4075.000000,2776.000000,4421.000000
2569.000000,33.000000,2663.000000,529.000000
4845.000000,1202.000000,4721.000000,1245.000000
817.000000,3017.000000,1348.000000,3261.000000
3108.000000,3787.000000,3333.000000,3971.000000
98.000000,3187.000000,20.000000,4074.000000
2610.000000,1752.000000,2586.000000,1926.000000
4745.000000,3886.000000,4813.000000,4020.000000
2723.000000,3010.000000,2507.000000,3224.000000
3616.000000,261.000000,3501.000000,314.000000
3858.000000,1927.000000,3552.000000,2017.000000
1714.000000,4839.000000,1660.000000,4863.000000
4824.000000,2652.000000,4692.000000,2839.000000
4404.000000,2486.000000,4120.000000,2739.000000
437.000000,416.000000,402.000000,580.000000
1428.000000,2298.000000,1967.000000,2336.000000
2976.000000,2401.000000,3111.000000,2923.000000
532.000000,1955.000000,284.000000,2005.000000
281.000000,2415.000000,112.000000,2675.000000
3150.000000,1280.000000,3436.000000,1363.000000
2792.000000,3822.000000,2714.000000,3933.000000
1712.000000,256.000000,1643.000000,260.000000
4729.000000,1722.000000,4792.000000,2071.000000
402.000000,580.000000,79.000000,646.000000
4632.000000,1260.000000,4754.000000,1443.000000
2829.000000,706.000000,2549.000000,936.000000
4169.000000,4656.000000,3771.000000,4800.000000
3708.000000,4632.000000,4169.000000,4656.000000
2071.000000,3159.000000,1979.000000,3447.000000
3200.000000,4810.000000,4172.000000,4861.000000
3162.000000,1468.000000,3218.000000,1499.000000
3712.000000,3893.000000,3745.000000,4473.000000
282.000000,2209.000000,115.000000,2277.000000
4880.000000,3675.000000,4693.000000,3706.000000
4693.000000,3706.000000,4883.000000,3734.000000
1272.000000,1874.000000,1537.000000,2086.000000
817.000000,3017.000000,905.000000,3322.000000
2549.000000,936.000000,2656.000000,1010.000000
550.000000,4759.000000,132.000000,4823.000000
4464.000000,220.000000,4753.000000,332.000000
3708.000000,4632.000000,3771.000000,4800.000000
2116.000000,2076.000000,2278.000000,2279.000000
3517.000000,13.000000,609.000000,33.000000
1877.000000,3533.000000,1545.000000,3894.000000
2911.000000,645.000000,3025.000000,732.000000
3108.000000,3787.000000,3098.000000,4089.000000
4085.000000,2669.000000,4153.000000,2913.000000
3135.000000,3156.000000,3115.000000,3605.000000
2911.000000,2182.000000,2998.000000,2311.000000
399.000000,1356.000000,296.000000,1571.000000
1485.000000,2539.000000,1287.000000,2682.000000
267.000000,3902.000000,194.000000,3931.000000
2073.000000,1471.000000,2098.000000,1519.000000
3630.000000,3164.000000,3468.000000,3326.000000
1370.000000,1490.000000,1105.000000,1937.000000
2441.000000,3787.000000,2361.000000,3968.000000
4885.000000,4589.000000,4717.000000,4869.000000
550.000000,4759.000000,745.000000,4822.000000
3910.000000,4256.000000,4169.000000,4656.000000
1258.000000,752.000000,1549.000000,963.000000
2976.000000,2401.000000,2681.000000,2896.000000
4696.000000,1101.000000,4510.000000,1120.000000
2708.000000,4479.000000,2522.000000,4554.000000
2610.000000,1752.000000,2849.000000,1791.000000
4806.000000,3294.000000,4466.000000,3658.000000
2441.000000,3661.000000,2518.000000,3788.000000
4395.000000,4.000000,4464.000000,220.000000
1877.000000,3533.000000,1924.000000,3776.000000
905.000000,3322.000000,1086.000000,3505.000000
2967.000000,3012.000000,3135.000000,3156.000000
4466.000000,3658.000000,4446.000000,3663.000000
4427.000000,2924.000000,4519.000000,3026.000000
282.000000,2209.000000,281.000000,2415.000000
3303.000000,2910.000000,3111.000000,2923.000000
551.000000,3215.000000,666.000000,3574.000000
2389.000000,1208.000000,2424.000000,1371.000000
2827.000000,267.000000,2663.000000,529.000000
4150.000000,693.000000,3982.000000,709.000000
3551.000000,4404.000000,3771.000000,4800.000000
3135.000000,3156.000000,2700.000000,3742.000000
3917.000000,339.000000,3975.000000,449.000000
2254.000000,2422.000000,2354.000000,2668.000000
1247.000000,4475.000000,1409.000000,4575.000000
352.000000,4059.000000,292.000000,4219.000000
1086.000000,3505.000000,1140.000000,3788.000000
532.000000,1955.000000,551.000000,2424.000000
2833.000000,661.000000,2829.000000,706.000000
2069.000000,2864.000000,2039.000000,3042.000000
1565.000000,1613.000000,1377.000000,1663.000000
862.000000,3960.000000,969.000000,4053.000000
663.000000,118.000000,593.000000,300.000000
1639.000000,2066.000000,1587.000000,2251.000000
399.000000,1356.000000,493.000000,1455.000000
2069.000000,2864.000000,2435.000000,2920.000000
4284.000000,654.000000,4150.000000,693.000000
839.000000,1020.000000,637.000000,1237.000000
3630.000000,3164.000000,3458.000000,3281.000000
2424.000000,1371.000000,2417.000000,1582.000000
1339.000000,3082.000000,1348.000000,3261.000000
726.000000,111.000000,1104.000000,487.000000
4323.000000,528.000000,4451.000000,591.000000
1649.000000,4913.000000,1973.000000,4916.000000
2336.000000,3340.000000,2442.000000,3425.000000
922.000000,4405.000000,1002.000000,4572.000000
1189.000000,616.000000,1549.000000,963.000000
2390.000000,1908.000000,2586.000000,1926.000000
3218.000000,4773.000000,3771.000000,4800.000000
761.000000,798.000000,839.000000,1020.000000
4492.000000,1888.000000,4510.000000,2067.000000
4883.000000,3734.000000,4813.000000,4020.000000
1894.000000,3880.000000,1825.000000,3897.000000
384.000000,3352.000000,666.000000,3574.000000
2116.000000,2076.000000,1816.000000,2180.000000
2681.000000,2896.000000,2585.000000,2907.000000
1603.000000,1668.000000,1639.000000,2066.000000
633.000000,631.000000,637.000000,1237.000000
3830.000000,2962.000000,4020.000000,3034.000000
2870.000000,1151.000000,2898.000000,1403.000000
524.000000,34.000000,372.000000,76.000000
1409.000000,4575.000000,1284.000000,4887.000000
748.000000,599.000000,1172.000000,816.000000
3623.000000,629.000000,3652.000000,864.000000
3409.000000,1859.000000,3567.000000,1963.000000
4699.000000,4266.000000,4753.000000,4425.000000
1173.000000,4006.000000,1247.000000,4475.000000
2397.000000,1992.000000,2834.000000,2258.000000
822.000000,3967.000000,622.000000,4137.000000
4630.000000,2696.000000,4427.000000,2924.000000
3659.000000,1345.000000,3592.000000,1544.000000
3424.000000,4024.000000,2989.000000,4486.000000
2708.000000,4479.000000,2989.000000,4486.000000
2442.000000,3425.000000,2700.000000,3742.000000
1924.000000,3776.000000,2361.000000,3968.000000
2435.000000,2920.000000,2507.000000,3224.000000
4395.000000,4.000000,4533.000000,99.000000
115.000000,2277.000000,112.000000,2675.000000
2057.000000,120.000000,2245.000000,429.000000
2846.000000,2449.000000,2530.000000,2801.000000
736.000000,4376.000000,478.000000,4627.000000
969.000000,4053.000000,849.000000,4121.000000
3399.000000,1849.000000,3409.000000,1859.000000
2177.000000,1608.000000,2258.000000,1862.000000
1456.000000,4288.000000,1685.000000,4289.000000
1529.000000,1095.000000,1314.000000,1200.000000
609.000000,33.000000,524.000000,34.000000
3168.000000,2278.000000,3204.000000,2374.000000
3784.000000,416.000000,3975.000000,449.000000
4151.000000,218.000000,4209.000000,344.000000
1549.000000,963.000000,1832.000000,992.000000
3745.000000,4473.000000,3708.000000,4632.000000
4395.000000,4.000000,4865.000000,144.000000
2408.000000,3750.000000,2518.000000,3788.000000
1172.000000,816.000000,1229.000000,1039.000000
256.000000,143.000000,350.000000,330.000000
3793.000000,203.000000,3784.000000,416.000000
1140.000000,3788.000000,1342.000000,3835.000000
2036.000000,944.000000,2035.000000,1292.000000
3872.000000,3563.000000,4254.000000,3757.000000
4254.000000,3757.000000,4819.000000,4196.000000
382.000000,2750.000000,305.000000,2777.000000
3872.000000,3563.000000,3712.000000,3893.000000
2462.000000,210.000000,2245.000000,429.000000
3818.000000,3471.000000,3800.000000,3535.000000
622.000000,4137.000000,434.000000,4387.000000
3793.000000,203.000000,3501.000000,314.000000
1545.000000,3894.000000,1526.000000,3958.000000
923.000000,1972.000000,1215.000000,2332.000000
2315.000000,836.000000,2036.000000,944.000000
1545.000000,3894.000000,1463.000000,3983.000000
4819.000000,4196.000000,4885.000000,4589.000000
4153.000000,2913.000000,4020.000000,3034.000000
2390.000000,1908.000000,2379.000000,1955.000000
761.000000,798.000000,1049.000000,964.000000
3982.000000,709.000000,3652.000000,864.000000
516.000000,3755.000000,712.000000,3800.000000
1337.000000,2450.000000,1287.000000,2682.000000
98.000000,3187.000000,395.000000,3285.000000
780.000000,209.000000,1172.000000,816.000000
3975.000000,449.000000,3982.000000,709.000000
2497.000000,4431.000000,2708.000000,4479.000000
4713.000000,2921.000000,4853.000000,2992.000000
2553.000000,4359.000000,2060.000000,4777.000000
3451.000000,980.000000,3436.000000,1363.000000
3592.000000,1544.000000,3987.000000,1644.000000
1356.000000,173.000000,1381.000000,300.000000
1107.000000,57.000000,1356.000000,173.000000
24.000000,844.000000,20.000000,4074.000000
4437.000000,4427.000000,4172.000000,4861.000000
4150.000000,693.000000,4510.000000,1120.000000
1342.000000,3835.000000,1173.000000,4006.000000
1104.000000,935.000000,1064.000000,1269.000000
4126.000000,3571.000000,4254.000000,3757.000000
2278.000000,2279.000000,2254.000000,2422.000000
1107.000000,57.000000,1965.000000,82.000000
4510.000000,2067.000000,4792.000000,2071.000000
3881.000000,178.000000,3917.000000,339.000000
1002.000000,4572.000000,745.000000,4822.000000
3501.000000,314.000000,3330.000000,721.000000
399.000000,1356.000000,185.000000,1419.000000
871.000000,2989.000000,1339.000000,3082.000000
2870.000000,1151.000000,3158.000000,1158.000000
1475.000000,2182.000000,1215.000000,2332.000000
1104.000000,935.000000,1049.000000,964.000000
4813.000000,4020.000000,4739.000000,4045.000000
3599.000000,3749.000000,3712.000000,3893.000000
2005.000000,1405.000000,2073.000000,1471.000000
3330.000000,721.000000,3652.000000,864.000000
3592.000000,1544.000000,3948.000000,1546.000000
4466.000000,3658.000000,4801.000000,3669.000000
211.000000,1723.000000,363.000000,1771.000000
2356.000000,509.000000,2271.000000,547.000000
4172.000000,4861.000000,4717.000000,4869.000000
3041.000000,3941.000000,3098.000000,4089.000000
609.000000,33.000000,1965.000000,82.000000
4156.000000,149.000000,4079.000000,322.000000
3712.000000,3893.000000,4526.000000,4265.000000
1587.000000,2251.000000,1428.000000,2298.000000
1845.000000,1353.000000,2005.000000,1405.000000
622.000000,4137.000000,667.000000,4287.000000
2714.000000,3933.000000,2553.000000,4359.000000
1526.000000,1386.000000,1370.000000,1490.000000
1342.000000,3835.000000,1540.000000,4157.000000
3501.000000,314.000000,3623.000000,629.000000
1845.000000,1353.000000,1526.000000,1386.000000
1652.000000,1424.000000,2098.000000,1519.000000
4284.000000,654.000000,4510.000000,1120.000000
249.000000,3510.000000,258.000000,3682.000000
1649.000000,4913.000000,931.000000,4917.000000
42.000000,4334.000000,132.000000,4823.000000
4645.000000,1660.000000,4792.000000,2071.000000
350.000000,330.000000,402.000000,580.000000
4632.000000,1260.000000,4146.000000,1979.000000
1924.000000,3776.000000,1894.000000,3880.000000
2569.000000,33.000000,3167.000000,281.000000
3399.000000,1849.000000,3567.000000,1963.000000
1348.000000,3261.000000,1194.000000,3529.000000
839.000000,1020.000000,714.000000,1206.000000
2192.000000,3092.000000,2507.000000,3224.000000
3424.000000,4024.000000,3665.000000,4077.000000
2011.000000,821.000000,2315.000000,836.000000
3745.000000,4473.000000,3943.000000,4620.000000
4209.000000,344.000000,3975.000000,449.000000
3303.000000,2910.000000,3264.000000,3262.000000
862.000000,3960.000000,822.000000,3967.000000
372.000000,76.000000,256.000000,143.000000
306.000000,4344.000000,360.000000,4344.000000
726.000000,111.000000,978.000000,251.000000
3852.000000,1301.000000,3962.000000,1331.000000
4460.000000,4400.000000,4717.000000,4869.000000
4460.000000,4400.000000,4172.000000,4861.000000
208.000000,4350.000000,434.000000,4387.000000
871.000000,2989.000000,817.000000,3017.000000
2846.000000,2449.000000,2816.000000,2516.000000
3218.000000,1499.000000,3565.000000,1505.000000
972.000000,1812.000000,1105.000000,1937.000000
1475.000000,2182.000000,1428.000000,2298.000000
3975.000000,449.000000,3623.000000,629.000000
3659.000000,1345.000000,3565.000000,1505.000000
24.000000,844.000000,26.000000,1798.000000
4026.000000,1011.000000,4510.000000,1120.000000
745.000000,4822.000000,132.000000,4823.000000
3110.000000,4662.000000,2963.000000,4721.000000
969.000000,4053.000000,922.000000,4405.000000
3167.000000,281.000000,3109.000000,426.000000
2411.000000,347.000000,2549.000000,936.000000
3665.000000,4077.000000,3555.000000,4303.000000
3928.000000,74.000000,3616.000000,261.000000
3473.000000,1959.000000,3552.000000,2017.000000
3550.000000,2447.000000,3303.000000,2910.000000
1068.000000,4583.000000,1284.000000,4887.000000
2411.000000,347.000000,2829.000000,706.000000
551.000000,3215.000000,395.000000,3285.000000
2960.000000,630.000000,2911.000000,645.000000
1337.000000,2450.000000,1485.000000,2539.000000
1229.000000,1039.000000,1064.000000,1269.000000
2827.000000,267.000000,3109.000000,426.000000
2551.000000,3806.000000,2714.000000,3933.000000
296.000000,1571.000000,211.000000,1723.000000
2211.000000,457.000000,2271.000000,547.000000
931.000000,1911.000000,615.000000,2570.000000
3501.000000,314.000000,3784.000000,416.000000
3015.000000,1660.000000,3352.000000,2158.000000
1194.000000,3529.000000,1342.000000,3835.000000
1967.000000,2336.000000,2254.000000,2422.000000
2911.000000,2182.000000,2834.000000,2258.000000
4829.000000,458.000000,4661.000000,541.000000
1685.000000,4289.000000,1382.000000,4738.000000
2340.000000,4052.000000,2032.000000,4625.000000
4303.000000,3136.000000,4310.000000,3439.000000
587.000000,307.000000,633.000000,631.000000
1258.000000,752.000000,1513.000000,1031.000000
4418.000000,3084.000000,4376.000000,3514.000000
849.000000,4121.000000,833.000000,4188.000000
822.000000,3967.000000,849.000000,4121.000000
704.000000,171.000000,679.000000,281.000000
2938.000000,2361.000000,2846.000000,2449.000000
465.000000,3118.000000,551.000000,3215.000000
4533.000000,99.000000,4865.000000,144.000000
3517.000000,13.000000,4213.000000,38.000000
3652.000000,2929.000000,3458.000000,3281.000000
3889.000000,1911.000000,3836.000000,1984.000000
493.000000,1455.000000,373.000000,1612.000000
4169.000000,4656.000000,4172.000000,4861.000000
4883.000000,3734.000000,4745.000000,3886.000000
4492.000000,1888.000000,4146.000000,1979.000000
384.000000,3352.000000,516.000000,3755.000000
2700.000000,3742.000000,2688.000000,3802.000000
3987.000000,1644.000000,3858.000000,1927.000000
271.000000,2775.000000,399.000000,2931.000000
4853.000000,2992.000000,4806.000000,3294.000000
516.000000,3755.000000,490.000000,3992.000000
706.000000,1364.000000,783.000000,1571.000000
3606.000000,650.000000,3652.000000,864.000000
490.000000,3992.000000,352.000000,4059.000000
4753.000000,332.000000,4323.000000,528.000000
1215.000000,2332.000000,1967.000000,2336.000000
4376.000000,3514.000000,4466.000000,3658.000000
1131.000000,1422.000000,783.000000,1571.000000
115.000000,2277.000000,98.000000,3187.000000
3399.000000,1849.000000,3352.000000,2158.000000
2319.000000,3542.000000,1924.000000,3776.000000
3555.000000,4303.000000,3562.000000,4322.000000
663.000000,118.000000,704.000000,171.000000
2771.000000,4054.000000,2814.000000,4075.000000
4395.000000,4.000000,3517.000000,13.000000
2177.000000,1608.000000,2287.000000,1621.000000
3708.000000,4632.000000,3707.000000,4637.000000
1832.000000,992.000000,1782.000000,1200.000000
2354.000000,2668.000000,2069.000000,2864.000000
2399.000000,623.000000,2315.000000,836.000000
4254.000000,3757.000000,4660.000000,3941.000000
4865.000000,144.000000,4528.000000,150.000000
3473.000000,1959.000000,3383.000000,2161.000000
26.000000,1798.000000,20.000000,4074.000000
1628.000000,2987.000000,1556.000000,3028.000000
3218.000000,1499.000000,3015.000000,1660.000000
4020.000000,3034.000000,3630.000000,3164.000000
3204.000000,2374.000000,3550.000000,2447.000000
4446.000000,3663.000000,4585.000000,3697.000000
326.000000,2763.000000,305.000000,2777.000000
266.000000,1835.000000,115.000000,2277.000000
4018.000000,157.000000,3881.000000,178.000000
1685.000000,4289.000000,1409.000000,4575.000000
493.000000,1455.000000,525.000000,1727.000000
4880.000000,1383.000000,4906.000000,3018.000000
1189.000000,616.000000,1645.000000,678.000000
1556.000000,3028.000000,1339.000000,3082.000000
79.000000,646.000000,24.000000,844.000000
1049.000000,964.000000,839.000000,1020.000000
3330.000000,721.000000,3251.000000,977.000000
2387.000000,960.000000,2389.000000,1208.000000
2030.000000,4818.000000,1973.000000,4916.000000
20.000000,4074.000000,42.000000,4334.000000
4153.000000,2913.000000,4303.000000,3136.000000
748.000000,599.000000,1049.000000,964.000000
937.000000,4493.000000,785.000000,4513.000000
3918.000000,3058.000000,3630.000000,3164.000000
281.000000,2415.000000,382.000000,2750.000000
1965.000000,82.000000,1712.000000,256.000000
780.000000,209.000000,708.000000,540.000000
4819.000000,4196.000000,4699.000000,4266.000000
124.000000,1355.000000,399.000000,1356.000000
4645.000000,1660.000000,4729.000000,1722.000000
4446.000000,3663.000000,4254.000000,3757.000000
4693.000000,3706.000000,4745.000000,3886.000000
4376.000000,3514.000000,4296.000000,3521.000000
1189.000000,616.000000,1258.000000,752.000000
3451.000000,980.000000,3150.000000,1280.000000
3943.000000,4620.000000,4169.000000,4656.000000
1613.000000,4205.000000,1685.000000,4289.000000
1064.000000,1269.000000,1269.000000,1348.000000
465.000000,3118.000000,98.000000,3187.000000
2901.000000,433.000000,2960.000000,630.000000
2287.000000,1621.000000,2610.000000,1752.000000
3836.000000,1984.000000,3552.000000,2017.000000
3948.000000,1546.000000,4050.000000,1787.000000
593.000000,300.000000,350.000000,330.000000
748.000000,599.000000,719.000000,748.000000
2708.000000,4479.000000,2778.000000,4856.000000
4050.000000,1787.000000,3836.000000,1984.000000
2356.000000,509.000000,2399.000000,623.000000
551.000000,2424.000000,382.000000,2750.000000
4310.000000,3439.000000,4296.000000,3521.000000
2036.000000,944.000000,2389.000000,1208.000000
194.000000,3931.000000,20.000000,4074.000000
1768.000000,358.000000,1708.000000,729.000000
1526.000000,3958.000000,1613.000000,4205.000000
3436.000000,1363.000000,3565.000000,1505.000000
1526.000000,1386.000000,1565.000000,1613.000000
282.000000,2209.000000,484.000000,2311.000000
4310.000000,3439.000000,4126.000000,3571.000000
267.000000,3902.000000,352.000000,4059.000000
1782.000000,1200.000000,1845.000000,1353.000000
271.000000,2775.000000,465.000000,3118.000000
4829.000000,458.000000,4892.000000,842.000000
3347.000000,4374.000000,3551.000000,4404.000000
3555.000000,4303.000000,3714.000000,4468.000000
2319.000000,3542.000000,2441.000000,3661.000000
2039.000000,3042.000000,2071.000000,3159.000000
3592.000000,1544.000000,3399.000000,1849.000000
4218.000000,446.000000,3975.000000,449.000000
256.000000,143.000000,79.000000,646.000000
2424.000000,1371.000000,2680.000000,1504.000000
399.000000,1356.000000,373.000000,1612.000000
4395.000000,4.000000,4156.000000,149.000000
3347.000000,4374.000000,3215.000000,4759.000000
2441.000000,3787.000000,2340.000000,4052.000000
3303.000000,2910.000000,3652.000000,2929.000000
1287.000000,2682.000000,1297.000000,2694.000000
1485.000000,2539.000000,1400.000000,2804.000000
2424.000000,1371.000000,2073.000000,1471.000000
1140.000000,3788.000000,1173.000000,4006.000000
2723.000000,3010.000000,2812.000000,3192.000000
2708.000000,4479.000000,2963.000000,4721.000000
1877.000000,3533.000000,1880.000000,3813.000000
937.000000,4493.000000,1002.000000,4572.000000
1754.000000,3340.000000,1523.000000,3607.000000
2399.000000,623.000000,2387.000000,960.000000
2792.000000,3822.000000,2814.000000,4075.000000
2656.000000,1010.000000,2846.000000,1113.000000
2827.000000,267.000000,2901.000000,433.000000
125.000000,2683.000000,302.000000,2736.000000
1832.000000,992.000000,1854.000000,1209.000000
4126.000000,1125.000000,4218.000000,1284.000000
112.000000,2675.000000,271.000000,2775.000000
402.000000,580.000000,273.000000,934.000000
1965.000000,82.000000,1672.000000,231.000000
284.000000,2005.000000,282.000000,2209.000000
1485.000000,2539.000000,1556.000000,3028.000000
484.000000,2311.000000,551.000000,2424.000000
4526.000000,4265.000000,4753.000000,4425.000000
2319.000000,3542.000000,2408.000000,3750.000000
914.000000,4027.000000,969.000000,4053.000000
1377.000000,1663.000000,1603.000000,1668.000000
124.000000,1355.000000,54.000000,1682.000000
4018.000000,157.000000,4079.000000,322.000000
2639.000000,1154.000000,2680.000000,1504.000000
3110.000000,4662.000000,3215.000000,4759.000000
4020.000000,3034.000000,4140.000000,3503.000000
4530.000000,2451.000000,4404.000000,2486.000000
1768.000000,358.000000,2011.000000,821.000000
4906.000000,3058.000000,4883.000000,3734.000000
3167.000000,281.000000,3501.000000,314.000000
1965.000000,82.000000,2057.000000,120.000000
3552.000000,2017.000000,3550.000000,2447.000000
4213.000000,38.000000,3985.000000,48.000000
1768.000000,358.000000,1189.000000,616.000000
1258.000000,752.000000,1172.000000,816.000000
2688.000000,3802.000000,2551.000000,3806.000000
3741.000000,3742.000000,3712.000000,3893.000000
3565.000000,1505.000000,3592.000000,1544.000000
3115.000000,3605.000000,2881.000000,3816.000000
3771.000000,4800.000000,4172.000000,4861.000000
3712.000000,3893.000000,4169.000000,4656.000000
3473.000000,1959.000000,3567.000000,1963.000000
1002.000000,4572.000000,931.000000,4917.000000
2778.000000,4856.000000,4172.000000,4861.000000
2156.000000,1935.000000,2278.000000,2279.000000
3352.000000,2158.000000,2998.000000,2311.000000
1529.000000,1095.000000,1845.000000,1353.000000
3158.000000,1158.000000,3150.000000,1280.000000
2585.000000,2907.000000,2723.000000,3010.000000
1342.000000,3835.000000,1474.000000,4027.000000
3659.000000,1345.000000,3436.000000,1363.000000
124.000000,1355.000000,185.000000,1419.000000
587.000000,307.000000,708.000000,540.000000
2714.000000,3933.000000,2814.000000,4075.000000
2060.000000,4777.000000,1973.000000,4916.000000
3517.000000,13.000000,3501.000000,314.000000
1131.000000,1422.000000,1370.000000,1490.000000
4754.000000,1443.000000,4645.000000,1660.000000
4630.000000,2696.000000,4519.000000,3026.000000
4645.000000,1660.000000,4492.000000,1888.000000
4717.000000,4869.000000,2625.000000,4897.000000
4218.000000,1284.000000,4050.000000,1787.000000
142.000000,3401.000000,20.000000,4074.000000
1916.000000,432.000000,2211.000000,457.000000
2898.000000,1403.000000,3015.000000,1660.000000
3917.000000,339.000000,3784.000000,416.000000
3264.000000,3262.000000,3251.000000,3455.000000
2849.000000,1791.000000,2911.000000,2182.000000
3555.000000,4303.000000,3707.000000,4637.000000
4530.000000,2451.000000,4630.000000,2696.000000
3109.000000,426.000000,3330.000000,721.000000
3830.000000,2962.000000,3918.000000,3058.000000
4713.000000,2921.000000,4906.000000,3018.000000
4835.000000,1174.000000,4845.000000,1202.000000
478.000000,4627.000000,550.000000,4759.000000
4218.000000,446.000000,4150.000000,693.000000
382.000000,2750.000000,399.000000,2931.000000
4213.000000,38.000000,4156.000000,149.000000
3436.000000,1363.000000,3218.000000,1499.000000
1540.000000,4157.000000,1456.000000,4288.000000
273.000000,934.000000,119.000000,1071.000000
776.000000,1676.000000,931.000000,1911.000000
3167.000000,281.000000,3330.000000,721.000000
2680.000000,1504.000000,2417.000000,1582.000000
267.000000,3902.000000,20.000000,4074.000000
132.000000,4823.000000,931.000000,4917.000000
3517.000000,13.000000,3167.000000,281.000000
4404.000000,2486.000000,4085.000000,2669.000000
1603.000000,1668.000000,1272.000000,1874.000000
2681.000000,2896.000000,2967.000000,3012.000000
4853.000000,2992.000000,4906.000000,3018.000000
4813.000000,4020.000000,4819.000000,4196.000000
4079.000000,322.000000,3917.000000,339.000000
978.000000,251.000000,1104.000000,487.000000
2976.000000,2401.000000,3303.000000,2910.000000
1409.000000,4575.000000,1382.000000,4738.000000
745.000000,4822.000000,931.000000,4917.000000
1845.000000,1353.000000,1652.000000,1424.000000
704.000000,171.000000,593.000000,300.000000
3552.000000,3925.000000,3665.000000,4077.000000
292.000000,4219.000000,306.000000,4344.000000
1768.000000,358.000000,1916.000000,432.000000
682.000000,3603.000000,712.000000,3800.000000
2278.000000,2279.000000,1967.000000,2336.000000
666.000000,3574.000000,682.000000,3603.000000
4632.000000,1260.000000,4492.000000,1888.000000
1381.000000,300.000000,1189.000000,616.000000
26.000000,1798.000000,266.000000,1835.000000
2156.000000,1935.000000,2397.000000,1992.000000
358.000000,2306.000000,484.000000,2311.000000
587.000000,307.000000,437.000000,416.000000
4026.000000,1011.000000,4126.000000,1125.000000
2898.000000,1403.000000,3218.000000,1499.000000
4437.000000,4427.000000,4169.000000,4656.000000
399.000000,2931.000000,465.000000,3118.000000
2522.000000,4554.000000,2060.000000,4777.000000
267.000000,3902.000000,208.000000,4350.000000
1023.000000,3882.000000,1173.000000,4006.000000
972.000000,1812.000000,947.000000,1882.000000
258.000000,3682.000000,516.000000,3755.000000
3962.000000,1331.000000,3948.000000,1546.000000
112.000000,2675.000000,302.000000,2736.000000
1438.000000,1517.000000,1377.000000,1663.000000
4632.000000,1260.000000,4636.000000,1377.000000
2967.000000,3012.000000,2812.000000,3192.000000
2411.000000,347.000000,2387.000000,960.000000
780.000000,209.000000,748.000000,599.000000
1409.000000,88.000000,1672.000000,231.000000
726.000000,111.000000,780.000000,209.000000
776.000000,1676.000000,972.000000,1812.000000
4510.000000,1120.000000,4218.000000,1284.000000
358.000000,2306.000000,281.000000,2415.000000
1929.000000,135.000000,1712.000000,256.000000
2411.000000,347.000000,2663.000000,529.000000
2011.000000,821.000000,2036.000000,944.000000
2397.000000,1992.000000,2278.000000,2279.000000
2522.000000,4554.000000,2310.000000,4785.000000
2976.000000,2401.000000,2816.000000,2516.000000
1297.000000,2694.000000,1339.000000,3082.000000
905.000000,3322.000000,682.000000,3603.000000
3399.000000,1849.000000,3858.000000,1927.000000
1639.000000,2066.000000,1537.000000,2086.000000
1643.000000,260.000000,1381.000000,300.000000
4892.000000,842.000000,4696.000000,1101.000000
282.000000,2209.000000,358.000000,2306.000000
704.000000,171.000000,780.000000,209.000000
493.000000,1455.000000,776.000000,1676.000000
2389.000000,1208.000000,2035.000000,1292.000000
1107.000000,57.000000,1140.000000,223.000000
1377.000000,1663.000000,1272.000000,1874.000000
42.000000,4334.000000,218.000000,4376.000000
4140.000000,3503.000000,4092.000000,3556.000000
2688.000000,3802.000000,2792.000000,3822.000000
3168.000000,2278.000000,3550.000000,2447.000000
2177.000000,1608.000000,2156.000000,1935.000000
3025.000000,732.000000,2781.000000,900.000000
783.000000,1571.000000,1105.000000,1937.000000
1409.000000,88.000000,1356.000000,173.000000
1754.000000,3340.000000,1877.000000,3533.000000
1603.000000,1668.000000,1992.000000,1901.000000
1854.000000,1209.000000,1845.000000,1353.000000
3424.000000,4024.000000,3347.000000,4374.000000
1652.000000,1424.000000,1603.000000,1668.000000
516.000000,3755.000000,606.000000,3776.000000
609.000000,33.000000,350.000000,330.000000
4880.000000,1383.000000,4824.000000,2652.000000
3168.000000,2278.000000,2998.000000,2311.000000
1526.000000,3958.000000,1474.000000,4027.000000
1965.000000,82.000000,1409.000000,88.000000
4519.000000,3026.000000,4418.000000,3084.000000
3712.000000,3893.000000,3910.000000,4256.000000
2441.000000,3661.000000,2700.000000,3742.000000
3982.000000,709.000000,4026.000000,1011.000000
817.000000,3017.000000,551.000000,3215.000000
185.000000,1419.000000,211.000000,1723.000000
2781.000000,900.000000,2656.000000,1010.000000
1064.000000,2634.000000,817.000000,3017.000000
1537.000000,2086.000000,1536.000000,2151.000000
1536.000000,2151.000000,1428.000000,2298.000000
2116.000000,2076.000000,1967.000000,2336.000000
2960.000000,630.000000,2833.000000,661.000000
1652.000000,1424.000000,1565.000000,1613.000000
817.000000,3017.000000,1339.000000,3082.000000
1529.000000,1095.000000,1526.000000,1386.000000
4218.000000,1284.000000,3962.000000,1331.000000
1965.000000,82.000000,1643.000000,260.000000
1463.000000,3983.000000,1474.000000,4027.000000
4510.000000,2067.000000,3550.000000,2447.000000
3135.000000,3156.000000,3251.000000,3455.000000
2827.000000,267.000000,3167.000000,281.000000
2336.000000,3340.000000,2319.000000,3542.000000
4835.000000,1174.000000,4721.000000,1245.000000
2060.000000,4777.000000,2310.000000,4785.000000
3836.000000,1984.000000,4510.000000,2067.000000
3015.000000,1660.000000,2849.000000,1791.000000
2073.000000,1471.000000,2287.000000,1621.000000
551.000000,3215.000000,905.000000,3322.000000
2585.000000,2907.000000,2435.000000,2920.000000
1526.000000,3958.000000,1463.000000,3983.000000
785.000000,4513.000000,550.000000,4759.000000
2397.000000,1992.000000,2846.000000,2449.000000
3168.000000,2278.000000,2976.000000,2401.000000
3246.000000,3038.000000,3264.000000,3262.000000
3473.000000,1959.000000,3550.000000,2447.000000
372.000000,76.000000,350.000000,330.000000
4510.000000,2067.000000,4085.000000,2669.000000
3264.000000,3262.000000,3333.000000,3971.000000
1314.000000,1200.000000,1064.000000,1269.000000
4085.000000,2669.000000,4020.000000,3034.000000
306.000000,4344.000000,434.000000,4387.000000
4626.000000,516.000000,4451.000000,591.000000
2681.000000,2896.000000,3111.000000,2923.000000
2814.000000,4075.000000,2553.000000,4359.000000
3565.000000,1505.000000,3399.000000,1849.000000
2060.000000,4777.000000,2030.000000,4818.000000
2005.000000,1405.000000,2098.000000,1519.000000
1967.000000,2336.000000,2069.000000,2864.000000
373.000000,1612.000000,363.000000,1771.000000
98.000000,3187.000000,384.000000,3352.000000
493.000000,1455.000000,783.000000,1571.000000
2778.000000,4856.000000,4717.000000,4869.000000
633.000000,631.000000,273.000000,934.000000
1370.000000,1490.000000,1438.000000,1517.000000
3562.000000,4322.000000,3551.000000,4404.000000
3251.000000,977.000000,2846.000000,1113.000000
615.000000,2570.000000,1064.000000,2634.000000
532.000000,1955.000000,615.000000,2570.000000
3468.000000,3326.000000,3818.000000,3471.000000
1068.000000,4583.000000,931.000000,4917.000000
947.000000,1882.000000,931.000000,1911.000000
1545.000000,3894.000000,1613.000000,4205.000000
3962.000000,1331.000000,4050.000000,1787.000000
1916.000000,432.000000,2315.000000,836.000000
1194.000000,3529.000000,1140.000000,3788.000000
2036.000000,944.000000,1854.000000,1209.000000
119.000000,1071.000000,399.000000,1356.000000
4418.000000,3084.000000,4310.000000,3439.000000
1172.000000,816.000000,1049.000000,964.000000
284.000000,2005.000000,115.000000,2277.000000
382.000000,2750.000000,326.000000,2763.000000
3712.000000,3893.000000,3665.000000,4077.000000
785.000000,4513.000000,745.000000,4822.000000
1967.000000,2336.000000,1556.000000,3028.000000
1049.000000,964.000000,1064.000000,1269.000000
2846.000000,2449.000000,2354.000000,2668.000000
1194.000000,3529.000000,1523.000000,3607.000000
3858.000000,1927.000000,3836.000000,1984.000000
218.000000,4376.000000,434.000000,4387.000000
2781.000000,900.000000,2549.000000,936.000000
817.000000,3017.000000,465.000000,3118.000000
1529.000000,1095.000000,1782.000000,1200.000000
3928.000000,74.000000,3793.000000,203.000000
4466.000000,3658.000000,4585.000000,3697.000000
1382.000000,4738.000000,2030.000000,4818.000000
2071.000000,3159.000000,1754.000000,3340.000000
2354.000000,2668.000000,2530.000000,2801.000000
704.000000,171.000000,587.000000,307.000000
2792.000000,3822.000000,3041.000000,3941.000000
2390.000000,1908.000000,2397.000000,1992.000000
4753.000000,332.000000,4626.000000,516.000000
2315.000000,836.000000,2389.000000,1208.000000
3793.000000,203.000000,3616.000000,261.000000
302.000000,2736.000000,305.000000,2777.000000
2408.000000,3750.000000,2441.000000,3787.000000
3830.000000,2962.000000,3630.000000,3164.000000
4713.000000,2921.000000,4418.000000,3084.000000
115.000000,2277.000000,281.000000,2415.000000
914.000000,4027.000000,849.000000,4121.000000
2938.000000,2361.000000,2976.000000,2401.000000
2700.000000,3742.000000,2551.000000,3806.000000
2441.000000,3787.000000,2551.000000,3806.000000
2497.000000,4431.000000,2060.000000,4777.000000
3985.000000,48.000000,3968.000000,106.000000
3592.000000,1544.000000,3858.000000,1927.000000
4880.000000,1383.000000,4754.000000,1443.000000
4906.000000,3058.000000,4806.000000,3294.000000
273.000000,934.000000,269.000000,1010.000000
4906.000000,3018.000000,4906.000000,3058.000000
1825.000000,3897.000000,2004.000000,4132.000000
3555.000000,4303.000000,3551.000000,4404.000000
736.000000,4376.000000,785.000000,4513.000000
4460.000000,4400.000000,4437.000000,4427.000000
3015.000000,1660.000000,3399.000000,1849.000000
3347.000000,4374.000000,2989.000000,4486.000000
1609.000000,3111.000000,1754.000000,3340.000000
292.000000,4219.000000,434.000000,4387.000000
1924.000000,3776.000000,1880.000000,3813.000000
1556.000000,3028.000000,1348.000000,3261.000000
679.000000,281.000000,587.000000,307.000000
2030.000000,4818.000000,1714.000000,4839.000000
3550.000000,2447.000000,3652.000000,2929.000000
633.000000,631.000000,719.000000,748.000000
3264.000000,3262.000000,3468.000000,3326.000000
1782.000000,1200.000000,1854.000000,1209.000000
2549.000000,936.000000,2387.000000,960.000000
2849.000000,1791.000000,2586.000000,1926.000000
615.000000,2570.000000,817.000000,3017.000000
606.000000,3776.000000,490.000000,3992.000000
2663.000000,529.000000,2833.000000,661.000000
3881.000000,178.000000,4079.000000,322.000000
4254.000000,3757.000000,3712.000000,3893.000000
3251.000000,977.000000,3451.000000,980.000000
3347.000000,4374.000000,3218.000000,4773.000000
4395.000000,4.000000,4213.000000,38.000000
1880.000000,3813.000000,1825.000000,3897.000000
969.000000,4053.000000,833.000000,4188.000000
637.000000,1237.000000,399.000000,1356.000000
4892.000000,842.000000,4845.000000,1202.000000
2287.000000,1621.000000,2258.000000,1862.000000
1965.000000,82.000000,1929.000000,135.000000
3204.000000,2374.000000,2976.000000,2401.000000
434.000000,4387.000000,478.000000,4627.000000
4630.000000,2696.000000,4120.000000,2739.000000
862.000000,3960.000000,849.000000,4121.000000
4418.000000,3084.000000,4466.000000,3658.000000
3251.000000,977.000000,2870.000000,1151.000000
785.000000,4513.000000,478.000000,4627.000000
2881.000000,3816.000000,3041.000000,3941.000000
3818.000000,3471.000000,3741.000000,3742.000000
714.000000,1206.000000,637.000000,1237.000000
1023.000000,3882.000000,822.000000,3967.000000
2387.000000,960.000000,2656.000000,1010.000000
4721.000000,1245.000000,4632.000000,1260.000000
1628.000000,2987.000000,1609.000000,3111.000000
3352.000000,2158.000000,3550.000000,2447.000000
1377.000000,1663.000000,1105.000000,1937.000000
922.000000,4405.000000,785.000000,4513.000000
551.000000,2424.000000,615.000000,2570.000000
4801.000000,3669.000000,4693.000000,3706.000000
4151.000000,218.000000,4464.000000,220.000000
1023.000000,3882.000000,969.000000,4053.000000
4745.000000,3886.000000,4660.000000,3941.000000
2681.000000,2896.000000,2812.000000,3192.000000
714.000000,1206.000000,783.000000,1571.000000
4696.000000,1101.000000,4721.000000,1245.000000
2771.000000,4054.000000,2553.000000,4359.000000
24.000000,844.000000,119.000000,1071.000000
923.000000,1972.000000,615.000000,2570.000000
2036.000000,944.000000,1832.000000,992.000000
609.000000,33.000000,726.000000,111.000000
112.000000,2675.000000,98.000000,3187.000000
2271.000000,547.000000,2315.000000,836.000000
1526.000000,1386.000000,1438.000000,1517.000000
1269.000000,1348.000000,1131.000000,1422.000000
3517.000000,13.000000,3928.000000,74.000000
3623.000000,629.000000,3330.000000,721.000000
3652.000000,864.000000,4026.000000,1011.000000
1287.000000,2682.000000,1400.000000,2804.000000
2441.000000,3661.000000,2408.000000,3750.000000
1173.000000,4006.000000,1540.000000,4157.000000
1540.000000,4157.000000,1685.000000,4289.000000
2340.000000,4052.000000,2004.000000,4132.000000
4020.000000,3034.000000,4303.000000,3136.000000
3652.000000,2929.000000,3830.000000,2962.000000
4880.000000,1383.000000,4729.000000,1722.000000
258.000000,3682.000000,150.000000,3777.000000
1714.000000,4839.000000,1973.000000,4916.000000
4661.000000,541.000000,4696.000000,1101.000000
3264.000000,3262.000000,3458.000000,3281.000000
352.000000,4059.000000,208.000000,4350.000000
1382.000000,4738.000000,1284.000000,4887.000000
2245.000000,429.000000,2356.000000,509.000000
3115.000000,3605.000000,3108.000000,3787.000000
4845.000000,1202.000000,4754.000000,1443.000000
4085.000000,2669.000000,3830.000000,2962.000000
4451.000000,591.000000,4696.000000,1101.000000
3150.000000,1280.000000,2898.000000,1403.000000
4120.000000,2739.000000,4153.000000,2913.000000
2812.000000,3192.000000,2336.000000,3340.000000
2553.000000,4359.000000,2776.000000,4421.000000
2315.000000,836.000000,2387.000000,960.000000
736.000000,4376.000000,922.000000,4405.000000
862.000000,3960.000000,914.000000,4027.000000
748.000000,599.000000,761.000000,798.000000
1104.000000,487.000000,1172.000000,816.000000
2245.000000,429.000000,2271.000000,547.000000
4660.000000,3941.000000,4819.000000,4196.000000
3451.000000,980.000000,3852.000000,1301.000000
2680.000000,1504.000000,3015.000000,1660.000000
269.000000,1010.000000,399.000000,1356.000000
587.000000,307.000000,350.000000,330.000000
2039.000000,3042.000000,1754.000000,3340.000000
267.000000,3902.000000,490.000000,3992.000000
525.000000,1727.000000,532.000000,1955.000000
1685.000000,4289.000000,2030.000000,4818.000000
1272.000000,1874.000000,1441.000000,2133.000000
2650.000000,3148.000000,2507.000000,3224.000000
3985.000000,48.000000,3928.000000,74.000000
2989.000000,4486.000000,3110.000000,4662.000000
269.000000,1010.000000,119.000000,1071.000000
726.000000,111.000000,1140.000000,223.000000
2781.000000,900.000000,3251.000000,977.000000
4811.000000,2802.000000,4713.000000,2921.000000
1540.000000,4157.000000,1247.000000,4475.000000
2967.000000,3012.000000,3246.000000,3038.000000
1104.000000,935.000000,1229.000000,1039.000000
4892.000000,842.000000,4906.000000,3018.000000
1104.000000,487.000000,1189.000000,616.000000
551.000000,3215.000000,384.000000,3352.000000
1672.000000,231.000000,1643.000000,260.000000
1854.000000,1209.000000,2035.000000,1292.000000
2963.000000,4721.000000,3200.000000,4810.000000
292.000000,4219.000000,208.000000,4350.000000
2310.000000,4785.000000,2625.000000,4897.000000
20.000000,4074.000000,208.000000,4350.000000
1382.000000,4738.000000,1660.000000,4863.000000
3246.000000,3038.000000,3135.000000,3156.000000
2035.000000,1292.000000,2005.000000,1405.000000
352.000000,4059.000000,622.000000,4137.000000
1816.000000,2180.000000,1587.000000,2251.000000
4811.000000,2802.000000,4692.000000,2839.000000
1002.000000,4572.000000,1068.000000,4583.000000
3872.000000,3563.000000,3741.000000,3742.000000
3714.000000,4468.000000,3745.000000,4473.000000
