POINTS
583.000000,6.000000
2649.000000,61.000000
180.000000,76.000000
4223.000000,77.000000
4487.000000,85.000000
3481.000000,93.000000
4117.000000,93.000000
29.000000,98.000000
1016.000000,109.000000
2206.000000,152.000000
2446.000000,159.000000
1242.000000,179.000000
3163.000000,186.000000
3845.000000,188.000000
4577.000000,196.000000
3610.000000,202.000000
577.000000,213.000000
4760.000000,228.000000
4644.000000,236.000000
1271.000000,242.000000
731.000000,254.000000
3729.000000,273.000000
2232.000000,275.000000
1056.000000,280.000000
3112.000000,301.000000
1301.000000,315.000000
3911.000000,329.000000
4942.000000,329.000000
4113.000000,335.000000
268.000000,346.000000
1939.000000,347.000000
4244.000000,352.000000
3465.000000,360.000000
4484.000000,362.000000
4615.000000,403.000000
2356.000000,410.000000
3917.000000,415.000000
4425.000000,415.000000
2442.000000,416.000000
1662.000000,437.000000
3083.000000,438.000000
982.000000,468.000000
2057.000000,471.000000
1490.000000,476.000000
1256.000000,497.000000
2041.000000,518.000000
1350.000000,521.000000
801.000000,524.000000
13.000000,528.000000
1119.000000,558.000000
1600.000000,563.000000
3152.000000,572.000000
3619.000000,573.000000
1037.000000,575.000000
2353.000000,578.000000
1202.000000,612.000000
4748.000000,612.000000
4334.000000,623.000000
3074.000000,641.000000
651.000000,642.000000
3154.000000,665.000000
632.000000,673.000000
4929.000000,677.000000
676.000000,684.000000
4163.000000,685.000000
4148.000000,687.000000
761.000000,718.000000
3226.000000,730.000000
1002.000000,735.000000
862.000000,766.000000
345.000000,775.000000
1974.000000,777.000000
3598.000000,794.000000
4278.000000,809.000000
269.000000,815.000000
3554.000000,816.000000
2175.000000,822.000000
2337.000000,825.000000
2655.000000,860.000000
1747.000000,867.000000
1173.000000,880.000000
3592.000000,882.000000
2264.000000,883.000000
2063.000000,885.000000
343.000000,886.000000
1024.000000,889.000000
2743.000000,893.000000
4264.000000,896.000000
3182.000000,906.000000
563.000000,912.000000
4533.000000,930.000000
2640.000000,934.000000
3993.000000,937.000000
2420.000000,941.000000
436.000000,960.000000
2220.000000,1001.000000
2263.000000,1025.000000
3824.000000,1038.000000
3733.000000,1041.000000
693.000000,1048.000000
2869.000000,1050.000000
2438.000000,1095.000000
722.000000,1104.000000
3200.000000,1111.000000
1613.000000,1131.000000
1756.000000,1144.000000
2884.000000,1177.000000
1680.000000,1182.000000
2931.000000,1182.000000
3976.000000,1187.000000
3661.000000,1188.000000
831.000000,1189.000000
2793.000000,1191.000000
3444.000000,1192.000000
2268.000000,1203.000000
2087.000000,1210.000000
2295.000000,1212.000000
4605.000000,1215.000000
3505.000000,1218.000000
2596.000000,1240.000000
2910.000000,1242.000000
3546.000000,1254.000000
2951.000000,1259.000000
2060.000000,1289.000000
2823.000000,1299.000000
71.000000,1305.000000
4580.000000,1317.000000
2664.000000,1325.000000
3876.000000,1343.000000
3967.000000,1365.000000
584.000000,1369.000000
878.000000,1380.000000
4417.000000,1381.000000
1038.000000,1397.000000
3297.000000,1404.000000
4890.000000,1408.000000
2212.000000,1415.000000
372.000000,1417.000000
3725.000000,1417.000000
4087.000000,1436.000000
3911.000000,1452.000000
1467.000000,1456.000000
2504.000000,1486.000000
2776.000000,1487.000000
236.000000,1498.000000
4140.000000,1537.000000
3422.000000,1555.000000
4418.000000,1584.000000
868.000000,1586.000000
269.000000,1596.000000
1127.000000,1601.000000
4874.000000,1603.000000
4927.000000,1603.000000
3529.000000,1618.000000
4859.000000,1622.000000
3003.000000,1627.000000
3326.000000,1627.000000
3522.000000,1634.000000
4092.000000,1637.000000
4392.000000,1661.000000
2938.000000,1667.000000
3089.000000,1687.000000
3395.000000,1688.000000
2154.000000,1701.000000
3745.000000,1705.000000
3109.000000,1707.000000
2741.000000,1715.000000
4638.000000,1735.000000
3512.000000,1738.000000
4929.000000,1771.000000
4184.000000,1787.000000
167.000000,1788.000000
3007.000000,1788.000000
3506.000000,1789.000000
2455.000000,1840.000000
4879.000000,1847.000000
3493.000000,1859.000000
4243.000000,1867.000000
496.000000,1889.000000
3175.000000,1890.000000
3920.000000,1900.000000
4739.000000,1905.000000
3518.000000,1909.000000
1930.000000,1923.000000
2444.000000,1924.000000
3110.000000,1933.000000
1072.000000,1942.000000
2732.000000,1942.000000
3675.000000,1942.000000
4277.000000,1965.000000
3217.000000,1972.000000
3928.000000,1976.000000
421.000000,1989.000000
3797.000000,1996.000000
148.000000,2016.000000
2484.000000,2037.000000
499.000000,2044.000000
638.000000,2048.000000
4181.000000,2062.000000
518.000000,2068.000000
849.000000,2072.000000
1133.000000,2076.000000
2101.000000,2085.000000
3576.000000,2090.000000
3538.000000,2099.000000
2723.000000,2104.000000
2260.000000,2106.000000
1830.000000,2107.000000
554.000000,2110.000000
870.000000,2111.000000
2582.000000,2120.000000
378.000000,2129.000000
4872.000000,2129.000000
3041.000000,2133.000000
405.000000,2138.000000
1006.000000,2144.000000
3962.000000,2153.000000
4787.000000,2165.000000
3250.000000,2169.000000
1272.000000,2186.000000
1499.000000,2195.000000
1255.000000,2217.000000
658.000000,2224.000000
437.000000,2237.000000
495.000000,2269.000000
2405.000000,2270.000000
1421.000000,2272.000000
681.000000,2285.000000
4918.000000,2287.000000
2716.000000,2293.000000
2881.000000,2307.000000
2181.000000,2325.000000
743.000000,2338.000000
996.000000,2343.000000
4675.000000,2346.000000
4778.000000,2349.000000
3442.000000,2386.000000
1479.000000,2387.000000
1084.000000,2388.000000
1176.000000,2403.000000
2959.000000,2404.000000
1745.000000,2407.000000
1013.000000,2425.000000
2764.000000,2429.000000
928.000000,2434.000000
67.000000,2461.000000
61.000000,2469.000000
263.000000,2476.000000
3034.000000,2484.000000
2018.000000,2501.000000
2323.000000,2527.000000
3447.000000,2529.000000
2713.000000,2531.000000
2229.000000,2542.000000
1984.000000,2546.000000
3760.000000,2551.000000
4894.000000,2551.000000
988.000000,2559.000000
2339.000000,2560.000000
1719.000000,2561.000000
2774.000000,2593.000000
974.000000,2603.000000
4828.000000,2610.000000
4361.000000,2614.000000
3278.000000,2618.000000
902.000000,2619.000000
1453.000000,2622.000000
2165.000000,2632.000000
13.000000,2688.000000
3820.000000,2705.000000
1171.000000,2708.000000
4169.000000,2709.000000
2268.000000,2718.000000
1607.000000,2725.000000
1438.000000,2733.000000
4853.000000,2742.000000
2819.000000,2758.000000
1884.000000,2770.000000
1053.000000,2771.000000
2214.000000,2773.000000
2134.000000,2774.000000
1804.000000,2779.000000
1334.000000,2792.000000
2365.000000,2816.000000
3659.000000,2816.000000
3369.000000,2817.000000
398.000000,2828.000000
995.000000,2837.000000
2402.000000,2853.000000
1922.000000,2859.000000
699.000000,2880.000000
32.000000,2884.000000
198.000000,2895.000000
2338.000000,2896.000000
460.000000,2919.000000
3938.000000,2925.000000
4343.000000,2926.000000
1295.000000,2953.000000
2193.000000,2966.000000
2214.000000,2972.000000
1183.000000,3016.000000
12.000000,3026.000000
575.000000,3033.000000
4721.000000,3097.000000
3441.000000,3100.000000
3737.000000,3112.000000
377.000000,3115.000000
1408.000000,3129.000000
3401.000000,3136.000000
4525.000000,3166.000000
3705.000000,3185.000000
2645.000000,3196.000000
4566.000000,3211.000000
418.000000,3216.000000
2672.000000,3227.000000
4229.000000,3227.000000
4756.000000,3232.000000
1484.000000,3256.000000
3380.000000,3263.000000
1300.000000,3273.000000
3045.000000,3307.000000
4811.000000,3318.000000
3299.000000,3319.000000
293.000000,3323.000000
2962.000000,3331.000000
4021.000000,3360.000000
79.000000,3361.000000
2593.000000,3382.000000
2400.000000,3392.000000
128.000000,3400.000000
747.000000,3403.000000
1259.000000,3411.000000
2104.000000,3418.000000
112.000000,3428.000000
4216.000000,3429.000000
651.000000,3473.000000
4365.000000,3481.000000
650.000000,3495.000000
1335.000000,3498.000000
2427.000000,3522.000000
4894.000000,3525.000000
3855.000000,3528.000000
3726.000000,3531.000000
4884.000000,3532.000000
1433.000000,3537.000000
3982.000000,3546.000000
602.000000,3548.000000
1764.000000,3563.000000
2430.000000,3568.000000
984.000000,3573.000000
3475.000000,3579.000000
1586.000000,3580.000000
3981.000000,3584.000000
4923.000000,3591.000000
4325.000000,3594.000000
4447.000000,3595.000000
3870.000000,3615.000000
3687.000000,3625.000000
4799.000000,3633.000000
1341.000000,3634.000000
4312.000000,3639.000000
3713.000000,3641.000000
77.000000,3643.000000
2056.000000,3657.000000
3482.000000,3660.000000
4120.000000,3677.000000
3784.000000,3679.000000
2089.000000,3685.000000
2850.000000,3697.000000
2607.000000,3703.000000
1800.000000,3732.000000
2791.000000,3736.000000
151.000000,3741.000000
4566.000000,3749.000000
1640.000000,3751.000000
2327.000000,3751.000000
4816.000000,3752.000000
2262.000000,3762.000000
531.000000,3765.000000
3632.000000,3772.000000
2614.000000,3786.000000
866.000000,3807.000000
4246.000000,3808.000000
2348.000000,3815.000000
1771.000000,3827.000000
4036.000000,3835.000000
3018.000000,3843.000000
988.000000,3847.000000
101.000000,3877.000000
2116.000000,3881.000000
2779.000000,3897.000000
2976.000000,3906.000000
3634.000000,3914.000000
4943.000000,3915.000000
421.000000,3922.000000
2673.000000,3926.000000
3574.000000,3926.000000
3519.000000,3937.000000
2936.000000,3942.000000
4601.000000,3942.000000
3521.000000,3947.000000
2998.000000,3969.000000
1400.000000,3971.000000
4228.000000,3974.000000
4304.000000,3976.000000
4045.000000,3978.000000
1795.000000,3991.000000
4003.000000,4000.000000
3404.000000,4009.000000
4703.000000,4026.000000
1689.000000,4036.000000
1118.000000,4037.000000
3118.000000,4045.000000
2780.000000,4047.000000
778.000000,4048.000000
1005.000000,4051.000000
4870.000000,4056.000000
1009.000000,4068.000000
2631.000000,4070.000000
4034.000000,4092.000000
2335.000000,4093.000000
2052.000000,4096.000000
4177.000000,4134.000000
391.000000,4143.000000
4620.000000,4155.000000
420.000000,4167.000000
4105.000000,4178.000000
3714.000000,4190.000000
1009.000000,4209.000000
260.000000,4214.000000
1814.000000,4227.000000
3484.000000,4241.000000
3895.000000,4245.000000
4431.000000,4247.000000
2784.000000,4265.000000
2084.000000,4317.000000
2923.000000,4333.000000
272.000000,4337.000000
1038.000000,4382.000000
2997.000000,4403.000000
4175.000000,4408.000000
1611.000000,4430.000000
1775.000000,4433.000000
437.000000,4435.000000
1639.000000,4435.000000
2378.000000,4437.000000
328.000000,4444.000000
3882.000000,4457.000000
784.000000,4491.000000
3948.000000,4496.000000
3721.000000,4521.000000
1201.000000,4537.000000
195.000000,4563.000000
520.000000,4568.000000
1047.000000,4572.000000
2384.000000,4576.000000
2947.000000,4585.000000
1953.000000,4592.000000
4849.000000,4592.000000
2997.000000,4593.000000
4959.000000,4596.000000
1065.000000,4598.000000
846.000000,4608.000000
2251.000000,4623.000000
3941.000000,4650.000000
3497.000000,4660.000000
360.000000,4664.000000
4473.000000,4665.000000
4534.000000,4671.000000
2162.000000,4677.000000
1266.000000,4702.000000
1223.000000,4704.000000
581.000000,4705.000000
660.000000,4729.000000
2368.000000,4732.000000
1752.000000,4744.000000
2953.000000,4744.000000
676.000000,4765.000000
1943.000000,4770.000000
4472.000000,4789.000000
2268.000000,4794.000000
214.000000,4800.000000
332.000000,4800.000000
2686.000000,4802.000000
3891.000000,4825.000000
3965.000000,4831.000000
1651.000000,4841.000000
514.000000,4855.000000
3367.000000,4866.000000
47.000000,4867.000000
3891.000000,4871.000000
4783.000000,4874.000000
1912.000000,4878.000000
2848.000000,4890.000000
329.000000,4897.000000
1224.000000,4912.000000
4568.000000,4919.000000
2659.000000,4971.000000
LINES
293.000000,3323.000000,651.000000,3473.000000
4148.000000,687.000000,3993.000000,937.000000
4361.000000,2614.000000,4853.000000,2742.000000
3729.000000,273.000000,3619.000000,573.000000
437.000000,2237.000000,263.000000,2476.000000
1830.000000,2107.000000,2018.000000,2501.000000
3870.000000,3615.000000,3784.000000,3679.000000
4787.000000,2165.000000,4778.000000,2349.000000
4605.000000,1215.000000,4890.000000,1408.000000
1775.000000,4433.000000,1752.000000,4744.000000
1255.000000,2217.000000,1421.000000,2272.000000
3217.000000,1972.000000,3250.000000,2169.000000
1009.000000,4068.000000,420.000000,4167.000000
602.000000,3548.000000,151.000000,3741.000000
3326.000000,1627.000000,3089.000000,1687.000000
1171.000000,2708.000000,1334.000000,2792.000000
3598.000000,794.000000,3733.000000,1041.000000
3226.000000,730.000000,3182.000000,906.000000
3634.000000,3914.000000,3521.000000,3947.000000
3007.000000,1788.000000,2732.000000,1942.000000
3574.000000,3926.000000,3521.000000,3947.000000
1119.000000,558.000000,1037.000000,575.000000
4264.000000,896.000000,4533.000000,930.000000
3482.000000,3660.000000,3118.000000,4045.000000
1259.000000,3411.000000,984.000000,3573.000000
3745.000000,1705.000000,4181.000000,2062.000000
3982.000000,3546.000000,3981.000000,3584.000000
3444.000000,1192.000000,3297.000000,1404.000000
418.000000,3216.000000,747.000000,3403.000000
638.000000,2048.000000,518.000000,2068.000000
3870.000000,3615.000000,3713.000000,3641.000000
3297.000000,1404.000000,3529.000000,1618.000000
1640.000000,3751.000000,1689.000000,4036.000000
1984.000000,2546.000000,2134.000000,2774.000000
2947.000000,4585.000000,2953.000000,4744.000000
198.000000,2895.000000,377.000000,3115.000000
195.000000,4563.000000,214.000000,4800.000000
4365.000000,3481.000000,4120.000000,3677.000000
4365.000000,3481.000000,4312.000000,3639.000000
4229.000000,3227.000000,4216.000000,3429.000000
2741.000000,1715.000000,3007.000000,1788.000000
4034.000000,4092.000000,3895.000000,4245.000000
61.000000,2469.000000,398.000000,2828.000000
4703.000000,4026.000000,4620.000000,4155.000000
3074.000000,641.000000,3182.000000,906.000000
1072.000000,1942.000000,1272.000000,2186.000000
801.000000,524.000000,862.000000,766.000000
3911.000000,1452.000000,3529.000000,1618.000000
1242.000000,179.000000,1662.000000,437.000000
3401.000000,3136.000000,3705.000000,3185.000000
2713.000000,2531.000000,2402.000000,2853.000000
2295.000000,1212.000000,2212.000000,1415.000000
4525.000000,3166.000000,4216.000000,3429.000000
495.000000,2269.000000,902.000000,2619.000000
2582.000000,2120.000000,2716.000000,2293.000000
632.000000,673.000000,563.000000,912.000000
2084.000000,4317.000000,2378.000000,4437.000000
866.000000,3807.000000,988.000000,3847.000000
2430.000000,3568.000000,2327.000000,3751.000000
3112.000000,301.000000,3083.000000,438.000000
4577.000000,196.000000,4760.000000,228.000000
651.000000,3473.000000,531.000000,3765.000000
4580.000000,1317.000000,4890.000000,1408.000000
269.000000,815.000000,343.000000,886.000000
377.000000,3115.000000,418.000000,3216.000000
4615.000000,403.000000,4533.000000,930.000000
3598.000000,794.000000,3993.000000,937.000000
4244.000000,352.000000,4148.000000,687.000000
681.000000,2285.000000,743.000000,2338.000000
3367.000000,4866.000000,3891.000000,4871.000000
2165.000000,2632.000000,2268.000000,2718.000000
3074.000000,641.000000,2869.000000,1050.000000
1467.000000,1456.000000,1127.000000,1601.000000
77.000000,3643.000000,101.000000,3877.000000
3713.000000,3641.000000,3632.000000,3772.000000
1433.000000,3537.000000,1341.000000,3634.000000
3705.000000,3185.000000,3855.000000,3528.000000
1814.000000,4227.000000,1953.000000,4592.000000
3522.000000,1634.000000,3512.000000,1738.000000
4942.000000,329.000000,4929.000000,677.000000
4929.000000,677.000000,4605.000000,1215.000000
3721.000000,4521.000000,3497.000000,4660.000000
3529.000000,1618.000000,3512.000000,1738.000000
345.000000,775.000000,269.000000,815.000000
198.000000,2895.000000,460.000000,2919.000000
3538.000000,2099.000000,3442.000000,2386.000000
1201.000000,4537.000000,1047.000000,4572.000000
1271.000000,242.000000,1056.000000,280.000000
651.000000,3473.000000,984.000000,3573.000000
2438.000000,1095.000000,2664.000000,1325.000000
3442.000000,2386.000000,3447.000000,2529.000000
3675.000000,1942.000000,3576.000000,2090.000000
2206.000000,152.000000,1939.000000,347.000000
1133.000000,2076.000000,1255.000000,2217.000000
3297.000000,1404.000000,3089.000000,1687.000000
2405.000000,2270.000000,2716.000000,2293.000000
1009.000000,4068.000000,846.000000,4608.000000
3911.000000,329.000000,4113.000000,335.000000
531.000000,3765.000000,866.000000,3807.000000
1002.000000,735.000000,1024.000000,889.000000
2384.000000,4576.000000,2251.000000,4623.000000
554.000000,2110.000000,658.000000,2224.000000
3110.000000,1933.000000,3250.000000,2169.000000
3250.000000,2169.000000,3278.000000,2618.000000
3074.000000,641.000000,2743.000000,893.000000
3497.000000,4660.000000,2953.000000,4744.000000
1118.000000,4037.000000,1201.000000,4537.000000
3917.000000,415.000000,3993.000000,937.000000
3521.000000,3947.000000,3484.000000,4241.000000
2430.000000,3568.000000,2262.000000,3762.000000
2631.000000,4070.000000,2335.000000,4093.000000
1335.000000,3498.000000,1433.000000,3537.000000
722.000000,1104.000000,878.000000,1380.000000
4045.000000,3978.000000,4003.000000,4000.000000
2607.000000,3703.000000,2791.000000,3736.000000
2442.000000,416.000000,3083.000000,438.000000
4087.000000,1436.000000,3911.000000,1452.000000
437.000000,4435.000000,328.000000,4444.000000
982.000000,468.000000,1256.000000,497.000000
984.000000,3573.000000,866.000000,3807.000000
1056.000000,280.000000,982.000000,468.000000
1752.000000,4744.000000,1651.000000,4841.000000
2596.000000,1240.000000,2823.000000,1299.000000
3845.000000,188.000000,3911.000000,329.000000
831.000000,1189.000000,878.000000,1380.000000
391.000000,4143.000000,260.000000,4214.000000
4605.000000,1215.000000,4417.000000,1381.000000
4087.000000,1436.000000,4140.000000,1537.000000
2741.000000,1715.000000,2455.000000,1840.000000
2655.000000,860.000000,2640.000000,934.000000
1272.000000,2186.000000,1255.000000,2217.000000
2640.000000,934.000000,2793.000000,1191.000000
3576.000000,2090.000000,3538.000000,2099.000000
1242.000000,179.000000,1490.000000,476.000000
2116.000000,3881.000000,1795.000000,3991.000000
1272.000000,2186.000000,1499.000000,2195.000000
974.000000,2603.000000,1171.000000,2708.000000
3797.000000,1996.000000,3576.000000,2090.000000
4534.000000,4671.000000,4783.000000,4874.000000
3297.000000,1404.000000,3422.000000,1555.000000
584.000000,1369.000000,868.000000,1586.000000
2181.000000,2325.000000,2018.000000,2501.000000
3034.000000,2484.000000,2774.000000,2593.000000
1295.000000,2953.000000,1408.000000,3129.000000
1756.000000,1144.000000,2060.000000,1289.000000
2365.000000,2816.000000,2338.000000,2896.000000
2378.000000,4437.000000,2251.000000,4623.000000
2713.000000,2531.000000,2774.000000,2593.000000
3152.000000,572.000000,3226.000000,730.000000
3175.000000,1890.000000,3217.000000,1972.000000
2175.000000,822.000000,2220.000000,1001.000000
2998.000000,3969.000000,2784.000000,4265.000000
4045.000000,3978.000000,4034.000000,4092.000000
3089.000000,1687.000000,3395.000000,1688.000000
2264.000000,883.000000,2220.000000,1001.000000
372.000000,1417.000000,236.000000,1498.000000
4392.000000,1661.000000,4277.000000,1965.000000
2089.000000,3685.000000,2262.000000,3762.000000
1922.000000,2859.000000,1764.000000,3563.000000
436.000000,960.000000,584.000000,1369.000000
3981.000000,3584.000000,3870.000000,3615.000000
293.000000,3323.000000,602.000000,3548.000000
4264.000000,896.000000,3993.000000,937.000000
4447.000000,3595.000000,4566.000000,3749.000000
4140.000000,1537.000000,4243.000000,1867.000000
2910.000000,1242.000000,2823.000000,1299.000000
1242.000000,179.000000,1056.000000,280.000000
996.000000,2343.000000,1084.000000,2388.000000
1484.000000,3256.000000,1259.000000,3411.000000
4929.000000,1771.000000,4872.000000,2129.000000
1400.000000,3971.000000,1611.000000,4430.000000
3074.000000,641.000000,3154.000000,665.000000
4003.000000,4000.000000,3895.000000,4245.000000
3481.000000,93.000000,3729.000000,273.000000
167.000000,1788.000000,13.000000,2688.000000
4175.000000,4408.000000,3948.000000,4496.000000
1930.000000,1923.000000,2101.000000,2085.000000
4036.000000,3835.000000,4045.000000,3978.000000
2951.000000,1259.000000,2776.000000,1487.000000
699.000000,2880.000000,575.000000,3033.000000
1016.000000,109.000000,982.000000,468.000000
13.000000,528.000000,12.000000,3026.000000
1173.000000,880.000000,1613.000000,1131.000000
3855.000000,3528.000000,3713.000000,3641.000000
421.000000,3922.000000,260.000000,4214.000000
4853.000000,2742.000000,4343.000000,2926.000000
1300.000000,3273.000000,984.000000,3573.000000
3938.000000,2925.000000,3855.000000,3528.000000
2776.000000,1487.000000,3003.000000,1627.000000
499.000000,2044.000000,405.000000,2138.000000
1084.000000,2388.000000,974.000000,2603.000000
577.000000,213.000000,268.000000,346.000000
2268.000000,4794.000000,1912.000000,4878.000000
4361.000000,2614.000000,4169.000000,2709.000000
2041.000000,518.000000,2175.000000,822.000000
2884.000000,1177.000000,2823.000000,1299.000000
3737.000000,3112.000000,3705.000000,3185.000000
4365.000000,3481.000000,4884.000000,3532.000000
269.000000,1596.000000,167.000000,1788.000000
575.000000,3033.000000,984.000000,3573.000000
1259.000000,3411.000000,1335.000000,3498.000000
61.000000,2469.000000,13.000000,2688.000000
2402.000000,2853.000000,2645.000000,3196.000000
1133.000000,2076.000000,1272.000000,2186.000000
2212.000000,1415.000000,1467.000000,1456.000000
2232.000000,275.000000,2442.000000,416.000000
4169.000000,2709.000000,3938.000000,2925.000000
1747.000000,867.000000,2263.000000,1025.000000
418.000000,3216.000000,293.000000,3323.000000
1814.000000,4227.000000,2084.000000,4317.000000
2193.000000,2966.000000,2214.000000,2972.000000
4246.000000,3808.000000,4036.000000,3835.000000
743.000000,2338.000000,996.000000,2343.000000
4760.000000,228.000000,4644.000000,236.000000
3278.000000,2618.000000,3369.000000,2817.000000
3948.000000,4496.000000,3721.000000,4521.000000
3981.000000,3584.000000,4036.000000,3835.000000
167.000000,1788.000000,148.000000,2016.000000
4929.000000,677.000000,4927.000000,1603.000000
405.000000,2138.000000,658.000000,2224.000000
4675.000000,2346.000000,4778.000000,2349.000000
1884.000000,2770.000000,2134.000000,2774.000000
2365.000000,2816.000000,2402.000000,2853.000000
4228.000000,3974.000000,4045.000000,3978.000000
3110.000000,1933.000000,3041.000000,2133.000000
1719.000000,2561.000000,1804.000000,2779.000000
1479.000000,2387.000000,1719.000000,2561.000000
1400.000000,3971.000000,1689.000000,4036.000000
1176.000000,2403.000000,1453.000000,2622.000000
4853.000000,2742.000000,4756.000000,3232.000000
518.000000,2068.000000,554.000000,2110.000000
2232.000000,275.000000,2356.000000,410.000000
3401.000000,3136.000000,3299.000000,3319.000000
3797.000000,1996.000000,3962.000000,2153.000000
2953.000000,4744.000000,2686.000000,4802.000000
3118.000000,4045.000000,2923.000000,4333.000000
2104.000000,3418.000000,2262.000000,3762.000000
583.000000,6.000000,29.000000,98.000000
4365.000000,3481.000000,4325.000000,3594.000000
1438.000000,2733.000000,1922.000000,2859.000000
2780.000000,4047.000000,2784.000000,4265.000000
3497.000000,4660.000000,3891.000000,4871.000000
4304.000000,3976.000000,4431.000000,4247.000000
151.000000,3741.000000,421.000000,3922.000000
3820.000000,2705.000000,3737.000000,3112.000000
2162.000000,4677.000000,2268.000000,4794.000000
3721.000000,4521.000000,2997.000000,4593.000000
2614.000000,3786.000000,2631.000000,4070.000000
3760.000000,2551.000000,4169.000000,2709.000000
2268.000000,4794.000000,2686.000000,4802.000000
3441.000000,3100.000000,3045.000000,3307.000000
2672.000000,3227.000000,2962.000000,3331.000000
437.000000,4435.000000,784.000000,4491.000000
2057.000000,471.000000,2353.000000,578.000000
4675.000000,2346.000000,4361.000000,2614.000000
2962.000000,3331.000000,2607.000000,3703.000000
71.000000,1305.000000,236.000000,1498.000000
1400.000000,3971.000000,1201.000000,4537.000000
2850.000000,3697.000000,2779.000000,3897.000000
3003.000000,1627.000000,3089.000000,1687.000000
2087.000000,1210.000000,2060.000000,1289.000000
2402.000000,2853.000000,2338.000000,2896.000000
13.000000,528.000000,13.000000,2688.000000
2850.000000,3697.000000,2936.000000,3942.000000
4113.000000,335.000000,3917.000000,415.000000
1752.000000,4744.000000,1943.000000,4770.000000
437.000000,2237.000000,495.000000,2269.000000
13.000000,2688.000000,32.000000,2884.000000
4787.000000,2165.000000,4675.000000,2346.000000
584.000000,1369.000000,269.000000,1596.000000
4184.000000,1787.000000,4243.000000,1867.000000
1830.000000,2107.000000,1984.000000,2546.000000
3152.000000,572.000000,3154.000000,665.000000
12.000000,3026.000000,79.000000,3361.000000
12.000000,3026.000000,47.000000,4867.000000
638.000000,2048.000000,554.000000,2110.000000
3475.000000,3579.000000,3687.000000,3625.000000
2764.000000,2429.000000,2774.000000,2593.000000
1953.000000,4592.000000,2251.000000,4623.000000
2649.000000,61.000000,2442.000000,416.000000
360.000000,4664.000000,332.000000,4800.000000
2649.000000,61.000000,4223.000000,77.000000
1056.000000,280.000000,1256.000000,497.000000
2959.000000,2404.000000,3278.000000,2618.000000
3481.000000,93.000000,3845.000000,188.000000
1775.000000,4433.000000,1639.000000,4435.000000
77.000000,3643.000000,151.000000,3741.000000
4418.000000,1584.000000,4277.000000,1965.000000
4601.000000,3942.000000,4703.000000,4026.000000
2649.000000,61.000000,2206.000000,152.000000
2593.000000,3382.000000,2400.000000,3392.000000
4216.000000,3429.000000,3982.000000,3546.000000
421.000000,1989.000000,499.000000,2044.000000
2664.000000,1325.000000,2776.000000,1487.000000
2052.000000,4096.000000,1814.000000,4227.000000
4343.000000,2926.000000,4021.000000,3360.000000
3404.000000,4009.000000,3484.000000,4241.000000
2116.000000,3881.000000,2052.000000,4096.000000
2444.000000,1924.000000,2484.000000,2037.000000
1084.000000,2388.000000,1013.000000,2425.000000
2212.000000,1415.000000,1072.000000,1942.000000
2212.000000,1415.000000,2504.000000,1486.000000
4246.000000,3808.000000,4228.000000,3974.000000
1719.000000,2561.000000,1607.000000,2725.000000
1072.000000,1942.000000,849.000000,2072.000000
4169.000000,2709.000000,4343.000000,2926.000000
3895.000000,4245.000000,3948.000000,4496.000000
343.000000,886.000000,436.000000,960.000000
3895.000000,4245.000000,3882.000000,4457.000000
3824.000000,1038.000000,3967.000000,1365.000000
1680.000000,1182.000000,2212.000000,1415.000000
4739.000000,1905.000000,4787.000000,2165.000000
269.000000,815.000000,436.000000,960.000000
2251.000000,4623.000000,1943.000000,4770.000000
47.000000,4867.000000,329.000000,4897.000000
4580.000000,1317.000000,4638.000000,1735.000000
1009.000000,4209.000000,1038.000000,4382.000000
4223.000000,77.000000,4487.000000,85.000000
3045.000000,3307.000000,3018.000000,3843.000000
2784.000000,4265.000000,2384.000000,4576.000000
3089.000000,1687.000000,3007.000000,1788.000000
1607.000000,2725.000000,1438.000000,2733.000000
3493.000000,1859.000000,3175.000000,1890.000000
263.000000,2476.000000,398.000000,2828.000000
3512.000000,1738.000000,3493.000000,1859.000000
1764.000000,3563.000000,1800.000000,3732.000000
495.000000,2269.000000,681.000000,2285.000000
4816.000000,3752.000000,4943.000000,3915.000000
4036.000000,3835.000000,3634.000000,3914.000000
866.000000,3807.000000,778.000000,4048.000000
3497.000000,4660.000000,3367.000000,4866.000000
1795.000000,3991.000000,1689.000000,4036.000000
1223.000000,4704.000000,1224.000000,4912.000000
1173.000000,880.000000,1024.000000,889.000000
3967.000000,1365.000000,4087.000000,1436.000000
2018.000000,2501.000000,2229.000000,2542.000000
1586.000000,3580.000000,1400.000000,3971.000000
846.000000,4608.000000,676.000000,4765.000000
3554.000000,816.000000,3182.000000,906.000000
4148.000000,687.000000,4278.000000,809.000000
4120.000000,3677.000000,4036.000000,3835.000000
3003.000000,1627.000000,2938.000000,1667.000000
1173.000000,880.000000,831.000000,1189.000000
3200.000000,1111.000000,3297.000000,1404.000000
3948.000000,4496.000000,3941.000000,4650.000000
868.000000,1586.000000,269.000000,1596.000000
4036.000000,3835.000000,3714.000000,4190.000000
4447.000000,3595.000000,4601.000000,3942.000000
4580.000000,1317.000000,4418.000000,1584.000000
1009.000000,4068.000000,784.000000,4491.000000
3299.000000,3319.000000,3482.000000,3660.000000
3661.000000,1188.000000,3725.000000,1417.000000
3965.000000,4831.000000,3891.000000,4871.000000
3441.000000,3100.000000,3401.000000,3136.000000
4884.000000,3532.000000,4566.000000,3749.000000
1255.000000,2217.000000,996.000000,2343.000000
996.000000,2343.000000,1013.000000,2425.000000
3465.000000,360.000000,3152.000000,572.000000
2779.000000,3897.000000,2998.000000,3969.000000
2348.000000,3815.000000,2116.000000,3881.000000
2193.000000,2966.000000,2104.000000,3418.000000
988.000000,3847.000000,1118.000000,4037.000000
2214.000000,2972.000000,2104.000000,3418.000000
2923.000000,4333.000000,2947.000000,4585.000000
575.000000,3033.000000,747.000000,3403.000000
1084.000000,2388.000000,1171.000000,2708.000000
4365.000000,3481.000000,4246.000000,3808.000000
3475.000000,3579.000000,3482.000000,3660.000000
2154.000000,1701.000000,2455.000000,1840.000000
3297.000000,1404.000000,3003.000000,1627.000000
878.000000,1380.000000,1038.000000,1397.000000
4601.000000,3942.000000,4620.000000,4155.000000
1651.000000,4841.000000,1224.000000,4912.000000
2819.000000,2758.000000,3369.000000,2817.000000
1639.000000,4435.000000,1752.000000,4744.000000
3962.000000,2153.000000,4169.000000,2709.000000
3041.000000,2133.000000,2881.000000,2307.000000
4783.000000,4874.000000,4568.000000,4919.000000
3725.000000,1417.000000,3529.000000,1618.000000
1651.000000,4841.000000,1912.000000,4878.000000
3083.000000,438.000000,3074.000000,641.000000
3962.000000,2153.000000,3442.000000,2386.000000
4566.000000,3211.000000,4365.000000,3481.000000
2446.000000,159.000000,2232.000000,275.000000
3659.000000,2816.000000,3737.000000,3112.000000
3726.000000,3531.000000,3713.000000,3641.000000
1884.000000,2770.000000,1922.000000,2859.000000
3404.000000,4009.000000,3118.000000,4045.000000
332.000000,4800.000000,329.000000,4897.000000
2784.000000,4265.000000,2686.000000,4802.000000
2444.000000,1924.000000,2101.000000,2085.000000
4175.000000,4408.000000,4472.000000,4789.000000
2997.000000,4403.000000,2997.000000,4593.000000
2953.000000,4744.000000,3367.000000,4866.000000
328.000000,4444.000000,520.000000,4568.000000
1072.000000,1942.000000,1006.000000,2144.000000
4087.000000,1436.000000,4092.000000,1637.000000
3574.000000,3926.000000,3519.000000,3937.000000
849.000000,2072.000000,870.000000,2111.000000
2455.000000,1840.000000,2732.000000,1942.000000
2947.000000,4585.000000,2997.000000,4593.000000
1201.000000,4537.000000,1266.000000,4702.000000
784.000000,4491.000000,660.000000,4729.000000
4244.000000,352.000000,3917.000000,415.000000
1613.000000,1131.000000,1680.000000,1182.000000
4929.000000,677.000000,4533.000000,930.000000
1922.000000,2859.000000,2104.000000,3418.000000
1201.000000,4537.000000,1065.000000,4598.000000
1084.000000,2388.000000,988.000000,2559.000000
583.000000,6.000000,2649.000000,61.000000
4418.000000,1584.000000,4243.000000,1867.000000
2793.000000,1191.000000,2823.000000,1299.000000
3441.000000,3100.000000,3705.000000,3185.000000
4778.000000,2349.000000,4828.000000,2610.000000
2784.000000,4265.000000,2378.000000,4437.000000
1408.000000,3129.000000,1300.000000,3273.000000
2356.000000,410.000000,2442.000000,416.000000
4246.000000,3808.000000,4045.000000,3978.000000
4425.000000,415.000000,4334.000000,623.000000
2791.000000,3736.000000,2673.000000,3926.000000
260.000000,4214.000000,437.000000,4435.000000
4638.000000,1735.000000,4879.000000,1847.000000
651.000000,3473.000000,866.000000,3807.000000
3729.000000,273.000000,3911.000000,329.000000
651.000000,3473.000000,602.000000,3548.000000
3182.000000,906.000000,3200.000000,1111.000000
3895.000000,4245.000000,3721.000000,4521.000000
4417.000000,1381.000000,4087.000000,1436.000000
4721.000000,3097.000000,4525.000000,3166.000000
61.000000,2469.000000,198.000000,2895.000000
2884.000000,1177.000000,2931.000000,1182.000000
3200.000000,1111.000000,2951.000000,1259.000000
1341.000000,3634.000000,988.000000,3847.000000
4533.000000,930.000000,4605.000000,1215.000000
4620.000000,4155.000000,4959.000000,4596.000000
1984.000000,2546.000000,2165.000000,2632.000000
3713.000000,3641.000000,3634.000000,3914.000000
3920.000000,1900.000000,3928.000000,1976.000000
2869.000000,1050.000000,2884.000000,1177.000000
3554.000000,816.000000,3661.000000,1188.000000
398.000000,2828.000000,575.000000,3033.000000
1009.000000,4068.000000,437.000000,4435.000000
4799.000000,3633.000000,4816.000000,3752.000000
343.000000,886.000000,584.000000,1369.000000
1183.000000,3016.000000,984.000000,3573.000000
2686.000000,4802.000000,2848.000000,4890.000000
214.000000,4800.000000,329.000000,4897.000000
1912.000000,4878.000000,2659.000000,4971.000000
495.000000,2269.000000,263.000000,2476.000000
2645.000000,3196.000000,2593.000000,3382.000000
2593.000000,3382.000000,2427.000000,3522.000000
4175.000000,4408.000000,4473.000000,4665.000000
2976.000000,3906.000000,2998.000000,3969.000000
4343.000000,2926.000000,4229.000000,3227.000000
902.000000,2619.000000,699.000000,2880.000000
499.000000,2044.000000,518.000000,2068.000000
3733.000000,1041.000000,3967.000000,1365.000000
3367.000000,4866.000000,2848.000000,4890.000000
4334.000000,623.000000,4264.000000,896.000000
3226.000000,730.000000,3554.000000,816.000000
4859.000000,1622.000000,4638.000000,1735.000000
1499.000000,2195.000000,1479.000000,2387.000000
4163.000000,685.000000,4148.000000,687.000000
1680.000000,1182.000000,2060.000000,1289.000000
2504.000000,1486.000000,2455.000000,1840.000000
2723.000000,2104.000000,2716.000000,2293.000000
4894.000000,3525.000000,4923.000000,3591.000000
2713.000000,2531.000000,2819.000000,2758.000000
2931.000000,1182.000000,2951.000000,1259.000000
1795.000000,3991.000000,1814.000000,4227.000000
2337.000000,825.000000,2420.000000,941.000000
3659.000000,2816.000000,3441.000000,3100.000000
3465.000000,360.000000,3619.000000,573.000000
1438.000000,2733.000000,1334.000000,2792.000000
3546.000000,1254.000000,3297.000000,1404.000000
4304.000000,3976.000000,4620.000000,4155.000000
1256.000000,497.000000,1202.000000,612.000000
328.000000,4444.000000,195.000000,4563.000000
496.000000,1889.000000,638.000000,2048.000000
1438.000000,2733.000000,1408.000000,3129.000000
1484.000000,3256.000000,1764.000000,3563.000000
4105.000000,4178.000000,4175.000000,4408.000000
2104.000000,3418.000000,1764.000000,3563.000000
269.000000,815.000000,236.000000,1498.000000
67.000000,2461.000000,61.000000,2469.000000
1256.000000,497.000000,1037.000000,575.000000
4894.000000,2551.000000,4811.000000,3318.000000
2212.000000,1415.000000,2455.000000,1840.000000
3855.000000,3528.000000,3870.000000,3615.000000
693.000000,1048.000000,831.000000,1189.000000
1013.000000,2425.000000,974.000000,2603.000000
2134.000000,2774.000000,1922.000000,2859.000000
1752.000000,4744.000000,1912.000000,4878.000000
2791.000000,3736.000000,2614.000000,3786.000000
3519.000000,3937.000000,3404.000000,4009.000000
2232.000000,275.000000,1939.000000,347.000000
1719.000000,2561.000000,1453.000000,2622.000000
3529.000000,1618.000000,3745.000000,1705.000000
2938.000000,1667.000000,2741.000000,1715.000000
4566.000000,3211.000000,4216.000000,3429.000000
3484.000000,4241.000000,3721.000000,4521.000000
2338.000000,2896.000000,2214.000000,2972.000000
581.000000,4705.000000,676.000000,4765.000000
3481.000000,93.000000,3163.000000,186.000000
2869.000000,1050.000000,2931.000000,1182.000000
731.000000,254.000000,801.000000,524.000000
4343.000000,2926.000000,4721.000000,3097.000000
2716.000000,2293.000000,2713.000000,2531.000000
4246.000000,3808.000000,4304.000000,3976.000000
3661.000000,1188.000000,3967.000000,1365.000000
3018.000000,3843.000000,2998.000000,3969.000000
3481.000000,93.000000,3465.000000,360.000000
2101.000000,2085.000000,2582.000000,2120.000000
784.000000,4491.000000,520.000000,4568.000000
2640.000000,934.000000,2438.000000,1095.000000
2365.000000,2816.000000,2214.000000,2972.000000
4849.000000,4592.000000,4959.000000,4596.000000
2263.000000,1025.000000,1756.000000,1144.000000
2793.000000,1191.000000,2596.000000,1240.000000
3367.000000,4866.000000,4568.000000,4919.000000
4890.000000,1408.000000,4927.000000,1603.000000
1118.000000,4037.000000,1009.000000,4209.000000
3326.000000,1627.000000,3395.000000,1688.000000
2430.000000,3568.000000,2614.000000,3786.000000
3661.000000,1188.000000,3876.000000,1343.000000
3610.000000,202.000000,3729.000000,273.000000
4721.000000,3097.000000,4756.000000,3232.000000
1639.000000,4435.000000,1651.000000,4841.000000
2162.000000,4677.000000,1943.000000,4770.000000
581.000000,4705.000000,332.000000,4800.000000
2181.000000,2325.000000,2323.000000,2527.000000
3109.000000,1707.000000,3175.000000,1890.000000
2063.000000,885.000000,2220.000000,1001.000000
4566.000000,3211.000000,4884.000000,3532.000000
3855.000000,3528.000000,3726.000000,3531.000000
1611.000000,4430.000000,1639.000000,4435.000000
4644.000000,236.000000,4484.000000,362.000000
2089.000000,3685.000000,2116.000000,3881.000000
778.000000,4048.000000,1005.000000,4051.000000
1408.000000,3129.000000,1764.000000,3563.000000
1747.000000,867.000000,2220.000000,1001.000000
1771.000000,3827.000000,1795.000000,3991.000000
3598.000000,794.000000,3554.000000,816.000000
3576.000000,2090.000000,3962.000000,2153.000000
4472.000000,4789.000000,3891.000000,4871.000000
1065.000000,4598.000000,676.000000,4765.000000
2400.000000,3392.000000,2430.000000,3568.000000
1640.000000,3751.000000,1771.000000,3827.000000
1013.000000,2425.000000,988.000000,2559.000000
272.000000,4337.000000,328.000000,4444.000000
1038.000000,1397.000000,1127.000000,1601.000000
260.000000,4214.000000,328.000000,4444.000000
4929.000000,677.000000,4929.000000,1771.000000
4566.000000,3749.000000,4601.000000,3942.000000
2442.000000,416.000000,2655.000000,860.000000
4816.000000,3752.000000,4601.000000,3942.000000
329.000000,4897.000000,1224.000000,4912.000000
2848.000000,4890.000000,2659.000000,4971.000000
2645.000000,3196.000000,2672.000000,3227.000000
658.000000,2224.000000,743.000000,2338.000000
1639.000000,4435.000000,1266.000000,4702.000000
4472.000000,4789.000000,4568.000000,4919.000000
4811.000000,3318.000000,4884.000000,3532.000000
3018.000000,3843.000000,3118.000000,4045.000000
4778.000000,2349.000000,4361.000000,2614.000000
1680.000000,1182.000000,1467.000000,1456.000000
2264.000000,883.000000,2263.000000,1025.000000
1400.000000,3971.000000,1118.000000,4037.000000
676.000000,684.000000,761.000000,718.000000
2455.000000,1840.000000,2484.000000,2037.000000
4473.000000,4665.000000,4568.000000,4919.000000
563.000000,912.000000,693.000000,1048.000000
3444.000000,1192.000000,3546.000000,1254.000000
1689.000000,4036.000000,1814.000000,4227.000000
3182.000000,906.000000,2931.000000,1182.000000
4568.000000,4919.000000,2659.000000,4971.000000
1800.000000,3732.000000,2116.000000,3881.000000
4473.000000,4665.000000,4534.000000,4671.000000
13.000000,528.000000,269.000000,815.000000
3745.000000,1705.000000,3675.000000,1942.000000
632.000000,673.000000,676.000000,684.000000
421.000000,3922.000000,391.000000,4143.000000
4277.000000,1965.000000,4787.000000,2165.000000
1266.000000,4702.000000,1223.000000,4704.000000
518.000000,2068.000000,405.000000,2138.000000
1613.000000,1131.000000,1038.000000,1397.000000
1613.000000,1131.000000,1467.000000,1456.000000
1756.000000,1144.000000,2087.000000,1210.000000
4890.000000,1408.000000,4859.000000,1622.000000
982.000000,468.000000,801.000000,524.000000
1334.000000,2792.000000,1183.000000,3016.000000
4721.000000,3097.000000,4566.000000,3211.000000
577.000000,213.000000,801.000000,524.000000
2649.000000,61.000000,2446.000000,159.000000
1171.000000,2708.000000,995.000000,2837.000000
4447.000000,3595.000000,4246.000000,3808.000000
3687.000000,3625.000000,3713.000000,3641.000000
372.000000,1417.000000,269.000000,1596.000000
3529.000000,1618.000000,3522.000000,1634.000000
180.000000,76.000000,268.000000,346.000000
4418.000000,1584.000000,4392.000000,1661.000000
405.000000,2138.000000,437.000000,2237.000000
1943.000000,4770.000000,1912.000000,4878.000000
1974.000000,777.000000,2220.000000,1001.000000
722.000000,1104.000000,584.000000,1369.000000
195.000000,4563.000000,520.000000,4568.000000
112.000000,3428.000000,151.000000,3741.000000
1974.000000,777.000000,2175.000000,822.000000
3512.000000,1738.000000,3518.000000,1909.000000
3824.000000,1038.000000,3976.000000,1187.000000
148.000000,2016.000000,437.000000,2237.000000
4943.000000,3915.000000,4959.000000,4596.000000
583.000000,6.000000,577.000000,213.000000
3493.000000,1859.000000,3518.000000,1909.000000
4942.000000,329.000000,4615.000000,403.000000
1800.000000,3732.000000,1795.000000,3991.000000
148.000000,2016.000000,13.000000,2688.000000
2052.000000,4096.000000,2084.000000,4317.000000
2268.000000,1203.000000,2295.000000,1212.000000
2732.000000,1942.000000,2582.000000,2120.000000
2869.000000,1050.000000,2793.000000,1191.000000
3250.000000,2169.000000,2881.000000,2307.000000
2420.000000,941.000000,2263.000000,1025.000000
1922.000000,2859.000000,2193.000000,2966.000000
2779.000000,3897.000000,2673.000000,3926.000000
13.000000,528.000000,632.000000,673.000000
2673.000000,3926.000000,2631.000000,4070.000000
2251.000000,4623.000000,2368.000000,4732.000000
128.000000,3400.000000,112.000000,3428.000000
2251.000000,4623.000000,2162.000000,4677.000000
1433.000000,3537.000000,1764.000000,3563.000000
1084.000000,2388.000000,1176.000000,2403.000000
1984.000000,2546.000000,1719.000000,2561.000000
499.000000,2044.000000,378.000000,2129.000000
2262.000000,3762.000000,2116.000000,3881.000000
3882.000000,4457.000000,3948.000000,4496.000000
2323.000000,2527.000000,2339.000000,2560.000000
4092.000000,1637.000000,3745.000000,1705.000000
1953.000000,4592.000000,1752.000000,4744.000000
3820.000000,2705.000000,4169.000000,2709.000000
2614.000000,3786.000000,2348.000000,3815.000000
2268.000000,2718.000000,2214.000000,2773.000000
4003.000000,4000.000000,4034.000000,4092.000000
2881.000000,2307.000000,2764.000000,2429.000000
4828.000000,2610.000000,4853.000000,2742.000000
3118.000000,4045.000000,3484.000000,4241.000000
4760.000000,228.000000,4942.000000,329.000000
3619.000000,573.000000,3554.000000,816.000000
1183.000000,3016.000000,1408.000000,3129.000000
2884.000000,1177.000000,2793.000000,1191.000000
1301.000000,315.000000,1350.000000,521.000000
581.000000,4705.000000,660.000000,4729.000000
4343.000000,2926.000000,4216.000000,3429.000000
1072.000000,1942.000000,1133.000000,2076.000000
2056.000000,3657.000000,1800.000000,3732.000000
988.000000,3847.000000,1400.000000,3971.000000
2212.000000,1415.000000,2154.000000,1701.000000
3928.000000,1976.000000,4181.000000,2062.000000
79.000000,3361.000000,128.000000,3400.000000
1607.000000,2725.000000,1804.000000,2779.000000
4278.000000,809.000000,4264.000000,896.000000
638.000000,2048.000000,849.000000,2072.000000
1639.000000,4435.000000,1201.000000,4537.000000
650.000000,3495.000000,866.000000,3807.000000
4223.000000,77.000000,4244.000000,352.000000
531.000000,3765.000000,421.000000,3922.000000
1499.000000,2195.000000,1421.000000,2272.000000
3447.000000,2529.000000,3278.000000,2618.000000
4113.000000,335.000000,4244.000000,352.000000
3721.000000,4521.000000,3941.000000,4650.000000
554.000000,2110.000000,405.000000,2138.000000
12.000000,3026.000000,377.000000,3115.000000
2335.000000,4093.000000,2052.000000,4096.000000
4177.000000,4134.000000,4175.000000,4408.000000
1016.000000,109.000000,731.000000,254.000000
1127.000000,1601.000000,1072.000000,1942.000000
3784.000000,3679.000000,3634.000000,3914.000000
2819.000000,2758.000000,3045.000000,3307.000000
1421.000000,2272.000000,1176.000000,2403.000000
1119.000000,558.000000,1202.000000,612.000000
2455.000000,1840.000000,2582.000000,2120.000000
2335.000000,4093.000000,2084.000000,4317.000000
2947.000000,4585.000000,2686.000000,4802.000000
1479.000000,2387.000000,1453.000000,2622.000000
1586.000000,3580.000000,988.000000,3847.000000
2951.000000,1259.000000,3003.000000,1627.000000
3163.000000,186.000000,3152.000000,572.000000
4615.000000,403.000000,4748.000000,612.000000
4890.000000,1408.000000,4874.000000,1603.000000
2686.000000,4802.000000,2659.000000,4971.000000
3632.000000,3772.000000,3574.000000,3926.000000
2323.000000,2527.000000,2713.000000,2531.000000
4447.000000,3595.000000,4312.000000,3639.000000
1814.000000,4227.000000,1639.000000,4435.000000
3447.000000,2529.000000,3659.000000,2816.000000
3911.000000,1452.000000,3745.000000,1705.000000
67.000000,2461.000000,263.000000,2476.000000
3993.000000,937.000000,3976.000000,1187.000000
2214.000000,2773.000000,2134.000000,2774.000000
3911.000000,329.000000,3917.000000,415.000000
1183.000000,3016.000000,1300.000000,3273.000000
4181.000000,2062.000000,4169.000000,2709.000000
2614.000000,3786.000000,2673.000000,3926.000000
4244.000000,352.000000,4484.000000,362.000000
4943.000000,3915.000000,4870.000000,4056.000000
660.000000,4729.000000,676.000000,4765.000000
3745.000000,1705.000000,3512.000000,1738.000000
801.000000,524.000000,761.000000,718.000000
2732.000000,1942.000000,2723.000000,2104.000000
870.000000,2111.000000,1006.000000,2144.000000
1613.000000,1131.000000,1756.000000,1144.000000
3634.000000,3914.000000,3484.000000,4241.000000
693.000000,1048.000000,722.000000,1104.000000
195.000000,4563.000000,360.000000,4664.000000
405.000000,2138.000000,495.000000,2269.000000
4923.000000,3591.000000,4816.000000,3752.000000
1271.000000,242.000000,1256.000000,497.000000
1272.000000,2186.000000,1421.000000,2272.000000
3675.000000,1942.000000,3538.000000,2099.000000
269.000000,815.000000,584.000000,1369.000000
3745.000000,1705.000000,3797.000000,1996.000000
236.000000,1498.000000,167.000000,1788.000000
4580.000000,1317.000000,4417.000000,1381.000000
3074.000000,641.000000,3226.000000,730.000000
1002.000000,735.000000,1173.000000,880.000000
3018.000000,3843.000000,2936.000000,3942.000000
1745.000000,2407.000000,1719.000000,2561.000000
2263.000000,1025.000000,2438.000000,1095.000000
2339.000000,2560.000000,2268.000000,2718.000000
4566.000000,3211.000000,4811.000000,3318.000000
3163.000000,186.000000,3112.000000,301.000000
4605.000000,1215.000000,4580.000000,1317.000000
3870.000000,3615.000000,4036.000000,3835.000000
4117.000000,93.000000,3845.000000,188.000000
2997.000000,4403.000000,2947.000000,4585.000000
4675.000000,2346.000000,4169.000000,2709.000000
3729.000000,273.000000,3917.000000,415.000000
4021.000000,3360.000000,3855.000000,3528.000000
1830.000000,2107.000000,1745.000000,2407.000000
2664.000000,1325.000000,2504.000000,1486.000000
3482.000000,3660.000000,3574.000000,3926.000000
4894.000000,3525.000000,4884.000000,3532.000000
4872.000000,2129.000000,4918.000000,2287.000000
2206.000000,152.000000,1662.000000,437.000000
3941.000000,4650.000000,3891.000000,4871.000000
3554.000000,816.000000,3200.000000,1111.000000
3045.000000,3307.000000,2850.000000,3697.000000
2268.000000,4794.000000,2659.000000,4971.000000
1038.000000,1397.000000,1467.000000,1456.000000
4334.000000,623.000000,4533.000000,930.000000
2263.000000,1025.000000,2087.000000,1210.000000
2060.000000,1289.000000,2212.000000,1415.000000
12.000000,3026.000000,101.000000,3877.000000
12.000000,3026.000000,77.000000,3643.000000
4447.000000,3595.000000,4304.000000,3976.000000
4021.000000,3360.000000,3982.000000,3546.000000
1804.000000,2779.000000,1922.000000,2859.000000
4859.000000,1622.000000,4879.000000,1847.000000
496.000000,1889.000000,499.000000,2044.000000
2776.000000,1487.000000,2938.000000,1667.000000
2263.000000,1025.000000,2295.000000,1212.000000
2823.000000,1299.000000,2664.000000,1325.000000
3687.000000,3625.000000,3482.000000,3660.000000
2101.000000,2085.000000,2181.000000,2325.000000
632.000000,673.000000,761.000000,718.000000
2181.000000,2325.000000,2229.000000,2542.000000
651.000000,642.000000,632.000000,673.000000
3976.000000,1187.000000,3967.000000,1365.000000
4894.000000,2551.000000,4923.000000,3591.000000
1421.000000,2272.000000,1479.000000,2387.000000
195.000000,4563.000000,47.000000,4867.000000
3395.000000,1688.000000,3493.000000,1859.000000
982.000000,468.000000,1037.000000,575.000000
420.000000,4167.000000,260.000000,4214.000000
2910.000000,1242.000000,2951.000000,1259.000000
421.000000,1989.000000,148.000000,2016.000000
583.000000,6.000000,2206.000000,152.000000
2356.000000,410.000000,2353.000000,578.000000
1984.000000,2546.000000,1884.000000,2770.000000
3634.000000,3914.000000,3714.000000,4190.000000
2260.000000,2106.000000,2582.000000,2120.000000
1930.000000,1923.000000,1272.000000,2186.000000
1453.000000,2622.000000,1438.000000,2733.000000
4943.000000,3915.000000,4703.000000,4026.000000
3278.000000,2618.000000,3659.000000,2816.000000
345.000000,775.000000,436.000000,960.000000
4870.000000,4056.000000,4620.000000,4155.000000
4105.000000,4178.000000,3895.000000,4245.000000
2723.000000,2104.000000,2881.000000,2307.000000
801.000000,524.000000,1037.000000,575.000000
4601.000000,3942.000000,4304.000000,3976.000000
1118.000000,4037.000000,1038.000000,4382.000000
2263.000000,1025.000000,2268.000000,1203.000000
2384.000000,4576.000000,2686.000000,4802.000000
4879.000000,1847.000000,4739.000000,1905.000000
3518.000000,1909.000000,3675.000000,1942.000000
3380.000000,3263.000000,3726.000000,3531.000000
4228.000000,3974.000000,4304.000000,3976.000000
3938.000000,2925.000000,4021.000000,3360.000000
499.000000,2044.000000,638.000000,2048.000000
4278.000000,809.000000,3993.000000,937.000000
4799.000000,3633.000000,4566.000000,3749.000000
3938.000000,2925.000000,3737.000000,3112.000000
2041.000000,518.000000,1600.000000,563.000000
345.000000,775.000000,563.000000,912.000000
269.000000,815.000000,372.000000,1417.000000
3163.000000,186.000000,3465.000000,360.000000
1484.000000,3256.000000,1335.000000,3498.000000
4045.000000,3978.000000,4177.000000,4134.000000
2084.000000,4317.000000,1953.000000,4592.000000
846.000000,4608.000000,660.000000,4729.000000
4620.000000,4155.000000,4431.000000,4247.000000
1438.000000,2733.000000,1295.000000,2953.000000
2206.000000,152.000000,2446.000000,159.000000
495.000000,2269.000000,928.000000,2434.000000
1490.000000,476.000000,1600.000000,563.000000
2353.000000,578.000000,2175.000000,822.000000
866.000000,3807.000000,1005.000000,4051.000000
4890.000000,1408.000000,4638.000000,1735.000000
3917.000000,415.000000,3598.000000,794.000000
236.000000,1498.000000,269.000000,1596.000000
1922.000000,2859.000000,1408.000000,3129.000000
995.000000,2837.000000,575.000000,3033.000000
293.000000,3323.000000,128.000000,3400.000000
1662.000000,437.000000,1600.000000,563.000000
4872.000000,2129.000000,4778.000000,2349.000000
4644.000000,236.000000,4615.000000,403.000000
4525.000000,3166.000000,4566.000000,3211.000000
1037.000000,575.000000,1002.000000,735.000000
2214.000000,2972.000000,2645.000000,3196.000000
3941.000000,4650.000000,3891.000000,4825.000000
3367.000000,4866.000000,2659.000000,4971.000000
2405.000000,2270.000000,2323.000000,2527.000000
4894.000000,2551.000000,4828.000000,2610.000000
1301.000000,315.000000,1256.000000,497.000000
1662.000000,437.000000,1490.000000,476.000000
2959.000000,2404.000000,3034.000000,2484.000000
101.000000,3877.000000,47.000000,4867.000000
418.000000,3216.000000,79.000000,3361.000000
1421.000000,2272.000000,996.000000,2343.000000
2607.000000,3703.000000,2614.000000,3786.000000
29.000000,98.000000,268.000000,346.000000
4872.000000,2129.000000,4787.000000,2165.000000
4163.000000,685.000000,4278.000000,809.000000
3118.000000,4045.000000,2997.000000,4403.000000
1002.000000,735.000000,862.000000,766.000000
2484.000000,2037.000000,2582.000000,2120.000000
1256.000000,497.000000,1119.000000,558.000000
2959.000000,2404.000000,2774.000000,2593.000000
3493.000000,1859.000000,3250.000000,2169.000000
4228.000000,3974.000000,4177.000000,4134.000000
2356.000000,410.000000,2057.000000,471.000000
1830.000000,2107.000000,2181.000000,2325.000000
3401.000000,3136.000000,3380.000000,3263.000000
3380.000000,3263.000000,3299.000000,3319.000000
1350.000000,521.000000,1173.000000,880.000000
2649.000000,61.000000,3481.000000,93.000000
2430.000000,3568.000000,2348.000000,3815.000000
3380.000000,3263.000000,3482.000000,3660.000000
1484.000000,3256.000000,1433.000000,3537.000000
2175.000000,822.000000,2337.000000,825.000000
2400.000000,3392.000000,2427.000000,3522.000000
437.000000,2237.000000,67.000000,2461.000000
2229.000000,2542.000000,1984.000000,2546.000000
4417.000000,1381.000000,4140.000000,1537.000000
3109.000000,1707.000000,3007.000000,1788.000000
784.000000,4491.000000,846.000000,4608.000000
1118.000000,4037.000000,1005.000000,4051.000000
2400.000000,3392.000000,2104.000000,3418.000000
1271.000000,242.000000,1490.000000,476.000000
3911.000000,1452.000000,4092.000000,1637.000000
3045.000000,3307.000000,3299.000000,3319.000000
3083.000000,438.000000,3152.000000,572.000000
831.000000,1189.000000,1038.000000,1397.000000
2041.000000,518.000000,2353.000000,578.000000
3928.000000,1976.000000,3797.000000,1996.000000
2645.000000,3196.000000,2400.000000,3392.000000
1611.000000,4430.000000,1201.000000,4537.000000
3447.000000,2529.000000,3760.000000,2551.000000
3519.000000,3937.000000,3521.000000,3947.000000
651.000000,642.000000,676.000000,684.000000
4918.000000,2287.000000,4923.000000,3591.000000
2260.000000,2106.000000,2405.000000,2270.000000
1747.000000,867.000000,1756.000000,1144.000000
1016.000000,109.000000,2206.000000,152.000000
421.000000,3922.000000,420.000000,4167.000000
2931.000000,1182.000000,2910.000000,1242.000000
995.000000,2837.000000,699.000000,2880.000000
2206.000000,152.000000,2232.000000,275.000000
460.000000,2919.000000,575.000000,3033.000000
4615.000000,403.000000,4425.000000,415.000000
4487.000000,85.000000,4484.000000,362.000000
4929.000000,1771.000000,4879.000000,1847.000000
2997.000000,4593.000000,2953.000000,4744.000000
3045.000000,3307.000000,2962.000000,3331.000000
1912.000000,4878.000000,1224.000000,4912.000000
1065.000000,4598.000000,846.000000,4608.000000
650.000000,3495.000000,531.000000,3765.000000
2446.000000,159.000000,2442.000000,416.000000
3592.000000,882.000000,3733.000000,1041.000000
268.000000,346.000000,651.000000,642.000000
4577.000000,196.000000,4484.000000,362.000000
3482.000000,3660.000000,3632.000000,3772.000000
4365.000000,3481.000000,4447.000000,3595.000000
3714.000000,4190.000000,3895.000000,4245.000000
180.000000,76.000000,577.000000,213.000000
2295.000000,1212.000000,2504.000000,1486.000000
743.000000,2338.000000,928.000000,2434.000000
3962.000000,2153.000000,3760.000000,2551.000000
778.000000,4048.000000,420.000000,4167.000000
3876.000000,1343.000000,3725.000000,1417.000000
1586.000000,3580.000000,1341.000000,3634.000000
1800.000000,3732.000000,1771.000000,3827.000000
1300.000000,3273.000000,1259.000000,3411.000000
2938.000000,1667.000000,3007.000000,1788.000000
1065.000000,4598.000000,1223.000000,4704.000000
4929.000000,1771.000000,4918.000000,2287.000000
4304.000000,3976.000000,4177.000000,4134.000000
2951.000000,1259.000000,3297.000000,1404.000000
638.000000,2048.000000,658.000000,2224.000000
148.000000,2016.000000,61.000000,2469.000000
2268.000000,1203.000000,2060.000000,1289.000000
4223.000000,77.000000,4113.000000,335.000000
3661.000000,1188.000000,3444.000000,1192.000000
3007.000000,1788.000000,3175.000000,1890.000000
584.000000,1369.000000,878.000000,1380.000000
4264.000000,896.000000,4605.000000,1215.000000
870.000000,2111.000000,658.000000,2224.000000
1747.000000,867.000000,2063.000000,885.000000
902.000000,2619.000000,398.000000,2828.000000
4277.000000,1965.000000,4181.000000,2062.000000
4739.000000,1905.000000,4872.000000,2129.000000
1047.000000,4572.000000,1065.000000,4598.000000
4120.000000,3677.000000,4246.000000,3808.000000
329.000000,4897.000000,2659.000000,4971.000000
2206.000000,152.000000,1242.000000,179.000000
2327.000000,3751.000000,2348.000000,3815.000000
2442.000000,416.000000,2337.000000,825.000000
4117.000000,93.000000,4113.000000,335.000000
4487.000000,85.000000,4760.000000,228.000000
1830.000000,2107.000000,1479.000000,2387.000000
3395.000000,1688.000000,3109.000000,1707.000000
3083.000000,438.000000,3154.000000,665.000000
1271.000000,242.000000,1301.000000,315.000000
2716.000000,2293.000000,2764.000000,2429.000000
3729.000000,273.000000,3465.000000,360.000000
3380.000000,3263.000000,3687.000000,3625.000000
3675.000000,1942.000000,3797.000000,1996.000000
3493.000000,1859.000000,3217.000000,1972.000000
4487.000000,85.000000,4577.000000,196.000000
2214.000000,2972.000000,2400.000000,3392.000000
3855.000000,3528.000000,3981.000000,3584.000000
1830.000000,2107.000000,1499.000000,2195.000000
4703.000000,4026.000000,4870.000000,4056.000000
2484.000000,2037.000000,2101.000000,2085.000000
3484.000000,4241.000000,2997.000000,4403.000000
1453.000000,2622.000000,1334.000000,2792.000000
2997.000000,4403.000000,3721.000000,4521.000000
1600.000000,563.000000,1613.000000,1131.000000
1600.000000,563.000000,1747.000000,867.000000
1438.000000,2733.000000,1804.000000,2779.000000
3993.000000,937.000000,4605.000000,1215.000000
3824.000000,1038.000000,3733.000000,1041.000000
3110.000000,1933.000000,2723.000000,2104.000000
1224.000000,4912.000000,2659.000000,4971.000000
2881.000000,2307.000000,3278.000000,2618.000000
3784.000000,3679.000000,4036.000000,3835.000000
1171.000000,2708.000000,1053.000000,2771.000000
3981.000000,3584.000000,4120.000000,3677.000000
4894.000000,2551.000000,4853.000000,2742.000000
849.000000,2072.000000,1006.000000,2144.000000
1009.000000,4209.000000,846.000000,4608.000000
4748.000000,612.000000,4929.000000,677.000000
32.000000,2884.000000,198.000000,2895.000000
2384.000000,4576.000000,2368.000000,4732.000000
1334.000000,2792.000000,1295.000000,2953.000000
1133.000000,2076.000000,996.000000,2343.000000
378.000000,2129.000000,405.000000,2138.000000
632.000000,673.000000,862.000000,766.000000
2427.000000,3522.000000,2430.000000,3568.000000
3993.000000,937.000000,3733.000000,1041.000000
722.000000,1104.000000,831.000000,1189.000000
398.000000,2828.000000,198.000000,2895.000000
1295.000000,2953.000000,1183.000000,3016.000000
418.000000,3216.000000,128.000000,3400.000000
2430.000000,3568.000000,2607.000000,3703.000000
2212.000000,1415.000000,1272.000000,2186.000000
1223.000000,4704.000000,676.000000,4765.000000
3200.000000,1111.000000,2931.000000,1182.000000
2640.000000,934.000000,2596.000000,1240.000000
3982.000000,3546.000000,4120.000000,3677.000000
575.000000,3033.000000,418.000000,3216.000000
1800.000000,3732.000000,1640.000000,3751.000000
3928.000000,1976.000000,3962.000000,2153.000000
531.000000,3765.000000,778.000000,4048.000000
1256.000000,497.000000,1350.000000,521.000000
3820.000000,2705.000000,3659.000000,2816.000000
3444.000000,1192.000000,3505.000000,1218.000000
3661.000000,1188.000000,3505.000000,1218.000000
3619.000000,573.000000,3226.000000,730.000000
2104.000000,3418.000000,2430.000000,3568.000000
1133.000000,2076.000000,1006.000000,2144.000000
1301.000000,315.000000,1490.000000,476.000000
2962.000000,3331.000000,2593.000000,3382.000000
3484.000000,4241.000000,3895.000000,4245.000000
4392.000000,1661.000000,4638.000000,1735.000000
2056.000000,3657.000000,2089.000000,3685.000000
4181.000000,2062.000000,4787.000000,2165.000000
2593.000000,3382.000000,2607.000000,3703.000000
4431.000000,4247.000000,4849.000000,4592.000000
2104.000000,3418.000000,2056.000000,3657.000000
2764.000000,2429.000000,2713.000000,2531.000000
583.000000,6.000000,180.000000,76.000000
4534.000000,4671.000000,4568.000000,4919.000000
2850.000000,3697.000000,2791.000000,3736.000000
2442.000000,416.000000,2743.000000,893.000000
1202.000000,612.000000,1173.000000,880.000000
928.000000,2434.000000,974.000000,2603.000000
2784.000000,4265.000000,2923.000000,4333.000000
1408.000000,3129.000000,1484.000000,3256.000000
1037.000000,575.000000,862.000000,766.000000
3993.000000,937.000000,3967.000000,1365.000000
4849.000000,4592.000000,4783.000000,4874.000000
2723.000000,2104.000000,2582.000000,2120.000000
2976.000000,3906.000000,2936.000000,3942.000000
4929.000000,1771.000000,4943.000000,3915.000000
2057.000000,471.000000,2041.000000,518.000000
4304.000000,3976.000000,4175.000000,4408.000000
4739.000000,1905.000000,4277.000000,1965.000000
1795.000000,3991.000000,2052.000000,4096.000000
1490.000000,476.000000,1350.000000,521.000000
3554.000000,816.000000,3592.000000,882.000000
3521.000000,3947.000000,3404.000000,4009.000000
4942.000000,329.000000,4748.000000,612.000000
747.000000,3403.000000,984.000000,3573.000000
632.000000,673.000000,345.000000,775.000000
4036.000000,3835.000000,4003.000000,4000.000000
2776.000000,1487.000000,2455.000000,1840.000000
4140.000000,1537.000000,4184.000000,1787.000000
4223.000000,77.000000,3481.000000,93.000000
4853.000000,2742.000000,4721.000000,3097.000000
3045.000000,3307.000000,3482.000000,3660.000000
437.000000,4435.000000,520.000000,4568.000000
3726.000000,3531.000000,3687.000000,3625.000000
496.000000,1889.000000,849.000000,2072.000000
3760.000000,2551.000000,3659.000000,2816.000000
4392.000000,1661.000000,4739.000000,1905.000000
2455.000000,1840.000000,2444.000000,1924.000000
878.000000,1380.000000,1127.000000,1601.000000
2823.000000,1299.000000,2776.000000,1487.000000
1006.000000,2144.000000,996.000000,2343.000000
4566.000000,3749.000000,4816.000000,3752.000000
4859.000000,1622.000000,4929.000000,1771.000000
2951.000000,1259.000000,2823.000000,1299.000000
2378.000000,4437.000000,2384.000000,4576.000000
2716.000000,2293.000000,2881.000000,2307.000000
2154.000000,1701.000000,2101.000000,2085.000000
3522.000000,1634.000000,3395.000000,1688.000000
2229.000000,2542.000000,2339.000000,2560.000000
3845.000000,188.000000,4113.000000,335.000000
651.000000,3473.000000,650.000000,3495.000000
3993.000000,937.000000,4087.000000,1436.000000
2923.000000,4333.000000,2997.000000,4403.000000
3993.000000,937.000000,3824.000000,1038.000000
2368.000000,4732.000000,2268.000000,4794.000000
878.000000,1380.000000,868.000000,1586.000000
1775.000000,4433.000000,1953.000000,4592.000000
996.000000,2343.000000,1176.000000,2403.000000
79.000000,3361.000000,77.000000,3643.000000
2649.000000,61.000000,3112.000000,301.000000
2455.000000,1840.000000,2101.000000,2085.000000
1038.000000,4382.000000,1047.000000,4572.000000
2819.000000,2758.000000,3441.000000,3100.000000
3610.000000,202.000000,3465.000000,360.000000
4184.000000,1787.000000,4181.000000,2062.000000
2260.000000,2106.000000,2181.000000,2325.000000
269.000000,1596.000000,496.000000,1889.000000
3721.000000,4521.000000,3891.000000,4825.000000
2582.000000,2120.000000,2405.000000,2270.000000
778.000000,4048.000000,1009.000000,4068.000000
3592.000000,882.000000,3661.000000,1188.000000
2850.000000,3697.000000,2607.000000,3703.000000
2162.000000,4677.000000,1912.000000,4878.000000
2631.000000,4070.000000,2378.000000,4437.000000
1745.000000,2407.000000,1984.000000,2546.000000
1974.000000,777.000000,2063.000000,885.000000
3200.000000,1111.000000,3444.000000,1192.000000
269.000000,815.000000,71.000000,1305.000000
2101.000000,2085.000000,1830.000000,2107.000000
3369.000000,2817.000000,3441.000000,3100.000000
167.000000,1788.000000,421.000000,1989.000000
3297.000000,1404.000000,3326.000000,1627.000000
3538.000000,2099.000000,3962.000000,2153.000000
731.000000,254.000000,982.000000,468.000000
2175.000000,822.000000,2264.000000,883.000000
868.000000,1586.000000,496.000000,1889.000000
3529.000000,1618.000000,3395.000000,1688.000000
2504.000000,1486.000000,2776.000000,1487.000000
260.000000,4214.000000,272.000000,4337.000000
2323.000000,2527.000000,2229.000000,2542.000000
602.000000,3548.000000,531.000000,3765.000000
4325.000000,3594.000000,4312.000000,3639.000000
3920.000000,1900.000000,4181.000000,2062.000000
2959.000000,2404.000000,2764.000000,2429.000000
12.000000,3026.000000,418.000000,3216.000000
761.000000,718.000000,862.000000,766.000000
3497.000000,4660.000000,3891.000000,4825.000000
514.000000,4855.000000,329.000000,4897.000000
460.000000,2919.000000,418.000000,3216.000000
1016.000000,109.000000,1242.000000,179.000000
2655.000000,860.000000,2438.000000,1095.000000
1173.000000,880.000000,1038.000000,1397.000000
3422.000000,1555.000000,3529.000000,1618.000000
4923.000000,3591.000000,4799.000000,3633.000000
2998.000000,3969.000000,2780.000000,4047.000000
2997.000000,4593.000000,3497.000000,4660.000000
4325.000000,3594.000000,4246.000000,3808.000000
1334.000000,2792.000000,995.000000,2837.000000
4894.000000,3525.000000,4799.000000,3633.000000
2614.000000,3786.000000,2116.000000,3881.000000
4605.000000,1215.000000,4087.000000,1436.000000
79.000000,3361.000000,151.000000,3741.000000
3962.000000,2153.000000,3447.000000,2529.000000
4874.000000,1603.000000,4859.000000,1622.000000
3083.000000,438.000000,2743.000000,893.000000
4484.000000,362.000000,4615.000000,403.000000
3941.000000,4650.000000,3965.000000,4831.000000
3713.000000,3641.000000,3784.000000,3679.000000
3482.000000,3660.000000,3404.000000,4009.000000
928.000000,2434.000000,902.000000,2619.000000
1484.000000,3256.000000,1300.000000,3273.000000
79.000000,3361.000000,112.000000,3428.000000
2655.000000,860.000000,2420.000000,941.000000
4334.000000,623.000000,4278.000000,809.000000
167.000000,1788.000000,496.000000,1889.000000
2268.000000,1203.000000,2087.000000,1210.000000
3855.000000,3528.000000,3982.000000,3546.000000
71.000000,1305.000000,13.000000,2688.000000
4244.000000,352.000000,4425.000000,415.000000
4334.000000,623.000000,4163.000000,685.000000
3634.000000,3914.000000,3574.000000,3926.000000
632.000000,673.000000,1024.000000,889.000000
1024.000000,889.000000,563.000000,912.000000
658.000000,2224.000000,495.000000,2269.000000
2723.000000,2104.000000,3041.000000,2133.000000
2232.000000,275.000000,2057.000000,471.000000
1884.000000,2770.000000,1804.000000,2779.000000
2884.000000,1177.000000,2910.000000,1242.000000
3441.000000,3100.000000,3737.000000,3112.000000
4484.000000,362.000000,4425.000000,415.000000
4870.000000,4056.000000,4959.000000,4596.000000
3760.000000,2551.000000,3820.000000,2705.000000
3041.000000,2133.000000,3250.000000,2169.000000
3876.000000,1343.000000,3967.000000,1365.000000
651.000000,642.000000,761.000000,718.000000
1586.000000,3580.000000,1640.000000,3751.000000
2998.000000,3969.000000,3118.000000,4045.000000
3505.000000,1218.000000,3546.000000,1254.000000
2165.000000,2632.000000,2134.000000,2774.000000
1350.000000,521.000000,1202.000000,612.000000
496.000000,1889.000000,421.000000,1989.000000
2427.000000,3522.000000,2607.000000,3703.000000
3920.000000,1900.000000,3797.000000,1996.000000
436.000000,960.000000,722.000000,1104.000000
3967.000000,1365.000000,3911.000000,1452.000000
3034.000000,2484.000000,3369.000000,2817.000000
1939.000000,347.000000,2041.000000,518.000000
4884.000000,3532.000000,4799.000000,3633.000000
1201.000000,4537.000000,1223.000000,4704.000000
902.000000,2619.000000,995.000000,2837.000000
421.000000,3922.000000,778.000000,4048.000000
391.000000,4143.000000,420.000000,4167.000000
420.000000,4167.000000,437.000000,4435.000000
3482.000000,3660.000000,3018.000000,3843.000000
2268.000000,2718.000000,2365.000000,2816.000000
2101.000000,2085.000000,2260.000000,2106.000000
2154.000000,1701.000000,1930.000000,1923.000000
1009.000000,4068.000000,1009.000000,4209.000000
1764.000000,3563.000000,1586.000000,3580.000000
2229.000000,2542.000000,2165.000000,2632.000000
2056.000000,3657.000000,2262.000000,3762.000000
581.000000,4705.000000,514.000000,4855.000000
2819.000000,2758.000000,2645.000000,3196.000000
1038.000000,4382.000000,1201.000000,4537.000000
112.000000,3428.000000,602.000000,3548.000000
148.000000,2016.000000,378.000000,2129.000000
4811.000000,3318.000000,4923.000000,3591.000000
577.000000,213.000000,731.000000,254.000000
638.000000,2048.000000,870.000000,2111.000000
1771.000000,3827.000000,1689.000000,4036.000000
4927.000000,1603.000000,4929.000000,1771.000000
4361.000000,2614.000000,4343.000000,2926.000000
2116.000000,3881.000000,2335.000000,4093.000000
2368.000000,4732.000000,2686.000000,4802.000000
4927.000000,1603.000000,4859.000000,1622.000000
2337.000000,825.000000,2655.000000,860.000000
4244.000000,352.000000,4334.000000,623.000000
3891.000000,4871.000000,4568.000000,4919.000000
1024.000000,889.000000,831.000000,1189.000000
2214.000000,2773.000000,2214.000000,2972.000000
4473.000000,4665.000000,4472.000000,4789.000000
4181.000000,2062.000000,3962.000000,2153.000000
2936.000000,3942.000000,2998.000000,3969.000000
2645.000000,3196.000000,3045.000000,3307.000000
862.000000,766.000000,1024.000000,889.000000
360.000000,4664.000000,581.000000,4705.000000
577.000000,213.000000,651.000000,642.000000
148.000000,2016.000000,67.000000,2461.000000
4778.000000,2349.000000,4853.000000,2742.000000
4778.000000,2349.000000,4894.000000,2551.000000
583.000000,6.000000,731.000000,254.000000
4223.000000,77.000000,4484.000000,362.000000
584.000000,1369.000000,372.000000,1417.000000
3163.000000,186.000000,3083.000000,438.000000
868.000000,1586.000000,1127.000000,1601.000000
3154.000000,665.000000,3226.000000,730.000000
2779.000000,3897.000000,2936.000000,3942.000000
2327.000000,3751.000000,2262.000000,3762.000000
1974.000000,777.000000,1747.000000,867.000000
2405.000000,2270.000000,2181.000000,2325.000000
263.000000,2476.000000,902.000000,2619.000000
4092.000000,1637.000000,4181.000000,2062.000000
988.000000,3847.000000,1005.000000,4051.000000
3917.000000,415.000000,3619.000000,573.000000
2596.000000,1240.000000,2664.000000,1325.000000
2779.000000,3897.000000,2780.000000,4047.000000
2264.000000,883.000000,2420.000000,941.000000
3554.000000,816.000000,3444.000000,1192.000000
3512.000000,1738.000000,3506.000000,1789.000000
3745.000000,1705.000000,3920.000000,1900.000000
151.000000,3741.000000,101.000000,3877.000000
2791.000000,3736.000000,2779.000000,3897.000000
1223.000000,4704.000000,329.000000,4897.000000
3714.000000,4190.000000,3484.000000,4241.000000
1266.000000,4702.000000,1651.000000,4841.000000
2741.000000,1715.000000,2732.000000,1942.000000
4092.000000,1637.000000,4184.000000,1787.000000
583.000000,6.000000,4223.000000,77.000000
3481.000000,93.000000,4117.000000,93.000000
3713.000000,3641.000000,3482.000000,3660.000000
2084.000000,4317.000000,2251.000000,4623.000000
3380.000000,3263.000000,3475.000000,3579.000000
4417.000000,1381.000000,4418.000000,1584.000000
4334.000000,623.000000,4148.000000,687.000000
13.000000,528.000000,345.000000,775.000000
676.000000,4765.000000,514.000000,4855.000000
3442.000000,2386.000000,3278.000000,2618.000000
996.000000,2343.000000,928.000000,2434.000000
4343.000000,2926.000000,4525.000000,3166.000000
2938.000000,1667.000000,3089.000000,1687.000000
658.000000,2224.000000,681.000000,2285.000000
4811.000000,3318.000000,4894.000000,3525.000000
520.000000,4568.000000,360.000000,4664.000000
4748.000000,612.000000,4533.000000,930.000000
1467.000000,1456.000000,1072.000000,1942.000000
3876.000000,1343.000000,3911.000000,1452.000000
13.000000,528.000000,651.000000,642.000000
1479.000000,2387.000000,1745.000000,2407.000000
2438.000000,1095.000000,2295.000000,1212.000000
2631.000000,4070.000000,2784.000000,4265.000000
2614.000000,3786.000000,2335.000000,4093.000000
1640.000000,3751.000000,1400.000000,3971.000000
418.000000,3216.000000,651.000000,3473.000000
3110.000000,1933.000000,2732.000000,1942.000000
4923.000000,3591.000000,4943.000000,3915.000000
1084.000000,2388.000000,1453.000000,2622.000000
2649.000000,61.000000,3163.000000,186.000000
1953.000000,4592.000000,1943.000000,4770.000000
1118.000000,4037.000000,1009.000000,4068.000000
3018.000000,3843.000000,2976.000000,3906.000000
3118.000000,4045.000000,2784.000000,4265.000000
1764.000000,3563.000000,2056.000000,3657.000000
2056.000000,3657.000000,2116.000000,3881.000000
974.000000,2603.000000,1053.000000,2771.000000
3820.000000,2705.000000,3938.000000,2925.000000
4929.000000,677.000000,4890.000000,1408.000000
1756.000000,1144.000000,1680.000000,1182.000000
2339.000000,2560.000000,2365.000000,2816.000000
3422.000000,1555.000000,3326.000000,1627.000000
984.000000,3573.000000,988.000000,3847.000000
2850.000000,3697.000000,3018.000000,3843.000000
3632.000000,3772.000000,3634.000000,3914.000000
1005.000000,4051.000000,1009.000000,4068.000000
4184.000000,1787.000000,4277.000000,1965.000000
3882.000000,4457.000000,3721.000000,4521.000000
3745.000000,1705.000000,3518.000000,1909.000000
1047.000000,4572.000000,846.000000,4608.000000
151.000000,3741.000000,531.000000,3765.000000
2784.000000,4265.000000,2947.000000,4585.000000
1016.000000,109.000000,1056.000000,280.000000
421.000000,1989.000000,378.000000,2129.000000
29.000000,98.000000,13.000000,528.000000
583.000000,6.000000,1016.000000,109.000000
4243.000000,1867.000000,4277.000000,1965.000000
995.000000,2837.000000,1183.000000,3016.000000
3554.000000,816.000000,3733.000000,1041.000000
988.000000,2559.000000,974.000000,2603.000000
2337.000000,825.000000,2264.000000,883.000000
4580.000000,1317.000000,4392.000000,1661.000000
2134.000000,2774.000000,2214.000000,2972.000000
101.000000,3877.000000,272.000000,4337.000000
4884.000000,3532.000000,4447.000000,3595.000000
214.000000,4800.000000,332.000000,4800.000000
4942.000000,329.000000,4959.000000,4596.000000
2442.000000,416.000000,2353.000000,578.000000
3938.000000,2925.000000,3705.000000,3185.000000
3250.000000,2169.000000,3442.000000,2386.000000
2962.000000,3331.000000,2850.000000,3697.000000
2268.000000,2718.000000,2134.000000,2774.000000
101.000000,3877.000000,421.000000,3922.000000
71.000000,1305.000000,167.000000,1788.000000
3948.000000,4496.000000,3965.000000,4831.000000
1747.000000,867.000000,1613.000000,1131.000000
4431.000000,4247.000000,4175.000000,4408.000000
2338.000000,2896.000000,2645.000000,3196.000000
198.000000,2895.000000,12.000000,3026.000000
3034.000000,2484.000000,3278.000000,2618.000000
2339.000000,2560.000000,2402.000000,2853.000000
520.000000,4568.000000,660.000000,4729.000000
3481.000000,93.000000,3610.000000,202.000000
32.000000,2884.000000,12.000000,3026.000000
563.000000,912.000000,831.000000,1189.000000
1037.000000,575.000000,1173.000000,880.000000
1084.000000,2388.000000,1334.000000,2792.000000
4849.000000,4592.000000,4534.000000,4671.000000
1930.000000,1923.000000,1830.000000,2107.000000
2640.000000,934.000000,2869.000000,1050.000000
1350.000000,521.000000,1600.000000,563.000000
3661.000000,1188.000000,3546.000000,1254.000000
2229.000000,2542.000000,2268.000000,2718.000000
2713.000000,2531.000000,2339.000000,2560.000000
801.000000,524.000000,651.000000,642.000000
2041.000000,518.000000,1974.000000,777.000000
1689.000000,4036.000000,1611.000000,4430.000000
1183.000000,3016.000000,575.000000,3033.000000
2953.000000,4744.000000,2848.000000,4890.000000
3659.000000,2816.000000,3369.000000,2817.000000
2743.000000,893.000000,2640.000000,934.000000
195.000000,4563.000000,332.000000,4800.000000
1830.000000,2107.000000,1272.000000,2186.000000
2743.000000,893.000000,2869.000000,1050.000000
4894.000000,2551.000000,4756.000000,3232.000000
2776.000000,1487.000000,2741.000000,1715.000000
1453.000000,2622.000000,1607.000000,2725.000000
3152.000000,572.000000,3619.000000,573.000000
2780.000000,4047.000000,2631.000000,4070.000000
2881.000000,2307.000000,2959.000000,2404.000000
1764.000000,3563.000000,1640.000000,3751.000000
4849.000000,4592.000000,4473.000000,4665.000000
1119.000000,558.000000,1173.000000,880.000000
1053.000000,2771.000000,995.000000,2837.000000
272.000000,4337.000000,47.000000,4867.000000
2268.000000,2718.000000,2214.000000,2972.000000
3182.000000,906.000000,2869.000000,1050.000000
4431.000000,4247.000000,4473.000000,4665.000000
520.000000,4568.000000,581.000000,4705.000000
4216.000000,3429.000000,4365.000000,3481.000000
378.000000,2129.000000,437.000000,2237.000000
3546.000000,1254.000000,3529.000000,1618.000000
3619.000000,573.000000,3598.000000,794.000000
2420.000000,941.000000,2438.000000,1095.000000
3395.000000,1688.000000,3512.000000,1738.000000
3845.000000,188.000000,3729.000000,273.000000
13.000000,2688.000000,12.000000,3026.000000
4879.000000,1847.000000,4872.000000,2129.000000
1335.000000,3498.000000,984.000000,3573.000000
2220.000000,1001.000000,2263.000000,1025.000000
3938.000000,2925.000000,4343.000000,2926.000000
1814.000000,4227.000000,1611.000000,4430.000000
2353.000000,578.000000,2337.000000,825.000000
61.000000,2469.000000,32.000000,2884.000000
2134.000000,2774.000000,2193.000000,2966.000000
1600.000000,563.000000,1974.000000,777.000000
2438.000000,1095.000000,2596.000000,1240.000000
2672.000000,3227.000000,2593.000000,3382.000000
4244.000000,352.000000,3993.000000,937.000000
3705.000000,3185.000000,3726.000000,3531.000000
61.000000,2469.000000,263.000000,2476.000000
3725.000000,1417.000000,3911.000000,1452.000000
4615.000000,403.000000,4334.000000,623.000000
4105.000000,4178.000000,3948.000000,4496.000000
563.000000,912.000000,722.000000,1104.000000
268.000000,346.000000,13.000000,528.000000
1127.000000,1601.000000,849.000000,2072.000000
3733.000000,1041.000000,3661.000000,1188.000000
1479.000000,2387.000000,1176.000000,2403.000000
4140.000000,1537.000000,4418.000000,1584.000000
3089.000000,1687.000000,3109.000000,1707.000000
974.000000,2603.000000,902.000000,2619.000000
4756.000000,3232.000000,4811.000000,3318.000000
2716.000000,2293.000000,2323.000000,2527.000000
2262.000000,3762.000000,2348.000000,3815.000000
2672.000000,3227.000000,3045.000000,3307.000000
1242.000000,179.000000,1271.000000,242.000000
3395.000000,1688.000000,3175.000000,1890.000000
4577.000000,196.000000,4644.000000,236.000000
214.000000,4800.000000,47.000000,4867.000000
868.000000,1586.000000,849.000000,2072.000000
180.000000,76.000000,29.000000,98.000000
1939.000000,347.000000,2057.000000,471.000000
3112.000000,301.000000,2442.000000,416.000000
4638.000000,1735.000000,4739.000000,1905.000000
3546.000000,1254.000000,3725.000000,1417.000000
272.000000,4337.000000,195.000000,4563.000000
4959.000000,4596.000000,4783.000000,4874.000000
2212.000000,1415.000000,1930.000000,1923.000000
4942.000000,329.000000,4943.000000,3915.000000
460.000000,2919.000000,377.000000,3115.000000
4918.000000,2287.000000,4894.000000,2551.000000
4929.000000,1771.000000,4923.000000,3591.000000
747.000000,3403.000000,651.000000,3473.000000
4874.000000,1603.000000,4927.000000,1603.000000
1662.000000,437.000000,2041.000000,518.000000
495.000000,2269.000000,743.000000,2338.000000
101.000000,3877.000000,260.000000,4214.000000
1600.000000,563.000000,1173.000000,880.000000
3110.000000,1933.000000,3217.000000,1972.000000
3506.000000,1789.000000,3518.000000,1909.000000
1223.000000,4704.000000,514.000000,4855.000000
1335.000000,3498.000000,988.000000,3847.000000
2335.000000,4093.000000,2378.000000,4437.000000
4472.000000,4789.000000,3965.000000,4831.000000
2673.000000,3926.000000,2780.000000,4047.000000
2268.000000,1203.000000,2212.000000,1415.000000
1939.000000,347.000000,1662.000000,437.000000
2018.000000,2501.000000,1984.000000,2546.000000
2774.000000,2593.000000,2819.000000,2758.000000
2162.000000,4677.000000,2368.000000,4732.000000
4644.000000,236.000000,4942.000000,329.000000
4943.000000,3915.000000,4601.000000,3942.000000
398.000000,2828.000000,699.000000,2880.000000
4223.000000,77.000000,4117.000000,93.000000
293.000000,3323.000000,112.000000,3428.000000
4003.000000,4000.000000,3714.000000,4190.000000
4312.000000,3639.000000,4246.000000,3808.000000
902.000000,2619.000000,1053.000000,2771.000000
332.000000,4800.000000,514.000000,4855.000000
4566.000000,3211.000000,4756.000000,3232.000000
1719.000000,2561.000000,1884.000000,2770.000000
4140.000000,1537.000000,4092.000000,1637.000000
3506.000000,1789.000000,3493.000000,1859.000000
4034.000000,4092.000000,4177.000000,4134.000000
2295.000000,1212.000000,2664.000000,1325.000000
13.000000,528.000000,71.000000,1305.000000
2655.000000,860.000000,2743.000000,893.000000
4177.000000,4134.000000,4105.000000,4178.000000
4620.000000,4155.000000,4849.000000,4592.000000
1266.000000,4702.000000,1224.000000,4912.000000
3422.000000,1555.000000,3395.000000,1688.000000
870.000000,2111.000000,996.000000,2343.000000
1013.000000,2425.000000,928.000000,2434.000000
4787.000000,2165.000000,4169.000000,2709.000000
3538.000000,2099.000000,3250.000000,2169.000000
1009.000000,4209.000000,1047.000000,4572.000000
563.000000,912.000000,436.000000,960.000000
3493.000000,1859.000000,3538.000000,2099.000000
3518.000000,1909.000000,3538.000000,2099.000000
4216.000000,3429.000000,4120.000000,3677.000000
2819.000000,2758.000000,2402.000000,2853.000000
1814.000000,4227.000000,1775.000000,4433.000000
1433.000000,3537.000000,1586.000000,3580.000000
3007.000000,1788.000000,3110.000000,1933.000000
1335.000000,3498.000000,1341.000000,3634.000000
4918.000000,2287.000000,4778.000000,2349.000000
4942.000000,329.000000,4929.000000,1771.000000
3175.000000,1890.000000,3110.000000,1933.000000
398.000000,2828.000000,460.000000,2919.000000
3705.000000,3185.000000,3380.000000,3263.000000
3401.000000,3136.000000,3045.000000,3307.000000
870.000000,2111.000000,743.000000,2338.000000
4175.000000,4408.000000,3965.000000,4831.000000
4229.000000,3227.000000,4021.000000,3360.000000
3482.000000,3660.000000,3519.000000,3937.000000
4034.000000,4092.000000,4105.000000,4178.000000
3034.000000,2484.000000,2819.000000,2758.000000
4021.000000,3360.000000,4216.000000,3429.000000
3891.000000,4825.000000,3891.000000,4871.000000
