POINTS
3718.000000,6.000000
2920.000000,7.000000
2176.000000,67.000000
2002.000000,116.000000
3361.000000,117.000000
1352.000000,138.000000
2294.000000,138.000000
1285.000000,152.000000
2171.000000,187.000000
1895.000000,197.000000
1222.000000,202.000000
1824.000000,225.000000
443.000000,242.000000
16.000000,244.000000
1323.000000,251.000000
2919.000000,253.000000
2444.000000,254.000000
3465.000000,256.000000
4875.000000,258.000000
1497.000000,259.000000
887.000000,272.000000
2774.000000,276.000000
942.000000,289.000000
4383.000000,308.000000
2022.000000,319.000000
2251.000000,329.000000
3933.000000,329.000000
1395.000000,353.000000
3732.000000,370.000000
2642.000000,394.000000
3612.000000,397.000000
4142.000000,416.000000
3660.000000,420.000000
3191.000000,424.000000
484.000000,425.000000
3128.000000,454.000000
4227.000000,488.000000
2378.000000,504.000000
3335.000000,522.000000
3583.000000,535.000000
2270.000000,554.000000
349.000000,575.000000
297.000000,577.000000
2958.000000,580.000000
1818.000000,590.000000
1322.000000,592.000000
671.000000,595.000000
2079.000000,596.000000
3843.000000,597.000000
915.000000,598.000000
35.000000,607.000000
4202.000000,622.000000
1098.000000,623.000000
293.000000,631.000000
1059.000000,633.000000
2232.000000,635.000000
277.000000,640.000000
2108.000000,645.000000
4040.000000,648.000000
4534.000000,651.000000
3120.000000,663.000000
4193.000000,663.000000
566.000000,694.000000
3108.000000,701.000000
4128.000000,703.000000
1496.000000,704.000000
4274.000000,706.000000
2723.000000,710.000000
2835.000000,711.000000
206.000000,749.000000
4120.000000,752.000000
133.000000,756.000000
2015.000000,763.000000
2614.000000,769.000000
3372.000000,779.000000
2244.000000,781.000000
3035.000000,781.000000
2194.000000,788.000000
4129.000000,788.000000
4574.000000,796.000000
4282.000000,809.000000
1498.000000,812.000000
3040.000000,815.000000
2068.000000,847.000000
2479.000000,854.000000
3783.000000,866.000000
419.000000,867.000000
119.000000,876.000000
4534.000000,878.000000
3938.000000,889.000000
3298.000000,893.000000
2807.000000,897.000000
1039.000000,902.000000
3965.000000,914.000000
1437.000000,917.000000
4119.000000,921.000000
2840.000000,929.000000
3533.000000,929.000000
1259.000000,960.000000
1750.000000,962.000000
3711.000000,975.000000
4219.000000,975.000000
877.000000,986.000000
4665.000000,1007.000000
1070.000000,1036.000000
839.000000,1053.000000
43.000000,1072.000000
327.000000,1075.000000
3191.000000,1079.000000
1930.000000,1095.000000
2019.000000,1105.000000
2890.000000,1111.000000
1096.000000,1122.000000
453.000000,1128.000000
1500.000000,1134.000000
301.000000,1136.000000
3207.000000,1175.000000
3236.000000,1176.000000
1582.000000,1180.000000
4862.000000,1199.000000
482.000000,1200.000000
967.000000,1203.000000
91.000000,1206.000000
56.000000,1226.000000
621.000000,1238.000000
3993.000000,1238.000000
4382.000000,1286.000000
804.000000,1296.000000
2779.000000,1304.000000
3854.000000,1320.000000
2742.000000,1322.000000
1109.000000,1324.000000
2388.000000,1326.000000
864.000000,1327.000000
2154.000000,1329.000000
2112.000000,1355.000000
1955.000000,1376.000000
810.000000,1380.000000
478.000000,1387.000000
1729.000000,1387.000000
5016.000000,1400.000000
1547.000000,1405.000000
1604.000000,1407.000000
1647.000000,1407.000000
1636.000000,1415.000000
1451.000000,1427.000000
807.000000,1432.000000
1357.000000,1437.000000
1370.000000,1438.000000
1108.000000,1467.000000
1661.000000,1474.000000
2839.000000,1477.000000
4673.000000,1481.000000
4249.000000,1490.000000
1708.000000,1502.000000
3974.000000,1503.000000
4109.000000,1505.000000
2695.000000,1508.000000
2278.000000,1509.000000
1195.000000,1536.000000
284.000000,1542.000000
1679.000000,1559.000000
4517.000000,1574.000000
2139.000000,1585.000000
3711.000000,1588.000000
109.000000,1596.000000
3302.000000,1602.000000
517.000000,1617.000000
3469.000000,1620.000000
3036.000000,1622.000000
4214.000000,1627.000000
1193.000000,1633.000000
4975.000000,1654.000000
3176.000000,1655.000000
4306.000000,1681.000000
3835.000000,1682.000000
3318.000000,1701.000000
953.000000,1716.000000
165.000000,1720.000000
3877.000000,1758.000000
397.000000,1805.000000
3522.000000,1808.000000
746.000000,1814.000000
823.000000,1818.000000
4245.000000,1843.000000
3303.000000,1847.000000
361.000000,1860.000000
3307.000000,1861.000000
1757.000000,1873.000000
963.000000,1875.000000
4204.000000,1878.000000
1019.000000,1896.000000
2888.000000,1898.000000
2840.000000,1915.000000
170.000000,1916.000000
2110.000000,1930.000000
443.000000,1952.000000
841.000000,1962.000000
3185.000000,1964.000000
633.000000,1975.000000
2949.000000,1982.000000
2966.000000,1991.000000
957.000000,1992.000000
1684.000000,1997.000000
813.000000,2003.000000
3530.000000,2042.000000
230.000000,2043.000000
176.000000,2070.000000
4893.000000,2091.000000
377.000000,2099.000000
1720.000000,2107.000000
4233.000000,2138.000000
2733.000000,2144.000000
3020.000000,2159.000000
4738.000000,2160.000000
4826.000000,2161.000000
2006.000000,2163.000000
627.000000,2172.000000
622.000000,2181.000000
564.000000,2187.000000
314.000000,2274.000000
3656.000000,2275.000000
3610.000000,2276.000000
2658.000000,2279.000000
214.000000,2304.000000
651.000000,2322.000000
1174.000000,2326.000000
3056.000000,2326.000000
1381.000000,2331.000000
2826.000000,2337.000000
2430.000000,2339.000000
1026.000000,2348.000000
4287.000000,2354.000000
2481.000000,2360.000000
1869.000000,2361.000000
230.000000,2364.000000
2825.000000,2382.000000
4498.000000,2386.000000
1571.000000,2394.000000
4401.000000,2399.000000
1171.000000,2409.000000
3422.000000,2416.000000
3209.000000,2417.000000
2911.000000,2445.000000
995.000000,2447.000000
1636.000000,2457.000000
2.000000,2469.000000
4784.000000,2473.000000
865.000000,2474.000000
2423.000000,2493.000000
2921.000000,2500.000000
125.000000,2503.000000
1970.000000,2511.000000
3409.000000,2517.000000
359.000000,2520.000000
1336.000000,2532.000000
2835.000000,2546.000000
4298.000000,2546.000000
2097.000000,2562.000000
4533.000000,2568.000000
527.000000,2572.000000
313.000000,2583.000000
3740.000000,2606.000000
3110.000000,2617.000000
410.000000,2624.000000
1430.000000,2624.000000
1448.000000,2634.000000
57.000000,2664.000000
3359.000000,2673.000000
2919.000000,2681.000000
1186.000000,2692.000000
1365.000000,2696.000000
586.000000,2698.000000
2992.000000,2699.000000
3654.000000,2700.000000
1895.000000,2701.000000
955.000000,2704.000000
3053.000000,2715.000000
2047.000000,2719.000000
2752.000000,2731.000000
2477.000000,2735.000000
4346.000000,2753.000000
434.000000,2765.000000
3000.000000,2789.000000
123.000000,2805.000000
4991.000000,2807.000000
736.000000,2839.000000
57.000000,2845.000000
4548.000000,2848.000000
2602.000000,2853.000000
4747.000000,2857.000000
4682.000000,2861.000000
4268.000000,2880.000000
1003.000000,2889.000000
497.000000,2901.000000
4571.000000,2901.000000
4681.000000,2906.000000
1822.000000,2907.000000
4040.000000,2912.000000
4273.000000,2917.000000
3905.000000,2931.000000
92.000000,2932.000000
476.000000,2945.000000
2239.000000,2955.000000
325.000000,2958.000000
4866.000000,2961.000000
4427.000000,2986.000000
4577.000000,3003.000000
3662.000000,3023.000000
4609.000000,3025.000000
4895.000000,3038.000000
4107.000000,3042.000000
931.000000,3045.000000
980.000000,3047.000000
4925.000000,3051.000000
949.000000,3057.000000
3653.000000,3060.000000
4916.000000,3064.000000
2714.000000,3073.000000
2346.000000,3103.000000
4908.000000,3107.000000
456.000000,3117.000000
840.000000,3153.000000
4255.000000,3161.000000
2523.000000,3165.000000
1450.000000,3213.000000
2877.000000,3221.000000
1086.000000,3225.000000
1444.000000,3225.000000
3958.000000,3254.000000
3228.000000,3264.000000
3650.000000,3283.000000
1831.000000,3292.000000
3205.000000,3308.000000
3834.000000,3333.000000
1197.000000,3342.000000
3877.000000,3361.000000
423.000000,3375.000000
4519.000000,3390.000000
927.000000,3394.000000
2625.000000,3396.000000
464.000000,3402.000000
2004.000000,3417.000000
3637.000000,3424.000000
2846.000000,3435.000000
3274.000000,3478.000000
2801.000000,3486.000000
4973.000000,3496.000000
4878.000000,3515.000000
4648.000000,3541.000000
1189.000000,3544.000000
4347.000000,3563.000000
34.000000,3576.000000
4961.000000,3596.000000
1029.000000,3603.000000
4052.000000,3614.000000
2554.000000,3616.000000
4061.000000,3629.000000
2640.000000,3645.000000
3105.000000,3673.000000
1797.000000,3686.000000
2670.000000,3687.000000
2197.000000,3688.000000
1050.000000,3701.000000
4349.000000,3710.000000
3292.000000,3712.000000
3653.000000,3714.000000
2440.000000,3715.000000
3058.000000,3721.000000
3688.000000,3736.000000
3986.000000,3743.000000
2313.000000,3745.000000
2581.000000,3746.000000
1668.000000,3762.000000
988.000000,3764.000000
916.000000,3766.000000
489.000000,3778.000000
2596.000000,3780.000000
3918.000000,3789.000000
2982.000000,3807.000000
4894.000000,3809.000000
586.000000,3817.000000
1162.000000,3825.000000
204.000000,3838.000000
3211.000000,3845.000000
3983.000000,3845.000000
3571.000000,3847.000000
107.000000,3849.000000
3088.000000,3856.000000
4215.000000,3862.000000
5013.000000,3862.000000
3594.000000,3871.000000
97.000000,3874.000000
957.000000,3877.000000
3770.000000,3878.000000
2899.000000,3882.000000
2706.000000,3895.000000
4761.000000,3907.000000
1370.000000,3952.000000
3389.000000,3955.000000
3637.000000,3959.000000
3095.000000,3964.000000
1778.000000,3998.000000
3009.000000,4005.000000
818.000000,4066.000000
3490.000000,4070.000000
2156.000000,4086.000000
731.000000,4095.000000
3093.000000,4097.000000
1945.000000,4102.000000
1374.000000,4109.000000
1783.000000,4120.000000
1423.000000,4130.000000
2164.000000,4141.000000
3339.000000,4145.000000
3826.000000,4145.000000
3911.000000,4157.000000
819.000000,4164.000000
2190.000000,4170.000000
722.000000,4173.000000
2284.000000,4176.000000
1104.000000,4180.000000
2981.000000,4184.000000
3622.000000,4187.000000
1999.000000,4188.000000
4261.000000,4192.000000
4682.000000,4194.000000
3987.000000,4195.000000
4177.000000,4206.000000
1065.000000,4226.000000
1966.000000,4241.000000
2760.000000,4251.000000
1064.000000,4267.000000
1890.000000,4267.000000
4024.000000,4284.000000
2582.000000,4296.000000
1709.000000,4306.000000
2503.000000,4314.000000
2207.000000,4330.000000
2909.000000,4338.000000
4414.000000,4344.000000
891.000000,4363.000000
4616.000000,4390.000000
355.000000,4395.000000
4646.000000,4396.000000
4290.000000,4426.000000
2655.000000,4430.000000
3038.000000,4450.000000
2193.000000,4453.000000
3211.000000,4460.000000
4184.000000,4462.000000
865.000000,4473.000000
1668.000000,4490.000000
1735.000000,4504.000000
2627.000000,4513.000000
2753.000000,4525.000000
4838.000000,4526.000000
4206.000000,4529.000000
2995.000000,4544.000000
1062.000000,4553.000000
3405.000000,4588.000000
1984.000000,4598.000000
137.000000,4641.000000
3261.000000,4645.000000
93.000000,4662.000000
4974.000000,4667.000000
414.000000,4674.000000
895.000000,4675.000000
4576.000000,4693.000000
3049.000000,4695.000000
4432.000000,4700.000000
253.000000,4715.000000
3081.000000,4715.000000
3389.000000,4745.000000
3540.000000,4752.000000
4611.000000,4757.000000
1518.000000,4781.000000
1284.000000,4785.000000
3267.000000,4797.000000
785.000000,4804.000000
925.000000,4817.000000
189.000000,4821.000000
3529.000000,4827.000000
2363.000000,4831.000000
4665.000000,4846.000000
3262.000000,4874.000000
934.000000,4878.000000
981.000000,4899.000000
5019.000000,4904.000000
497.000000,4911.000000
1694.000000,4921.000000
2079.000000,4937.000000
3047.000000,4940.000000
3178.000000,4943.000000
1173.000000,4951.000000
3469.000000,4975.000000
4719.000000,4980.000000
1238.000000,4981.000000
1007.000000,4984.000000
2642.000000,4986.000000
2996.000000,4989.000000
994.000000,5000.000000
1929.000000,5027.000000
LINES
1062.000000,4553.000000,1518.000000,4781.000000
1189.000000,3544.000000,1162.000000,3825.000000
301.000000,1136.000000,482.000000,1200.000000
3783.000000,866.000000,3938.000000,889.000000
1423.000000,4130.000000,1668.000000,4490.000000
3594.000000,3871.000000,3637.000000,3959.000000
1336.000000,2532.000000,1430.000000,2624.000000
2840.000000,1915.000000,2658.000000,2279.000000
4202.000000,622.000000,4274.000000,706.000000
4382.000000,1286.000000,4109.000000,1505.000000
3656.000000,2275.000000,3610.000000,2276.000000
464.000000,3402.000000,107.000000,3849.000000
2670.000000,3687.000000,2706.000000,3895.000000
3093.000000,4097.000000,3211.000000,4460.000000
980.000000,3047.000000,1086.000000,3225.000000
1423.000000,4130.000000,1104.000000,4180.000000
3835.000000,1682.000000,3877.000000,1758.000000
2658.000000,2279.000000,2423.000000,2493.000000
1930.000000,1095.000000,1955.000000,1376.000000
1498.000000,812.000000,1750.000000,962.000000
4681.000000,2906.000000,4577.000000,3003.000000
4609.000000,3025.000000,4908.000000,3107.000000
3469.000000,1620.000000,3877.000000,1758.000000
4576.000000,4693.000000,4611.000000,4757.000000
4040.000000,2912.000000,3905.000000,2931.000000
1824.000000,225.000000,1496.000000,704.000000
3770.000000,3878.000000,3637.000000,3959.000000
2378.000000,504.000000,2270.000000,554.000000
2919.000000,253.000000,3120.000000,663.000000
2919.000000,2681.000000,2752.000000,2731.000000
4120.000000,752.000000,3938.000000,889.000000
840.000000,3153.000000,927.000000,3394.000000
2920.000000,7.000000,3361.000000,117.000000
4383.000000,308.000000,4534.000000,651.000000
3637.000000,3959.000000,3622.000000,4187.000000
2919.000000,253.000000,3191.000000,424.000000
564.000000,2187.000000,651.000000,2322.000000
988.000000,3764.000000,957.000000,3877.000000
125.000000,2503.000000,313.000000,2583.000000
671.000000,595.000000,915.000000,598.000000
3522.000000,1808.000000,3656.000000,2275.000000
1323.000000,251.000000,1497.000000,259.000000
2958.000000,580.000000,3035.000000,781.000000
3191.000000,424.000000,3583.000000,535.000000
2270.000000,554.000000,2108.000000,645.000000
109.000000,1596.000000,176.000000,2070.000000
949.000000,3057.000000,840.000000,3153.000000
4346.000000,2753.000000,4040.000000,2912.000000
3361.000000,117.000000,3465.000000,256.000000
2378.000000,504.000000,2244.000000,781.000000
4268.000000,2880.000000,4040.000000,2912.000000
3938.000000,889.000000,3965.000000,914.000000
2640.000000,3645.000000,2670.000000,3687.000000
736.000000,2839.000000,980.000000,3047.000000
410.000000,2624.000000,586.000000,2698.000000
2596.000000,3780.000000,2284.000000,4176.000000
4895.000000,3038.000000,4925.000000,3051.000000
1395.000000,353.000000,1322.000000,592.000000
2670.000000,3687.000000,3058.000000,3721.000000
2346.000000,3103.000000,2554.000000,3616.000000
3529.000000,4827.000000,3262.000000,4874.000000
4519.000000,3390.000000,4349.000000,3710.000000
4893.000000,2091.000000,4784.000000,2473.000000
957.000000,3877.000000,1370.000000,3952.000000
865.000000,2474.000000,527.000000,2572.000000
2190.000000,4170.000000,2193.000000,4453.000000
1668.000000,3762.000000,1783.000000,4120.000000
942.000000,289.000000,1098.000000,623.000000
2423.000000,2493.000000,2477.000000,2735.000000
1096.000000,1122.000000,1195.000000,1536.000000
3983.000000,3845.000000,3770.000000,3878.000000
2079.000000,596.000000,2015.000000,763.000000
3469.000000,4975.000000,4719.000000,4980.000000
3983.000000,3845.000000,3987.000000,4195.000000
4519.000000,3390.000000,4648.000000,3541.000000
3826.000000,4145.000000,3987.000000,4195.000000
204.000000,3838.000000,107.000000,3849.000000
2695.000000,1508.000000,2840.000000,1915.000000
2294.000000,138.000000,2444.000000,254.000000
4432.000000,4700.000000,4611.000000,4757.000000
3469.000000,4975.000000,2996.000000,4989.000000
3303.000000,1847.000000,3307.000000,1861.000000
895.000000,4675.000000,785.000000,4804.000000
1869.000000,2361.000000,1970.000000,2511.000000
1370.000000,3952.000000,1104.000000,4180.000000
176.000000,2070.000000,214.000000,2304.000000
1945.000000,4102.000000,1783.000000,4120.000000
2920.000000,7.000000,2294.000000,138.000000
934.000000,4878.000000,1007.000000,4984.000000
1395.000000,353.000000,1496.000000,704.000000
3958.000000,3254.000000,4052.000000,3614.000000
3583.000000,535.000000,3533.000000,929.000000
4061.000000,3629.000000,3986.000000,3743.000000
2378.000000,504.000000,2723.000000,710.000000
4261.000000,4192.000000,4290.000000,4426.000000
1448.000000,2634.000000,1822.000000,2907.000000
434.000000,2765.000000,123.000000,2805.000000
3058.000000,3721.000000,2982.000000,3807.000000
2640.000000,3645.000000,2596.000000,3780.000000
2176.000000,67.000000,16.000000,244.000000
916.000000,3766.000000,731.000000,4095.000000
34.000000,3576.000000,107.000000,3849.000000
4245.000000,1843.000000,4204.000000,1878.000000
1604.000000,1407.000000,1451.000000,1427.000000
3191.000000,424.000000,3128.000000,454.000000
3933.000000,329.000000,3732.000000,370.000000
1679.000000,1559.000000,1757.000000,1873.000000
497.000000,2901.000000,325.000000,2958.000000
3653.000000,3714.000000,3389.000000,3955.000000
3339.000000,4145.000000,3405.000000,4588.000000
3653.000000,3060.000000,3834.000000,3333.000000
2752.000000,2731.000000,3000.000000,2789.000000
1108.000000,1467.000000,953.000000,1716.000000
839.000000,1053.000000,453.000000,1128.000000
489.000000,3778.000000,204.000000,3838.000000
2430.000000,2339.000000,2423.000000,2493.000000
4052.000000,3614.000000,4061.000000,3629.000000
2839.000000,1477.000000,3036.000000,1622.000000
2958.000000,580.000000,2835.000000,711.000000
1109.000000,1324.000000,1195.000000,1536.000000
4673.000000,1481.000000,4893.000000,2091.000000
3610.000000,2276.000000,3422.000000,2416.000000
4548.000000,2848.000000,4427.000000,2986.000000
325.000000,2958.000000,456.000000,3117.000000
931.000000,3045.000000,980.000000,3047.000000
206.000000,749.000000,419.000000,867.000000
722.000000,4173.000000,891.000000,4363.000000
327.000000,1075.000000,91.000000,1206.000000
957.000000,3877.000000,818.000000,4066.000000
482.000000,1200.000000,284.000000,1542.000000
840.000000,3153.000000,1086.000000,3225.000000
3711.000000,975.000000,3993.000000,1238.000000
942.000000,289.000000,915.000000,598.000000
2919.000000,2681.000000,3000.000000,2789.000000
2582.000000,4296.000000,2655.000000,4430.000000
1668.000000,4490.000000,1518.000000,4781.000000
3571.000000,3847.000000,3389.000000,3955.000000
1104.000000,4180.000000,1065.000000,4226.000000
1285.000000,152.000000,443.000000,242.000000
1970.000000,2511.000000,2047.000000,2719.000000
1636.000000,2457.000000,1895.000000,2701.000000
4233.000000,2138.000000,3656.000000,2275.000000
927.000000,3394.000000,1189.000000,3544.000000
2742.000000,1322.000000,2695.000000,1508.000000
3843.000000,597.000000,4120.000000,752.000000
3389.000000,4745.000000,3267.000000,4797.000000
4024.000000,4284.000000,4184.000000,4462.000000
967.000000,1203.000000,621.000000,1238.000000
3637.000000,3424.000000,3653.000000,3714.000000
1824.000000,225.000000,1497.000000,259.000000
2826.000000,2337.000000,2911.000000,2445.000000
4107.000000,3042.000000,3958.000000,3254.000000
133.000000,756.000000,119.000000,876.000000
2503.000000,4314.000000,2627.000000,4513.000000
3359.000000,2673.000000,3662.000000,3023.000000
2244.000000,781.000000,2194.000000,788.000000
2022.000000,319.000000,2270.000000,554.000000
4245.000000,1843.000000,4287.000000,2354.000000
3035.000000,781.000000,3040.000000,815.000000
895.000000,4675.000000,1173.000000,4951.000000
4383.000000,308.000000,4227.000000,488.000000
359.000000,2520.000000,410.000000,2624.000000
3389.000000,4745.000000,3262.000000,4874.000000
4109.000000,1505.000000,4214.000000,1627.000000
35.000000,607.000000,277.000000,640.000000
2966.000000,1991.000000,3020.000000,2159.000000
2846.000000,3435.000000,3058.000000,3721.000000
2801.000000,3486.000000,2670.000000,3687.000000
621.000000,1238.000000,478.000000,1387.000000
355.000000,4395.000000,93.000000,4662.000000
955.000000,2704.000000,736.000000,2839.000000
4609.000000,3025.000000,4878.000000,3515.000000
1062.000000,4553.000000,1284.000000,4785.000000
1684.000000,1997.000000,1636.000000,2457.000000
313.000000,2583.000000,410.000000,2624.000000
3834.000000,3333.000000,3653.000000,3714.000000
5013.000000,3862.000000,4838.000000,4526.000000
627.000000,2172.000000,651.000000,2322.000000
4129.000000,788.000000,3938.000000,889.000000
2193.000000,4453.000000,1984.000000,4598.000000
1955.000000,1376.000000,1708.000000,1502.000000
1197.000000,3342.000000,1189.000000,3544.000000
35.000000,607.000000,43.000000,1072.000000
414.000000,4674.000000,785.000000,4804.000000
2244.000000,781.000000,2154.000000,1329.000000
2378.000000,504.000000,2479.000000,854.000000
4414.000000,4344.000000,4290.000000,4426.000000
1174.000000,2326.000000,1171.000000,2409.000000
2294.000000,138.000000,2171.000000,187.000000
3405.000000,4588.000000,3261.000000,4645.000000
1259.000000,960.000000,1096.000000,1122.000000
3540.000000,4752.000000,3529.000000,4827.000000
3711.000000,1588.000000,3469.000000,1620.000000
2996.000000,4989.000000,1929.000000,5027.000000
1086.000000,3225.000000,1197.000000,3342.000000
2523.000000,3165.000000,2877.000000,3221.000000
1822.000000,2907.000000,1831.000000,3292.000000
170.000000,1916.000000,176.000000,2070.000000
4214.000000,1627.000000,4306.000000,1681.000000
4427.000000,2986.000000,4255.000000,3161.000000
3654.000000,2700.000000,4040.000000,2912.000000
1668.000000,3762.000000,1370.000000,3952.000000
230.000000,2364.000000,125.000000,2503.000000
1450.000000,3213.000000,1197.000000,3342.000000
1783.000000,4120.000000,1709.000000,4306.000000
1895.000000,2701.000000,1822.000000,2907.000000
3261.000000,4645.000000,3389.000000,4745.000000
4349.000000,3710.000000,4761.000000,3907.000000
2840.000000,1915.000000,2949.000000,1982.000000
4577.000000,3003.000000,4255.000000,3161.000000
1895.000000,197.000000,1824.000000,225.000000
957.000000,1992.000000,1174.000000,2326.000000
3318.000000,1701.000000,3522.000000,1808.000000
1437.000000,917.000000,1582.000000,1180.000000
1050.000000,3701.000000,988.000000,3764.000000
489.000000,3778.000000,586.000000,3817.000000
840.000000,3153.000000,586.000000,3817.000000
2.000000,2469.000000,57.000000,2845.000000
2846.000000,3435.000000,2801.000000,3486.000000
314.000000,2274.000000,651.000000,2322.000000
489.000000,3778.000000,731.000000,4095.000000
1709.000000,4306.000000,1984.000000,4598.000000
4682.000000,2861.000000,4571.000000,2901.000000
2642.000000,394.000000,2958.000000,580.000000
314.000000,2274.000000,214.000000,2304.000000
123.000000,2805.000000,57.000000,2845.000000
3834.000000,3333.000000,3877.000000,3361.000000
1336.000000,2532.000000,1186.000000,2692.000000
3228.000000,3264.000000,3205.000000,3308.000000
3211.000000,4460.000000,3405.000000,4588.000000
895.000000,4675.000000,925.000000,4817.000000
1930.000000,1095.000000,1729.000000,1387.000000
3267.000000,4797.000000,3262.000000,4874.000000
3656.000000,2275.000000,3409.000000,2517.000000
4974.000000,4667.000000,4665.000000,4846.000000
810.000000,1380.000000,807.000000,1432.000000
3389.000000,3955.000000,3490.000000,4070.000000
957.000000,3877.000000,731.000000,4095.000000
2627.000000,4513.000000,2753.000000,4525.000000
1709.000000,4306.000000,1735.000000,4504.000000
1778.000000,3998.000000,2164.000000,4141.000000
746.000000,1814.000000,823.000000,1818.000000
230.000000,2364.000000,359.000000,2520.000000
3650.000000,3283.000000,3274.000000,3478.000000
2363.000000,4831.000000,1929.000000,5027.000000
2270.000000,554.000000,2232.000000,635.000000
3612.000000,397.000000,3191.000000,424.000000
2596.000000,3780.000000,2156.000000,4086.000000
4382.000000,1286.000000,4673.000000,1481.000000
2888.000000,1898.000000,2949.000000,1982.000000
3274.000000,3478.000000,3292.000000,3712.000000
3081.000000,4715.000000,3047.000000,4940.000000
4533.000000,2568.000000,4747.000000,2857.000000
3120.000000,663.000000,3108.000000,701.000000
93.000000,4662.000000,189.000000,4821.000000
1323.000000,251.000000,1395.000000,353.000000
1497.000000,259.000000,1496.000000,704.000000
2171.000000,187.000000,1895.000000,197.000000
4895.000000,3038.000000,4916.000000,3064.000000
109.000000,1596.000000,170.000000,1916.000000
57.000000,2664.000000,123.000000,2805.000000
2313.000000,3745.000000,1778.000000,3998.000000
1381.000000,2331.000000,1571.000000,2394.000000
1026.000000,2348.000000,1171.000000,2409.000000
1039.000000,902.000000,1096.000000,1122.000000
2658.000000,2279.000000,2825.000000,2382.000000
4991.000000,2807.000000,4747.000000,2857.000000
3209.000000,2417.000000,3053.000000,2715.000000
397.000000,1805.000000,361.000000,1860.000000
3302.000000,1602.000000,3318.000000,1701.000000
2378.000000,504.000000,2614.000000,769.000000
419.000000,867.000000,327.000000,1075.000000
2909.000000,4338.000000,2753.000000,4525.000000
891.000000,4363.000000,785.000000,4804.000000
4519.000000,3390.000000,4347.000000,3563.000000
566.000000,694.000000,1039.000000,902.000000
3339.000000,4145.000000,3211.000000,4460.000000
2981.000000,4184.000000,3211.000000,4460.000000
804.000000,1296.000000,864.000000,1327.000000
3958.000000,3254.000000,3877.000000,3361.000000
5016.000000,1400.000000,5019.000000,4904.000000
4991.000000,2807.000000,5013.000000,3862.000000
3465.000000,256.000000,3191.000000,424.000000
1174.000000,2326.000000,1026.000000,2348.000000
1238.000000,4981.000000,1929.000000,5027.000000
4961.000000,3596.000000,5013.000000,3862.000000
2554.000000,3616.000000,2581.000000,3746.000000
16.000000,244.000000,277.000000,640.000000
4347.000000,3563.000000,4052.000000,3614.000000
107.000000,3849.000000,97.000000,3874.000000
482.000000,1200.000000,56.000000,1226.000000
230.000000,2364.000000,2.000000,2469.000000
864.000000,1327.000000,1108.000000,1467.000000
4184.000000,4462.000000,4206.000000,4529.000000
3770.000000,3878.000000,3826.000000,4145.000000
4974.000000,4667.000000,5019.000000,4904.000000
865.000000,2474.000000,736.000000,2839.000000
2197.000000,3688.000000,2313.000000,3745.000000
887.000000,272.000000,915.000000,598.000000
4414.000000,4344.000000,4576.000000,4693.000000
4534.000000,878.000000,4862.000000,1199.000000
4878.000000,3515.000000,4648.000000,3541.000000
1195.000000,1536.000000,1193.000000,1633.000000
3093.000000,4097.000000,3339.000000,4145.000000
4290.000000,4426.000000,4206.000000,4529.000000
1831.000000,3292.000000,2004.000000,3417.000000
1423.000000,4130.000000,1709.000000,4306.000000
2197.000000,3688.000000,2440.000000,3715.000000
2193.000000,4453.000000,2627.000000,4513.000000
3020.000000,2159.000000,3056.000000,2326.000000
877.000000,986.000000,453.000000,1128.000000
4202.000000,622.000000,4534.000000,651.000000
2723.000000,710.000000,2835.000000,711.000000
1189.000000,3544.000000,1050.000000,3701.000000
3938.000000,889.000000,3711.000000,975.000000
2112.000000,1355.000000,2278.000000,1509.000000
2981.000000,4184.000000,3038.000000,4450.000000
4119.000000,921.000000,3993.000000,1238.000000
1930.000000,1095.000000,2154.000000,1329.000000
967.000000,1203.000000,804.000000,1296.000000
1604.000000,1407.000000,1679.000000,1559.000000
3093.000000,4097.000000,2981.000000,4184.000000
3422.000000,2416.000000,3209.000000,2417.000000
1547.000000,1405.000000,1451.000000,1427.000000
2890.000000,1111.000000,2839.000000,1477.000000
2190.000000,4170.000000,1999.000000,4188.000000
4120.000000,752.000000,4129.000000,788.000000
4249.000000,1490.000000,4109.000000,1505.000000
2239.000000,2955.000000,2523.000000,3165.000000
1661.000000,1474.000000,1708.000000,1502.000000
2982.000000,3807.000000,3211.000000,3845.000000
4052.000000,3614.000000,3918.000000,3789.000000
804.000000,1296.000000,810.000000,1380.000000
3088.000000,3856.000000,3009.000000,4005.000000
4107.000000,3042.000000,3834.000000,3333.000000
2801.000000,3486.000000,2640.000000,3645.000000
3191.000000,1079.000000,3207.000000,1175.000000
1059.000000,633.000000,1259.000000,960.000000
3359.000000,2673.000000,3053.000000,2715.000000
3292.000000,3712.000000,3389.000000,3955.000000
1729.000000,1387.000000,1647.000000,1407.000000
1797.000000,3686.000000,2313.000000,3745.000000
527.000000,2572.000000,410.000000,2624.000000
4024.000000,4284.000000,3469.000000,4975.000000
2640.000000,3645.000000,2581.000000,3746.000000
953.000000,1716.000000,746.000000,1814.000000
1370.000000,1438.000000,1195.000000,1536.000000
1374.000000,4109.000000,1423.000000,4130.000000
865.000000,4473.000000,785.000000,4804.000000
2921.000000,2500.000000,3053.000000,2715.000000
3688.000000,3736.000000,3918.000000,3789.000000
4738.000000,2160.000000,4784.000000,2473.000000
4052.000000,3614.000000,3986.000000,3743.000000
2004.000000,3417.000000,1797.000000,3686.000000
1062.000000,4553.000000,895.000000,4675.000000
4227.000000,488.000000,4202.000000,622.000000
3612.000000,397.000000,3583.000000,535.000000
2760.000000,4251.000000,2582.000000,4296.000000
2658.000000,2279.000000,2826.000000,2337.000000
1778.000000,3998.000000,1945.000000,4102.000000
2596.000000,3780.000000,2706.000000,3895.000000
2807.000000,897.000000,2840.000000,929.000000
1735.000000,4504.000000,1984.000000,4598.000000
2723.000000,710.000000,3040.000000,815.000000
1104.000000,4180.000000,1062.000000,4553.000000
1173.000000,4951.000000,1238.000000,4981.000000
2919.000000,253.000000,3128.000000,454.000000
2706.000000,3895.000000,3009.000000,4005.000000
2920.000000,7.000000,2176.000000,67.000000
3654.000000,2700.000000,3662.000000,3023.000000
4533.000000,2568.000000,4346.000000,2753.000000
3359.000000,2673.000000,3653.000000,3060.000000
137.000000,4641.000000,93.000000,4662.000000
2760.000000,4251.000000,2655.000000,4430.000000
2156.000000,4086.000000,2164.000000,4141.000000
443.000000,1952.000000,564.000000,2187.000000
2835.000000,2546.000000,2919.000000,2681.000000
4738.000000,2160.000000,4287.000000,2354.000000
2752.000000,2731.000000,2714.000000,3073.000000
453.000000,1128.000000,301.000000,1136.000000
823.000000,1818.000000,841.000000,1962.000000
4498.000000,2386.000000,4401.000000,2399.000000
841.000000,1962.000000,813.000000,2003.000000
3529.000000,4827.000000,3469.000000,4975.000000
3688.000000,3736.000000,3637.000000,3959.000000
1451.000000,1427.000000,1195.000000,1536.000000
4306.000000,1681.000000,4245.000000,1843.000000
3298.000000,893.000000,3533.000000,929.000000
4142.000000,416.000000,4040.000000,648.000000
4193.000000,663.000000,4274.000000,706.000000
2706.000000,3895.000000,2760.000000,4251.000000
1007.000000,4984.000000,994.000000,5000.000000
3211.000000,3845.000000,3389.000000,3955.000000
819.000000,4164.000000,1104.000000,4180.000000
651.000000,2322.000000,359.000000,2520.000000
2919.000000,2681.000000,2992.000000,2699.000000
3469.000000,4975.000000,1929.000000,5027.000000
3711.000000,1588.000000,3877.000000,1758.000000
1352.000000,138.000000,1497.000000,259.000000
4206.000000,4529.000000,4719.000000,4980.000000
2625.000000,3396.000000,2554.000000,3616.000000
1684.000000,1997.000000,1571.000000,2394.000000
810.000000,1380.000000,478.000000,1387.000000
2695.000000,1508.000000,3036.000000,1622.000000
464.000000,3402.000000,489.000000,3778.000000
476.000000,2945.000000,325.000000,2958.000000
586.000000,3817.000000,731.000000,4095.000000
4382.000000,1286.000000,4517.000000,1574.000000
3000.000000,2789.000000,2877.000000,3221.000000
2110.000000,1930.000000,1970.000000,2511.000000
2440.000000,3715.000000,2581.000000,3746.000000
3583.000000,535.000000,3843.000000,597.000000
3081.000000,4715.000000,3267.000000,4797.000000
4616.000000,4390.000000,4838.000000,4526.000000
3740.000000,2606.000000,4040.000000,2912.000000
3711.000000,975.000000,3854.000000,1320.000000
1636.000000,2457.000000,1448.000000,2634.000000
277.000000,640.000000,206.000000,749.000000
4287.000000,2354.000000,4298.000000,2546.000000
4866.000000,2961.000000,4895.000000,3038.000000
2503.000000,4314.000000,2207.000000,4330.000000
2835.000000,2546.000000,2752.000000,2731.000000
622.000000,2181.000000,564.000000,2187.000000
1059.000000,633.000000,1039.000000,902.000000
1668.000000,4490.000000,1984.000000,4598.000000
1679.000000,1559.000000,1684.000000,1997.000000
1352.000000,138.000000,16.000000,244.000000
2346.000000,3103.000000,2523.000000,3165.000000
4665.000000,1007.000000,4382.000000,1286.000000
2423.000000,2493.000000,2047.000000,2719.000000
2911.000000,2445.000000,3053.000000,2715.000000
3110.000000,2617.000000,3359.000000,2673.000000
4219.000000,975.000000,4665.000000,1007.000000
1869.000000,2361.000000,1895.000000,2701.000000
2284.000000,4176.000000,2503.000000,4314.000000
2019.000000,1105.000000,2154.000000,1329.000000
2981.000000,4184.000000,2909.000000,4338.000000
4991.000000,2807.000000,4973.000000,3496.000000
3307.000000,1861.000000,3530.000000,2042.000000
2642.000000,394.000000,2723.000000,710.000000
4498.000000,2386.000000,4784.000000,2473.000000
4577.000000,3003.000000,4609.000000,3025.000000
125.000000,2503.000000,57.000000,2664.000000
456.000000,3117.000000,464.000000,3402.000000
3993.000000,1238.000000,4382.000000,1286.000000
1750.000000,962.000000,1582.000000,1180.000000
2846.000000,3435.000000,2670.000000,3687.000000
1684.000000,1997.000000,1174.000000,2326.000000
3469.000000,1620.000000,3656.000000,2275.000000
1709.000000,4306.000000,1668.000000,4490.000000
3490.000000,4070.000000,3622.000000,4187.000000
4875.000000,258.000000,4534.000000,651.000000
1448.000000,2634.000000,1365.000000,2696.000000
2164.000000,4141.000000,2190.000000,4170.000000
3711.000000,1588.000000,3835.000000,1682.000000
137.000000,4641.000000,253.000000,4715.000000
2742.000000,1322.000000,2278.000000,1509.000000
1019.000000,1896.000000,957.000000,1992.000000
3974.000000,1503.000000,3877.000000,1758.000000
4347.000000,3563.000000,4349.000000,3710.000000
2154.000000,1329.000000,2112.000000,1355.000000
722.000000,4173.000000,355.000000,4395.000000
3178.000000,4943.000000,3469.000000,4975.000000
482.000000,1200.000000,91.000000,1206.000000
2706.000000,3895.000000,2981.000000,4184.000000
2139.000000,1585.000000,1757.000000,1873.000000
1668.000000,3762.000000,1162.000000,3825.000000
3088.000000,3856.000000,2899.000000,3882.000000
3307.000000,1861.000000,2966.000000,1991.000000
4261.000000,4192.000000,4177.000000,4206.000000
3974.000000,1503.000000,3835.000000,1682.000000
1222.000000,202.000000,1323.000000,251.000000
2388.000000,1326.000000,2278.000000,1509.000000
4040.000000,648.000000,4128.000000,703.000000
3176.000000,1655.000000,3307.000000,1861.000000
1259.000000,960.000000,1500.000000,1134.000000
1174.000000,2326.000000,1381.000000,2331.000000
4895.000000,3038.000000,4908.000000,3107.000000
2.000000,2469.000000,34.000000,3576.000000
4534.000000,878.000000,4219.000000,975.000000
2733.000000,2144.000000,2658.000000,2279.000000
3905.000000,2931.000000,4107.000000,3042.000000
1186.000000,2692.000000,955.000000,2704.000000
2251.000000,329.000000,2378.000000,504.000000
3660.000000,420.000000,4040.000000,648.000000
3522.000000,1808.000000,3530.000000,2042.000000
517.000000,1617.000000,361.000000,1860.000000
3036.000000,1622.000000,3176.000000,1655.000000
2346.000000,3103.000000,2197.000000,3688.000000
293.000000,631.000000,277.000000,640.000000
1193.000000,1633.000000,957.000000,1992.000000
651.000000,2322.000000,527.000000,2572.000000
4040.000000,648.000000,4120.000000,752.000000
2002.000000,116.000000,1895.000000,197.000000
1582.000000,1180.000000,1547.000000,1405.000000
1684.000000,1997.000000,1381.000000,2331.000000
3211.000000,3845.000000,3095.000000,3964.000000
497.000000,2901.000000,476.000000,2945.000000
633.000000,1975.000000,564.000000,2187.000000
925.000000,4817.000000,934.000000,4878.000000
746.000000,1814.000000,633.000000,1975.000000
1797.000000,3686.000000,1778.000000,3998.000000
2760.000000,4251.000000,2909.000000,4338.000000
3262.000000,4874.000000,3047.000000,4940.000000
2627.000000,4513.000000,2363.000000,4831.000000
4273.000000,2917.000000,4107.000000,3042.000000
4533.000000,2568.000000,4991.000000,2807.000000
3958.000000,3254.000000,3834.000000,3333.000000
2840.000000,1915.000000,2733.000000,2144.000000
4206.000000,4529.000000,3469.000000,4975.000000
4128.000000,703.000000,4120.000000,752.000000
3361.000000,117.000000,3612.000000,397.000000
1019.000000,1896.000000,813.000000,2003.000000
3056.000000,2326.000000,2826.000000,2337.000000
489.000000,3778.000000,97.000000,3874.000000
4202.000000,622.000000,4574.000000,796.000000
1582.000000,1180.000000,1195.000000,1536.000000
3292.000000,3712.000000,2982.000000,3807.000000
1694.000000,4921.000000,2079.000000,4937.000000
5019.000000,4904.000000,4719.000000,4980.000000
2877.000000,3221.000000,3228.000000,3264.000000
4571.000000,2901.000000,4681.000000,2906.000000
2171.000000,187.000000,2022.000000,319.000000
3490.000000,4070.000000,3339.000000,4145.000000
16.000000,244.000000,43.000000,1072.000000
1039.000000,902.000000,1259.000000,960.000000
293.000000,631.000000,566.000000,694.000000
4533.000000,2568.000000,4548.000000,2848.000000
327.000000,1075.000000,301.000000,1136.000000
16.000000,244.000000,2.000000,2469.000000
2079.000000,596.000000,2108.000000,645.000000
1357.000000,1437.000000,1195.000000,1536.000000
1818.000000,590.000000,1496.000000,704.000000
253.000000,4715.000000,189.000000,4821.000000
133.000000,756.000000,43.000000,1072.000000
4576.000000,4693.000000,4432.000000,4700.000000
3128.000000,454.000000,3335.000000,522.000000
3409.000000,2517.000000,3740.000000,2606.000000
2752.000000,2731.000000,2602.000000,2853.000000
4219.000000,975.000000,3993.000000,1238.000000
2444.000000,254.000000,2378.000000,504.000000
313.000000,2583.000000,434.000000,2765.000000
1970.000000,2511.000000,1895.000000,2701.000000
2695.000000,1508.000000,2110.000000,1930.000000
807.000000,1432.000000,953.000000,1716.000000
2194.000000,788.000000,2068.000000,847.000000
2627.000000,4513.000000,2642.000000,4986.000000
3740.000000,2606.000000,3654.000000,2700.000000
1070.000000,1036.000000,967.000000,1203.000000
1604.000000,1407.000000,1647.000000,1407.000000
2523.000000,3165.000000,2625.000000,3396.000000
3261.000000,4645.000000,3267.000000,4797.000000
2982.000000,3807.000000,2899.000000,3882.000000
4109.000000,1505.000000,3877.000000,1758.000000
1895.000000,197.000000,2022.000000,319.000000
2313.000000,3745.000000,2156.000000,4086.000000
4261.000000,4192.000000,3987.000000,4195.000000
3637.000000,3959.000000,3826.000000,4145.000000
4925.000000,3051.000000,4878.000000,3515.000000
2723.000000,710.000000,2614.000000,769.000000
2877.000000,3221.000000,2846.000000,3435.000000
4282.000000,809.000000,4219.000000,975.000000
2760.000000,4251.000000,2753.000000,4525.000000
1818.000000,590.000000,2015.000000,763.000000
57.000000,2845.000000,34.000000,3576.000000
1096.000000,1122.000000,1500.000000,1134.000000
2625.000000,3396.000000,2801.000000,3486.000000
97.000000,3874.000000,731.000000,4095.000000
2190.000000,4170.000000,2284.000000,4176.000000
3359.000000,2673.000000,3000.000000,2789.000000
2807.000000,897.000000,2388.000000,1326.000000
4784.000000,2473.000000,4533.000000,2568.000000
2139.000000,1585.000000,2110.000000,1930.000000
349.000000,575.000000,293.000000,631.000000
3236.000000,1176.000000,3469.000000,1620.000000
839.000000,1053.000000,621.000000,1238.000000
963.000000,1875.000000,813.000000,2003.000000
2207.000000,4330.000000,2193.000000,4453.000000
2006.000000,2163.000000,1970.000000,2511.000000
2658.000000,2279.000000,2430.000000,2339.000000
3389.000000,3955.000000,3339.000000,4145.000000
2779.000000,1304.000000,2839.000000,1477.000000
3993.000000,1238.000000,4109.000000,1505.000000
1238.000000,4981.000000,994.000000,5000.000000
819.000000,4164.000000,1065.000000,4226.000000
3108.000000,701.000000,3298.000000,893.000000
5013.000000,3862.000000,4682.000000,4194.000000
2807.000000,897.000000,2890.000000,1111.000000
3040.000000,815.000000,3298.000000,893.000000
1059.000000,633.000000,1496.000000,704.000000
4648.000000,3541.000000,4349.000000,3710.000000
2655.000000,4430.000000,2627.000000,4513.000000
2112.000000,1355.000000,1955.000000,1376.000000
2294.000000,138.000000,2251.000000,329.000000
2658.000000,2279.000000,2481.000000,2360.000000
4202.000000,622.000000,4128.000000,703.000000
4838.000000,4526.000000,4576.000000,4693.000000
925.000000,4817.000000,981.000000,4899.000000
731.000000,4095.000000,722.000000,4173.000000
4866.000000,2961.000000,4908.000000,3107.000000
2888.000000,1898.000000,2966.000000,1991.000000
3302.000000,1602.000000,3036.000000,1622.000000
3274.000000,3478.000000,3105.000000,3673.000000
359.000000,2520.000000,527.000000,2572.000000
1193.000000,1633.000000,1019.000000,1896.000000
2112.000000,1355.000000,1708.000000,1502.000000
482.000000,1200.000000,478.000000,1387.000000
2284.000000,4176.000000,2207.000000,4330.000000
2440.000000,3715.000000,2313.000000,3745.000000
92.000000,2932.000000,325.000000,2958.000000
4107.000000,3042.000000,3653.000000,3060.000000
2723.000000,710.000000,2479.000000,854.000000
4961.000000,3596.000000,4894.000000,3809.000000
2753.000000,4525.000000,3049.000000,4695.000000
2888.000000,1898.000000,2840.000000,1915.000000
3718.000000,6.000000,3933.000000,329.000000
2655.000000,4430.000000,2753.000000,4525.000000
995.000000,2447.000000,955.000000,2704.000000
3843.000000,597.000000,3783.000000,866.000000
1285.000000,152.000000,1222.000000,202.000000
864.000000,1327.000000,807.000000,1432.000000
313.000000,2583.000000,123.000000,2805.000000
3405.000000,4588.000000,3540.000000,4752.000000
3307.000000,1861.000000,3185.000000,1964.000000
1029.000000,3603.000000,1050.000000,3701.000000
4349.000000,3710.000000,4215.000000,3862.000000
3732.000000,370.000000,3612.000000,397.000000
1381.000000,2331.000000,1336.000000,2532.000000
3783.000000,866.000000,3533.000000,929.000000
3228.000000,3264.000000,3274.000000,3478.000000
4274.000000,706.000000,4129.000000,788.000000
953.000000,1716.000000,823.000000,1818.000000
1070.000000,1036.000000,621.000000,1238.000000
3409.000000,2517.000000,3654.000000,2700.000000
3209.000000,2417.000000,3110.000000,2617.000000
5013.000000,3862.000000,4974.000000,4667.000000
4120.000000,752.000000,3783.000000,866.000000
3933.000000,329.000000,3660.000000,420.000000
497.000000,2901.000000,840.000000,3153.000000
3335.000000,522.000000,3372.000000,779.000000
1039.000000,902.000000,1070.000000,1036.000000
4061.000000,3629.000000,4349.000000,3710.000000
57.000000,2664.000000,57.000000,2845.000000
1197.000000,3342.000000,1668.000000,3762.000000
2911.000000,2445.000000,2921.000000,2500.000000
4925.000000,3051.000000,4916.000000,3064.000000
942.000000,289.000000,1395.000000,353.000000
4761.000000,3907.000000,4261.000000,4192.000000
3209.000000,2417.000000,3409.000000,2517.000000
1370.000000,3952.000000,1423.000000,4130.000000
4719.000000,4980.000000,1929.000000,5027.000000
891.000000,4363.000000,414.000000,4674.000000
1895.000000,2701.000000,2047.000000,2719.000000
3298.000000,893.000000,3191.000000,1079.000000
3040.000000,815.000000,3191.000000,1079.000000
410.000000,2624.000000,434.000000,2765.000000
3983.000000,3845.000000,3826.000000,4145.000000
2760.000000,4251.000000,2503.000000,4314.000000
423.000000,3375.000000,464.000000,3402.000000
1750.000000,962.000000,1930.000000,1095.000000
1818.000000,590.000000,2079.000000,596.000000
1518.000000,4781.000000,1238.000000,4981.000000
2642.000000,4986.000000,2996.000000,4989.000000
34.000000,3576.000000,97.000000,3874.000000
2642.000000,394.000000,2378.000000,504.000000
4893.000000,2091.000000,4991.000000,2807.000000
1450.000000,3213.000000,1831.000000,3292.000000
1684.000000,1997.000000,1720.000000,2107.000000
349.000000,575.000000,566.000000,694.000000
813.000000,2003.000000,627.000000,2172.000000
3302.000000,1602.000000,3176.000000,1655.000000
3105.000000,3673.000000,3058.000000,3721.000000
4177.000000,4206.000000,4024.000000,4284.000000
1647.000000,1407.000000,1708.000000,1502.000000
3834.000000,3333.000000,3637.000000,3424.000000
3176.000000,1655.000000,3318.000000,1701.000000
2909.000000,4338.000000,2995.000000,4544.000000
293.000000,631.000000,206.000000,749.000000
3653.000000,3714.000000,3688.000000,3736.000000
43.000000,1072.000000,91.000000,1206.000000
1374.000000,4109.000000,1104.000000,4180.000000
4383.000000,308.000000,4142.000000,416.000000
927.000000,3394.000000,988.000000,3764.000000
1778.000000,3998.000000,2156.000000,4086.000000
4673.000000,1481.000000,4517.000000,1574.000000
1694.000000,4921.000000,1238.000000,4981.000000
2825.000000,2382.000000,2835.000000,2546.000000
957.000000,1992.000000,865.000000,2474.000000
1365.000000,2696.000000,1822.000000,2907.000000
1285.000000,152.000000,16.000000,244.000000
2877.000000,3221.000000,3205.000000,3308.000000
4738.000000,2160.000000,4498.000000,2386.000000
1437.000000,917.000000,1259.000000,960.000000
2596.000000,3780.000000,2503.000000,4314.000000
3422.000000,2416.000000,3409.000000,2517.000000
1966.000000,4241.000000,1890.000000,4267.000000
5016.000000,1400.000000,5013.000000,3862.000000
731.000000,4095.000000,355.000000,4395.000000
464.000000,3402.000000,586.000000,3817.000000
419.000000,867.000000,301.000000,1136.000000
1679.000000,1559.000000,2139.000000,1585.000000
2190.000000,4170.000000,1984.000000,4598.000000
2839.000000,1477.000000,2695.000000,1508.000000
2.000000,2469.000000,57.000000,2664.000000
4261.000000,4192.000000,4414.000000,4344.000000
2190.000000,4170.000000,1890.000000,4267.000000
2909.000000,4338.000000,3038.000000,4450.000000
2919.000000,253.000000,2774.000000,276.000000
4747.000000,2857.000000,4609.000000,3025.000000
1370.000000,3952.000000,1374.000000,4109.000000
4215.000000,3862.000000,3987.000000,4195.000000
1518.000000,4781.000000,1694.000000,4921.000000
4991.000000,2807.000000,4866.000000,2961.000000
566.000000,694.000000,453.000000,1128.000000
2714.000000,3073.000000,2877.000000,3221.000000
4894.000000,3809.000000,5013.000000,3862.000000
1757.000000,1873.000000,2110.000000,1930.000000
3000.000000,2789.000000,3228.000000,3264.000000
2826.000000,2337.000000,2825.000000,2382.000000
807.000000,1432.000000,517.000000,1617.000000
1284.000000,4785.000000,1238.000000,4981.000000
4973.000000,3496.000000,4961.000000,3596.000000
1365.000000,2696.000000,1450.000000,3213.000000
2002.000000,116.000000,1497.000000,259.000000
3622.000000,4187.000000,3405.000000,4588.000000
1039.000000,902.000000,877.000000,986.000000
4925.000000,3051.000000,4973.000000,3496.000000
2825.000000,2382.000000,2921.000000,2500.000000
4519.000000,3390.000000,4878.000000,3515.000000
887.000000,272.000000,484.000000,425.000000
3372.000000,779.000000,3533.000000,929.000000
2444.000000,254.000000,2774.000000,276.000000
2921.000000,2500.000000,2835.000000,2546.000000
35.000000,607.000000,206.000000,749.000000
2825.000000,2382.000000,2911.000000,2445.000000
4214.000000,1627.000000,3877.000000,1758.000000
2156.000000,4086.000000,2190.000000,4170.000000
3986.000000,3743.000000,3983.000000,3845.000000
4249.000000,1490.000000,4214.000000,1627.000000
2753.000000,4525.000000,2642.000000,4986.000000
1757.000000,1873.000000,1684.000000,1997.000000
1064.000000,4267.000000,891.000000,4363.000000
4024.000000,4284.000000,4206.000000,4529.000000
2444.000000,254.000000,2251.000000,329.000000
4908.000000,3107.000000,4878.000000,3515.000000
3000.000000,2789.000000,2714.000000,3073.000000
3718.000000,6.000000,3361.000000,117.000000
736.000000,2839.000000,931.000000,3045.000000
3236.000000,1176.000000,3302.000000,1602.000000
4346.000000,2753.000000,4268.000000,2880.000000
313.000000,2583.000000,57.000000,2664.000000
5016.000000,1400.000000,4975.000000,1654.000000
927.000000,3394.000000,1029.000000,3603.000000
4129.000000,788.000000,4119.000000,921.000000
1039.000000,902.000000,839.000000,1053.000000
4665.000000,4846.000000,4719.000000,4980.000000
4548.000000,2848.000000,4747.000000,2857.000000
3958.000000,3254.000000,3918.000000,3789.000000
478.000000,1387.000000,807.000000,1432.000000
517.000000,1617.000000,746.000000,1814.000000
3359.000000,2673.000000,3654.000000,2700.000000
2022.000000,319.000000,2079.000000,596.000000
1757.000000,1873.000000,2006.000000,2163.000000
4973.000000,3496.000000,4878.000000,3515.000000
1831.000000,3292.000000,1797.000000,3686.000000
4973.000000,3496.000000,4894.000000,3809.000000
3854.000000,1320.000000,3974.000000,1503.000000
5013.000000,3862.000000,4646.000000,4396.000000
916.000000,3766.000000,957.000000,3877.000000
995.000000,2447.000000,865.000000,2474.000000
2363.000000,4831.000000,2642.000000,4986.000000
953.000000,1716.000000,963.000000,1875.000000
1430.000000,2624.000000,1448.000000,2634.000000
3335.000000,522.000000,3298.000000,893.000000
3905.000000,2931.000000,3653.000000,3060.000000
2015.000000,763.000000,2068.000000,847.000000
3650.000000,3283.000000,3637.000000,3424.000000
2670.000000,3687.000000,2899.000000,3882.000000
819.000000,4164.000000,891.000000,4363.000000
2840.000000,1915.000000,3020.000000,2159.000000
2825.000000,2382.000000,2752.000000,2731.000000
4346.000000,2753.000000,4548.000000,2848.000000
916.000000,3766.000000,586.000000,3817.000000
456.000000,3117.000000,840.000000,3153.000000
2176.000000,67.000000,2171.000000,187.000000
1930.000000,1095.000000,1582.000000,1180.000000
377.000000,2099.000000,651.000000,2322.000000
443.000000,242.000000,297.000000,577.000000
1029.000000,3603.000000,988.000000,3764.000000
4298.000000,2546.000000,4040.000000,2912.000000
456.000000,3117.000000,586.000000,3817.000000
1109.000000,1324.000000,1108.000000,1467.000000
2207.000000,4330.000000,2627.000000,4513.000000
443.000000,242.000000,887.000000,272.000000
3211.000000,4460.000000,2995.000000,4544.000000
478.000000,1387.000000,517.000000,1617.000000
4574.000000,796.000000,4862.000000,1199.000000
2239.000000,2955.000000,2004.000000,3417.000000
3711.000000,975.000000,3236.000000,1176.000000
2346.000000,3103.000000,2004.000000,3417.000000
1930.000000,1095.000000,1647.000000,1407.000000
4611.000000,4757.000000,4665.000000,4846.000000
3088.000000,3856.000000,3095.000000,3964.000000
4382.000000,1286.000000,4249.000000,1490.000000
3688.000000,3736.000000,3571.000000,3847.000000
3095.000000,3964.000000,3093.000000,4097.000000
4129.000000,788.000000,4282.000000,809.000000
953.000000,1716.000000,841.000000,1962.000000
3974.000000,1503.000000,3711.000000,1588.000000
2807.000000,897.000000,2779.000000,1304.000000
2614.000000,769.000000,2479.000000,854.000000
284.000000,1542.000000,109.000000,1596.000000
2733.000000,2144.000000,2826.000000,2337.000000
1171.000000,2409.000000,1336.000000,2532.000000
2108.000000,645.000000,2068.000000,847.000000
484.000000,425.000000,349.000000,575.000000
4128.000000,703.000000,4129.000000,788.000000
349.000000,575.000000,671.000000,595.000000
1222.000000,202.000000,887.000000,272.000000
566.000000,694.000000,419.000000,867.000000
3056.000000,2326.000000,3209.000000,2417.000000
3292.000000,3712.000000,3211.000000,3845.000000
995.000000,2447.000000,1186.000000,2692.000000
4383.000000,308.000000,4202.000000,622.000000
2890.000000,1111.000000,3207.000000,1175.000000
359.000000,2520.000000,313.000000,2583.000000
1003.000000,2889.000000,980.000000,3047.000000
4061.000000,3629.000000,4215.000000,3862.000000
92.000000,2932.000000,34.000000,3576.000000
3205.000000,3308.000000,3105.000000,3673.000000
206.000000,749.000000,119.000000,876.000000
3653.000000,3714.000000,3918.000000,3789.000000
43.000000,1072.000000,56.000000,1226.000000
3038.000000,4450.000000,3211.000000,4460.000000
125.000000,2503.000000,359.000000,2520.000000
3318.000000,1701.000000,3303.000000,1847.000000
3205.000000,3308.000000,3058.000000,3721.000000
2002.000000,116.000000,1824.000000,225.000000
2919.000000,253.000000,2958.000000,580.000000
2723.000000,710.000000,3035.000000,781.000000
4427.000000,2986.000000,4577.000000,3003.000000
4875.000000,258.000000,3933.000000,329.000000
1430.000000,2624.000000,1365.000000,2696.000000
3047.000000,4940.000000,2642.000000,4986.000000
915.000000,598.000000,566.000000,694.000000
2835.000000,711.000000,3035.000000,781.000000
2921.000000,2500.000000,2992.000000,2699.000000
3128.000000,454.000000,3120.000000,663.000000
2596.000000,3780.000000,2760.000000,4251.000000
4298.000000,2546.000000,3740.000000,2606.000000
5013.000000,3862.000000,5019.000000,4904.000000
284.000000,1542.000000,170.000000,1916.000000
3987.000000,4195.000000,4024.000000,4284.000000
1822.000000,2907.000000,1450.000000,3213.000000
2110.000000,1930.000000,2006.000000,2163.000000
840.000000,3153.000000,988.000000,3764.000000
887.000000,272.000000,942.000000,289.000000
453.000000,1128.000000,482.000000,1200.000000
3653.000000,3060.000000,3650.000000,3283.000000
3986.000000,3743.000000,3918.000000,3789.000000
891.000000,4363.000000,865.000000,4473.000000
1636.000000,1415.000000,1708.000000,1502.000000
423.000000,3375.000000,34.000000,3576.000000
2890.000000,1111.000000,3036.000000,1622.000000
4571.000000,2901.000000,4577.000000,3003.000000
355.000000,4395.000000,137.000000,4641.000000
443.000000,1952.000000,377.000000,2099.000000
3095.000000,3964.000000,3009.000000,4005.000000
314.000000,2274.000000,359.000000,2520.000000
1571.000000,2394.000000,1636.000000,2457.000000
1720.000000,2107.000000,2006.000000,2163.000000
3307.000000,1861.000000,2888.000000,1898.000000
3993.000000,1238.000000,3854.000000,1320.000000
377.000000,2099.000000,314.000000,2274.000000
97.000000,3874.000000,355.000000,4395.000000
5013.000000,3862.000000,4761.000000,3907.000000
4894.000000,3809.000000,4761.000000,3907.000000
864.000000,1327.000000,953.000000,1716.000000
2581.000000,3746.000000,2596.000000,3780.000000
4862.000000,1199.000000,5016.000000,1400.000000
93.000000,4662.000000,253.000000,4715.000000
1831.000000,3292.000000,1197.000000,3342.000000
4609.000000,3025.000000,4519.000000,3390.000000
3530.000000,2042.000000,3422.000000,2416.000000
1437.000000,917.000000,1500.000000,1134.000000
476.000000,2945.000000,456.000000,3117.000000
1026.000000,2348.000000,995.000000,2447.000000
651.000000,2322.000000,865.000000,2474.000000
119.000000,876.000000,43.000000,1072.000000
566.000000,694.000000,877.000000,986.000000
633.000000,1975.000000,813.000000,2003.000000
170.000000,1916.000000,230.000000,2043.000000
2992.000000,2699.000000,3053.000000,2715.000000
453.000000,1128.000000,621.000000,1238.000000
4747.000000,2857.000000,4908.000000,3107.000000
2423.000000,2493.000000,2097.000000,2562.000000
3105.000000,3673.000000,2982.000000,3807.000000
3622.000000,4187.000000,3540.000000,4752.000000
2047.000000,2719.000000,1822.000000,2907.000000
4648.000000,3541.000000,4894.000000,3809.000000
3040.000000,815.000000,2890.000000,1111.000000
34.000000,3576.000000,93.000000,4662.000000
1970.000000,2511.000000,2097.000000,2562.000000
1352.000000,138.000000,1285.000000,152.000000
4991.000000,2807.000000,4925.000000,3051.000000
2232.000000,635.000000,2244.000000,781.000000
35.000000,607.000000,133.000000,756.000000
4925.000000,3051.000000,4908.000000,3107.000000
3108.000000,701.000000,3035.000000,781.000000
586.000000,2698.000000,736.000000,2839.000000
1322.000000,592.000000,1059.000000,633.000000
527.000000,2572.000000,586.000000,2698.000000
4414.000000,4344.000000,4616.000000,4390.000000
2992.000000,2699.000000,3000.000000,2789.000000
3918.000000,3789.000000,3983.000000,3845.000000
4975.000000,1654.000000,4991.000000,2807.000000
2190.000000,4170.000000,1966.000000,4241.000000
1451.000000,1427.000000,1357.000000,1437.000000
3826.000000,4145.000000,3622.000000,4187.000000
3335.000000,522.000000,3583.000000,535.000000
1174.000000,2326.000000,1336.000000,2532.000000
3612.000000,397.000000,3660.000000,420.000000
230.000000,2043.000000,176.000000,2070.000000
4204.000000,1878.000000,4233.000000,2138.000000
414.000000,4674.000000,253.000000,4715.000000
1571.000000,2394.000000,1448.000000,2634.000000
980.000000,3047.000000,1450.000000,3213.000000
3389.000000,3955.000000,3622.000000,4187.000000
2596.000000,3780.000000,2190.000000,4170.000000
1945.000000,4102.000000,2164.000000,4141.000000
818.000000,4066.000000,819.000000,4164.000000
3205.000000,3308.000000,2846.000000,3435.000000
4875.000000,258.000000,4383.000000,308.000000
2270.000000,554.000000,2079.000000,596.000000
3185.000000,1964.000000,3020.000000,2159.000000
3049.000000,4695.000000,3047.000000,4940.000000
3622.000000,4187.000000,4024.000000,4284.000000
2733.000000,2144.000000,3020.000000,2159.000000
1518.000000,4781.000000,1284.000000,4785.000000
1497.000000,259.000000,1395.000000,353.000000
361.000000,1860.000000,377.000000,2099.000000
3339.000000,4145.000000,3622.000000,4187.000000
3318.000000,1701.000000,3307.000000,1861.000000
967.000000,1203.000000,1109.000000,1324.000000
3191.000000,1079.000000,2890.000000,1111.000000
1284.000000,4785.000000,1173.000000,4951.000000
1890.000000,4267.000000,1709.000000,4306.000000
1086.000000,3225.000000,1189.000000,3544.000000
4548.000000,2848.000000,4273.000000,2917.000000
785.000000,4804.000000,497.000000,4911.000000
92.000000,2932.000000,423.000000,3375.000000
931.000000,3045.000000,949.000000,3057.000000
2742.000000,1322.000000,2839.000000,1477.000000
4346.000000,2753.000000,4273.000000,2917.000000
176.000000,2070.000000,2.000000,2469.000000
3594.000000,3871.000000,3389.000000,3955.000000
3854.000000,1320.000000,3469.000000,1620.000000
4681.000000,2906.000000,4609.000000,3025.000000
1322.000000,592.000000,1098.000000,623.000000
3656.000000,2275.000000,3740.000000,2606.000000
3877.000000,3361.000000,3918.000000,3789.000000
621.000000,1238.000000,804.000000,1296.000000
4893.000000,2091.000000,4738.000000,2160.000000
4282.000000,809.000000,4534.000000,878.000000
91.000000,1206.000000,56.000000,1226.000000
3038.000000,4450.000000,2995.000000,4544.000000
4826.000000,2161.000000,4784.000000,2473.000000
2582.000000,4296.000000,2503.000000,4314.000000
4177.000000,4206.000000,4290.000000,4426.000000
1171.000000,2409.000000,995.000000,2447.000000
1186.000000,2692.000000,1003.000000,2889.000000
1357.000000,1437.000000,1370.000000,1438.000000
2164.000000,4141.000000,1999.000000,4188.000000
489.000000,3778.000000,107.000000,3849.000000
1890.000000,4267.000000,1984.000000,4598.000000
2554.000000,3616.000000,2440.000000,3715.000000
4290.000000,4426.000000,4184.000000,4462.000000
2108.000000,645.000000,2015.000000,763.000000
736.000000,2839.000000,497.000000,2901.000000
4974.000000,4667.000000,4576.000000,4693.000000
2068.000000,847.000000,2019.000000,1105.000000
2658.000000,2279.000000,2602.000000,2853.000000
4245.000000,1843.000000,4233.000000,2138.000000
4875.000000,258.000000,4862.000000,1199.000000
284.000000,1542.000000,517.000000,1617.000000
4245.000000,1843.000000,4738.000000,2160.000000
934.000000,4878.000000,994.000000,5000.000000
4414.000000,4344.000000,4432.000000,4700.000000
3530.000000,2042.000000,3656.000000,2275.000000
813.000000,2003.000000,865.000000,2474.000000
4673.000000,1481.000000,4245.000000,1843.000000
1450.000000,3213.000000,1086.000000,3225.000000
988.000000,3764.000000,916.000000,3766.000000
1496.000000,704.000000,1498.000000,812.000000
2244.000000,781.000000,2019.000000,1105.000000
3732.000000,370.000000,3660.000000,420.000000
1026.000000,2348.000000,865.000000,2474.000000
2714.000000,3073.000000,2523.000000,3165.000000
1096.000000,1122.000000,967.000000,1203.000000
3522.000000,1808.000000,3307.000000,1861.000000
4273.000000,2917.000000,4427.000000,2986.000000
165.000000,1720.000000,170.000000,1916.000000
2112.000000,1355.000000,1679.000000,1559.000000
16.000000,244.000000,35.000000,607.000000
823.000000,1818.000000,813.000000,2003.000000
4616.000000,4390.000000,4646.000000,4396.000000
3000.000000,2789.000000,3653.000000,3060.000000
4119.000000,921.000000,4219.000000,975.000000
981.000000,4899.000000,1007.000000,4984.000000
176.000000,2070.000000,377.000000,2099.000000
3262.000000,4874.000000,3178.000000,4943.000000
4206.000000,4529.000000,4432.000000,4700.000000
2239.000000,2955.000000,2346.000000,3103.000000
1831.000000,3292.000000,1668.000000,3762.000000
1636.000000,1415.000000,1679.000000,1559.000000
4548.000000,2848.000000,4682.000000,2861.000000
4862.000000,1199.000000,4673.000000,1481.000000
3986.000000,3743.000000,4215.000000,3862.000000
349.000000,575.000000,297.000000,577.000000
4024.000000,4284.000000,4290.000000,4426.000000
2068.000000,847.000000,1930.000000,1095.000000
2840.000000,929.000000,2890.000000,1111.000000
1582.000000,1180.000000,1357.000000,1437.000000
3653.000000,3714.000000,3571.000000,3847.000000
56.000000,1226.000000,284.000000,1542.000000
3637.000000,3424.000000,3274.000000,3478.000000
97.000000,3874.000000,93.000000,4662.000000
621.000000,1238.000000,810.000000,1380.000000
4682.000000,2861.000000,4681.000000,2906.000000
731.000000,4095.000000,819.000000,4164.000000
56.000000,1226.000000,109.000000,1596.000000
3965.000000,914.000000,3993.000000,1238.000000
1757.000000,1873.000000,1720.000000,2107.000000
3877.000000,1758.000000,4204.000000,1878.000000
4866.000000,2961.000000,4925.000000,3051.000000
355.000000,4395.000000,414.000000,4674.000000
56.000000,1226.000000,176.000000,2070.000000
2658.000000,2279.000000,2477.000000,2735.000000
1668.000000,4490.000000,1735.000000,4504.000000
4401.000000,2399.000000,4298.000000,2546.000000
434.000000,2765.000000,497.000000,2901.000000
1370.000000,3952.000000,819.000000,4164.000000
517.000000,1617.000000,397.000000,1805.000000
497.000000,2901.000000,456.000000,3117.000000
3583.000000,535.000000,3783.000000,866.000000
1547.000000,1405.000000,1604.000000,1407.000000
4414.000000,4344.000000,4206.000000,4529.000000
482.000000,1200.000000,621.000000,1238.000000
4052.000000,3614.000000,4349.000000,3710.000000
3298.000000,893.000000,3236.000000,1176.000000
4534.000000,878.000000,4665.000000,1007.000000
3176.000000,1655.000000,2888.000000,1898.000000
1450.000000,3213.000000,1444.000000,3225.000000
2232.000000,635.000000,2108.000000,645.000000
823.000000,1818.000000,633.000000,1975.000000
1070.000000,1036.000000,839.000000,1053.000000
355.000000,4395.000000,253.000000,4715.000000
3654.000000,2700.000000,3905.000000,2931.000000
3056.000000,2326.000000,2911.000000,2445.000000
627.000000,2172.000000,865.000000,2474.000000
1999.000000,4188.000000,1966.000000,4241.000000
934.000000,4878.000000,981.000000,4899.000000
1322.000000,592.000000,1496.000000,704.000000
3974.000000,1503.000000,3469.000000,1620.000000
963.000000,1875.000000,841.000000,1962.000000
478.000000,1387.000000,284.000000,1542.000000
497.000000,4911.000000,994.000000,5000.000000
4349.000000,3710.000000,3987.000000,4195.000000
109.000000,1596.000000,165.000000,1720.000000
3207.000000,1175.000000,3036.000000,1622.000000
1070.000000,1036.000000,1096.000000,1122.000000
1108.000000,1467.000000,1193.000000,1633.000000
3662.000000,3023.000000,3653.000000,3060.000000
981.000000,4899.000000,1173.000000,4951.000000
3571.000000,3847.000000,3594.000000,3871.000000
297.000000,577.000000,293.000000,631.000000
4673.000000,1481.000000,4738.000000,2160.000000
1193.000000,1633.000000,953.000000,1716.000000
2779.000000,1304.000000,2278.000000,1509.000000
3105.000000,3673.000000,3292.000000,3712.000000
4349.000000,3710.000000,4261.000000,4192.000000
3108.000000,701.000000,3040.000000,815.000000
1818.000000,590.000000,1750.000000,962.000000
1451.000000,1427.000000,1679.000000,1559.000000
2753.000000,4525.000000,3047.000000,4940.000000
3469.000000,1620.000000,3522.000000,1808.000000
1222.000000,202.000000,1395.000000,353.000000
1336.000000,2532.000000,1365.000000,2696.000000
3610.000000,2276.000000,3409.000000,2517.000000
301.000000,1136.000000,91.000000,1206.000000
1500.000000,1134.000000,1582.000000,1180.000000
955.000000,2704.000000,1003.000000,2889.000000
2481.000000,2360.000000,2423.000000,2493.000000
1108.000000,1467.000000,1195.000000,1536.000000
1451.000000,1427.000000,1370.000000,1438.000000
176.000000,2070.000000,314.000000,2274.000000
1193.000000,1633.000000,1174.000000,2326.000000
2346.000000,3103.000000,2625.000000,3396.000000
4682.000000,4194.000000,4646.000000,4396.000000
2949.000000,1982.000000,2966.000000,1991.000000
3660.000000,420.000000,3843.000000,597.000000
4193.000000,663.000000,4128.000000,703.000000
3211.000000,3845.000000,3093.000000,4097.000000
3533.000000,929.000000,3711.000000,975.000000
4298.000000,2546.000000,4346.000000,2753.000000
2154.000000,1329.000000,1955.000000,1376.000000
3660.000000,420.000000,3583.000000,535.000000
3933.000000,329.000000,4040.000000,648.000000
807.000000,1432.000000,746.000000,1814.000000
931.000000,3045.000000,840.000000,3153.000000
1869.000000,2361.000000,1636.000000,2457.000000
1571.000000,2394.000000,1336.000000,2532.000000
813.000000,2003.000000,564.000000,2187.000000
2477.000000,2735.000000,2602.000000,2853.000000
4255.000000,3161.000000,3958.000000,3254.000000
2958.000000,580.000000,2723.000000,710.000000
4287.000000,2354.000000,4498.000000,2386.000000
419.000000,867.000000,453.000000,1128.000000
2.000000,2469.000000,125.000000,2503.000000
119.000000,876.000000,91.000000,1206.000000
1500.000000,1134.000000,1195.000000,1536.000000
3783.000000,866.000000,3711.000000,975.000000
785.000000,4804.000000,994.000000,5000.000000
2047.000000,2719.000000,2477.000000,2735.000000
3361.000000,117.000000,2919.000000,253.000000
2047.000000,2719.000000,2239.000000,2955.000000
2602.000000,2853.000000,2714.000000,3073.000000
1222.000000,202.000000,942.000000,289.000000
980.000000,3047.000000,840.000000,3153.000000
963.000000,1875.000000,1019.000000,1896.000000
2097.000000,2562.000000,2047.000000,2719.000000
397.000000,1805.000000,443.000000,1952.000000
4738.000000,2160.000000,4826.000000,2161.000000
206.000000,749.000000,133.000000,756.000000
3905.000000,2931.000000,3662.000000,3023.000000
2232.000000,635.000000,2194.000000,788.000000
1945.000000,4102.000000,1999.000000,4188.000000
4747.000000,2857.000000,4866.000000,2961.000000
3020.000000,2159.000000,3422.000000,2416.000000
3036.000000,1622.000000,2888.000000,1898.000000
840.000000,3153.000000,916.000000,3766.000000
2171.000000,187.000000,2251.000000,329.000000
2503.000000,4314.000000,2655.000000,4430.000000
4577.000000,3003.000000,4519.000000,3390.000000
119.000000,876.000000,327.000000,1075.000000
3205.000000,3308.000000,3274.000000,3478.000000
4306.000000,1681.000000,4204.000000,1878.000000
3469.000000,1620.000000,3318.000000,1701.000000
3983.000000,3845.000000,4215.000000,3862.000000
2444.000000,254.000000,2642.000000,394.000000
2423.000000,2493.000000,1970.000000,2511.000000
2919.000000,253.000000,2642.000000,394.000000
1395.000000,353.000000,1098.000000,623.000000
1370.000000,3952.000000,1783.000000,4120.000000
3653.000000,3060.000000,3228.000000,3264.000000
915.000000,598.000000,1039.000000,902.000000
1668.000000,3762.000000,1778.000000,3998.000000
1285.000000,152.000000,887.000000,272.000000
953.000000,1716.000000,1019.000000,1896.000000
2920.000000,7.000000,2919.000000,253.000000
2840.000000,1915.000000,2430.000000,2339.000000
1173.000000,4951.000000,1007.000000,4984.000000
785.000000,4804.000000,925.000000,4817.000000
3207.000000,1175.000000,3302.000000,1602.000000
2079.000000,4937.000000,1929.000000,5027.000000
2670.000000,3687.000000,2596.000000,3780.000000
3047.000000,4940.000000,3178.000000,4943.000000
1679.000000,1559.000000,1193.000000,1633.000000
4274.000000,706.000000,4282.000000,809.000000
3718.000000,6.000000,3732.000000,370.000000
3209.000000,2417.000000,3359.000000,2673.000000
1824.000000,225.000000,2022.000000,319.000000
2995.000000,4544.000000,3081.000000,4715.000000
2774.000000,276.000000,2642.000000,394.000000
1086.000000,3225.000000,927.000000,3394.000000
2779.000000,1304.000000,2388.000000,1326.000000
3877.000000,1758.000000,4233.000000,2138.000000
915.000000,598.000000,1098.000000,623.000000
3877.000000,3361.000000,3653.000000,3714.000000
1352.000000,138.000000,1323.000000,251.000000
3120.000000,663.000000,3298.000000,893.000000
3826.000000,4145.000000,4024.000000,4284.000000
1818.000000,590.000000,2068.000000,847.000000
4349.000000,3710.000000,4894.000000,3809.000000
2251.000000,329.000000,2270.000000,554.000000
2278.000000,1509.000000,2110.000000,1930.000000
864.000000,1327.000000,810.000000,1380.000000
1797.000000,3686.000000,1668.000000,3762.000000
1062.000000,4553.000000,1173.000000,4951.000000
2278.000000,1509.000000,2139.000000,1585.000000
1186.000000,2692.000000,980.000000,3047.000000
3292.000000,3712.000000,3653.000000,3714.000000
2658.000000,2279.000000,2752.000000,2731.000000
3207.000000,1175.000000,3236.000000,1176.000000
3185.000000,1964.000000,3530.000000,2042.000000
4916.000000,3064.000000,4908.000000,3107.000000
2479.000000,854.000000,2154.000000,1329.000000
2378.000000,504.000000,2232.000000,635.000000
915.000000,598.000000,1059.000000,633.000000
423.000000,3375.000000,107.000000,3849.000000
4255.000000,3161.000000,4347.000000,3563.000000
5016.000000,1400.000000,4673.000000,1481.000000
3178.000000,4943.000000,2996.000000,4989.000000
3211.000000,3845.000000,3088.000000,3856.000000
2554.000000,3616.000000,2640.000000,3645.000000
622.000000,2181.000000,651.000000,2322.000000
1668.000000,4490.000000,2079.000000,4937.000000
3185.000000,1964.000000,2966.000000,1991.000000
1783.000000,4120.000000,1423.000000,4130.000000
1729.000000,1387.000000,1708.000000,1502.000000
4219.000000,975.000000,4382.000000,1286.000000
2899.000000,3882.000000,3009.000000,4005.000000
4576.000000,4693.000000,4665.000000,4846.000000
4682.000000,4194.000000,4616.000000,4390.000000
1173.000000,4951.000000,994.000000,5000.000000
3718.000000,6.000000,4875.000000,258.000000
3053.000000,2715.000000,3000.000000,2789.000000
1162.000000,3825.000000,957.000000,3877.000000
2479.000000,854.000000,2807.000000,897.000000
4517.000000,1574.000000,4306.000000,1681.000000
3530.000000,2042.000000,3610.000000,2276.000000
1437.000000,917.000000,1750.000000,962.000000
3110.000000,2617.000000,3053.000000,2715.000000
4214.000000,1627.000000,4204.000000,1878.000000
456.000000,3117.000000,423.000000,3375.000000
293.000000,631.000000,419.000000,867.000000
2068.000000,847.000000,1750.000000,962.000000
4107.000000,3042.000000,4255.000000,3161.000000
3465.000000,256.000000,3612.000000,397.000000
204.000000,3838.000000,97.000000,3874.000000
314.000000,2274.000000,230.000000,2364.000000
2112.000000,1355.000000,2139.000000,1585.000000
361.000000,1860.000000,170.000000,1916.000000
3826.000000,4145.000000,3911.000000,4157.000000
4040.000000,2912.000000,4273.000000,2917.000000
414.000000,4674.000000,189.000000,4821.000000
2625.000000,3396.000000,2846.000000,3435.000000
3409.000000,2517.000000,3359.000000,2673.000000
3185.000000,1964.000000,3422.000000,2416.000000
4875.000000,258.000000,5016.000000,1400.000000
56.000000,1226.000000,2.000000,2469.000000
2108.000000,645.000000,2194.000000,788.000000
2840.000000,1915.000000,2110.000000,1930.000000
3361.000000,117.000000,3191.000000,424.000000
2602.000000,2853.000000,2239.000000,2955.000000
443.000000,1952.000000,633.000000,1975.000000
3209.000000,2417.000000,2911.000000,2445.000000
1162.000000,3825.000000,1370.000000,3952.000000
4268.000000,2880.000000,4273.000000,2917.000000
3211.000000,4460.000000,3261.000000,4645.000000
4673.000000,1481.000000,4975.000000,1654.000000
1423.000000,4130.000000,1062.000000,4553.000000
865.000000,2474.000000,586.000000,2698.000000
3236.000000,1176.000000,3854.000000,1320.000000
4761.000000,3907.000000,4414.000000,4344.000000
3938.000000,889.000000,4119.000000,921.000000
3058.000000,3721.000000,2899.000000,3882.000000
2958.000000,580.000000,3120.000000,663.000000
2006.000000,2163.000000,1869.000000,2361.000000
4862.000000,1199.000000,4382.000000,1286.000000
3191.000000,1079.000000,3236.000000,1176.000000
887.000000,272.000000,671.000000,595.000000
2807.000000,897.000000,2154.000000,1329.000000
1451.000000,1427.000000,1193.000000,1633.000000
1720.000000,2107.000000,1636.000000,2457.000000
484.000000,425.000000,671.000000,595.000000
1444.000000,3225.000000,1197.000000,3342.000000
785.000000,4804.000000,934.000000,4878.000000
2801.000000,3486.000000,2554.000000,3616.000000
994.000000,5000.000000,1929.000000,5027.000000
4193.000000,663.000000,4129.000000,788.000000
4498.000000,2386.000000,4533.000000,2568.000000
2002.000000,116.000000,1352.000000,138.000000
3533.000000,929.000000,3236.000000,1176.000000
1647.000000,1407.000000,1636.000000,1415.000000
2627.000000,4513.000000,2079.000000,4937.000000
891.000000,4363.000000,355.000000,4395.000000
3020.000000,2159.000000,2826.000000,2337.000000
1778.000000,3998.000000,1783.000000,4120.000000
4747.000000,2857.000000,4681.000000,2906.000000
397.000000,1805.000000,746.000000,1814.000000
297.000000,577.000000,277.000000,640.000000
1096.000000,1122.000000,1109.000000,1324.000000
627.000000,2172.000000,622.000000,2181.000000
3047.000000,4940.000000,2996.000000,4989.000000
1822.000000,2907.000000,2239.000000,2955.000000
819.000000,4164.000000,1064.000000,4267.000000
586.000000,2698.000000,497.000000,2901.000000
877.000000,986.000000,839.000000,1053.000000
1050.000000,3701.000000,1162.000000,3825.000000
3718.000000,6.000000,2920.000000,7.000000
325.000000,2958.000000,423.000000,3375.000000
2190.000000,4170.000000,2207.000000,4330.000000
2949.000000,1982.000000,3020.000000,2159.000000
2176.000000,67.000000,1895.000000,197.000000
3302.000000,1602.000000,3469.000000,1620.000000
3933.000000,329.000000,4142.000000,416.000000
4534.000000,651.000000,4862.000000,1199.000000
434.000000,2765.000000,325.000000,2958.000000
3688.000000,3736.000000,3770.000000,3878.000000
2244.000000,781.000000,2068.000000,847.000000
3228.000000,3264.000000,3650.000000,3283.000000
3389.000000,4745.000000,3540.000000,4752.000000
3583.000000,535.000000,3372.000000,779.000000
865.000000,4473.000000,895.000000,4675.000000
2921.000000,2500.000000,2919.000000,2681.000000
4665.000000,4846.000000,5019.000000,4904.000000
865.000000,4473.000000,1062.000000,4553.000000
4548.000000,2848.000000,4571.000000,2901.000000
3911.000000,4157.000000,3987.000000,4195.000000
980.000000,3047.000000,949.000000,3057.000000
2193.000000,4453.000000,2079.000000,4937.000000
214.000000,2304.000000,230.000000,2364.000000
361.000000,1860.000000,230.000000,2043.000000
4893.000000,2091.000000,4826.000000,2161.000000
4040.000000,2912.000000,4107.000000,3042.000000
1423.000000,4130.000000,1518.000000,4781.000000
957.000000,3877.000000,819.000000,4164.000000
1822.000000,2907.000000,2004.000000,3417.000000
1824.000000,225.000000,1818.000000,590.000000
1582.000000,1180.000000,1647.000000,1407.000000
2899.000000,3882.000000,2706.000000,3895.000000
3965.000000,914.000000,4119.000000,921.000000
1064.000000,4267.000000,1062.000000,4553.000000
1186.000000,2692.000000,1365.000000,2696.000000
925.000000,4817.000000,1173.000000,4951.000000
3009.000000,4005.000000,3093.000000,4097.000000
3261.000000,4645.000000,3081.000000,4715.000000
4571.000000,2901.000000,4427.000000,2986.000000
4273.000000,2917.000000,4255.000000,3161.000000
2004.000000,3417.000000,2197.000000,3688.000000
397.000000,1805.000000,633.000000,1975.000000
3718.000000,6.000000,3612.000000,397.000000
1189.000000,3544.000000,1668.000000,3762.000000
2695.000000,1508.000000,2278.000000,1509.000000
3009.000000,4005.000000,2981.000000,4184.000000
43.000000,1072.000000,2.000000,2469.000000
2995.000000,4544.000000,3049.000000,4695.000000
955.000000,2704.000000,980.000000,3047.000000
1668.000000,4490.000000,1694.000000,4921.000000
1636.000000,1415.000000,1661.000000,1474.000000
2430.000000,2339.000000,2481.000000,2360.000000
3843.000000,597.000000,4040.000000,648.000000
4287.000000,2354.000000,4401.000000,2399.000000
1783.000000,4120.000000,1890.000000,4267.000000
4024.000000,4284.000000,3529.000000,4827.000000
4255.000000,3161.000000,4519.000000,3390.000000
2176.000000,67.000000,1352.000000,138.000000
1496.000000,704.000000,1437.000000,917.000000
1285.000000,152.000000,1323.000000,251.000000
3389.000000,4745.000000,3529.000000,4827.000000
2642.000000,4986.000000,1929.000000,5027.000000
4227.000000,488.000000,4040.000000,648.000000
4024.000000,4284.000000,3540.000000,4752.000000
414.000000,4674.000000,497.000000,4911.000000
284.000000,1542.000000,165.000000,1720.000000
419.000000,867.000000,119.000000,876.000000
4414.000000,4344.000000,4838.000000,4526.000000
3372.000000,779.000000,3298.000000,893.000000
230.000000,2043.000000,377.000000,2099.000000
819.000000,4164.000000,722.000000,4173.000000
627.000000,2172.000000,564.000000,2187.000000
586.000000,2698.000000,434.000000,2765.000000
377.000000,2099.000000,564.000000,2187.000000
2313.000000,3745.000000,2596.000000,3780.000000
967.000000,1203.000000,864.000000,1327.000000
1708.000000,1502.000000,1679.000000,1559.000000
2313.000000,3745.000000,2581.000000,3746.000000
2982.000000,3807.000000,3088.000000,3856.000000
4975.000000,1654.000000,5013.000000,3862.000000
1604.000000,1407.000000,1636.000000,1415.000000
3335.000000,522.000000,3120.000000,663.000000
123.000000,2805.000000,92.000000,2932.000000
1582.000000,1180.000000,1604.000000,1407.000000
1999.000000,4188.000000,1890.000000,4267.000000
4761.000000,3907.000000,4682.000000,4194.000000
4227.000000,488.000000,4128.000000,703.000000
4784.000000,2473.000000,4991.000000,2807.000000
4682.000000,4194.000000,4414.000000,4344.000000
2363.000000,4831.000000,2079.000000,4937.000000
3036.000000,1622.000000,2840.000000,1915.000000
3650.000000,3283.000000,3834.000000,3333.000000
4249.000000,1490.000000,4517.000000,1574.000000
2723.000000,710.000000,2840.000000,929.000000
4233.000000,2138.000000,4287.000000,2354.000000
4498.000000,2386.000000,4298.000000,2546.000000
123.000000,2805.000000,325.000000,2958.000000
3688.000000,3736.000000,3983.000000,3845.000000
4878.000000,3515.000000,4894.000000,3809.000000
2022.000000,319.000000,1818.000000,590.000000
1104.000000,4180.000000,1064.000000,4267.000000
3983.000000,3845.000000,3911.000000,4157.000000
3191.000000,424.000000,3335.000000,522.000000
1955.000000,1376.000000,1729.000000,1387.000000
2171.000000,187.000000,2270.000000,554.000000
284.000000,1542.000000,361.000000,1860.000000
16.000000,244.000000,297.000000,577.000000
4274.000000,706.000000,4574.000000,796.000000
4249.000000,1490.000000,4306.000000,1681.000000
1496.000000,704.000000,1750.000000,962.000000
2154.000000,1329.000000,2278.000000,1509.000000
2877.000000,3221.000000,2625.000000,3396.000000
2176.000000,67.000000,2002.000000,116.000000
818.000000,4066.000000,731.000000,4095.000000
4517.000000,1574.000000,4245.000000,1843.000000
4747.000000,2857.000000,4682.000000,2861.000000
1098.000000,623.000000,1059.000000,633.000000
57.000000,2845.000000,92.000000,2932.000000
4574.000000,796.000000,4282.000000,809.000000
1694.000000,4921.000000,1929.000000,5027.000000
3656.000000,2275.000000,4287.000000,2354.000000
891.000000,4363.000000,1062.000000,4553.000000
2958.000000,580.000000,3108.000000,701.000000
3274.000000,3478.000000,3653.000000,3714.000000
3176.000000,1655.000000,3303.000000,1847.000000
4282.000000,809.000000,4119.000000,921.000000
2176.000000,67.000000,2294.000000,138.000000
189.000000,4821.000000,497.000000,4911.000000
957.000000,1992.000000,813.000000,2003.000000
1930.000000,1095.000000,2019.000000,1105.000000
4975.000000,1654.000000,4893.000000,2091.000000
3688.000000,3736.000000,3594.000000,3871.000000
2920.000000,7.000000,2774.000000,276.000000
3965.000000,914.000000,3711.000000,975.000000
443.000000,242.000000,349.000000,575.000000
1661.000000,1474.000000,1679.000000,1559.000000
4202.000000,622.000000,4193.000000,663.000000
957.000000,1992.000000,1026.000000,2348.000000
3974.000000,1503.000000,4109.000000,1505.000000
1171.000000,2409.000000,1186.000000,2692.000000
671.000000,595.000000,566.000000,694.000000
1498.000000,812.000000,1437.000000,917.000000
3081.000000,4715.000000,3262.000000,4874.000000
3056.000000,2326.000000,3422.000000,2416.000000
3049.000000,4695.000000,3081.000000,4715.000000
2753.000000,4525.000000,2995.000000,4544.000000
1444.000000,3225.000000,1831.000000,3292.000000
3993.000000,1238.000000,3974.000000,1503.000000
3040.000000,815.000000,2840.000000,929.000000
2779.000000,1304.000000,2742.000000,1322.000000
2554.000000,3616.000000,2197.000000,3688.000000
988.000000,3764.000000,1162.000000,3825.000000
1336.000000,2532.000000,1448.000000,2634.000000
443.000000,242.000000,484.000000,425.000000
865.000000,2474.000000,955.000000,2704.000000
1065.000000,4226.000000,1064.000000,4267.000000
2430.000000,2339.000000,1970.000000,2511.000000
3656.000000,2275.000000,4298.000000,2546.000000
3262.000000,4874.000000,3469.000000,4975.000000
4534.000000,651.000000,4574.000000,796.000000
4665.000000,1007.000000,4862.000000,1199.000000
443.000000,242.000000,16.000000,244.000000
2244.000000,781.000000,2479.000000,854.000000
4432.000000,4700.000000,4719.000000,4980.000000
1547.000000,1405.000000,1357.000000,1437.000000
1720.000000,2107.000000,1869.000000,2361.000000
2995.000000,4544.000000,3261.000000,4645.000000
4574.000000,796.000000,4534.000000,878.000000
497.000000,2901.000000,931.000000,3045.000000
3958.000000,3254.000000,4347.000000,3563.000000
2981.000000,4184.000000,2760.000000,4251.000000
4973.000000,3496.000000,5013.000000,3862.000000
2602.000000,2853.000000,2523.000000,3165.000000
3594.000000,3871.000000,3622.000000,4187.000000
4383.000000,308.000000,3933.000000,329.000000
1109.000000,1324.000000,864.000000,1327.000000
1984.000000,4598.000000,2079.000000,4937.000000
361.000000,1860.000000,443.000000,1952.000000
1797.000000,3686.000000,2197.000000,3688.000000
4838.000000,4526.000000,4974.000000,4667.000000
1193.000000,1633.000000,1684.000000,1997.000000
3987.000000,4195.000000,4177.000000,4206.000000
2723.000000,710.000000,2807.000000,897.000000
214.000000,2304.000000,2.000000,2469.000000
3405.000000,4588.000000,3389.000000,4745.000000
2890.000000,1111.000000,2779.000000,1304.000000
2110.000000,1930.000000,2430.000000,2339.000000
2920.000000,7.000000,2444.000000,254.000000
1365.000000,2696.000000,980.000000,3047.000000
4611.000000,4757.000000,4719.000000,4980.000000
1496.000000,704.000000,1259.000000,960.000000
2477.000000,2735.000000,2239.000000,2955.000000
4646.000000,4396.000000,4838.000000,4526.000000
1783.000000,4120.000000,1999.000000,4188.000000
2388.000000,1326.000000,2154.000000,1329.000000
4142.000000,416.000000,4227.000000,488.000000
4298.000000,2546.000000,4533.000000,2568.000000
3877.000000,1758.000000,3656.000000,2275.000000
1448.000000,2634.000000,1895.000000,2701.000000
3389.000000,3955.000000,3093.000000,4097.000000
1189.000000,3544.000000,1029.000000,3603.000000
