POINTS
168.000000,3.000000
4505.000000,21.000000
4768.000000,34.000000
2191.000000,44.000000
3124.000000,55.000000
2813.000000,56.000000
4661.000000,60.000000
270.000000,69.000000
4860.000000,73.000000
3173.000000,105.000000
991.000000,109.000000
107.000000,115.000000
2963.000000,124.000000
4356.000000,126.000000
1196.000000,135.000000
712.000000,146.000000
4158.000000,153.000000
2916.000000,169.000000
3409.000000,176.000000
1160.000000,178.000000
64.000000,179.000000
3860.000000,189.000000
2142.000000,204.000000
2341.000000,207.000000
55.000000,211.000000
243.000000,226.000000
3273.000000,229.000000
2489.000000,233.000000
2303.000000,260.000000
1906.000000,266.000000
3533.000000,276.000000
894.000000,285.000000
2283.000000,299.000000
3032.000000,299.000000
117.000000,318.000000
801.000000,364.000000
793.000000,372.000000
4626.000000,372.000000
2924.000000,393.000000
4905.000000,399.000000
3790.000000,412.000000
4084.000000,415.000000
1968.000000,440.000000
999.000000,474.000000
2026.000000,480.000000
2974.000000,498.000000
1975.000000,519.000000
2674.000000,520.000000
1517.000000,533.000000
84.000000,545.000000
4977.000000,553.000000
3035.000000,555.000000
2599.000000,575.000000
1030.000000,579.000000
2543.000000,602.000000
895.000000,605.000000
1681.000000,610.000000
4028.000000,622.000000
511.000000,636.000000
2398.000000,641.000000
1238.000000,649.000000
1065.000000,651.000000
1071.000000,678.000000
179.000000,694.000000
4479.000000,709.000000
950.000000,712.000000
4206.000000,738.000000
4392.000000,769.000000
615.000000,772.000000
4284.000000,772.000000
1610.000000,774.000000
4166.000000,777.000000
3758.000000,780.000000
3170.000000,815.000000
1545.000000,823.000000
3485.000000,831.000000
4268.000000,843.000000
2514.000000,859.000000
4800.000000,866.000000
779.000000,870.000000
3338.000000,880.000000
3881.000000,880.000000
233.000000,900.000000
2000.000000,909.000000
3721.000000,914.000000
500.000000,919.000000
3971.000000,947.000000
3519.000000,970.000000
4586.000000,986.000000
2972.000000,992.000000
1878.000000,997.000000
508.000000,998.000000
1644.000000,1002.000000
2420.000000,1032.000000
3383.000000,1045.000000
1512.000000,1051.000000
3213.000000,1054.000000
3158.000000,1056.000000
5037.000000,1066.000000
2334.000000,1068.000000
242.000000,1083.000000
4232.000000,1085.000000
3974.000000,1126.000000
3458.000000,1129.000000
884.000000,1133.000000
4012.000000,1143.000000
1851.000000,1159.000000
1522.000000,1160.000000
1626.000000,1160.000000
4842.000000,1161.000000
2399.000000,1174.000000
3665.000000,1185.000000
1728.000000,1190.000000
2955.000000,1205.000000
3741.000000,1210.000000
1423.000000,1241.000000
3039.000000,1245.000000
1226.000000,1247.000000
441.000000,1256.000000
2837.000000,1270.000000
775.000000,1277.000000
3566.000000,1289.000000
999.000000,1290.000000
576.000000,1295.000000
3915.000000,1355.000000
3502.000000,1361.000000
1624.000000,1364.000000
3708.000000,1376.000000
2931.000000,1379.000000
3227.000000,1383.000000
3113.000000,1399.000000
2569.000000,1414.000000
3759.000000,1424.000000
3864.000000,1429.000000
4110.000000,1447.000000
348.000000,1455.000000
3257.000000,1485.000000
637.000000,1507.000000
4143.000000,1511.000000
119.000000,1514.000000
178.000000,1517.000000
203.000000,1526.000000
2581.000000,1558.000000
4256.000000,1569.000000
3164.000000,1573.000000
4839.000000,1599.000000
263.000000,1615.000000
5037.000000,1617.000000
2449.000000,1624.000000
4757.000000,1629.000000
3203.000000,1636.000000
743.000000,1657.000000
1252.000000,1657.000000
3197.000000,1668.000000
609.000000,1680.000000
2652.000000,1721.000000
786.000000,1734.000000
3317.000000,1741.000000
16.000000,1753.000000
4952.000000,1756.000000
3348.000000,1758.000000
2099.000000,1765.000000
4711.000000,1783.000000
1397.000000,1796.000000
1324.000000,1800.000000
3207.000000,1801.000000
399.000000,1823.000000
1394.000000,1831.000000
315.000000,1851.000000
1145.000000,1854.000000
3239.000000,1858.000000
1216.000000,1861.000000
1537.000000,1866.000000
766.000000,1872.000000
1079.000000,1888.000000
175.000000,1889.000000
3180.000000,1893.000000
2004.000000,1901.000000
663.000000,1902.000000
1560.000000,1919.000000
4708.000000,1922.000000
3867.000000,1945.000000
4146.000000,1953.000000
3320.000000,1959.000000
1844.000000,1973.000000
4499.000000,1976.000000
3729.000000,1979.000000
1631.000000,1982.000000
1408.000000,2003.000000
3834.000000,2087.000000
1236.000000,2097.000000
4767.000000,2112.000000
4257.000000,2129.000000
2622.000000,2134.000000
3035.000000,2147.000000
3913.000000,2164.000000
756.000000,2177.000000
2600.000000,2182.000000
4956.000000,2186.000000
503.000000,2201.000000
4073.000000,2207.000000
1302.000000,2216.000000
643.000000,2231.000000
1189.000000,2244.000000
331.000000,2257.000000
2651.000000,2262.000000
4642.000000,2267.000000
4993.000000,2268.000000
215.000000,2271.000000
81.000000,2273.000000
1383.000000,2286.000000
1333.000000,2299.000000
4669.000000,2308.000000
106.000000,2321.000000
290.000000,2329.000000
3621.000000,2330.000000
3060.000000,2347.000000
4360.000000,2348.000000
1555.000000,2349.000000
1854.000000,2353.000000
3720.000000,2353.000000
380.000000,2364.000000
4782.000000,2367.000000
3413.000000,2371.000000
4494.000000,2373.000000
3410.000000,2383.000000
4713.000000,2387.000000
2848.000000,2390.000000
4498.000000,2396.000000
4551.000000,2396.000000
839.000000,2401.000000
2444.000000,2417.000000
3631.000000,2423.000000
1728.000000,2428.000000
2670.000000,2428.000000
1720.000000,2430.000000
1986.000000,2431.000000
758.000000,2435.000000
3788.000000,2447.000000
1432.000000,2452.000000
143.000000,2453.000000
1156.000000,2457.000000
4127.000000,2457.000000
3284.000000,2465.000000
225.000000,2468.000000
673.000000,2475.000000
1958.000000,2484.000000
3701.000000,2484.000000
2510.000000,2485.000000
701.000000,2490.000000
286.000000,2501.000000
3563.000000,2502.000000
1002.000000,2530.000000
2223.000000,2531.000000
2553.000000,2560.000000
4215.000000,2560.000000
3950.000000,2564.000000
2849.000000,2571.000000
3025.000000,2591.000000
749.000000,2592.000000
1480.000000,2603.000000
270.000000,2611.000000
3987.000000,2629.000000
759.000000,2635.000000
3500.000000,2640.000000
3596.000000,2657.000000
4507.000000,2666.000000
1591.000000,2668.000000
3398.000000,2671.000000
3521.000000,2672.000000
1941.000000,2708.000000
80.000000,2711.000000
5001.000000,2718.000000
1165.000000,2720.000000
3705.000000,2722.000000
2505.000000,2730.000000
160.000000,2742.000000
2580.000000,2805.000000
4076.000000,2833.000000
2055.000000,2834.000000
735.000000,2836.000000
2807.000000,2837.000000
2913.000000,2849.000000
3780.000000,2873.000000
4212.000000,2878.000000
1712.000000,2883.000000
4037.000000,2885.000000
567.000000,2891.000000
1274.000000,2895.000000
2001.000000,2914.000000
3278.000000,2932.000000
2633.000000,2936.000000
5052.000000,2975.000000
2241.000000,2980.000000
3042.000000,2982.000000
4277.000000,2984.000000
4822.000000,2985.000000
2401.000000,2986.000000
4933.000000,2988.000000
4661.000000,3008.000000
1090.000000,3014.000000
4100.000000,3030.000000
4488.000000,3037.000000
315.000000,3041.000000
4440.000000,3041.000000
4653.000000,3061.000000
3753.000000,3067.000000
369.000000,3069.000000
2652.000000,3074.000000
3210.000000,3074.000000
1376.000000,3077.000000
2851.000000,3088.000000
749.000000,3100.000000
2441.000000,3114.000000
2830.000000,3127.000000
4945.000000,3146.000000
298.000000,3161.000000
1102.000000,3162.000000
1147.000000,3166.000000
993.000000,3183.000000
304.000000,3189.000000
1218.000000,3212.000000
2697.000000,3235.000000
995.000000,3245.000000
5010.000000,3250.000000
4274.000000,3254.000000
2515.000000,3264.000000
1510.000000,3294.000000
4002.000000,3308.000000
4534.000000,3308.000000
3025.000000,3310.000000
4597.000000,3311.000000
4338.000000,3321.000000
962.000000,3329.000000
1210.000000,3330.000000
4583.000000,3333.000000
2411.000000,3335.000000
4591.000000,3336.000000
4910.000000,3336.000000
804.000000,3348.000000
4003.000000,3358.000000
3933.000000,3359.000000
3621.000000,3367.000000
3541.000000,3390.000000
2360.000000,3406.000000
2693.000000,3407.000000
2807.000000,3479.000000
3962.000000,3485.000000
3707.000000,3515.000000
3571.000000,3517.000000
3772.000000,3522.000000
1596.000000,3528.000000
2729.000000,3542.000000
3802.000000,3550.000000
3013.000000,3552.000000
5014.000000,3557.000000
4757.000000,3574.000000
985.000000,3593.000000
5030.000000,3610.000000
740.000000,3614.000000
4578.000000,3623.000000
2887.000000,3626.000000
4196.000000,3635.000000
306.000000,3650.000000
2413.000000,3654.000000
4896.000000,3658.000000
4969.000000,3676.000000
4764.000000,3688.000000
3671.000000,3718.000000
1987.000000,3727.000000
2000.000000,3739.000000
4848.000000,3747.000000
4407.000000,3750.000000
2320.000000,3758.000000
1386.000000,3760.000000
1900.000000,3768.000000
1479.000000,3769.000000
2196.000000,3773.000000
377.000000,3775.000000
147.000000,3778.000000
1737.000000,3788.000000
4914.000000,3797.000000
3609.000000,3803.000000
4323.000000,3819.000000
2270.000000,3855.000000
3612.000000,3857.000000
1417.000000,3876.000000
575.000000,3892.000000
212.000000,3900.000000
1198.000000,3904.000000
2824.000000,3907.000000
2998.000000,3909.000000
2857.000000,3954.000000
2202.000000,3961.000000
2361.000000,3970.000000
108.000000,3991.000000
331.000000,3999.000000
3418.000000,4016.000000
3680.000000,4020.000000
3314.000000,4042.000000
1805.000000,4048.000000
877.000000,4051.000000
1526.000000,4058.000000
2177.000000,4077.000000
4792.000000,4078.000000
3244.000000,4096.000000
2261.000000,4151.000000
5046.000000,4157.000000
3236.000000,4166.000000
2917.000000,4179.000000
1752.000000,4189.000000
261.000000,4190.000000
4007.000000,4191.000000
4326.000000,4211.000000
4070.000000,4217.000000
3101.000000,4219.000000
4629.000000,4222.000000
3240.000000,4226.000000
3524.000000,4226.000000
3567.000000,4229.000000
367.000000,4253.000000
4305.000000,4263.000000
3585.000000,4274.000000
1743.000000,4278.000000
4514.000000,4284.000000
3543.000000,4295.000000
4070.000000,4298.000000
2500.000000,4331.000000
4067.000000,4355.000000
3845.000000,4356.000000
2453.000000,4364.000000
1907.000000,4382.000000
4129.000000,4415.000000
2798.000000,4427.000000
29.000000,4435.000000
4403.000000,4436.000000
641.000000,4450.000000
1982.000000,4456.000000
3748.000000,4467.000000
4990.000000,4474.000000
3701.000000,4499.000000
4829.000000,4506.000000
4372.000000,4517.000000
1585.000000,4523.000000
4436.000000,4546.000000
3605.000000,4547.000000
4332.000000,4561.000000
2281.000000,4562.000000
726.000000,4563.000000
2961.000000,4563.000000
53.000000,4588.000000
1260.000000,4596.000000
3764.000000,4611.000000
1627.000000,4617.000000
1503.000000,4628.000000
3101.000000,4632.000000
2596.000000,4637.000000
2959.000000,4637.000000
1253.000000,4639.000000
2048.000000,4668.000000
2776.000000,4671.000000
353.000000,4678.000000
2405.000000,4683.000000
1742.000000,4685.000000
1679.000000,4688.000000
4080.000000,4697.000000
814.000000,4704.000000
4442.000000,4722.000000
895.000000,4726.000000
1454.000000,4755.000000
186.000000,4762.000000
4835.000000,4763.000000
5036.000000,4778.000000
786.000000,4792.000000
807.000000,4795.000000
4535.000000,4798.000000
3404.000000,4801.000000
588.000000,4806.000000
4558.000000,4814.000000
4919.000000,4815.000000
4980.000000,4843.000000
3709.000000,4860.000000
4465.000000,4864.000000
3308.000000,4885.000000
3136.000000,4896.000000
3495.000000,4904.000000
4911.000000,4911.000000
3579.000000,4920.000000
3512.000000,4931.000000
4891.000000,4931.000000
5021.000000,4936.000000
675.000000,4946.000000
1045.000000,4950.000000
2237.000000,4950.000000
72.000000,4961.000000
4826.000000,4963.000000
808.000000,4973.000000
1085.000000,4991.000000
3825.000000,4995.000000
2150.000000,4998.000000
3113.000000,5012.000000
4184.000000,5015.000000
3.000000,5021.000000
270.000000,5027.000000
2864.000000,5041.000000
582.000000,5058.000000
LINES
3273.000000,229.000000,3485.000000,831.000000
3790.000000,412.000000,4028.000000,622.000000
2099.000000,1765.000000,2622.000000,2134.000000
701.000000,2490.000000,749.000000,2592.000000
2505.000000,2730.000000,2580.000000,2805.000000
2670.000000,2428.000000,2553.000000,2560.000000
3759.000000,1424.000000,3864.000000,1429.000000
331.000000,2257.000000,215.000000,2271.000000
4360.000000,2348.000000,4127.000000,2457.000000
106.000000,2321.000000,225.000000,2468.000000
2202.000000,3961.000000,2177.000000,4077.000000
3563.000000,2502.000000,3596.000000,2657.000000
3867.000000,1945.000000,3729.000000,1979.000000
4653.000000,3061.000000,4597.000000,3311.000000
5052.000000,2975.000000,4933.000000,2988.000000
2001.000000,2914.000000,2241.000000,2980.000000
3748.000000,4467.000000,3825.000000,4995.000000
2048.000000,4668.000000,1742.000000,4685.000000
369.000000,3069.000000,298.000000,3161.000000
4232.000000,1085.000000,3915.000000,1355.000000
81.000000,2273.000000,106.000000,2321.000000
3383.000000,1045.000000,3213.000000,1054.000000
4323.000000,3819.000000,4305.000000,4263.000000
2320.000000,3758.000000,2196.000000,3773.000000
1423.000000,1241.000000,1226.000000,1247.000000
1982.000000,4456.000000,1585.000000,4523.000000
1631.000000,1982.000000,1854.000000,2353.000000
2729.000000,3542.000000,2824.000000,3907.000000
1712.000000,2883.000000,1274.000000,2895.000000
233.000000,900.000000,119.000000,1514.000000
3974.000000,1126.000000,3741.000000,1210.000000
3764.000000,4611.000000,3709.000000,4860.000000
995.000000,3245.000000,1210.000000,3330.000000
2974.000000,498.000000,3035.000000,555.000000
615.000000,772.000000,500.000000,919.000000
3.000000,5021.000000,582.000000,5058.000000
2569.000000,1414.000000,2099.000000,1765.000000
29.000000,4435.000000,353.000000,4678.000000
1510.000000,3294.000000,1479.000000,3769.000000
4919.000000,4815.000000,4980.000000,4843.000000
3210.000000,3074.000000,3013.000000,3552.000000
3124.000000,55.000000,3173.000000,105.000000
2917.000000,4179.000000,3101.000000,4219.000000
2553.000000,2560.000000,2580.000000,2805.000000
884.000000,1133.000000,1226.000000,1247.000000
3543.000000,4295.000000,2961.000000,4563.000000
1397.000000,1796.000000,1324.000000,1800.000000
4146.000000,1953.000000,4257.000000,2129.000000
3502.000000,1361.000000,3348.000000,1758.000000
1218.000000,3212.000000,1510.000000,3294.000000
1742.000000,4685.000000,1679.000000,4688.000000
4067.000000,4355.000000,3845.000000,4356.000000
1555.000000,2349.000000,1728.000000,2428.000000
1236.000000,2097.000000,1302.000000,2216.000000
3621.000000,3367.000000,3541.000000,3390.000000
991.000000,109.000000,894.000000,285.000000
147.000000,3778.000000,108.000000,3991.000000
143.000000,2453.000000,270.000000,2611.000000
3410.000000,2383.000000,3563.000000,2502.000000
290.000000,2329.000000,380.000000,2364.000000
3772.000000,3522.000000,3802.000000,3550.000000
3180.000000,1893.000000,3035.000000,2147.000000
4166.000000,777.000000,3971.000000,947.000000
2196.000000,3773.000000,2202.000000,3961.000000
4338.000000,3321.000000,4407.000000,3750.000000
3170.000000,815.000000,3158.000000,1056.000000
1147.000000,3166.000000,1218.000000,3212.000000
712.000000,146.000000,793.000000,372.000000
4323.000000,3819.000000,4326.000000,4211.000000
775.000000,1277.000000,999.000000,1290.000000
1644.000000,1002.000000,1512.000000,1051.000000
4514.000000,4284.000000,4829.000000,4506.000000
637.000000,1507.000000,609.000000,1680.000000
225.000000,2468.000000,286.000000,2501.000000
2600.000000,2182.000000,2651.000000,2262.000000
3035.000000,2147.000000,3060.000000,2347.000000
4076.000000,2833.000000,4212.000000,2878.000000
399.000000,1823.000000,315.000000,1851.000000
2420.000000,1032.000000,2837.000000,1270.000000
1728.000000,2428.000000,1720.000000,2430.000000
2729.000000,3542.000000,2361.000000,3970.000000
2553.000000,2560.000000,2505.000000,2730.000000
1975.000000,519.000000,2398.000000,641.000000
2580.000000,2805.000000,2401.000000,2986.000000
4499.000000,1976.000000,4642.000000,2267.000000
1560.000000,1919.000000,1408.000000,2003.000000
2776.000000,4671.000000,2405.000000,4683.000000
877.000000,4051.000000,641.000000,4450.000000
3495.000000,4904.000000,3579.000000,4920.000000
3025.000000,3310.000000,2807.000000,3479.000000
1986.000000,2431.000000,2223.000000,2531.000000
759.000000,2635.000000,567.000000,2891.000000
3308.000000,4885.000000,3113.000000,5012.000000
4591.000000,3336.000000,4578.000000,3623.000000
3605.000000,4547.000000,3308.000000,4885.000000
3035.000000,555.000000,3158.000000,1056.000000
80.000000,2711.000000,108.000000,3991.000000
4535.000000,4798.000000,4558.000000,4814.000000
1679.000000,4688.000000,1454.000000,4755.000000
3227.000000,1383.000000,3113.000000,1399.000000
2924.000000,393.000000,3035.000000,555.000000
756.000000,2177.000000,1002.000000,2530.000000
1253.000000,4639.000000,895.000000,4726.000000
2974.000000,498.000000,2674.000000,520.000000
2693.000000,3407.000000,2413.000000,3654.000000
1624.000000,1364.000000,2099.000000,1765.000000
2341.000000,207.000000,2489.000000,233.000000
3609.000000,3803.000000,3418.000000,4016.000000
3060.000000,2347.000000,3025.000000,2591.000000
2000.000000,3739.000000,2320.000000,3758.000000
740.000000,3614.000000,1198.000000,3904.000000
3971.000000,947.000000,4012.000000,1143.000000
2261.000000,4151.000000,2453.000000,4364.000000
179.000000,694.000000,233.000000,900.000000
380.000000,2364.000000,673.000000,2475.000000
1968.000000,440.000000,1975.000000,519.000000
758.000000,2435.000000,673.000000,2475.000000
2633.000000,2936.000000,2401.000000,2986.000000
884.000000,1133.000000,775.000000,1277.000000
3013.000000,3552.000000,3314.000000,4042.000000
2000.000000,909.000000,2334.000000,1068.000000
3605.000000,4547.000000,3579.000000,4920.000000
1728.000000,2428.000000,1958.000000,2484.000000
4232.000000,1085.000000,4012.000000,1143.000000
1968.000000,440.000000,2026.000000,480.000000
3124.000000,55.000000,2916.000000,169.000000
1030.000000,579.000000,1065.000000,651.000000
3213.000000,1054.000000,3458.000000,1129.000000
3136.000000,4896.000000,3113.000000,5012.000000
4110.000000,1447.000000,4143.000000,1511.000000
2191.000000,44.000000,2142.000000,204.000000
1198.000000,3904.000000,877.000000,4051.000000
4498.000000,2396.000000,4551.000000,2396.000000
801.000000,364.000000,793.000000,372.000000
2697.000000,3235.000000,2693.000000,3407.000000
4767.000000,2112.000000,4956.000000,2186.000000
4578.000000,3623.000000,4407.000000,3750.000000
1071.000000,678.000000,950.000000,712.000000
511.000000,636.000000,779.000000,870.000000
2177.000000,4077.000000,1982.000000,4456.000000
4129.000000,4415.000000,4332.000000,4561.000000
511.000000,636.000000,500.000000,919.000000
72.000000,4961.000000,3.000000,5021.000000
3962.000000,3485.000000,4196.000000,3635.000000
315.000000,3041.000000,298.000000,3161.000000
147.000000,3778.000000,331.000000,3999.000000
4070.000000,4217.000000,4305.000000,4263.000000
1720.000000,2430.000000,1591.000000,2668.000000
4028.000000,622.000000,4206.000000,738.000000
1975.000000,519.000000,2674.000000,520.000000
4757.000000,1629.000000,4499.000000,1976.000000
3825.000000,4995.000000,3113.000000,5012.000000
4782.000000,2367.000000,5001.000000,2718.000000
1252.000000,1657.000000,1216.000000,1861.000000
895.000000,4726.000000,807.000000,4795.000000
2177.000000,4077.000000,2453.000000,4364.000000
4514.000000,4284.000000,4436.000000,4546.000000
1238.000000,649.000000,1065.000000,651.000000
4002.000000,3308.000000,4003.000000,3358.000000
5014.000000,3557.000000,5030.000000,3610.000000
1324.000000,1800.000000,1216.000000,1861.000000
4642.000000,2267.000000,4494.000000,2373.000000
1512.000000,1051.000000,1626.000000,1160.000000
3244.000000,4096.000000,3240.000000,4226.000000
3273.000000,229.000000,4028.000000,622.000000
84.000000,545.000000,511.000000,636.000000
2000.000000,3739.000000,2196.000000,3773.000000
4143.000000,1511.000000,4146.000000,1953.000000
673.000000,2475.000000,759.000000,2635.000000
5030.000000,3610.000000,4969.000000,3676.000000
4977.000000,553.000000,4800.000000,866.000000
1302.000000,2216.000000,1854.000000,2353.000000
775.000000,1277.000000,786.000000,1734.000000
775.000000,1277.000000,576.000000,1295.000000
4129.000000,4415.000000,3748.000000,4467.000000
3458.000000,1129.000000,3502.000000,1361.000000
2444.000000,2417.000000,2510.000000,2485.000000
2283.000000,299.000000,1975.000000,519.000000
2361.000000,3970.000000,2261.000000,4151.000000
4003.000000,3358.000000,3962.000000,3485.000000
1253.000000,4639.000000,1454.000000,4755.000000
4012.000000,1143.000000,3741.000000,1210.000000
4891.000000,4931.000000,4826.000000,4963.000000
4206.000000,738.000000,4392.000000,769.000000
270.000000,69.000000,712.000000,146.000000
643.000000,2231.000000,331.000000,2257.000000
270.000000,5027.000000,582.000000,5058.000000
4767.000000,2112.000000,4782.000000,2367.000000
2851.000000,3088.000000,3025.000000,3310.000000
29.000000,4435.000000,641.000000,4450.000000
3500.000000,2640.000000,3210.000000,3074.000000
4586.000000,986.000000,4757.000000,1629.000000
1252.000000,1657.000000,1537.000000,1866.000000
1526.000000,4058.000000,1260.000000,4596.000000
4440.000000,3041.000000,4274.000000,3254.000000
2674.000000,520.000000,2599.000000,575.000000
2320.000000,3758.000000,2270.000000,3855.000000
3680.000000,4020.000000,4305.000000,4263.000000
4277.000000,2984.000000,4100.000000,3030.000000
4127.000000,2457.000000,3950.000000,2564.000000
4990.000000,4474.000000,4829.000000,4506.000000
3284.000000,2465.000000,3278.000000,2932.000000
962.000000,3329.000000,1210.000000,3330.000000
3101.000000,4632.000000,2959.000000,4637.000000
1160.000000,178.000000,894.000000,285.000000
1737.000000,3788.000000,1805.000000,4048.000000
894.000000,285.000000,801.000000,364.000000
749.000000,3100.000000,804.000000,3348.000000
786.000000,1734.000000,756.000000,2177.000000
1302.000000,2216.000000,1333.000000,2299.000000
1210.000000,3330.000000,1479.000000,3769.000000
1975.000000,519.000000,2334.000000,1068.000000
4757.000000,3574.000000,4764.000000,3688.000000
2580.000000,2805.000000,2807.000000,2837.000000
2633.000000,2936.000000,2851.000000,3088.000000
2553.000000,2560.000000,2807.000000,2837.000000
4551.000000,2396.000000,4507.000000,2666.000000
108.000000,3991.000000,367.000000,4253.000000
3170.000000,815.000000,3338.000000,880.000000
1480.000000,2603.000000,1274.000000,2895.000000
3113.000000,1399.000000,3257.000000,1485.000000
3845.000000,4356.000000,3748.000000,4467.000000
353.000000,4678.000000,588.000000,4806.000000
3314.000000,4042.000000,3244.000000,4096.000000
3418.000000,4016.000000,3543.000000,4295.000000
3521.000000,2672.000000,3780.000000,2873.000000
4993.000000,2268.000000,4782.000000,2367.000000
4215.000000,2560.000000,4440.000000,3041.000000
2824.000000,3907.000000,2917.000000,4179.000000
160.000000,2742.000000,315.000000,3041.000000
4952.000000,1756.000000,4993.000000,2268.000000
1071.000000,678.000000,884.000000,1133.000000
3609.000000,3803.000000,3314.000000,4042.000000
804.000000,3348.000000,985.000000,3593.000000
186.000000,4762.000000,72.000000,4961.000000
3348.000000,1758.000000,3729.000000,1979.000000
80.000000,2711.000000,160.000000,2742.000000
1720.000000,2430.000000,1432.000000,2452.000000
3500.000000,2640.000000,3753.000000,3067.000000
4848.000000,3747.000000,4914.000000,3797.000000
2000.000000,909.000000,1851.000000,1159.000000
4129.000000,4415.000000,4372.000000,4517.000000
4990.000000,4474.000000,5036.000000,4778.000000
3721.000000,914.000000,3519.000000,970.000000
331.000000,2257.000000,758.000000,2435.000000
3257.000000,1485.000000,3203.000000,1636.000000
3524.000000,4226.000000,3567.000000,4229.000000
3348.000000,1758.000000,3239.000000,1858.000000
4499.000000,1976.000000,4767.000000,2112.000000
4842.000000,1161.000000,4839.000000,1599.000000
4534.000000,3308.000000,4597.000000,3311.000000
4403.000000,4436.000000,4436.000000,4546.000000
2223.000000,2531.000000,2553.000000,2560.000000
895.000000,605.000000,779.000000,870.000000
243.000000,226.000000,511.000000,636.000000
1503.000000,4628.000000,1679.000000,4688.000000
2196.000000,3773.000000,2270.000000,3855.000000
4782.000000,2367.000000,4661.000000,3008.000000
1987.000000,3727.000000,1900.000000,3768.000000
3320.000000,1959.000000,3729.000000,1979.000000
1333.000000,2299.000000,1156.000000,2457.000000
1045.000000,4950.000000,808.000000,4973.000000
2453.000000,4364.000000,2281.000000,4562.000000
2444.000000,2417.000000,2223.000000,2531.000000
353.000000,4678.000000,186.000000,4762.000000
766.000000,1872.000000,756.000000,2177.000000
4839.000000,1599.000000,4952.000000,1756.000000
2202.000000,3961.000000,1805.000000,4048.000000
3533.000000,276.000000,4028.000000,622.000000
500.000000,919.000000,242.000000,1083.000000
3825.000000,4995.000000,2864.000000,5041.000000
1805.000000,4048.000000,1752.000000,4189.000000
1085.000000,4991.000000,582.000000,5058.000000
1503.000000,4628.000000,1454.000000,4755.000000
4158.000000,153.000000,4084.000000,415.000000
263.000000,1615.000000,399.000000,1823.000000
1165.000000,2720.000000,993.000000,3183.000000
4952.000000,1756.000000,4956.000000,2186.000000
315.000000,1851.000000,503.000000,2201.000000
4360.000000,2348.000000,4215.000000,2560.000000
1085.000000,4991.000000,2150.000000,4998.000000
4583.000000,3333.000000,4591.000000,3336.000000
2798.000000,4427.000000,2596.000000,4637.000000
4626.000000,372.000000,4479.000000,709.000000
2202.000000,3961.000000,2361.000000,3970.000000
3701.000000,2484.000000,3563.000000,2502.000000
3013.000000,3552.000000,2887.000000,3626.000000
2420.000000,1032.000000,2334.000000,1068.000000
1987.000000,3727.000000,1737.000000,3788.000000
1728.000000,2428.000000,1941.000000,2708.000000
16.000000,1753.000000,81.000000,2273.000000
2959.000000,4637.000000,2776.000000,4671.000000
4100.000000,3030.000000,4002.000000,3308.000000
4305.000000,4263.000000,4129.000000,4415.000000
2824.000000,3907.000000,2500.000000,4331.000000
4661.000000,3008.000000,4488.000000,3037.000000
4488.000000,3037.000000,4440.000000,3041.000000
1480.000000,2603.000000,1591.000000,2668.000000
2000.000000,3739.000000,1900.000000,3768.000000
4952.000000,1756.000000,5052.000000,2975.000000
2622.000000,2134.000000,3035.000000,2147.000000
1743.000000,4278.000000,1585.000000,4523.000000
1302.000000,2216.000000,1555.000000,2349.000000
2807.000000,2837.000000,2633.000000,2936.000000
4711.000000,1783.000000,4499.000000,1976.000000
1030.000000,579.000000,1238.000000,649.000000
2652.000000,3074.000000,2441.000000,3114.000000
4835.000000,4763.000000,4558.000000,4814.000000
270.000000,69.000000,64.000000,179.000000
985.000000,3593.000000,1198.000000,3904.000000
4158.000000,153.000000,4206.000000,738.000000
2398.000000,641.000000,2334.000000,1068.000000
3284.000000,2465.000000,3500.000000,2640.000000
4215.000000,2560.000000,3987.000000,2629.000000
1906.000000,266.000000,2026.000000,480.000000
4919.000000,4815.000000,4826.000000,4963.000000
3500.000000,2640.000000,3278.000000,2932.000000
3113.000000,1399.000000,2652.000000,1721.000000
2283.000000,299.000000,2674.000000,520.000000
1252.000000,1657.000000,1145.000000,1854.000000
3519.000000,970.000000,3383.000000,1045.000000
1610.000000,774.000000,1644.000000,1002.000000
4332.000000,4561.000000,4184.000000,5015.000000
369.000000,3069.000000,304.000000,3189.000000
1986.000000,2431.000000,2055.000000,2834.000000
441.000000,1256.000000,576.000000,1295.000000
3987.000000,2629.000000,4076.000000,2833.000000
779.000000,870.000000,775.000000,1277.000000
4822.000000,2985.000000,4945.000000,3146.000000
2924.000000,393.000000,2974.000000,498.000000
1906.000000,266.000000,1681.000000,610.000000
895.000000,605.000000,950.000000,712.000000
5046.000000,4157.000000,4829.000000,4506.000000
4792.000000,4078.000000,4629.000000,4222.000000
1479.000000,3769.000000,1526.000000,4058.000000
2581.000000,1558.000000,2652.000000,1721.000000
641.000000,4450.000000,726.000000,4563.000000
2099.000000,1765.000000,1844.000000,1973.000000
4284.000000,772.000000,4268.000000,843.000000
80.000000,2711.000000,147.000000,3778.000000
1537.000000,1866.000000,1560.000000,1919.000000
3383.000000,1045.000000,3458.000000,1129.000000
735.000000,2836.000000,749.000000,3100.000000
999.000000,474.000000,895.000000,605.000000
2961.000000,4563.000000,2959.000000,4637.000000
270.000000,2611.000000,759.000000,2635.000000
1252.000000,1657.000000,786.000000,1734.000000
4110.000000,1447.000000,4256.000000,1569.000000
3485.000000,831.000000,3338.000000,880.000000
4037.000000,2885.000000,4100.000000,3030.000000
3567.000000,4229.000000,3585.000000,4274.000000
814.000000,4704.000000,895.000000,4726.000000
3338.000000,880.000000,3383.000000,1045.000000
1596.000000,3528.000000,1987.000000,3727.000000
3035.000000,555.000000,2972.000000,992.000000
1274.000000,2895.000000,1102.000000,3162.000000
4158.000000,153.000000,4028.000000,622.000000
304.000000,3189.000000,306.000000,3650.000000
1274.000000,2895.000000,1376.000000,3077.000000
2600.000000,2182.000000,2444.000000,2417.000000
4507.000000,2666.000000,4440.000000,3041.000000
985.000000,3593.000000,1386.000000,3760.000000
1555.000000,2349.000000,1854.000000,2353.000000
3802.000000,3550.000000,4196.000000,3635.000000
2191.000000,44.000000,2813.000000,56.000000
3124.000000,55.000000,2813.000000,56.000000
3665.000000,1185.000000,3566.000000,1289.000000
263.000000,1615.000000,175.000000,1889.000000
3418.000000,4016.000000,2961.000000,4563.000000
1503.000000,4628.000000,1253.000000,4639.000000
1090.000000,3014.000000,993.000000,3183.000000
1851.000000,1159.000000,1728.000000,1190.000000
3519.000000,970.000000,3741.000000,1210.000000
5052.000000,2975.000000,4822.000000,2985.000000
1517.000000,533.000000,1545.000000,823.000000
3025.000000,2591.000000,2913.000000,2849.000000
2553.000000,2560.000000,3025.000000,2591.000000
4969.000000,3676.000000,5046.000000,4157.000000
2001.000000,2914.000000,1596.000000,3528.000000
1545.000000,823.000000,884.000000,1133.000000
4007.000000,4191.000000,4305.000000,4263.000000
1627.000000,4617.000000,1742.000000,4685.000000
4274.000000,3254.000000,4338.000000,3321.000000
4360.000000,2348.000000,4507.000000,2666.000000
3035.000000,555.000000,3170.000000,815.000000
1480.000000,2603.000000,1165.000000,2720.000000
1712.000000,2883.000000,2001.000000,2914.000000
4360.000000,2348.000000,4498.000000,2396.000000
4822.000000,2985.000000,4757.000000,3574.000000
3101.000000,4632.000000,2864.000000,5041.000000
839.000000,2401.000000,1002.000000,2530.000000
5052.000000,2975.000000,5046.000000,4157.000000
53.000000,4588.000000,186.000000,4762.000000
4597.000000,3311.000000,4578.000000,3623.000000
743.000000,1657.000000,786.000000,1734.000000
4257.000000,2129.000000,4360.000000,2348.000000
377.000000,3775.000000,641.000000,4450.000000
261.000000,4190.000000,29.000000,4435.000000
1560.000000,1919.000000,1302.000000,2216.000000
377.000000,3775.000000,367.000000,4253.000000
3320.000000,1959.000000,3035.000000,2147.000000
3845.000000,4356.000000,3701.000000,4499.000000
1975.000000,519.000000,2000.000000,909.000000
3788.000000,2447.000000,3596.000000,2657.000000
4956.000000,2186.000000,4993.000000,2268.000000
4442.000000,4722.000000,4535.000000,4798.000000
2191.000000,44.000000,1160.000000,178.000000
3915.000000,1355.000000,3864.000000,1429.000000
4256.000000,1569.000000,4146.000000,1953.000000
1878.000000,997.000000,1728.000000,1190.000000
5014.000000,3557.000000,4969.000000,3676.000000
106.000000,2321.000000,143.000000,2453.000000
3207.000000,1801.000000,3180.000000,1893.000000
993.000000,3183.000000,995.000000,3245.000000
2849.000000,2571.000000,3025.000000,2591.000000
3032.000000,299.000000,3035.000000,555.000000
2924.000000,393.000000,2674.000000,520.000000
2569.000000,1414.000000,2652.000000,1721.000000
3543.000000,4295.000000,3605.000000,4547.000000
2813.000000,56.000000,2916.000000,169.000000
3780.000000,2873.000000,3753.000000,3067.000000
4196.000000,3635.000000,4407.000000,3750.000000
4067.000000,4355.000000,3748.000000,4467.000000
4323.000000,3819.000000,4514.000000,4284.000000
1510.000000,3294.000000,1210.000000,3330.000000
2514.000000,859.000000,2420.000000,1032.000000
4800.000000,866.000000,4586.000000,986.000000
2281.000000,4562.000000,2405.000000,4683.000000
270.000000,2611.000000,160.000000,2742.000000
80.000000,2711.000000,304.000000,3189.000000
4274.000000,3254.000000,4003.000000,3358.000000
2514.000000,859.000000,2972.000000,992.000000
3680.000000,4020.000000,3524.000000,4226.000000
4661.000000,3008.000000,4440.000000,3041.000000
4757.000000,3574.000000,4969.000000,3676.000000
2813.000000,56.000000,2489.000000,233.000000
807.000000,4795.000000,808.000000,4973.000000
766.000000,1872.000000,663.000000,1902.000000
2998.000000,3909.000000,2917.000000,4179.000000
3788.000000,2447.000000,3950.000000,2564.000000
756.000000,2177.000000,839.000000,2401.000000
3612.000000,3857.000000,3680.000000,4020.000000
2241.000000,2980.000000,2441.000000,3114.000000
2361.000000,3970.000000,2500.000000,4331.000000
3210.000000,3074.000000,3609.000000,3803.000000
4822.000000,2985.000000,4933.000000,2988.000000
5037.000000,1066.000000,4842.000000,1161.000000
178.000000,1517.000000,263.000000,1615.000000
1743.000000,4278.000000,1982.000000,4456.000000
1302.000000,2216.000000,1189.000000,2244.000000
29.000000,4435.000000,53.000000,4588.000000
2824.000000,3907.000000,2596.000000,4637.000000
4070.000000,4217.000000,4070.000000,4298.000000
2916.000000,169.000000,3032.000000,299.000000
4305.000000,4263.000000,4403.000000,4436.000000
175.000000,1889.000000,215.000000,2271.000000
3158.000000,1056.000000,3458.000000,1129.000000
3753.000000,3067.000000,4002.000000,3308.000000
4822.000000,2985.000000,4910.000000,3336.000000
3621.000000,2330.000000,3060.000000,2347.000000
160.000000,2742.000000,304.000000,3189.000000
3101.000000,4219.000000,3240.000000,4226.000000
2505.000000,2730.000000,2401.000000,2986.000000
1510.000000,3294.000000,1596.000000,3528.000000
4440.000000,3041.000000,4653.000000,3061.000000
4661.000000,3008.000000,4653.000000,3061.000000
3317.000000,1741.000000,3348.000000,1758.000000
3566.000000,1289.000000,3502.000000,1361.000000
2972.000000,992.000000,2955.000000,1205.000000
4514.000000,4284.000000,4403.000000,4436.000000
1333.000000,2299.000000,1432.000000,2452.000000
353.000000,4678.000000,582.000000,5058.000000
4436.000000,4546.000000,4442.000000,4722.000000
3707.000000,3515.000000,3772.000000,3522.000000
999.000000,474.000000,1030.000000,579.000000
4436.000000,4546.000000,4332.000000,4561.000000
726.000000,4563.000000,814.000000,4704.000000
740.000000,3614.000000,877.000000,4051.000000
1252.000000,1657.000000,1324.000000,1800.000000
1555.000000,2349.000000,1720.000000,2430.000000
4835.000000,4763.000000,4919.000000,4815.000000
3240.000000,4226.000000,2961.000000,4563.000000
5052.000000,2975.000000,5010.000000,3250.000000
2599.000000,575.000000,2514.000000,859.000000
4626.000000,372.000000,4206.000000,738.000000
3741.000000,1210.000000,3708.000000,1376.000000
2963.000000,124.000000,2916.000000,169.000000
2917.000000,4179.000000,2596.000000,4637.000000
3101.000000,4632.000000,3136.000000,4896.000000
3239.000000,1858.000000,3729.000000,1979.000000
270.000000,2611.000000,567.000000,2891.000000
3915.000000,1355.000000,3759.000000,1424.000000
701.000000,2490.000000,1165.000000,2720.000000
4910.000000,3336.000000,5014.000000,3557.000000
3113.000000,1399.000000,3164.000000,1573.000000
3621.000000,3367.000000,3571.000000,3517.000000
503.000000,2201.000000,643.000000,2231.000000
186.000000,4762.000000,3.000000,5021.000000
5010.000000,3250.000000,5014.000000,3557.000000
2514.000000,859.000000,2334.000000,1068.000000
793.000000,372.000000,999.000000,474.000000
675.000000,4946.000000,808.000000,4973.000000
2202.000000,3961.000000,2261.000000,4151.000000
1627.000000,4617.000000,1679.000000,4688.000000
286.000000,2501.000000,270.000000,2611.000000
3864.000000,1429.000000,4110.000000,1447.000000
2569.000000,1414.000000,2581.000000,1558.000000
2004.000000,1901.000000,1844.000000,1973.000000
2398.000000,641.000000,2514.000000,859.000000
575.000000,3892.000000,641.000000,4450.000000
4277.000000,2984.000000,4002.000000,3308.000000
4839.000000,1599.000000,4757.000000,1629.000000
3748.000000,4467.000000,3701.000000,4499.000000
884.000000,1133.000000,999.000000,1290.000000
4206.000000,738.000000,4284.000000,772.000000
3278.000000,2932.000000,3210.000000,3074.000000
1545.000000,823.000000,1512.000000,1051.000000
331.000000,3999.000000,367.000000,4253.000000
993.000000,3183.000000,962.000000,3329.000000
3236.000000,4166.000000,3240.000000,4226.000000
511.000000,636.000000,615.000000,772.000000
3502.000000,1361.000000,3759.000000,1424.000000
2599.000000,575.000000,2543.000000,602.000000
4284.000000,772.000000,4166.000000,777.000000
4911.000000,4911.000000,5021.000000,4936.000000
3273.000000,229.000000,3338.000000,880.000000
4305.000000,4263.000000,4372.000000,4517.000000
2974.000000,498.000000,2599.000000,575.000000
895.000000,605.000000,511.000000,636.000000
2830.000000,3127.000000,2697.000000,3235.000000
3413.000000,2371.000000,3410.000000,2383.000000
3720.000000,2353.000000,3701.000000,2484.000000
637.000000,1507.000000,263.000000,1615.000000
3665.000000,1185.000000,3708.000000,1376.000000
2887.000000,3626.000000,2824.000000,3907.000000
4764.000000,3688.000000,4848.000000,3747.000000
4842.000000,1161.000000,4757.000000,1629.000000
55.000000,211.000000,117.000000,318.000000
4896.000000,3658.000000,4848.000000,3747.000000
1198.000000,3904.000000,641.000000,4450.000000
2622.000000,2134.000000,3060.000000,2347.000000
4597.000000,3311.000000,4583.000000,3333.000000
3485.000000,831.000000,3519.000000,970.000000
2633.000000,2936.000000,2652.000000,3074.000000
2959.000000,4637.000000,2864.000000,5041.000000
2191.000000,44.000000,1906.000000,266.000000
673.000000,2475.000000,701.000000,2490.000000
2913.000000,2849.000000,3278.000000,2932.000000
2026.000000,480.000000,1975.000000,519.000000
263.000000,1615.000000,609.000000,1680.000000
3025.000000,2591.000000,2807.000000,2837.000000
726.000000,4563.000000,1260.000000,4596.000000
2961.000000,4563.000000,2776.000000,4671.000000
3207.000000,1801.000000,3239.000000,1858.000000
3605.000000,4547.000000,3101.000000,4632.000000
2776.000000,4671.000000,2237.000000,4950.000000
3971.000000,947.000000,4232.000000,1085.000000
740.000000,3614.000000,377.000000,3775.000000
3039.000000,1245.000000,2837.000000,1270.000000
1854.000000,2353.000000,1986.000000,2431.000000
4215.000000,2560.000000,4212.000000,2878.000000
1479.000000,3769.000000,1805.000000,4048.000000
1079.000000,1888.000000,1236.000000,2097.000000
3860.000000,189.000000,4084.000000,415.000000
3308.000000,4885.000000,3579.000000,4920.000000
4196.000000,3635.000000,3680.000000,4020.000000
663.000000,1902.000000,503.000000,2201.000000
3987.000000,2629.000000,4037.000000,2885.000000
4713.000000,2387.000000,4507.000000,2666.000000
4002.000000,3308.000000,3933.000000,3359.000000
756.000000,2177.000000,1189.000000,2244.000000
3458.000000,1129.000000,3227.000000,1383.000000
4586.000000,986.000000,4842.000000,1161.000000
4277.000000,2984.000000,4274.000000,3254.000000
4392.000000,769.000000,4232.000000,1085.000000
3278.000000,2932.000000,3042.000000,2982.000000
1752.000000,4189.000000,1585.000000,4523.000000
3759.000000,1424.000000,4146.000000,1953.000000
2813.000000,56.000000,2674.000000,520.000000
2411.000000,3335.000000,2693.000000,3407.000000
2622.000000,2134.000000,2600.000000,2182.000000
3605.000000,4547.000000,2961.000000,4563.000000
1555.000000,2349.000000,1432.000000,2452.000000
369.000000,3069.000000,804.000000,3348.000000
3308.000000,4885.000000,3512.000000,4931.000000
3502.000000,1361.000000,3227.000000,1383.000000
3320.000000,1959.000000,3060.000000,2347.000000
3933.000000,3359.000000,3962.000000,3485.000000
4257.000000,2129.000000,4127.000000,2457.000000
743.000000,1657.000000,609.000000,1680.000000
1610.000000,774.000000,2000.000000,909.000000
5036.000000,4778.000000,4980.000000,4843.000000
808.000000,4973.000000,582.000000,5058.000000
168.000000,3.000000,712.000000,146.000000
2693.000000,3407.000000,2729.000000,3542.000000
4578.000000,3623.000000,4848.000000,3747.000000
2652.000000,3074.000000,2515.000000,3264.000000
1397.000000,1796.000000,1394.000000,1831.000000
4980.000000,4843.000000,5021.000000,4936.000000
4642.000000,2267.000000,4713.000000,2387.000000
3164.000000,1573.000000,3203.000000,1636.000000
1324.000000,1800.000000,1408.000000,2003.000000
2237.000000,4950.000000,2150.000000,4998.000000
2444.000000,2417.000000,2553.000000,2560.000000
441.000000,1256.000000,637.000000,1507.000000
1454.000000,4755.000000,1085.000000,4991.000000
2444.000000,2417.000000,1986.000000,2431.000000
64.000000,179.000000,55.000000,211.000000
84.000000,545.000000,179.000000,694.000000
5037.000000,1617.000000,4952.000000,1756.000000
3025.000000,3310.000000,3013.000000,3552.000000
1900.000000,3768.000000,1737.000000,3788.000000
3913.000000,2164.000000,3720.000000,2353.000000
1805.000000,4048.000000,1526.000000,4058.000000
4080.000000,4697.000000,4184.000000,5015.000000
1752.000000,4189.000000,1743.000000,4278.000000
64.000000,179.000000,117.000000,318.000000
2931.000000,1379.000000,2569.000000,1414.000000
3788.000000,2447.000000,3705.000000,2722.000000
2674.000000,520.000000,2398.000000,641.000000
4215.000000,2560.000000,4277.000000,2984.000000
107.000000,115.000000,64.000000,179.000000
263.000000,1615.000000,663.000000,1902.000000
756.000000,2177.000000,503.000000,2201.000000
2622.000000,2134.000000,1986.000000,2431.000000
1324.000000,1800.000000,1394.000000,1831.000000
5036.000000,4778.000000,5021.000000,4936.000000
4070.000000,4298.000000,4129.000000,4415.000000
2569.000000,1414.000000,2449.000000,1624.000000
168.000000,3.000000,2191.000000,44.000000
4465.000000,4864.000000,4184.000000,5015.000000
2670.000000,2428.000000,2510.000000,2485.000000
3317.000000,1741.000000,3207.000000,1801.000000
4708.000000,1922.000000,4767.000000,2112.000000
3458.000000,1129.000000,3665.000000,1185.000000
2270.000000,3855.000000,2202.000000,3961.000000
1156.000000,2457.000000,1002.000000,2530.000000
5046.000000,4157.000000,4990.000000,4474.000000
2693.000000,3407.000000,2807.000000,3479.000000
2489.000000,233.000000,2674.000000,520.000000
807.000000,4795.000000,675.000000,4946.000000
1156.000000,2457.000000,1480.000000,2603.000000
4356.000000,126.000000,4158.000000,153.000000
4980.000000,4843.000000,4911.000000,4911.000000
2998.000000,3909.000000,2857.000000,3954.000000
3709.000000,4860.000000,3579.000000,4920.000000
2241.000000,2980.000000,2401.000000,2986.000000
4338.000000,3321.000000,4583.000000,3333.000000
4534.000000,3308.000000,4338.000000,3321.000000
2360.000000,3406.000000,1987.000000,3727.000000
3701.000000,4499.000000,3764.000000,4611.000000
4782.000000,2367.000000,4507.000000,2666.000000
1517.000000,533.000000,1610.000000,774.000000
991.000000,109.000000,1160.000000,178.000000
4792.000000,4078.000000,4514.000000,4284.000000
1517.000000,533.000000,1681.000000,610.000000
4392.000000,769.000000,4268.000000,843.000000
2651.000000,2262.000000,2670.000000,2428.000000
701.000000,2490.000000,759.000000,2635.000000
999.000000,474.000000,1238.000000,649.000000
441.000000,1256.000000,348.000000,1455.000000
4905.000000,399.000000,4977.000000,553.000000
1198.000000,3904.000000,1526.000000,4058.000000
2837.000000,1270.000000,2569.000000,1414.000000
4037.000000,2885.000000,3753.000000,3067.000000
4911.000000,4911.000000,4891.000000,4931.000000
991.000000,109.000000,1196.000000,135.000000
4768.000000,34.000000,4626.000000,372.000000
2505.000000,2730.000000,2055.000000,2834.000000
1196.000000,135.000000,1160.000000,178.000000
1071.000000,678.000000,1545.000000,823.000000
2441.000000,3114.000000,2411.000000,3335.000000
1878.000000,997.000000,1851.000000,1159.000000
3210.000000,3074.000000,3541.000000,3390.000000
261.000000,4190.000000,367.000000,4253.000000
2807.000000,2837.000000,2913.000000,2849.000000
759.000000,2635.000000,1165.000000,2720.000000
1324.000000,1800.000000,1236.000000,2097.000000
1975.000000,519.000000,1610.000000,774.000000
4767.000000,2112.000000,4642.000000,2267.000000
1198.000000,3904.000000,1260.000000,4596.000000
3409.000000,176.000000,4028.000000,622.000000
3.000000,5021.000000,270.000000,5027.000000
4499.000000,1976.000000,4257.000000,2129.000000
1189.000000,2244.000000,1333.000000,2299.000000
2652.000000,3074.000000,2830.000000,3127.000000
756.000000,2177.000000,758.000000,2435.000000
1210.000000,3330.000000,1386.000000,3760.000000
2824.000000,3907.000000,2998.000000,3909.000000
1854.000000,2353.000000,1728.000000,2428.000000
369.000000,3069.000000,306.000000,3650.000000
643.000000,2231.000000,758.000000,2435.000000
2830.000000,3127.000000,2693.000000,3407.000000
786.000000,4792.000000,588.000000,4806.000000
1906.000000,266.000000,1968.000000,440.000000
1216.000000,1861.000000,1236.000000,2097.000000
1844.000000,1973.000000,1854.000000,2353.000000
1333.000000,2299.000000,1480.000000,2603.000000
81.000000,2273.000000,80.000000,2711.000000
3035.000000,555.000000,2599.000000,575.000000
4507.000000,2666.000000,4661.000000,3008.000000
4839.000000,1599.000000,5037.000000,1617.000000
1712.000000,2883.000000,1596.000000,3528.000000
2596.000000,4637.000000,2776.000000,4671.000000
4442.000000,4722.000000,4835.000000,4763.000000
2776.000000,4671.000000,2150.000000,4998.000000
3790.000000,412.000000,4084.000000,415.000000
3136.000000,4896.000000,2864.000000,5041.000000
1085.000000,4991.000000,2864.000000,5041.000000
2955.000000,1205.000000,2837.000000,1270.000000
4073.000000,2207.000000,4127.000000,2457.000000
4206.000000,738.000000,4166.000000,777.000000
3284.000000,2465.000000,3025.000000,2591.000000
726.000000,4563.000000,895.000000,4726.000000
3113.000000,1399.000000,3035.000000,2147.000000
4326.000000,4211.000000,4514.000000,4284.000000
2420.000000,1032.000000,2569.000000,1414.000000
1681.000000,610.000000,1610.000000,774.000000
1432.000000,2452.000000,1591.000000,2668.000000
3621.000000,2330.000000,3720.000000,2353.000000
2055.000000,2834.000000,1712.000000,2883.000000
4792.000000,4078.000000,5046.000000,4157.000000
2177.000000,4077.000000,2261.000000,4151.000000
3524.000000,4226.000000,3543.000000,4295.000000
1545.000000,823.000000,1644.000000,1002.000000
80.000000,2711.000000,3.000000,5021.000000
4505.000000,21.000000,4158.000000,153.000000
2972.000000,992.000000,3158.000000,1056.000000
3705.000000,2722.000000,4037.000000,2885.000000
1752.000000,4189.000000,1260.000000,4596.000000
3418.000000,4016.000000,3244.000000,4096.000000
1631.000000,1982.000000,1302.000000,2216.000000
3284.000000,2465.000000,3398.000000,2671.000000
4012.000000,1143.000000,3915.000000,1355.000000
3705.000000,2722.000000,3780.000000,2873.000000
4332.000000,4561.000000,4080.000000,4697.000000
3950.000000,2564.000000,4037.000000,2885.000000
4338.000000,3321.000000,4578.000000,3623.000000
503.000000,2201.000000,331.000000,2257.000000
5001.000000,2718.000000,4661.000000,3008.000000
1102.000000,3162.000000,993.000000,3183.000000
348.000000,1455.000000,637.000000,1507.000000
3881.000000,880.000000,3519.000000,970.000000
3404.000000,4801.000000,3308.000000,4885.000000
588.000000,4806.000000,582.000000,5058.000000
575.000000,3892.000000,877.000000,4051.000000
3834.000000,2087.000000,3720.000000,2353.000000
3729.000000,1979.000000,3834.000000,2087.000000
1147.000000,3166.000000,993.000000,3183.000000
3596.000000,2657.000000,3705.000000,2722.000000
3605.000000,4547.000000,3764.000000,4611.000000
735.000000,2836.000000,993.000000,3183.000000
2142.000000,204.000000,2283.000000,299.000000
1624.000000,1364.000000,1537.000000,1866.000000
3860.000000,189.000000,3790.000000,412.000000
3701.000000,2484.000000,3596.000000,2657.000000
2000.000000,3739.000000,2202.000000,3961.000000
4196.000000,3635.000000,4305.000000,4263.000000
2489.000000,233.000000,2283.000000,299.000000
4256.000000,1569.000000,4499.000000,1976.000000
2652.000000,1721.000000,2622.000000,2134.000000
2652.000000,3074.000000,2697.000000,3235.000000
3409.000000,176.000000,3860.000000,189.000000
119.000000,1514.000000,16.000000,1753.000000
3753.000000,3067.000000,3541.000000,3390.000000
3113.000000,5012.000000,2864.000000,5041.000000
4232.000000,1085.000000,4110.000000,1447.000000
4626.000000,372.000000,4905.000000,399.000000
1090.000000,3014.000000,1102.000000,3162.000000
1417.000000,3876.000000,1198.000000,3904.000000
1260.000000,4596.000000,1253.000000,4639.000000
2360.000000,3406.000000,2320.000000,3758.000000
2360.000000,3406.000000,2413.000000,3654.000000
3834.000000,2087.000000,3621.000000,2330.000000
225.000000,2468.000000,270.000000,2611.000000
3519.000000,970.000000,3665.000000,1185.000000
1238.000000,649.000000,1071.000000,678.000000
508.000000,998.000000,775.000000,1277.000000
1982.000000,4456.000000,1742.000000,4685.000000
4215.000000,2560.000000,4507.000000,2666.000000
2600.000000,2182.000000,2510.000000,2485.000000
1526.000000,4058.000000,1752.000000,4189.000000
4822.000000,2985.000000,4597.000000,3311.000000
3881.000000,880.000000,3721.000000,914.000000
2729.000000,3542.000000,2887.000000,3626.000000
348.000000,1455.000000,263.000000,1615.000000
4127.000000,2457.000000,4215.000000,2560.000000
3758.000000,780.000000,3881.000000,880.000000
993.000000,3183.000000,804.000000,3348.000000
2913.000000,2849.000000,2851.000000,3088.000000
4534.000000,3308.000000,4583.000000,3333.000000
4839.000000,1599.000000,4711.000000,1783.000000
4669.000000,2308.000000,4713.000000,2387.000000
3338.000000,880.000000,3519.000000,970.000000
1878.000000,997.000000,1644.000000,1002.000000
3521.000000,2672.000000,3753.000000,3067.000000
4372.000000,4517.000000,4332.000000,4561.000000
4933.000000,2988.000000,4945.000000,3146.000000
508.000000,998.000000,441.000000,1256.000000
3124.000000,55.000000,3860.000000,189.000000
3410.000000,2383.000000,3500.000000,2640.000000
367.000000,4253.000000,29.000000,4435.000000
999.000000,1290.000000,1252.000000,1657.000000
615.000000,772.000000,779.000000,870.000000
1591.000000,2668.000000,1712.000000,2883.000000
3579.000000,4920.000000,3825.000000,4995.000000
895.000000,4726.000000,1045.000000,4950.000000
2420.000000,1032.000000,2399.000000,1174.000000
3933.000000,3359.000000,3772.000000,3522.000000
3500.000000,2640.000000,3521.000000,2672.000000
1854.000000,2353.000000,1958.000000,2484.000000
786.000000,1734.000000,663.000000,1902.000000
3039.000000,1245.000000,3227.000000,1383.000000
4767.000000,2112.000000,4993.000000,2268.000000
1002.000000,2530.000000,1165.000000,2720.000000
4822.000000,2985.000000,4661.000000,3008.000000
4479.000000,709.000000,4392.000000,769.000000
3567.000000,4229.000000,3543.000000,4295.000000
3585.000000,4274.000000,3543.000000,4295.000000
3197.000000,1668.000000,3180.000000,1893.000000
567.000000,2891.000000,315.000000,3041.000000
962.000000,3329.000000,804.000000,3348.000000
4007.000000,4191.000000,3845.000000,4356.000000
377.000000,3775.000000,877.000000,4051.000000
4305.000000,4263.000000,4514.000000,4284.000000
4945.000000,3146.000000,5010.000000,3250.000000
3764.000000,4611.000000,3825.000000,4995.000000
3164.000000,1573.000000,3197.000000,1668.000000
1805.000000,4048.000000,2177.000000,4077.000000
242.000000,1083.000000,348.000000,1455.000000
2798.000000,4427.000000,2776.000000,4671.000000
242.000000,1083.000000,119.000000,1514.000000
3284.000000,2465.000000,2913.000000,2849.000000
4839.000000,1599.000000,4708.000000,1922.000000
3571.000000,3517.000000,3671.000000,3718.000000
441.000000,1256.000000,775.000000,1277.000000
4326.000000,4211.000000,4305.000000,4263.000000
1987.000000,3727.000000,2320.000000,3758.000000
4578.000000,3623.000000,4323.000000,3819.000000
4442.000000,4722.000000,4558.000000,4814.000000
500.000000,919.000000,508.000000,998.000000
3621.000000,3367.000000,3772.000000,3522.000000
2729.000000,3542.000000,2413.000000,3654.000000
1626.000000,1160.000000,1624.000000,1364.000000
3502.000000,1361.000000,3197.000000,1668.000000
4392.000000,769.000000,4586.000000,986.000000
2001.000000,2914.000000,2441.000000,3114.000000
3621.000000,2330.000000,3413.000000,2371.000000
380.000000,2364.000000,270.000000,2611.000000
4829.000000,4506.000000,4980.000000,4843.000000
1252.000000,1657.000000,1397.000000,1796.000000
3971.000000,947.000000,3974.000000,1126.000000
3398.000000,2671.000000,3278.000000,2932.000000
3788.000000,2447.000000,4127.000000,2457.000000
775.000000,1277.000000,743.000000,1657.000000
615.000000,772.000000,508.000000,998.000000
1147.000000,3166.000000,995.000000,3245.000000
5046.000000,4157.000000,4514.000000,4284.000000
1851.000000,1159.000000,1624.000000,1364.000000
2223.000000,2531.000000,2505.000000,2730.000000
1210.000000,3330.000000,985.000000,3593.000000
4629.000000,4222.000000,4514.000000,4284.000000
1624.000000,1364.000000,1252.000000,1657.000000
2798.000000,4427.000000,2961.000000,4563.000000
3173.000000,105.000000,3273.000000,229.000000
1218.000000,3212.000000,1210.000000,3330.000000
4768.000000,34.000000,4860.000000,73.000000
243.000000,226.000000,117.000000,318.000000
2453.000000,4364.000000,2596.000000,4637.000000
4919.000000,4815.000000,4465.000000,4864.000000
3585.000000,4274.000000,3845.000000,4356.000000
4835.000000,4763.000000,4980.000000,4843.000000
641.000000,4450.000000,786.000000,4792.000000
1610.000000,774.000000,1545.000000,823.000000
3933.000000,3359.000000,3621.000000,3367.000000
3227.000000,1383.000000,3257.000000,1485.000000
160.000000,2742.000000,298.000000,3161.000000
233.000000,900.000000,500.000000,919.000000
2281.000000,4562.000000,2596.000000,4637.000000
3273.000000,229.000000,3035.000000,555.000000
81.000000,2273.000000,3.000000,5021.000000
380.000000,2364.000000,758.000000,2435.000000
3404.000000,4801.000000,3495.000000,4904.000000
1160.000000,178.000000,1517.000000,533.000000
2191.000000,44.000000,3124.000000,55.000000
1156.000000,2457.000000,1165.000000,2720.000000
2514.000000,859.000000,2837.000000,1270.000000
1432.000000,2452.000000,1480.000000,2603.000000
2004.000000,1901.000000,1986.000000,2431.000000
2651.000000,2262.000000,2848.000000,2390.000000
3418.000000,4016.000000,3680.000000,4020.000000
786.000000,4792.000000,807.000000,4795.000000
4028.000000,622.000000,4166.000000,777.000000
168.000000,3.000000,991.000000,109.000000
3060.000000,2347.000000,3410.000000,2383.000000
377.000000,3775.000000,575.000000,3892.000000
306.000000,3650.000000,147.000000,3778.000000
55.000000,211.000000,119.000000,1514.000000
839.000000,2401.000000,758.000000,2435.000000
1644.000000,1002.000000,1626.000000,1160.000000
4919.000000,4815.000000,4891.000000,4931.000000
1386.000000,3760.000000,1479.000000,3769.000000
735.000000,2836.000000,567.000000,2891.000000
175.000000,1889.000000,81.000000,2273.000000
380.000000,2364.000000,759.000000,2635.000000
3239.000000,1858.000000,3320.000000,1959.000000
4977.000000,553.000000,4479.000000,709.000000
2099.000000,1765.000000,2004.000000,1901.000000
3101.000000,4219.000000,2798.000000,4427.000000
2177.000000,4077.000000,2281.000000,4562.000000
80.000000,2711.000000,29.000000,4435.000000
2998.000000,3909.000000,3236.000000,4166.000000
348.000000,1455.000000,178.000000,1517.000000
3748.000000,4467.000000,4184.000000,5015.000000
1253.000000,4639.000000,1045.000000,4950.000000
1941.000000,2708.000000,2055.000000,2834.000000
16.000000,1753.000000,3.000000,5021.000000
2824.000000,3907.000000,2361.000000,3970.000000
353.000000,4678.000000,270.000000,5027.000000
4479.000000,709.000000,4206.000000,738.000000
2411.000000,3335.000000,1987.000000,3727.000000
1585.000000,4523.000000,1627.000000,4617.000000
4268.000000,843.000000,4232.000000,1085.000000
1596.000000,3528.000000,1737.000000,3788.000000
1145.000000,1854.000000,1236.000000,2097.000000
1907.000000,4382.000000,1982.000000,4456.000000
2913.000000,2849.000000,3042.000000,2982.000000
4338.000000,3321.000000,4003.000000,3358.000000
3748.000000,4467.000000,3764.000000,4611.000000
609.000000,1680.000000,663.000000,1902.000000
143.000000,2453.000000,225.000000,2468.000000
4826.000000,4963.000000,4184.000000,5015.000000
814.000000,4704.000000,786.000000,4792.000000
1545.000000,823.000000,1226.000000,1247.000000
3197.000000,1668.000000,3317.000000,1741.000000
4494.000000,2373.000000,4551.000000,2396.000000
2099.000000,1765.000000,1986.000000,2431.000000
786.000000,1734.000000,1145.000000,1854.000000
4860.000000,73.000000,4905.000000,399.000000
2281.000000,4562.000000,2048.000000,4668.000000
712.000000,146.000000,894.000000,285.000000
4257.000000,2129.000000,4073.000000,2207.000000
4158.000000,153.000000,3860.000000,189.000000
3748.000000,4467.000000,4332.000000,4561.000000
3060.000000,2347.000000,3284.000000,2465.000000
1851.000000,1159.000000,2099.000000,1765.000000
2303.000000,260.000000,2283.000000,299.000000
2633.000000,2936.000000,2441.000000,3114.000000
2851.000000,3088.000000,2830.000000,3127.000000
3680.000000,4020.000000,3567.000000,4229.000000
3124.000000,55.000000,3273.000000,229.000000
2580.000000,2805.000000,2633.000000,2936.000000
3035.000000,555.000000,3338.000000,880.000000
2341.000000,207.000000,2283.000000,299.000000
3512.000000,4931.000000,3825.000000,4995.000000
306.000000,3650.000000,377.000000,3775.000000
1079.000000,1888.000000,1189.000000,2244.000000
29.000000,4435.000000,588.000000,4806.000000
839.000000,2401.000000,701.000000,2490.000000
4822.000000,2985.000000,5010.000000,3250.000000
1160.000000,178.000000,999.000000,474.000000
740.000000,3614.000000,306.000000,3650.000000
1274.000000,2895.000000,1090.000000,3014.000000
2697.000000,3235.000000,2515.000000,3264.000000
4268.000000,843.000000,3971.000000,947.000000
3881.000000,880.000000,3971.000000,947.000000
712.000000,146.000000,243.000000,226.000000
4848.000000,3747.000000,5046.000000,4157.000000
2729.000000,3542.000000,3013.000000,3552.000000
2191.000000,44.000000,1196.000000,135.000000
3039.000000,1245.000000,3113.000000,1399.000000
1454.000000,4755.000000,2150.000000,4998.000000
2510.000000,2485.000000,2553.000000,2560.000000
2670.000000,2428.000000,2849.000000,2571.000000
5037.000000,1066.000000,5052.000000,2975.000000
4407.000000,3750.000000,4323.000000,3819.000000
1397.000000,1796.000000,1537.000000,1866.000000
108.000000,3991.000000,331.000000,3999.000000
675.000000,4946.000000,582.000000,5058.000000
4037.000000,2885.000000,4002.000000,3308.000000
3867.000000,1945.000000,3913.000000,2164.000000
999.000000,1290.000000,1624.000000,1364.000000
290.000000,2329.000000,225.000000,2468.000000
2177.000000,4077.000000,1907.000000,4382.000000
1728.000000,2428.000000,1591.000000,2668.000000
2142.000000,204.000000,1906.000000,266.000000
701.000000,2490.000000,1002.000000,2530.000000
108.000000,3991.000000,261.000000,4190.000000
3825.000000,4995.000000,4184.000000,5015.000000
2449.000000,1624.000000,2099.000000,1765.000000
108.000000,3991.000000,29.000000,4435.000000
3596.000000,2657.000000,3780.000000,2873.000000
3720.000000,2353.000000,3788.000000,2447.000000
4782.000000,2367.000000,4713.000000,2387.000000
1986.000000,2431.000000,1958.000000,2484.000000
3753.000000,3067.000000,3621.000000,3367.000000
5001.000000,2718.000000,5052.000000,2975.000000
4494.000000,2373.000000,4498.000000,2396.000000
3013.000000,3552.000000,3609.000000,3803.000000
3708.000000,1376.000000,3759.000000,1424.000000
1512.000000,1051.000000,1522.000000,1160.000000
3348.000000,1758.000000,3207.000000,1801.000000
1383.000000,2286.000000,1432.000000,2452.000000
4166.000000,777.000000,3881.000000,880.000000
1712.000000,2883.000000,1510.000000,3294.000000
2001.000000,2914.000000,2411.000000,3335.000000
3042.000000,2982.000000,3210.000000,3074.000000
895.000000,4726.000000,808.000000,4973.000000
2191.000000,44.000000,2303.000000,260.000000
637.000000,1507.000000,743.000000,1657.000000
759.000000,2635.000000,735.000000,2836.000000
4360.000000,2348.000000,4494.000000,2373.000000
4498.000000,2396.000000,4507.000000,2666.000000
233.000000,900.000000,242.000000,1083.000000
3042.000000,2982.000000,2851.000000,3088.000000
4993.000000,2268.000000,5001.000000,2718.000000
1065.000000,651.000000,1071.000000,678.000000
3124.000000,55.000000,2963.000000,124.000000
3124.000000,55.000000,3032.000000,299.000000
2674.000000,520.000000,2543.000000,602.000000
814.000000,4704.000000,807.000000,4795.000000
4392.000000,769.000000,4110.000000,1447.000000
3413.000000,2371.000000,3631.000000,2423.000000
2813.000000,56.000000,2341.000000,207.000000
3404.000000,4801.000000,3579.000000,4920.000000
84.000000,545.000000,233.000000,900.000000
1987.000000,3727.000000,2000.000000,3739.000000
29.000000,4435.000000,3.000000,5021.000000
2099.000000,1765.000000,1631.000000,1982.000000
117.000000,318.000000,84.000000,545.000000
4007.000000,4191.000000,4070.000000,4298.000000
3707.000000,3515.000000,3571.000000,3517.000000
779.000000,870.000000,508.000000,998.000000
4007.000000,4191.000000,4067.000000,4355.000000
1517.000000,533.000000,1238.000000,649.000000
4127.000000,2457.000000,3987.000000,2629.000000
270.000000,69.000000,243.000000,226.000000
4440.000000,3041.000000,4534.000000,3308.000000
3158.000000,1056.000000,3039.000000,1245.000000
801.000000,364.000000,999.000000,474.000000
1479.000000,3769.000000,1417.000000,3876.000000
4067.000000,4355.000000,4129.000000,4415.000000
4757.000000,3574.000000,4896.000000,3658.000000
3101.000000,4219.000000,2961.000000,4563.000000
2776.000000,4671.000000,2864.000000,5041.000000
4070.000000,4298.000000,4067.000000,4355.000000
3962.000000,3485.000000,3772.000000,3522.000000
1596.000000,3528.000000,1479.000000,3769.000000
4848.000000,3747.000000,4792.000000,4078.000000
4642.000000,2267.000000,4782.000000,2367.000000
3759.000000,1424.000000,4143.000000,1511.000000
5037.000000,1066.000000,4839.000000,1599.000000
3621.000000,3367.000000,3707.000000,3515.000000
270.000000,2611.000000,315.000000,3041.000000
3571.000000,3517.000000,3609.000000,3803.000000
315.000000,1851.000000,663.000000,1902.000000
3039.000000,1245.000000,2931.000000,1379.000000
4070.000000,4217.000000,4129.000000,4415.000000
4642.000000,2267.000000,4360.000000,2348.000000
4076.000000,2833.000000,4037.000000,2885.000000
3158.000000,1056.000000,2955.000000,1205.000000
4479.000000,709.000000,4586.000000,986.000000
3410.000000,2383.000000,3284.000000,2465.000000
4757.000000,1629.000000,4711.000000,1783.000000
3170.000000,815.000000,3213.000000,1054.000000
1479.000000,3769.000000,1198.000000,3904.000000
3500.000000,2640.000000,3596.000000,2657.000000
84.000000,545.000000,119.000000,1514.000000
1260.000000,4596.000000,895.000000,4726.000000
212.000000,3900.000000,331.000000,3999.000000
641.000000,4450.000000,588.000000,4806.000000
567.000000,2891.000000,369.000000,3069.000000
3671.000000,3718.000000,3680.000000,4020.000000
895.000000,605.000000,1065.000000,651.000000
511.000000,636.000000,233.000000,900.000000
215.000000,2271.000000,225.000000,2468.000000
4829.000000,4506.000000,4436.000000,4546.000000
1423.000000,1241.000000,1624.000000,1364.000000
3418.000000,4016.000000,3314.000000,4042.000000
5001.000000,2718.000000,4822.000000,2985.000000
243.000000,226.000000,793.000000,372.000000
1906.000000,266.000000,1517.000000,533.000000
3273.000000,229.000000,3533.000000,276.000000
2223.000000,2531.000000,2055.000000,2834.000000
4184.000000,5015.000000,2864.000000,5041.000000
3308.000000,4885.000000,3136.000000,4896.000000
2334.000000,1068.000000,2399.000000,1174.000000
2270.000000,3855.000000,2361.000000,3970.000000
3500.000000,2640.000000,3541.000000,3390.000000
4073.000000,2207.000000,3720.000000,2353.000000
4708.000000,1922.000000,4499.000000,1976.000000
759.000000,2635.000000,993.000000,3183.000000
3566.000000,1289.000000,3759.000000,1424.000000
2837.000000,1270.000000,2931.000000,1379.000000
3720.000000,2353.000000,3631.000000,2423.000000
5046.000000,4157.000000,4629.000000,4222.000000
380.000000,2364.000000,286.000000,2501.000000
1986.000000,2431.000000,1941.000000,2708.000000
4822.000000,2985.000000,4653.000000,3061.000000
3585.000000,4274.000000,3701.000000,4499.000000
3950.000000,2564.000000,3987.000000,2629.000000
2917.000000,4179.000000,2798.000000,4427.000000
641.000000,4450.000000,1260.000000,4596.000000
1743.000000,4278.000000,1907.000000,4382.000000
4977.000000,553.000000,5037.000000,1066.000000
995.000000,3245.000000,962.000000,3329.000000
3458.000000,1129.000000,3566.000000,1289.000000
1226.000000,1247.000000,999.000000,1290.000000
4578.000000,3623.000000,4764.000000,3688.000000
4338.000000,3321.000000,3962.000000,3485.000000
304.000000,3189.000000,147.000000,3778.000000
3680.000000,4020.000000,4007.000000,4191.000000
3759.000000,1424.000000,3867.000000,1945.000000
147.000000,3778.000000,212.000000,3900.000000
3671.000000,3718.000000,3612.000000,3857.000000
4757.000000,3574.000000,4578.000000,3623.000000
3962.000000,3485.000000,4407.000000,3750.000000
4356.000000,126.000000,4626.000000,372.000000
2961.000000,4563.000000,3101.000000,4632.000000
4586.000000,986.000000,4110.000000,1447.000000
1522.000000,1160.000000,1626.000000,1160.000000
4505.000000,21.000000,4661.000000,60.000000
2824.000000,3907.000000,2857.000000,3954.000000
2651.000000,2262.000000,2510.000000,2485.000000
5010.000000,3250.000000,5030.000000,3610.000000
4196.000000,3635.000000,4323.000000,3819.000000
5037.000000,1617.000000,5052.000000,2975.000000
950.000000,712.000000,779.000000,870.000000
1189.000000,2244.000000,1002.000000,2530.000000
756.000000,2177.000000,643.000000,2231.000000
168.000000,3.000000,64.000000,179.000000
2399.000000,1174.000000,2099.000000,1765.000000
4332.000000,4561.000000,4442.000000,4722.000000
3609.000000,3803.000000,3612.000000,3857.000000
4146.000000,1953.000000,4499.000000,1976.000000
2191.000000,44.000000,991.000000,109.000000
270.000000,69.000000,117.000000,318.000000
1805.000000,4048.000000,1907.000000,4382.000000
4535.000000,4798.000000,4465.000000,4864.000000
1982.000000,4456.000000,2281.000000,4562.000000
3701.000000,4499.000000,3605.000000,4547.000000
3519.000000,970.000000,3458.000000,1129.000000
186.000000,4762.000000,270.000000,5027.000000
2807.000000,3479.000000,2729.000000,3542.000000
1958.000000,2484.000000,1941.000000,2708.000000
243.000000,226.000000,84.000000,545.000000
4969.000000,3676.000000,4914.000000,3797.000000
29.000000,4435.000000,186.000000,4762.000000
168.000000,3.000000,107.000000,115.000000
290.000000,2329.000000,286.000000,2501.000000
2001.000000,2914.000000,1987.000000,3727.000000
1236.000000,2097.000000,1189.000000,2244.000000
793.000000,372.000000,511.000000,636.000000
4465.000000,4864.000000,4826.000000,4963.000000
3631.000000,2423.000000,3563.000000,2502.000000
2916.000000,169.000000,2924.000000,393.000000
4007.000000,4191.000000,4070.000000,4217.000000
4277.000000,2984.000000,4440.000000,3041.000000
2449.000000,1624.000000,2622.000000,2134.000000
726.000000,4563.000000,786.000000,4792.000000
2651.000000,2262.000000,2849.000000,2571.000000
3867.000000,1945.000000,4073.000000,2207.000000
3802.000000,3550.000000,3671.000000,3718.000000
1383.000000,2286.000000,1333.000000,2299.000000
2931.000000,1379.000000,3113.000000,1399.000000
2334.000000,1068.000000,1851.000000,1159.000000
4274.000000,3254.000000,4534.000000,3308.000000
3213.000000,1054.000000,3158.000000,1056.000000
3203.000000,1636.000000,3197.000000,1668.000000
609.000000,1680.000000,786.000000,1734.000000
377.000000,3775.000000,331.000000,3999.000000
1522.000000,1160.000000,1423.000000,1241.000000
2807.000000,3479.000000,3013.000000,3552.000000
2543.000000,602.000000,2398.000000,641.000000
2283.000000,299.000000,2026.000000,480.000000
4215.000000,2560.000000,4076.000000,2833.000000
4822.000000,2985.000000,4969.000000,3676.000000
4488.000000,3037.000000,4653.000000,3061.000000
168.000000,3.000000,270.000000,69.000000
1900.000000,3768.000000,1805.000000,4048.000000
3579.000000,4920.000000,3512.000000,4931.000000
4256.000000,1569.000000,4757.000000,1629.000000
3741.000000,1210.000000,3915.000000,1355.000000
2652.000000,3074.000000,2851.000000,3088.000000
4661.000000,60.000000,4626.000000,372.000000
4829.000000,4506.000000,4442.000000,4722.000000
2596.000000,4637.000000,2405.000000,4683.000000
758.000000,2435.000000,701.000000,2490.000000
4158.000000,153.000000,4626.000000,372.000000
1394.000000,1831.000000,1560.000000,1919.000000
1712.000000,2883.000000,1376.000000,3077.000000
3788.000000,2447.000000,3701.000000,2484.000000
2813.000000,56.000000,2963.000000,124.000000
3032.000000,299.000000,2924.000000,393.000000
1065.000000,651.000000,950.000000,712.000000
2413.000000,3654.000000,2361.000000,3970.000000
2998.000000,3909.000000,3244.000000,4096.000000
1728.000000,1190.000000,1624.000000,1364.000000
749.000000,2592.000000,1165.000000,2720.000000
1679.000000,4688.000000,2150.000000,4998.000000
1071.000000,678.000000,779.000000,870.000000
1585.000000,4523.000000,1260.000000,4596.000000
2505.000000,2730.000000,2001.000000,2914.000000
2401.000000,2986.000000,2441.000000,3114.000000
3236.000000,4166.000000,2917.000000,4179.000000
1376.000000,3077.000000,1147.000000,3166.000000
4076.000000,2833.000000,4100.000000,3030.000000
3748.000000,4467.000000,4080.000000,4697.000000
3974.000000,1126.000000,4012.000000,1143.000000
3239.000000,1858.000000,3180.000000,1893.000000
2972.000000,992.000000,2837.000000,1270.000000
1941.000000,2708.000000,1712.000000,2883.000000
4403.000000,4436.000000,4372.000000,4517.000000
2413.000000,3654.000000,2320.000000,3758.000000
1906.000000,266.000000,1975.000000,519.000000
576.000000,1295.000000,637.000000,1507.000000
3631.000000,2423.000000,3701.000000,2484.000000
4896.000000,3658.000000,4914.000000,3797.000000
331.000000,2257.000000,290.000000,2329.000000
3621.000000,2330.000000,3631.000000,2423.000000
786.000000,1734.000000,766.000000,1872.000000
2405.000000,4683.000000,2237.000000,4950.000000
2001.000000,2914.000000,2401.000000,2986.000000
3571.000000,3517.000000,3802.000000,3550.000000
2341.000000,207.000000,2303.000000,260.000000
3541.000000,3390.000000,3571.000000,3517.000000
2500.000000,4331.000000,2453.000000,4364.000000
3418.000000,4016.000000,3240.000000,4226.000000
1627.000000,4617.000000,1503.000000,4628.000000
3612.000000,3857.000000,3418.000000,4016.000000
1512.000000,1051.000000,1226.000000,1247.000000
3502.000000,1361.000000,3257.000000,1485.000000
203.000000,1526.000000,263.000000,1615.000000
3180.000000,1893.000000,3320.000000,1959.000000
215.000000,2271.000000,106.000000,2321.000000
4028.000000,622.000000,3485.000000,831.000000
3541.000000,3390.000000,3609.000000,3803.000000
3418.000000,4016.000000,3524.000000,4226.000000
1537.000000,1866.000000,1631.000000,1982.000000
53.000000,4588.000000,3.000000,5021.000000
4829.000000,4506.000000,4835.000000,4763.000000
1644.000000,1002.000000,1728.000000,1190.000000
808.000000,4973.000000,1085.000000,4991.000000
1238.000000,649.000000,1545.000000,823.000000
1102.000000,3162.000000,1147.000000,3166.000000
4212.000000,2878.000000,4277.000000,2984.000000
3671.000000,3718.000000,3609.000000,3803.000000
3971.000000,947.000000,3519.000000,970.000000
588.000000,4806.000000,675.000000,4946.000000
1900.000000,3768.000000,2202.000000,3961.000000
2142.000000,204.000000,2026.000000,480.000000
1394.000000,1831.000000,1408.000000,2003.000000
3210.000000,3074.000000,2851.000000,3088.000000
3257.000000,1485.000000,3164.000000,1573.000000
4829.000000,4506.000000,5036.000000,4778.000000
242.000000,1083.000000,441.000000,1256.000000
3197.000000,1668.000000,3207.000000,1801.000000
3101.000000,4632.000000,3308.000000,4885.000000
4910.000000,3336.000000,4969.000000,3676.000000
508.000000,998.000000,242.000000,1083.000000
2864.000000,5041.000000,582.000000,5058.000000
16.000000,1753.000000,175.000000,1889.000000
2500.000000,4331.000000,2596.000000,4637.000000
3709.000000,4860.000000,3825.000000,4995.000000
315.000000,1851.000000,215.000000,2271.000000
2857.000000,3954.000000,2917.000000,4179.000000
2320.000000,3758.000000,2361.000000,3970.000000
119.000000,1514.000000,178.000000,1517.000000
178.000000,1517.000000,203.000000,1526.000000
377.000000,3775.000000,147.000000,3778.000000
3257.000000,1485.000000,3197.000000,1668.000000
4661.000000,60.000000,4356.000000,126.000000
5010.000000,3250.000000,4910.000000,3336.000000
2848.000000,2390.000000,2849.000000,2571.000000
3729.000000,1979.000000,3060.000000,2347.000000
4860.000000,73.000000,4977.000000,553.000000
1480.000000,2603.000000,1712.000000,2883.000000
3164.000000,1573.000000,3180.000000,1893.000000
3158.000000,1056.000000,3227.000000,1383.000000
3950.000000,2564.000000,3705.000000,2722.000000
2449.000000,1624.000000,2652.000000,1721.000000
2581.000000,1558.000000,2449.000000,1624.000000
2916.000000,169.000000,2674.000000,520.000000
2887.000000,3626.000000,3314.000000,4042.000000
1479.000000,3769.000000,1737.000000,3788.000000
1030.000000,579.000000,895.000000,605.000000
1742.000000,4685.000000,2150.000000,4998.000000
1147.000000,3166.000000,1210.000000,3330.000000
775.000000,1277.000000,637.000000,1507.000000
1844.000000,1973.000000,1631.000000,1982.000000
663.000000,1902.000000,756.000000,2177.000000
4505.000000,21.000000,3124.000000,55.000000
4257.000000,2129.000000,4642.000000,2267.000000
735.000000,2836.000000,369.000000,3069.000000
3244.000000,4096.000000,3236.000000,4166.000000
1585.000000,4523.000000,1742.000000,4685.000000
894.000000,285.000000,999.000000,474.000000
5037.000000,1066.000000,5037.000000,1617.000000
4076.000000,2833.000000,4277.000000,2984.000000
749.000000,3100.000000,993.000000,3183.000000
4143.000000,1511.000000,4256.000000,1569.000000
263.000000,1615.000000,16.000000,1753.000000
5021.000000,4936.000000,4826.000000,4963.000000
4896.000000,3658.000000,4764.000000,3688.000000
4626.000000,372.000000,4977.000000,553.000000
999.000000,474.000000,1517.000000,533.000000
786.000000,1734.000000,1079.000000,1888.000000
3210.000000,3074.000000,3025.000000,3310.000000
1975.000000,519.000000,1681.000000,610.000000
1560.000000,1919.000000,1631.000000,1982.000000
4505.000000,21.000000,2191.000000,44.000000
804.000000,3348.000000,740.000000,3614.000000
3720.000000,2353.000000,4127.000000,2457.000000
2142.000000,204.000000,2303.000000,260.000000
4597.000000,3311.000000,4591.000000,3336.000000
3124.000000,55.000000,3035.000000,555.000000
1417.000000,3876.000000,1526.000000,4058.000000
511.000000,636.000000,179.000000,694.000000
4479.000000,709.000000,4800.000000,866.000000
999.000000,1290.000000,786.000000,1734.000000
2004.000000,1901.000000,1854.000000,2353.000000
2830.000000,3127.000000,3025.000000,3310.000000
5030.000000,3610.000000,5046.000000,4157.000000
3915.000000,1355.000000,4110.000000,1447.000000
786.000000,4792.000000,675.000000,4946.000000
1145.000000,1854.000000,1079.000000,1888.000000
3867.000000,1945.000000,4146.000000,1953.000000
3758.000000,780.000000,3721.000000,914.000000
3729.000000,1979.000000,3621.000000,2330.000000
1728.000000,2428.000000,1712.000000,2883.000000
1165.000000,2720.000000,1090.000000,3014.000000
4993.000000,2268.000000,5052.000000,2975.000000
1626.000000,1160.000000,1728.000000,1190.000000
4597.000000,3311.000000,4757.000000,3574.000000
4558.000000,4814.000000,4919.000000,4815.000000
1408.000000,2003.000000,1302.000000,2216.000000
2599.000000,575.000000,2972.000000,992.000000
3867.000000,1945.000000,3834.000000,2087.000000
367.000000,4253.000000,641.000000,4450.000000
4713.000000,2387.000000,4551.000000,2396.000000
4578.000000,3623.000000,4514.000000,4284.000000
2399.000000,1174.000000,2569.000000,1414.000000
3680.000000,4020.000000,3585.000000,4274.000000
4642.000000,2267.000000,4551.000000,2396.000000
1386.000000,3760.000000,1198.000000,3904.000000
2048.000000,4668.000000,2237.000000,4950.000000
4952.000000,1756.000000,4708.000000,1922.000000
168.000000,3.000000,4505.000000,21.000000
1210.000000,3330.000000,804.000000,3348.000000
3113.000000,1399.000000,2569.000000,1414.000000
3566.000000,1289.000000,3708.000000,1376.000000
1512.000000,1051.000000,1423.000000,1241.000000
4442.000000,4722.000000,4184.000000,5015.000000
2055.000000,2834.000000,2001.000000,2914.000000
1394.000000,1831.000000,1537.000000,1866.000000
5052.000000,2975.000000,5030.000000,3610.000000
55.000000,211.000000,84.000000,545.000000
3060.000000,2347.000000,2848.000000,2390.000000
3197.000000,1668.000000,3348.000000,1758.000000
3500.000000,2640.000000,3398.000000,2671.000000
3170.000000,815.000000,3383.000000,1045.000000
3409.000000,176.000000,3273.000000,229.000000
2697.000000,3235.000000,2411.000000,3335.000000
215.000000,2271.000000,81.000000,2273.000000
985.000000,3593.000000,740.000000,3614.000000
2622.000000,2134.000000,2651.000000,2262.000000
1626.000000,1160.000000,1423.000000,1241.000000
503.000000,2201.000000,215.000000,2271.000000
4711.000000,1783.000000,4708.000000,1922.000000
81.000000,2273.000000,143.000000,2453.000000
4768.000000,34.000000,4905.000000,399.000000
178.000000,1517.000000,16.000000,1753.000000
1045.000000,4950.000000,1085.000000,4991.000000
1383.000000,2286.000000,1555.000000,2349.000000
1302.000000,2216.000000,1383.000000,2286.000000
4166.000000,777.000000,4268.000000,843.000000
3665.000000,1185.000000,3741.000000,1210.000000
4708.000000,1922.000000,4956.000000,2186.000000
749.000000,2592.000000,759.000000,2635.000000
2652.000000,1721.000000,3035.000000,2147.000000
4392.000000,769.000000,4284.000000,772.000000
1376.000000,3077.000000,1218.000000,3212.000000
4274.000000,3254.000000,4002.000000,3308.000000
3060.000000,2347.000000,2849.000000,2571.000000
5046.000000,4157.000000,5036.000000,4778.000000
331.000000,2257.000000,380.000000,2364.000000
3680.000000,4020.000000,3845.000000,4356.000000
2191.000000,44.000000,1517.000000,533.000000
3485.000000,831.000000,3721.000000,914.000000
55.000000,211.000000,16.000000,1753.000000
3409.000000,176.000000,3790.000000,412.000000
1165.000000,2720.000000,1274.000000,2895.000000
399.000000,1823.000000,175.000000,1889.000000
991.000000,109.000000,712.000000,146.000000
1376.000000,3077.000000,1510.000000,3294.000000
4338.000000,3321.000000,4591.000000,3336.000000
270.000000,2611.000000,80.000000,2711.000000
3543.000000,4295.000000,3701.000000,4499.000000
712.000000,146.000000,801.000000,364.000000
2955.000000,1205.000000,3039.000000,1245.000000
4669.000000,2308.000000,4782.000000,2367.000000
1851.000000,1159.000000,2399.000000,1174.000000
315.000000,1851.000000,175.000000,1889.000000
1253.000000,4639.000000,1085.000000,4991.000000
3512.000000,4931.000000,3113.000000,5012.000000
4442.000000,4722.000000,4465.000000,4864.000000
1376.000000,3077.000000,1102.000000,3162.000000
3764.000000,4611.000000,3579.000000,4920.000000
2281.000000,4562.000000,2237.000000,4950.000000
3409.000000,176.000000,3533.000000,276.000000
315.000000,3041.000000,369.000000,3069.000000
1408.000000,2003.000000,1236.000000,2097.000000
72.000000,4961.000000,270.000000,5027.000000
2048.000000,4668.000000,2150.000000,4998.000000
4505.000000,21.000000,4356.000000,126.000000
3759.000000,1424.000000,3348.000000,1758.000000
399.000000,1823.000000,663.000000,1902.000000
4146.000000,1953.000000,4073.000000,2207.000000
4896.000000,3658.000000,4969.000000,3676.000000
3758.000000,780.000000,3485.000000,831.000000
2150.000000,4998.000000,2864.000000,5041.000000
1189.000000,2244.000000,1156.000000,2457.000000
3971.000000,947.000000,3741.000000,1210.000000
1585.000000,4523.000000,1503.000000,4628.000000
4003.000000,3358.000000,3933.000000,3359.000000
1982.000000,4456.000000,2048.000000,4668.000000
215.000000,2271.000000,290.000000,2329.000000
779.000000,870.000000,884.000000,1133.000000
2099.000000,1765.000000,1537.000000,1866.000000
3707.000000,3515.000000,3802.000000,3550.000000
2622.000000,2134.000000,2444.000000,2417.000000
1145.000000,1854.000000,1216.000000,1861.000000
4642.000000,2267.000000,4669.000000,2308.000000
3025.000000,3310.000000,2693.000000,3407.000000
4891.000000,4931.000000,5021.000000,4936.000000
4800.000000,866.000000,5037.000000,1066.000000
2887.000000,3626.000000,2998.000000,3909.000000
1423.000000,1241.000000,999.000000,1290.000000
4505.000000,21.000000,3860.000000,189.000000
3759.000000,1424.000000,3729.000000,1979.000000
3410.000000,2383.000000,3631.000000,2423.000000
369.000000,3069.000000,749.000000,3100.000000
4578.000000,3623.000000,4792.000000,4078.000000
2543.000000,602.000000,2514.000000,859.000000
2515.000000,3264.000000,2411.000000,3335.000000
4505.000000,21.000000,4768.000000,34.000000
4084.000000,415.000000,4028.000000,622.000000
3236.000000,4166.000000,3101.000000,4219.000000
270.000000,69.000000,107.000000,115.000000
4372.000000,4517.000000,4436.000000,4546.000000
4768.000000,34.000000,4661.000000,60.000000
4914.000000,3797.000000,5046.000000,4157.000000
2998.000000,3909.000000,3314.000000,4042.000000
2807.000000,2837.000000,2851.000000,3088.000000
3173.000000,105.000000,3409.000000,176.000000
4110.000000,1447.000000,4757.000000,1629.000000
3741.000000,1210.000000,3759.000000,1424.000000
804.000000,3348.000000,306.000000,3650.000000
3780.000000,2873.000000,4037.000000,2885.000000
3596.000000,2657.000000,3521.000000,2672.000000
3113.000000,1399.000000,3180.000000,1893.000000
3060.000000,2347.000000,3413.000000,2371.000000
3563.000000,2502.000000,3500.000000,2640.000000
143.000000,2453.000000,80.000000,2711.000000
4028.000000,622.000000,3881.000000,880.000000
2411.000000,3335.000000,2413.000000,3654.000000
3913.000000,2164.000000,4073.000000,2207.000000
1260.000000,4596.000000,1503.000000,4628.000000
3753.000000,3067.000000,3933.000000,3359.000000
212.000000,3900.000000,108.000000,3991.000000
793.000000,372.000000,895.000000,605.000000
348.000000,1455.000000,119.000000,1514.000000
2553.000000,2560.000000,2849.000000,2571.000000
1079.000000,1888.000000,756.000000,2177.000000
5052.000000,2975.000000,4945.000000,3146.000000
2000.000000,909.000000,1878.000000,997.000000
298.000000,3161.000000,304.000000,3189.000000
2000.000000,909.000000,1644.000000,1002.000000
2441.000000,3114.000000,2515.000000,3264.000000
3605.000000,4547.000000,3404.000000,4801.000000
3173.000000,105.000000,3860.000000,189.000000
4558.000000,4814.000000,4465.000000,4864.000000
2411.000000,3335.000000,2360.000000,3406.000000
3308.000000,4885.000000,3495.000000,4904.000000
4653.000000,3061.000000,4534.000000,3308.000000
4919.000000,4815.000000,4911.000000,4911.000000
4196.000000,3635.000000,3671.000000,3718.000000
4028.000000,622.000000,3758.000000,780.000000
2651.000000,2262.000000,3060.000000,2347.000000
2191.000000,44.000000,2341.000000,207.000000
348.000000,1455.000000,203.000000,1526.000000
3864.000000,1429.000000,4143.000000,1511.000000
3772.000000,3522.000000,4196.000000,3635.000000
4800.000000,866.000000,4842.000000,1161.000000
3834.000000,2087.000000,3913.000000,2164.000000
2261.000000,4151.000000,2500.000000,4331.000000
1805.000000,4048.000000,1743.000000,4278.000000
