POINTS
1061.000000,17.000000
2017.000000,17.000000
4503.000000,29.000000
1322.000000,31.000000
3537.000000,38.000000
4311.000000,45.000000
486.000000,51.000000
2261.000000,52.000000
4640.000000,57.000000
3124.000000,71.000000
984.000000,72.000000
4784.000000,79.000000
1063.000000,85.000000
2038.000000,93.000000
3729.000000,96.000000
3565.000000,107.000000
2045.000000,113.000000
4344.000000,115.000000
1229.000000,117.000000
3219.000000,120.000000
4344.000000,124.000000
1681.000000,130.000000
890.000000,143.000000
4882.000000,145.000000
3972.000000,148.000000
394.000000,171.000000
4054.000000,175.000000
1309.000000,176.000000
2225.000000,199.000000
4184.000000,199.000000
549.000000,240.000000
2358.000000,259.000000
689.000000,260.000000
2609.000000,291.000000
3105.000000,314.000000
2395.000000,320.000000
3906.000000,346.000000
1760.000000,358.000000
2316.000000,358.000000
4553.000000,363.000000
2784.000000,369.000000
142.000000,373.000000
2220.000000,379.000000
3048.000000,381.000000
1128.000000,384.000000
2873.000000,386.000000
4859.000000,398.000000
1348.000000,416.000000
4223.000000,424.000000
3816.000000,448.000000
4949.000000,455.000000
2900.000000,456.000000
4391.000000,457.000000
4628.000000,460.000000
3724.000000,476.000000
1095.000000,486.000000
2083.000000,494.000000
3115.000000,510.000000
4381.000000,514.000000
4930.000000,520.000000
1869.000000,529.000000
2735.000000,535.000000
1905.000000,549.000000
2490.000000,554.000000
2132.000000,567.000000
3358.000000,581.000000
2455.000000,591.000000
1970.000000,634.000000
3369.000000,642.000000
2675.000000,648.000000
2400.000000,652.000000
2088.000000,658.000000
2372.000000,662.000000
4664.000000,677.000000
2740.000000,679.000000
319.000000,682.000000
111.000000,692.000000
4962.000000,696.000000
2064.000000,699.000000
3033.000000,713.000000
1905.000000,726.000000
3963.000000,736.000000
4490.000000,750.000000
3817.000000,755.000000
2483.000000,784.000000
233.000000,812.000000
2620.000000,840.000000
888.000000,868.000000
1972.000000,870.000000
4681.000000,879.000000
378.000000,883.000000
3578.000000,887.000000
33.000000,918.000000
3564.000000,922.000000
3630.000000,925.000000
1095.000000,940.000000
4611.000000,945.000000
2289.000000,954.000000
180.000000,994.000000
4376.000000,1012.000000
114.000000,1037.000000
4794.000000,1047.000000
4146.000000,1050.000000
40.000000,1058.000000
462.000000,1061.000000
4604.000000,1062.000000
168.000000,1067.000000
1168.000000,1075.000000
1887.000000,1088.000000
3452.000000,1097.000000
3177.000000,1105.000000
2255.000000,1117.000000
4192.000000,1127.000000
3563.000000,1129.000000
917.000000,1141.000000
1847.000000,1147.000000
4115.000000,1150.000000
1131.000000,1152.000000
1182.000000,1156.000000
4500.000000,1158.000000
2365.000000,1170.000000
3806.000000,1173.000000
4523.000000,1173.000000
3202.000000,1180.000000
3622.000000,1183.000000
1275.000000,1185.000000
300.000000,1186.000000
3407.000000,1199.000000
4597.000000,1205.000000
4426.000000,1207.000000
4057.000000,1211.000000
3113.000000,1218.000000
2326.000000,1219.000000
4913.000000,1228.000000
3914.000000,1230.000000
3780.000000,1254.000000
3675.000000,1265.000000
2227.000000,1304.000000
134.000000,1305.000000
325.000000,1306.000000
2607.000000,1313.000000
5040.000000,1318.000000
1054.000000,1323.000000
3426.000000,1350.000000
4610.000000,1382.000000
2935.000000,1411.000000
734.000000,1419.000000
4720.000000,1437.000000
3896.000000,1438.000000
4270.000000,1440.000000
3838.000000,1443.000000
1887.000000,1457.000000
2550.000000,1457.000000
313.000000,1468.000000
1674.000000,1468.000000
537.000000,1479.000000
601.000000,1493.000000
4083.000000,1496.000000
3293.000000,1497.000000
4605.000000,1497.000000
1242.000000,1505.000000
4703.000000,1511.000000
855.000000,1521.000000
4910.000000,1522.000000
134.000000,1530.000000
3468.000000,1533.000000
366.000000,1545.000000
129.000000,1546.000000
4469.000000,1551.000000
19.000000,1561.000000
3552.000000,1566.000000
3775.000000,1569.000000
3342.000000,1575.000000
3282.000000,1578.000000
1562.000000,1585.000000
3028.000000,1600.000000
3963.000000,1619.000000
3846.000000,1620.000000
2371.000000,1625.000000
4115.000000,1634.000000
4396.000000,1634.000000
2676.000000,1640.000000
494.000000,1646.000000
3941.000000,1646.000000
2633.000000,1664.000000
2593.000000,1678.000000
2153.000000,1715.000000
2960.000000,1734.000000
4065.000000,1750.000000
4468.000000,1750.000000
372.000000,1760.000000
3986.000000,1775.000000
4593.000000,1775.000000
2371.000000,1778.000000
1080.000000,1779.000000
4401.000000,1781.000000
2650.000000,1790.000000
2753.000000,1814.000000
2150.000000,1823.000000
478.000000,1844.000000
973.000000,1861.000000
2691.000000,1863.000000
3756.000000,1865.000000
69.000000,1866.000000
3732.000000,1867.000000
3404.000000,1884.000000
2933.000000,1887.000000
2837.000000,1900.000000
4665.000000,1905.000000
2123.000000,1922.000000
4158.000000,1928.000000
4999.000000,1928.000000
2610.000000,1948.000000
1226.000000,1964.000000
118.000000,1969.000000
4122.000000,1998.000000
944.000000,2011.000000
1542.000000,2018.000000
2356.000000,2018.000000
1858.000000,2035.000000
1691.000000,2044.000000
281.000000,2050.000000
933.000000,2061.000000
3995.000000,2082.000000
2872.000000,2083.000000
3394.000000,2083.000000
4220.000000,2085.000000
3024.000000,2095.000000
4087.000000,2126.000000
3211.000000,2136.000000
4957.000000,2151.000000
450.000000,2157.000000
1925.000000,2166.000000
4009.000000,2166.000000
1144.000000,2193.000000
883.000000,2206.000000
4627.000000,2213.000000
171.000000,2215.000000
197.000000,2215.000000
1021.000000,2215.000000
452.000000,2221.000000
3399.000000,2240.000000
343.000000,2251.000000
333.000000,2258.000000
1355.000000,2260.000000
124.000000,2266.000000
134.000000,2267.000000
149.000000,2268.000000
3037.000000,2268.000000
2413.000000,2296.000000
86.000000,2309.000000
3677.000000,2349.000000
3927.000000,2352.000000
488.000000,2357.000000
3094.000000,2358.000000
1366.000000,2359.000000
837.000000,2360.000000
2816.000000,2360.000000
2354.000000,2372.000000
3003.000000,2388.000000
1292.000000,2392.000000
843.000000,2394.000000
823.000000,2396.000000
966.000000,2405.000000
704.000000,2420.000000
1567.000000,2424.000000
1828.000000,2429.000000
1773.000000,2461.000000
2007.000000,2468.000000
3597.000000,2504.000000
1173.000000,2532.000000
3356.000000,2532.000000
3032.000000,2582.000000
2915.000000,2587.000000
3084.000000,2590.000000
1498.000000,2596.000000
1874.000000,2601.000000
2631.000000,2605.000000
5001.000000,2618.000000
3354.000000,2626.000000
1073.000000,2652.000000
511.000000,2653.000000
4258.000000,2674.000000
3978.000000,2681.000000
285.000000,2687.000000
1005.000000,2690.000000
3457.000000,2695.000000
2465.000000,2710.000000
2735.000000,2715.000000
4460.000000,2722.000000
3369.000000,2727.000000
2756.000000,2741.000000
2593.000000,2760.000000
3789.000000,2763.000000
857.000000,2771.000000
3453.000000,2771.000000
4889.000000,2779.000000
986.000000,2792.000000
1353.000000,2798.000000
3690.000000,2801.000000
598.000000,2820.000000
3022.000000,2836.000000
3931.000000,2870.000000
3694.000000,2893.000000
5064.000000,2915.000000
436.000000,2917.000000
3159.000000,2926.000000
4349.000000,2947.000000
3210.000000,2957.000000
954.000000,2976.000000
1157.000000,2987.000000
2209.000000,3000.000000
3465.000000,3011.000000
4813.000000,3012.000000
4818.000000,3015.000000
3773.000000,3023.000000
1757.000000,3026.000000
2680.000000,3029.000000
3175.000000,3046.000000
3740.000000,3049.000000
2170.000000,3059.000000
9.000000,3068.000000
2679.000000,3068.000000
4972.000000,3084.000000
5060.000000,3086.000000
2193.000000,3098.000000
1788.000000,3106.000000
1018.000000,3121.000000
3372.000000,3128.000000
2714.000000,3129.000000
4718.000000,3130.000000
2447.000000,3131.000000
3619.000000,3137.000000
3012.000000,3140.000000
304.000000,3141.000000
4538.000000,3143.000000
4999.000000,3145.000000
722.000000,3155.000000
4452.000000,3168.000000
793.000000,3179.000000
4724.000000,3198.000000
1694.000000,3199.000000
4916.000000,3205.000000
864.000000,3209.000000
1327.000000,3213.000000
1952.000000,3228.000000
2169.000000,3240.000000
3662.000000,3245.000000
319.000000,3251.000000
3342.000000,3300.000000
5050.000000,3305.000000
100.000000,3313.000000
1534.000000,3319.000000
3606.000000,3325.000000
2972.000000,3346.000000
1037.000000,3350.000000
1348.000000,3351.000000
3964.000000,3362.000000
5045.000000,3362.000000
387.000000,3384.000000
1023.000000,3388.000000
4492.000000,3388.000000
3800.000000,3393.000000
1616.000000,3404.000000
1743.000000,3405.000000
480.000000,3409.000000
2352.000000,3415.000000
4521.000000,3418.000000
3295.000000,3420.000000
259.000000,3431.000000
1766.000000,3437.000000
1285.000000,3443.000000
3227.000000,3461.000000
2037.000000,3465.000000
438.000000,3474.000000
627.000000,3484.000000
965.000000,3492.000000
4905.000000,3506.000000
101.000000,3510.000000
2894.000000,3516.000000
1736.000000,3533.000000
2290.000000,3538.000000
1257.000000,3546.000000
4329.000000,3572.000000
1930.000000,3600.000000
952.000000,3613.000000
4258.000000,3624.000000
1433.000000,3638.000000
596.000000,3653.000000
1607.000000,3668.000000
4252.000000,3669.000000
1295.000000,3696.000000
639.000000,3717.000000
369.000000,3740.000000
1833.000000,3744.000000
3512.000000,3749.000000
1755.000000,3751.000000
4440.000000,3752.000000
2505.000000,3762.000000
2921.000000,3769.000000
2596.000000,3789.000000
20.000000,3807.000000
1620.000000,3810.000000
3177.000000,3816.000000
4466.000000,3837.000000
164.000000,3856.000000
4740.000000,3906.000000
934.000000,3936.000000
957.000000,3944.000000
563.000000,3947.000000
1731.000000,3958.000000
4955.000000,3973.000000
1252.000000,3983.000000
941.000000,3994.000000
2302.000000,4005.000000
1214.000000,4006.000000
713.000000,4041.000000
2438.000000,4044.000000
1028.000000,4046.000000
3119.000000,4046.000000
2574.000000,4047.000000
4977.000000,4048.000000
1161.000000,4063.000000
2173.000000,4073.000000
902.000000,4084.000000
1337.000000,4107.000000
274.000000,4130.000000
1374.000000,4141.000000
2886.000000,4146.000000
2981.000000,4153.000000
3229.000000,4165.000000
847.000000,4177.000000
2529.000000,4223.000000
3712.000000,4240.000000
1737.000000,4257.000000
315.000000,4259.000000
730.000000,4267.000000
2186.000000,4275.000000
5023.000000,4282.000000
412.000000,4291.000000
397.000000,4297.000000
1085.000000,4300.000000
1096.000000,4304.000000
1455.000000,4315.000000
3599.000000,4319.000000
3062.000000,4363.000000
1286.000000,4375.000000
782.000000,4376.000000
1490.000000,4379.000000
2996.000000,4385.000000
2348.000000,4406.000000
3867.000000,4410.000000
693.000000,4419.000000
3097.000000,4463.000000
408.000000,4511.000000
3181.000000,4512.000000
759.000000,4513.000000
2808.000000,4526.000000
1384.000000,4534.000000
4273.000000,4546.000000
4869.000000,4575.000000
2105.000000,4595.000000
4859.000000,4597.000000
2294.000000,4602.000000
723.000000,4618.000000
4010.000000,4643.000000
2168.000000,4661.000000
3703.000000,4663.000000
3909.000000,4676.000000
1397.000000,4682.000000
4265.000000,4691.000000
1371.000000,4694.000000
88.000000,4698.000000
4005.000000,4711.000000
3401.000000,4715.000000
1243.000000,4723.000000
632.000000,4748.000000
162.000000,4762.000000
763.000000,4796.000000
3717.000000,4826.000000
3988.000000,4832.000000
3482.000000,4838.000000
1168.000000,4850.000000
1824.000000,4861.000000
4209.000000,4868.000000
1077.000000,4873.000000
544.000000,4875.000000
3897.000000,4875.000000
3992.000000,4879.000000
3004.000000,4893.000000
486.000000,4894.000000
3610.000000,4905.000000
1942.000000,4912.000000
520.000000,4926.000000
4414.000000,4926.000000
2131.000000,4943.000000
2730.000000,4943.000000
4622.000000,4975.000000
4805.000000,4979.000000
838.000000,5017.000000
581.000000,5019.000000
3556.000000,5030.000000
844.000000,5033.000000
1578.000000,5033.000000
2902.000000,5035.000000
1080.000000,5042.000000
637.000000,5044.000000
LINES
3024.000000,2095.000000,3211.000000,2136.000000
4466.000000,3837.000000,4740.000000,3906.000000
2455.000000,591.000000,2400.000000,652.000000
537.000000,1479.000000,366.000000,1545.000000
3062.000000,4363.000000,2996.000000,4385.000000
134.000000,1530.000000,19.000000,1561.000000
2064.000000,699.000000,1905.000000,726.000000
20.000000,3807.000000,315.000000,4259.000000
1005.000000,2690.000000,857.000000,2771.000000
3978.000000,2681.000000,3690.000000,2801.000000
4223.000000,424.000000,4490.000000,750.000000
3453.000000,2771.000000,3465.000000,3011.000000
1080.000000,1779.000000,1226.000000,1964.000000
4724.000000,3198.000000,4521.000000,3418.000000
3022.000000,2836.000000,3159.000000,2926.000000
4192.000000,1127.000000,4426.000000,1207.000000
2633.000000,1664.000000,2650.000000,1790.000000
1161.000000,4063.000000,1374.000000,4141.000000
2352.000000,3415.000000,2596.000000,3789.000000
4146.000000,1050.000000,4192.000000,1127.000000
1562.000000,1585.000000,1226.000000,1964.000000
2105.000000,4595.000000,1824.000000,4861.000000
4460.000000,2722.000000,4889.000000,2779.000000
3358.000000,581.000000,3564.000000,922.000000
2316.000000,358.000000,2220.000000,379.000000
2348.000000,4406.000000,2105.000000,4595.000000
2784.000000,369.000000,2873.000000,386.000000
1490.000000,4379.000000,2105.000000,4595.000000
1397.000000,4682.000000,1824.000000,4861.000000
4977.000000,4048.000000,5023.000000,4282.000000
2633.000000,1664.000000,2960.000000,1734.000000
134.000000,1530.000000,129.000000,1546.000000
2209.000000,3000.000000,2170.000000,3059.000000
4794.000000,1047.000000,4913.000000,1228.000000
934.000000,3936.000000,957.000000,3944.000000
2714.000000,3129.000000,2352.000000,3415.000000
3756.000000,1865.000000,3995.000000,2082.000000
4209.000000,4868.000000,3992.000000,4879.000000
4703.000000,1511.000000,4396.000000,1634.000000
1366.000000,2359.000000,1567.000000,2424.000000
2981.000000,4153.000000,2996.000000,4385.000000
1252.000000,3983.000000,1337.000000,4107.000000
4784.000000,79.000000,4882.000000,145.000000
2902.000000,5035.000000,637.000000,5044.000000
4401.000000,1781.000000,4627.000000,2213.000000
5040.000000,1318.000000,5001.000000,2618.000000
2356.000000,2018.000000,2413.000000,2296.000000
3906.000000,346.000000,3724.000000,476.000000
313.000000,1468.000000,366.000000,1545.000000
2413.000000,2296.000000,2631.000000,2605.000000
1161.000000,4063.000000,1337.000000,4107.000000
4391.000000,457.000000,4381.000000,514.000000
4273.000000,4546.000000,4010.000000,4643.000000
782.000000,4376.000000,759.000000,4513.000000
2395.000000,320.000000,2784.000000,369.000000
274.000000,4130.000000,315.000000,4259.000000
9.000000,3068.000000,20.000000,3807.000000
1905.000000,549.000000,1970.000000,634.000000
3619.000000,3137.000000,3342.000000,3300.000000
378.000000,883.000000,180.000000,994.000000
2186.000000,4275.000000,1490.000000,4379.000000
4344.000000,124.000000,4223.000000,424.000000
917.000000,1141.000000,1131.000000,1152.000000
162.000000,4762.000000,581.000000,5019.000000
1930.000000,3600.000000,1755.000000,3751.000000
4665.000000,1905.000000,4957.000000,2151.000000
3354.000000,2626.000000,3210.000000,2957.000000
4910.000000,1522.000000,4665.000000,1905.000000
4553.000000,363.000000,4381.000000,514.000000
1327.000000,3213.000000,1534.000000,3319.000000
3703.000000,4663.000000,3717.000000,4826.000000
69.000000,1866.000000,118.000000,1969.000000
3773.000000,3023.000000,3662.000000,3245.000000
3022.000000,2836.000000,3210.000000,2957.000000
488.000000,2357.000000,704.000000,2420.000000
2505.000000,3762.000000,2438.000000,4044.000000
1925.000000,2166.000000,1828.000000,2429.000000
2413.000000,2296.000000,2915.000000,2587.000000
3003.000000,2388.000000,2915.000000,2587.000000
2358.000000,259.000000,2490.000000,554.000000
4426.000000,1207.000000,4605.000000,1497.000000
2017.000000,17.000000,1681.000000,130.000000
233.000000,812.000000,888.000000,868.000000
598.000000,2820.000000,954.000000,2976.000000
3800.000000,3393.000000,3512.000000,3749.000000
4466.000000,3837.000000,4273.000000,4546.000000
598.000000,2820.000000,436.000000,2917.000000
1028.000000,4046.000000,1085.000000,4300.000000
4664.000000,677.000000,4962.000000,696.000000
713.000000,4041.000000,730.000000,4267.000000
1353.000000,2798.000000,1534.000000,3319.000000
3619.000000,3137.000000,3606.000000,3325.000000
3941.000000,1646.000000,3986.000000,1775.000000
2150.000000,1823.000000,2123.000000,1922.000000
1037.000000,3350.000000,1285.000000,3443.000000
3084.000000,2590.000000,3022.000000,2836.000000
118.000000,1969.000000,171.000000,2215.000000
3896.000000,1438.000000,3963.000000,1619.000000
4523.000000,1173.000000,4597.000000,1205.000000
1869.000000,529.000000,1905.000000,726.000000
3342.000000,3300.000000,3227.000000,3461.000000
3356.000000,2532.000000,3084.000000,2590.000000
693.000000,4419.000000,759.000000,4513.000000
847.000000,4177.000000,693.000000,4419.000000
1691.000000,2044.000000,1925.000000,2166.000000
3124.000000,71.000000,2873.000000,386.000000
4955.000000,3973.000000,5023.000000,4282.000000
3780.000000,1254.000000,3896.000000,1438.000000
1760.000000,358.000000,1905.000000,726.000000
3931.000000,2870.000000,3773.000000,3023.000000
966.000000,2405.000000,1005.000000,2690.000000
2045.000000,113.000000,2220.000000,379.000000
478.000000,1844.000000,450.000000,2157.000000
1144.000000,2193.000000,1355.000000,2260.000000
1542.000000,2018.000000,1144.000000,2193.000000
2088.000000,658.000000,2064.000000,699.000000
1534.000000,3319.000000,1348.000000,3351.000000
1037.000000,3350.000000,1023.000000,3388.000000
1737.000000,4257.000000,1490.000000,4379.000000
855.000000,1521.000000,1080.000000,1779.000000
4916.000000,3205.000000,5045.000000,3362.000000
3988.000000,4832.000000,3897.000000,4875.000000
2490.000000,554.000000,2675.000000,648.000000
3033.000000,713.000000,3113.000000,1218.000000
1226.000000,1964.000000,1144.000000,2193.000000
3775.000000,1569.000000,3846.000000,1620.000000
3662.000000,3245.000000,3800.000000,3393.000000
2261.000000,52.000000,2225.000000,199.000000
1731.000000,3958.000000,2173.000000,4073.000000
86.000000,2309.000000,285.000000,2687.000000
1348.000000,3351.000000,1616.000000,3404.000000
3995.000000,2082.000000,4087.000000,2126.000000
4916.000000,3205.000000,4740.000000,3906.000000
3372.000000,3128.000000,3342.000000,3300.000000
1828.000000,2429.000000,1773.000000,2461.000000
2358.000000,259.000000,2316.000000,358.000000
2261.000000,52.000000,2873.000000,386.000000
3033.000000,713.000000,3452.000000,1097.000000
452.000000,2221.000000,343.000000,2251.000000
941.000000,3994.000000,1028.000000,4046.000000
3394.000000,2083.000000,3677.000000,2349.000000
843.000000,2394.000000,823.000000,2396.000000
281.000000,2050.000000,171.000000,2215.000000
3028.000000,1600.000000,2933.000000,1887.000000
2173.000000,4073.000000,2186.000000,4275.000000
890.000000,143.000000,233.000000,812.000000
2610.000000,1948.000000,2872.000000,2083.000000
713.000000,4041.000000,902.000000,4084.000000
3062.000000,4363.000000,3181.000000,4512.000000
2153.000000,1715.000000,1858.000000,2035.000000
917.000000,1141.000000,1054.000000,1323.000000
3211.000000,2136.000000,3399.000000,2240.000000
1384.000000,4534.000000,1243.000000,4723.000000
2676.000000,1640.000000,2960.000000,1734.000000
2316.000000,358.000000,2083.000000,494.000000
4889.000000,2779.000000,4538.000000,3143.000000
3033.000000,713.000000,3177.000000,1105.000000
596.000000,3653.000000,639.000000,3717.000000
1691.000000,2044.000000,1828.000000,2429.000000
4122.000000,1998.000000,3995.000000,2082.000000
3931.000000,2870.000000,4349.000000,2947.000000
2372.000000,662.000000,2483.000000,784.000000
639.000000,3717.000000,369.000000,3740.000000
2915.000000,2587.000000,3084.000000,2590.000000
890.000000,143.000000,888.000000,868.000000
4258.000000,3624.000000,4440.000000,3752.000000
4270.000000,1440.000000,4396.000000,1634.000000
4115.000000,1634.000000,4065.000000,1750.000000
3048.000000,381.000000,3115.000000,510.000000
372.000000,1760.000000,281.000000,2050.000000
759.000000,4513.000000,486.000000,4894.000000
2326.000000,1219.000000,2227.000000,1304.000000
3119.000000,4046.000000,3229.000000,4165.000000
3354.000000,2626.000000,3369.000000,2727.000000
4703.000000,1511.000000,4910.000000,1522.000000
101.000000,3510.000000,369.000000,3740.000000
325.000000,1306.000000,313.000000,1468.000000
164.000000,3856.000000,713.000000,4041.000000
319.000000,3251.000000,100.000000,3313.000000
111.000000,692.000000,233.000000,812.000000
319.000000,682.000000,233.000000,812.000000
3003.000000,2388.000000,3032.000000,2582.000000
4158.000000,1928.000000,4220.000000,2085.000000
4010.000000,4643.000000,3909.000000,4676.000000
40.000000,1058.000000,168.000000,1067.000000
1760.000000,358.000000,2083.000000,494.000000
1691.000000,2044.000000,1355.000000,2260.000000
369.000000,3740.000000,20.000000,3807.000000
4440.000000,3752.000000,4740.000000,3906.000000
2735.000000,2715.000000,2680.000000,3029.000000
966.000000,2405.000000,1173.000000,2532.000000
4869.000000,4575.000000,4265.000000,4691.000000
4916.000000,3205.000000,4905.000000,3506.000000
3037.000000,2268.000000,2816.000000,2360.000000
723.000000,4618.000000,763.000000,4796.000000
1397.000000,4682.000000,1168.000000,4850.000000
3457.000000,2695.000000,3453.000000,2771.000000
450.000000,2157.000000,452.000000,2221.000000
3457.000000,2695.000000,3369.000000,2727.000000
486.000000,4894.000000,581.000000,5019.000000
387.000000,3384.000000,438.000000,3474.000000
2981.000000,4153.000000,3062.000000,4363.000000
2209.000000,3000.000000,1788.000000,3106.000000
1037.000000,3350.000000,1257.000000,3546.000000
1766.000000,3437.000000,1930.000000,3600.000000
4889.000000,2779.000000,4813.000000,3012.000000
20.000000,3807.000000,164.000000,3856.000000
3211.000000,2136.000000,3356.000000,2532.000000
3354.000000,2626.000000,3457.000000,2695.000000
3552.000000,1566.000000,3732.000000,1867.000000
857.000000,2771.000000,598.000000,2820.000000
1037.000000,3350.000000,965.000000,3492.000000
1095.000000,486.000000,888.000000,868.000000
3452.000000,1097.000000,3177.000000,1105.000000
134.000000,1305.000000,325.000000,1306.000000
366.000000,1545.000000,494.000000,1646.000000
3084.000000,2590.000000,3210.000000,2957.000000
4957.000000,2151.000000,5001.000000,2618.000000
1562.000000,1585.000000,1858.000000,2035.000000
864.000000,3209.000000,965.000000,3492.000000
4523.000000,1173.000000,4426.000000,1207.000000
2915.000000,2587.000000,2735.000000,2715.000000
933.000000,2061.000000,1144.000000,2193.000000
486.000000,51.000000,984.000000,72.000000
639.000000,3717.000000,934.000000,3936.000000
4500.000000,1158.000000,4426.000000,1207.000000
3453.000000,2771.000000,3372.000000,3128.000000
304.000000,3141.000000,319.000000,3251.000000
2902.000000,5035.000000,1080.000000,5042.000000
3724.000000,476.000000,3817.000000,755.000000
3048.000000,381.000000,3033.000000,713.000000
1353.000000,2798.000000,1757.000000,3026.000000
2354.000000,2372.000000,2631.000000,2605.000000
2186.000000,4275.000000,2348.000000,4406.000000
3717.000000,4826.000000,3482.000000,4838.000000
2227.000000,1304.000000,1887.000000,1457.000000
3694.000000,2893.000000,3619.000000,3137.000000
1309.000000,176.000000,1348.000000,416.000000
20.000000,3807.000000,88.000000,4698.000000
3004.000000,4893.000000,2730.000000,4943.000000
2607.000000,1313.000000,2676.000000,1640.000000
4468.000000,1750.000000,4593.000000,1775.000000
3227.000000,3461.000000,3177.000000,3816.000000
134.000000,2267.000000,86.000000,2309.000000
837.000000,2360.000000,823.000000,2396.000000
394.000000,171.000000,142.000000,373.000000
3175.000000,3046.000000,3342.000000,3300.000000
3897.000000,4875.000000,3992.000000,4879.000000
4220.000000,2085.000000,4087.000000,2126.000000
2837.000000,1900.000000,2610.000000,1948.000000
3775.000000,1569.000000,3963.000000,1619.000000
549.000000,240.000000,689.000000,260.000000
2261.000000,52.000000,3124.000000,71.000000
2193.000000,3098.000000,2447.000000,3131.000000
4610.000000,1382.000000,4720.000000,1437.000000
2900.000000,456.000000,3113.000000,1218.000000
2921.000000,3769.000000,2574.000000,4047.000000
3963.000000,1619.000000,3846.000000,1620.000000
2675.000000,648.000000,2483.000000,784.000000
2933.000000,1887.000000,3024.000000,2095.000000
1824.000000,4861.000000,1942.000000,4912.000000
462.000000,1061.000000,325.000000,1306.000000
1021.000000,2215.000000,1292.000000,2392.000000
3048.000000,381.000000,2873.000000,386.000000
3978.000000,2681.000000,3931.000000,2870.000000
372.000000,1760.000000,69.000000,1866.000000
1257.000000,3546.000000,934.000000,3936.000000
2921.000000,3769.000000,2886.000000,4146.000000
4329.000000,3572.000000,4440.000000,3752.000000
1736.000000,3533.000000,1433.000000,3638.000000
2037.000000,3465.000000,2290.000000,3538.000000
4115.000000,1634.000000,4401.000000,1781.000000
1847.000000,1147.000000,1674.000000,1468.000000
1874.000000,2601.000000,2209.000000,3000.000000
1257.000000,3546.000000,952.000000,3613.000000
4681.000000,879.000000,4794.000000,1047.000000
4957.000000,2151.000000,4627.000000,2213.000000
3563.000000,1129.000000,3407.000000,1199.000000
2169.000000,3240.000000,2290.000000,3538.000000
3732.000000,1867.000000,3404.000000,1884.000000
3846.000000,1620.000000,3941.000000,1646.000000
3690.000000,2801.000000,3694.000000,2893.000000
4628.000000,460.000000,4381.000000,514.000000
4813.000000,3012.000000,4818.000000,3015.000000
1080.000000,1779.000000,1144.000000,2193.000000
4252.000000,3669.000000,3867.000000,4410.000000
3219.000000,120.000000,3105.000000,314.000000
4209.000000,4868.000000,4414.000000,4926.000000
2017.000000,17.000000,3124.000000,71.000000
1952.000000,3228.000000,2037.000000,3465.000000
4703.000000,1511.000000,4469.000000,1551.000000
1371.000000,4694.000000,1243.000000,4723.000000
1063.000000,85.000000,1128.000000,384.000000
2348.000000,4406.000000,2294.000000,4602.000000
3094.000000,2358.000000,3032.000000,2582.000000
4949.000000,455.000000,4930.000000,520.000000
1327.000000,3213.000000,1285.000000,3443.000000
4949.000000,455.000000,4962.000000,696.000000
1694.000000,3199.000000,1743.000000,3405.000000
3452.000000,1097.000000,3202.000000,1180.000000
2981.000000,4153.000000,2348.000000,4406.000000
4593.000000,1775.000000,4401.000000,1781.000000
1243.000000,4723.000000,1168.000000,4850.000000
486.000000,4894.000000,520.000000,4926.000000
2354.000000,2372.000000,2007.000000,2468.000000
3097.000000,4463.000000,2808.000000,4526.000000
4930.000000,520.000000,4962.000000,696.000000
2465.000000,2710.000000,2680.000000,3029.000000
171.000000,2215.000000,149.000000,2268.000000
1018.000000,3121.000000,864.000000,3209.000000
973.000000,1861.000000,944.000000,2011.000000
2574.000000,4047.000000,2886.000000,4146.000000
397.000000,4297.000000,693.000000,4419.000000
3773.000000,3023.000000,3964.000000,3362.000000
1061.000000,17.000000,486.000000,51.000000
129.000000,1546.000000,69.000000,1866.000000
4604.000000,1062.000000,4523.000000,1173.000000
5045.000000,3362.000000,4905.000000,3506.000000
1005.000000,2690.000000,986.000000,2792.000000
1757.000000,3026.000000,1534.000000,3319.000000
3482.000000,4838.000000,2902.000000,5035.000000
1887.000000,1457.000000,2153.000000,1715.000000
3565.000000,107.000000,3724.000000,476.000000
1766.000000,3437.000000,1736.000000,3533.000000
823.000000,2396.000000,704.000000,2420.000000
3124.000000,71.000000,3219.000000,120.000000
933.000000,2061.000000,1021.000000,2215.000000
4859.000000,4597.000000,4805.000000,4979.000000
2302.000000,4005.000000,2186.000000,4275.000000
3407.000000,1199.000000,3426.000000,1350.000000
2168.000000,4661.000000,2730.000000,4943.000000
4329.000000,3572.000000,4740.000000,3906.000000
1080.000000,1779.000000,973.000000,1861.000000
3094.000000,2358.000000,3356.000000,2532.000000
1161.000000,4063.000000,1096.000000,4304.000000
3972.000000,148.000000,4184.000000,199.000000
4490.000000,750.000000,4611.000000,945.000000
844.000000,5033.000000,1080.000000,5042.000000
2633.000000,1664.000000,2593.000000,1678.000000
2372.000000,662.000000,2289.000000,954.000000
3963.000000,736.000000,4146.000000,1050.000000
1295.000000,3696.000000,1620.000000,3810.000000
450.000000,2157.000000,197.000000,2215.000000
730.000000,4267.000000,693.000000,4419.000000
3978.000000,2681.000000,3789.000000,2763.000000
2921.000000,3769.000000,3119.000000,4046.000000
2261.000000,52.000000,2395.000000,320.000000
450.000000,2157.000000,488.000000,2357.000000
2675.000000,648.000000,2740.000000,679.000000
4611.000000,945.000000,4794.000000,1047.000000
2220.000000,379.000000,2083.000000,494.000000
3124.000000,71.000000,3105.000000,314.000000
4414.000000,4926.000000,4622.000000,4975.000000
4087.000000,2126.000000,4258.000000,2674.000000
3159.000000,2926.000000,3012.000000,3140.000000
1018.000000,3121.000000,722.000000,3155.000000
1028.000000,4046.000000,902.000000,4084.000000
1214.000000,4006.000000,1028.000000,4046.000000
965.000000,3492.000000,639.000000,3717.000000
3978.000000,2681.000000,3457.000000,2695.000000
952.000000,3613.000000,934.000000,3936.000000
3599.000000,4319.000000,3703.000000,4663.000000
1887.000000,1088.000000,1847.000000,1147.000000
2088.000000,658.000000,2372.000000,662.000000
3552.000000,1566.000000,3342.000000,1575.000000
2038.000000,93.000000,1681.000000,130.000000
1168.000000,4850.000000,1578.000000,5033.000000
2083.000000,494.000000,2132.000000,567.000000
1397.000000,4682.000000,1243.000000,4723.000000
1616.000000,3404.000000,1766.000000,3437.000000
2354.000000,2372.000000,2465.000000,2710.000000
3909.000000,4676.000000,3988.000000,4832.000000
3426.000000,1350.000000,3282.000000,1578.000000
847.000000,4177.000000,1085.000000,4300.000000
2735.000000,2715.000000,2679.000000,3068.000000
2691.000000,1863.000000,2610.000000,1948.000000
3694.000000,2893.000000,3740.000000,3049.000000
1131.000000,1152.000000,1182.000000,1156.000000
3229.000000,4165.000000,3712.000000,4240.000000
2784.000000,369.000000,2735.000000,535.000000
3578.000000,887.000000,3630.000000,925.000000
986.000000,2792.000000,954.000000,2976.000000
2784.000000,369.000000,2900.000000,456.000000
4503.000000,29.000000,4311.000000,45.000000
2633.000000,1664.000000,2356.000000,2018.000000
4265.000000,4691.000000,4805.000000,4979.000000
1021.000000,2215.000000,1173.000000,2532.000000
142.000000,373.000000,111.000000,692.000000
4628.000000,460.000000,4930.000000,520.000000
2808.000000,4526.000000,3004.000000,4893.000000
511.000000,2653.000000,285.000000,2687.000000
5040.000000,1318.000000,4720.000000,1437.000000
1275.000000,1185.000000,1242.000000,1505.000000
627.000000,3484.000000,965.000000,3492.000000
1063.000000,85.000000,1309.000000,176.000000
319.000000,682.000000,111.000000,692.000000
3817.000000,755.000000,3630.000000,925.000000
2455.000000,591.000000,2675.000000,648.000000
1275.000000,1185.000000,1674.000000,1468.000000
4273.000000,4546.000000,4265.000000,4691.000000
486.000000,51.000000,549.000000,240.000000
438.000000,3474.000000,596.000000,3653.000000
2064.000000,699.000000,1972.000000,870.000000
627.000000,3484.000000,639.000000,3717.000000
3909.000000,4676.000000,4005.000000,4711.000000
3369.000000,642.000000,3452.000000,1097.000000
3369.000000,642.000000,3033.000000,713.000000
1168.000000,4850.000000,1080.000000,5042.000000
1322.000000,31.000000,1229.000000,117.000000
2123.000000,1922.000000,2356.000000,2018.000000
2037.000000,3465.000000,2505.000000,3762.000000
315.000000,4259.000000,412.000000,4291.000000
3399.000000,2240.000000,3597.000000,2504.000000
601.000000,1493.000000,478.000000,1844.000000
2609.000000,291.000000,2395.000000,320.000000
3426.000000,1350.000000,3552.000000,1566.000000
1542.000000,2018.000000,1355.000000,2260.000000
1023.000000,3388.000000,965.000000,3492.000000
1433.000000,3638.000000,1295.000000,3696.000000
4311.000000,45.000000,3972.000000,148.000000
4115.000000,1634.000000,4158.000000,1928.000000
2170.000000,3059.000000,2169.000000,3240.000000
3401.000000,4715.000000,3004.000000,4893.000000
1925.000000,2166.000000,2007.000000,2468.000000
511.000000,2653.000000,857.000000,2771.000000
4640.000000,57.000000,4344.000000,115.000000
452.000000,2221.000000,333.000000,2258.000000
973.000000,1861.000000,450.000000,2157.000000
3115.000000,510.000000,3033.000000,713.000000
4146.000000,1050.000000,4115.000000,1150.000000
171.000000,2215.000000,124.000000,2266.000000
285.000000,2687.000000,436.000000,2917.000000
2209.000000,3000.000000,2193.000000,3098.000000
149.000000,2268.000000,488.000000,2357.000000
4258.000000,2674.000000,4460.000000,2722.000000
4913.000000,1228.000000,5040.000000,1318.000000
2017.000000,17.000000,1322.000000,31.000000
4349.000000,2947.000000,4538.000000,3143.000000
4553.000000,363.000000,4859.000000,398.000000
3181.000000,4512.000000,3401.000000,4715.000000
2933.000000,1887.000000,2872.000000,2083.000000
4553.000000,363.000000,4223.000000,424.000000
4999.000000,3145.000000,4916.000000,3205.000000
494.000000,1646.000000,478.000000,1844.000000
3995.000000,2082.000000,4009.000000,2166.000000
3342.000000,3300.000000,3295.000000,3420.000000
4664.000000,677.000000,5040.000000,1318.000000
1952.000000,3228.000000,1766.000000,3437.000000
1374.000000,4141.000000,1737.000000,4257.000000
4087.000000,2126.000000,3927.000000,2352.000000
304.000000,3141.000000,100.000000,3313.000000
1616.000000,3404.000000,1433.000000,3638.000000
4252.000000,3669.000000,4466.000000,3837.000000
1226.000000,1964.000000,1542.000000,2018.000000
1760.000000,358.000000,1970.000000,634.000000
2132.000000,567.000000,1970.000000,634.000000
2816.000000,2360.000000,3003.000000,2388.000000
1691.000000,2044.000000,1567.000000,2424.000000
1366.000000,2359.000000,1292.000000,2392.000000
2132.000000,567.000000,2088.000000,658.000000
1542.000000,2018.000000,1858.000000,2035.000000
1887.000000,1457.000000,1674.000000,1468.000000
3931.000000,2870.000000,3964.000000,3362.000000
1348.000000,416.000000,1905.000000,726.000000
3024.000000,2095.000000,3037.000000,2268.000000
1355.000000,2260.000000,1567.000000,2424.000000
4209.000000,4868.000000,4805.000000,4979.000000
4882.000000,145.000000,4859.000000,398.000000
4503.000000,29.000000,4640.000000,57.000000
3202.000000,1180.000000,2935.000000,1411.000000
2735.000000,535.000000,2675.000000,648.000000
3896.000000,1438.000000,4083.000000,1496.000000
1681.000000,130.000000,1309.000000,176.000000
1972.000000,870.000000,2289.000000,954.000000
1737.000000,4257.000000,2186.000000,4275.000000
4972.000000,3084.000000,5060.000000,3086.000000
2400.000000,652.000000,2483.000000,784.000000
4258.000000,2674.000000,3931.000000,2870.000000
4538.000000,3143.000000,4492.000000,3388.000000
2168.000000,4661.000000,2131.000000,4943.000000
1534.000000,3319.000000,1616.000000,3404.000000
1374.000000,4141.000000,1286.000000,4375.000000
4087.000000,2126.000000,4009.000000,2166.000000
149.000000,2268.000000,86.000000,2309.000000
2650.000000,1790.000000,2691.000000,1863.000000
1887.000000,1088.000000,2255.000000,1117.000000
2038.000000,93.000000,2045.000000,113.000000
2131.000000,4943.000000,2902.000000,5035.000000
2302.000000,4005.000000,2348.000000,4406.000000
4999.000000,1928.000000,4957.000000,2151.000000
2900.000000,456.000000,2607.000000,1313.000000
598.000000,2820.000000,722.000000,3155.000000
3992.000000,4879.000000,4622.000000,4975.000000
488.000000,2357.000000,285.000000,2687.000000
4503.000000,29.000000,4344.000000,115.000000
5023.000000,4282.000000,4869.000000,4575.000000
3927.000000,2352.000000,3978.000000,2681.000000
40.000000,1058.000000,300.000000,1186.000000
1498.000000,2596.000000,1874.000000,2601.000000
4611.000000,945.000000,4376.000000,1012.000000
2550.000000,1457.000000,2633.000000,1664.000000
2631.000000,2605.000000,2593.000000,2760.000000
3897.000000,4875.000000,4622.000000,4975.000000
134.000000,2267.000000,149.000000,2268.000000
723.000000,4618.000000,1243.000000,4723.000000
3724.000000,476.000000,3358.000000,581.000000
793.000000,3179.000000,864.000000,3209.000000
4005.000000,4711.000000,3988.000000,4832.000000
2607.000000,1313.000000,2935.000000,1411.000000
281.000000,2050.000000,450.000000,2157.000000
1397.000000,4682.000000,1371.000000,4694.000000
4344.000000,115.000000,4344.000000,124.000000
3426.000000,1350.000000,3293.000000,1497.000000
2413.000000,2296.000000,2007.000000,2468.000000
438.000000,3474.000000,101.000000,3510.000000
4622.000000,4975.000000,3556.000000,5030.000000
325.000000,1306.000000,537.000000,1479.000000
4859.000000,398.000000,4949.000000,455.000000
734.000000,1419.000000,537.000000,1479.000000
632.000000,4748.000000,544.000000,4875.000000
3941.000000,1646.000000,4065.000000,1750.000000
1942.000000,4912.000000,1578.000000,5033.000000
2921.000000,3769.000000,2596.000000,3789.000000
4859.000000,398.000000,4930.000000,520.000000
4905.000000,3506.000000,4955.000000,3973.000000
2631.000000,2605.000000,2465.000000,2710.000000
2972.000000,3346.000000,3227.000000,3461.000000
2017.000000,17.000000,4503.000000,29.000000
954.000000,2976.000000,1157.000000,2987.000000
5064.000000,2915.000000,5060.000000,3086.000000
2607.000000,1313.000000,2550.000000,1457.000000
1828.000000,2429.000000,2007.000000,2468.000000
1242.000000,1505.000000,855.000000,1521.000000
2808.000000,4526.000000,2168.000000,4661.000000
837.000000,2360.000000,966.000000,2405.000000
4913.000000,1228.000000,4610.000000,1382.000000
4957.000000,2151.000000,4889.000000,2779.000000
4628.000000,460.000000,4664.000000,677.000000
9.000000,3068.000000,304.000000,3141.000000
315.000000,4259.000000,408.000000,4511.000000
2290.000000,3538.000000,2505.000000,3762.000000
1257.000000,3546.000000,957.000000,3944.000000
1061.000000,17.000000,1229.000000,117.000000
4500.000000,1158.000000,4523.000000,1173.000000
1736.000000,3533.000000,1755.000000,3751.000000
4057.000000,1211.000000,3780.000000,1254.000000
941.000000,3994.000000,1214.000000,4006.000000
134.000000,1305.000000,313.000000,1468.000000
722.000000,3155.000000,627.000000,3484.000000
4057.000000,1211.000000,3896.000000,1438.000000
601.000000,1493.000000,494.000000,1646.000000
601.000000,1493.000000,973.000000,1861.000000
549.000000,240.000000,319.000000,682.000000
1970.000000,634.000000,2064.000000,699.000000
3838.000000,1443.000000,3775.000000,1569.000000
197.000000,2215.000000,149.000000,2268.000000
4859.000000,4597.000000,4265.000000,4691.000000
394.000000,171.000000,549.000000,240.000000
1173.000000,2532.000000,1498.000000,2596.000000
544.000000,4875.000000,581.000000,5019.000000
1252.000000,3983.000000,1161.000000,4063.000000
4057.000000,1211.000000,3914.000000,1230.000000
632.000000,4748.000000,581.000000,5019.000000
759.000000,4513.000000,632.000000,4748.000000
3202.000000,1180.000000,3426.000000,1350.000000
2209.000000,3000.000000,2447.000000,3131.000000
639.000000,3717.000000,563.000000,3947.000000
4349.000000,2947.000000,4452.000000,3168.000000
3105.000000,314.000000,3048.000000,381.000000
1242.000000,1505.000000,1080.000000,1779.000000
3105.000000,314.000000,3358.000000,581.000000
1542.000000,2018.000000,1691.000000,2044.000000
3202.000000,1180.000000,3407.000000,1199.000000
3740.000000,3049.000000,3662.000000,3245.000000
408.000000,4511.000000,88.000000,4698.000000
3724.000000,476.000000,3963.000000,736.000000
3556.000000,5030.000000,2902.000000,5035.000000
2620.000000,840.000000,2607.000000,1313.000000
1131.000000,1152.000000,1054.000000,1323.000000
1567.000000,2424.000000,1828.000000,2429.000000
4010.000000,4643.000000,4005.000000,4711.000000
2886.000000,4146.000000,2529.000000,4223.000000
1257.000000,3546.000000,1295.000000,3696.000000
1144.000000,2193.000000,1021.000000,2215.000000
4192.000000,1127.000000,4270.000000,1440.000000
3404.000000,1884.000000,3024.000000,2095.000000
3482.000000,4838.000000,3004.000000,4893.000000
387.000000,3384.000000,480.000000,3409.000000
5040.000000,1318.000000,4999.000000,1928.000000
3963.000000,1619.000000,3941.000000,1646.000000
4605.000000,1497.000000,4703.000000,1511.000000
763.000000,4796.000000,838.000000,5017.000000
4492.000000,3388.000000,4521.000000,3418.000000
2633.000000,1664.000000,2610.000000,1948.000000
1252.000000,3983.000000,1374.000000,4141.000000
4192.000000,1127.000000,4057.000000,1211.000000
1674.000000,1468.000000,1242.000000,1505.000000
2352.000000,3415.000000,2290.000000,3538.000000
3012.000000,3140.000000,2972.000000,3346.000000
4604.000000,1062.000000,4500.000000,1158.000000
142.000000,373.000000,33.000000,918.000000
2017.000000,17.000000,2038.000000,93.000000
3565.000000,107.000000,3219.000000,120.000000
4640.000000,57.000000,4553.000000,363.000000
3282.000000,1578.000000,3024.000000,2095.000000
319.000000,3251.000000,387.000000,3384.000000
3175.000000,3046.000000,3012.000000,3140.000000
40.000000,1058.000000,134.000000,1530.000000
1455.000000,4315.000000,1490.000000,4379.000000
1534.000000,3319.000000,1743.000000,3405.000000
3394.000000,2083.000000,3024.000000,2095.000000
952.000000,3613.000000,639.000000,3717.000000
3552.000000,1566.000000,3775.000000,1569.000000
1731.000000,3958.000000,1737.000000,4257.000000
3963.000000,1619.000000,4115.000000,1634.000000
480.000000,3409.000000,438.000000,3474.000000
2438.000000,4044.000000,2348.000000,4406.000000
1694.000000,3199.000000,1952.000000,3228.000000
2170.000000,3059.000000,1788.000000,3106.000000
2153.000000,1715.000000,2371.000000,1778.000000
3181.000000,4512.000000,3004.000000,4893.000000
4158.000000,1928.000000,4122.000000,1998.000000
4396.000000,1634.000000,4401.000000,1781.000000
2935.000000,1411.000000,3028.000000,1600.000000
2193.000000,3098.000000,2290.000000,3538.000000
984.000000,72.000000,890.000000,143.000000
2261.000000,52.000000,2609.000000,291.000000
890.000000,143.000000,1095.000000,486.000000
1157.000000,2987.000000,1018.000000,3121.000000
2173.000000,4073.000000,1737.000000,4257.000000
1085.000000,4300.000000,1286.000000,4375.000000
4311.000000,45.000000,3729.000000,96.000000
4553.000000,363.000000,4628.000000,460.000000
4376.000000,1012.000000,4192.000000,1127.000000
4466.000000,3837.000000,4869.000000,4575.000000
3282.000000,1578.000000,2933.000000,1887.000000
2633.000000,1664.000000,2753.000000,1814.000000
3867.000000,4410.000000,4010.000000,4643.000000
2017.000000,17.000000,2045.000000,113.000000
1085.000000,4300.000000,1096.000000,4304.000000
2326.000000,1219.000000,2550.000000,1457.000000
2490.000000,554.000000,2372.000000,662.000000
480.000000,3409.000000,627.000000,3484.000000
197.000000,2215.000000,333.000000,2258.000000
627.000000,3484.000000,596.000000,3653.000000
2465.000000,2710.000000,2209.000000,3000.000000
3004.000000,4893.000000,2902.000000,5035.000000
689.000000,260.000000,319.000000,682.000000
3465.000000,3011.000000,3372.000000,3128.000000
1755.000000,3751.000000,1731.000000,3958.000000
124.000000,2266.000000,86.000000,2309.000000
843.000000,2394.000000,511.000000,2653.000000
3964.000000,3362.000000,4252.000000,3669.000000
973.000000,1861.000000,933.000000,2061.000000
4611.000000,945.000000,4500.000000,1158.000000
4329.000000,3572.000000,4258.000000,3624.000000
4460.000000,2722.000000,4349.000000,2947.000000
3181.000000,4512.000000,2808.000000,4526.000000
3202.000000,1180.000000,3293.000000,1497.000000
3394.000000,2083.000000,3211.000000,2136.000000
957.000000,3944.000000,902.000000,4084.000000
864.000000,3209.000000,627.000000,3484.000000
1348.000000,416.000000,1674.000000,1468.000000
3619.000000,3137.000000,3295.000000,3420.000000
2316.000000,358.000000,2490.000000,554.000000
3293.000000,1497.000000,3282.000000,1578.000000
450.000000,2157.000000,333.000000,2258.000000
164.000000,3856.000000,274.000000,4130.000000
2365.000000,1170.000000,2326.000000,1219.000000
2302.000000,4005.000000,2173.000000,4073.000000
1309.000000,176.000000,1128.000000,384.000000
4999.000000,1928.000000,5001.000000,2618.000000
2326.000000,1219.000000,2607.000000,1313.000000
3867.000000,4410.000000,3909.000000,4676.000000
1905.000000,726.000000,1847.000000,1147.000000
730.000000,4267.000000,397.000000,4297.000000
1157.000000,2987.000000,1327.000000,3213.000000
1327.000000,3213.000000,1037.000000,3350.000000
4718.000000,3130.000000,4916.000000,3205.000000
3662.000000,3245.000000,3606.000000,3325.000000
4910.000000,1522.000000,4593.000000,1775.000000
1433.000000,3638.000000,1620.000000,3810.000000
722.000000,3155.000000,864.000000,3209.000000
1095.000000,486.000000,1095.000000,940.000000
3342.000000,3300.000000,2972.000000,3346.000000
2784.000000,369.000000,2490.000000,554.000000
1095.000000,940.000000,1168.000000,1075.000000
4087.000000,2126.000000,4460.000000,2722.000000
4794.000000,1047.000000,4610.000000,1382.000000
1063.000000,85.000000,890.000000,143.000000
888.000000,868.000000,1095.000000,940.000000
5060.000000,3086.000000,4999.000000,3145.000000
843.000000,2394.000000,1005.000000,2690.000000
40.000000,1058.000000,134.000000,1305.000000
632.000000,4748.000000,763.000000,4796.000000
2676.000000,1640.000000,2633.000000,1664.000000
857.000000,2771.000000,986.000000,2792.000000
3610.000000,4905.000000,3556.000000,5030.000000
2872.000000,2083.000000,3037.000000,2268.000000
838.000000,5017.000000,844.000000,5033.000000
4490.000000,750.000000,4681.000000,879.000000
2225.000000,199.000000,2220.000000,379.000000
2371.000000,1625.000000,2593.000000,1678.000000
134.000000,1305.000000,134.000000,1530.000000
957.000000,3944.000000,1214.000000,4006.000000
2550.000000,1457.000000,2676.000000,1640.000000
2620.000000,840.000000,2289.000000,954.000000
274.000000,4130.000000,412.000000,4291.000000
4083.000000,1496.000000,4115.000000,1634.000000
3703.000000,4663.000000,3401.000000,4715.000000
4949.000000,455.000000,5040.000000,1318.000000
2915.000000,2587.000000,2631.000000,2605.000000
3175.000000,3046.000000,2972.000000,3346.000000
86.000000,2309.000000,9.000000,3068.000000
4640.000000,57.000000,4344.000000,124.000000
4640.000000,57.000000,4784.000000,79.000000
378.000000,883.000000,462.000000,1061.000000
124.000000,2266.000000,134.000000,2267.000000
2735.000000,2715.000000,2593.000000,2760.000000
1620.000000,3810.000000,1731.000000,3958.000000
1355.000000,2260.000000,1292.000000,2392.000000
488.000000,2357.000000,837.000000,2360.000000
164.000000,3856.000000,315.000000,4259.000000
1018.000000,3121.000000,1327.000000,3213.000000
4083.000000,1496.000000,3963.000000,1619.000000
2753.000000,1814.000000,2933.000000,1887.000000
1085.000000,4300.000000,759.000000,4513.000000
888.000000,868.000000,1168.000000,1075.000000
1242.000000,1505.000000,1562.000000,1585.000000
4270.000000,1440.000000,4605.000000,1497.000000
4910.000000,1522.000000,4999.000000,1928.000000
4005.000000,4711.000000,3992.000000,4879.000000
5040.000000,1318.000000,5064.000000,2915.000000
4466.000000,3837.000000,3867.000000,4410.000000
3599.000000,4319.000000,3401.000000,4715.000000
1037.000000,3350.000000,952.000000,3613.000000
1681.000000,130.000000,1348.000000,416.000000
2083.000000,494.000000,1970.000000,634.000000
1760.000000,358.000000,1348.000000,416.000000
2679.000000,3068.000000,2447.000000,3131.000000
4740.000000,3906.000000,5023.000000,4282.000000
4344.000000,124.000000,4553.000000,363.000000
2972.000000,3346.000000,2596.000000,3789.000000
372.000000,1760.000000,478.000000,1844.000000
4972.000000,3084.000000,4999.000000,3145.000000
1743.000000,3405.000000,1766.000000,3437.000000
2225.000000,199.000000,2358.000000,259.000000
3897.000000,4875.000000,3556.000000,5030.000000
2753.000000,1814.000000,2691.000000,1863.000000
4270.000000,1440.000000,4115.000000,1634.000000
1788.000000,3106.000000,1694.000000,3199.000000
2255.000000,1117.000000,2365.000000,1170.000000
1257.000000,3546.000000,1252.000000,3983.000000
3677.000000,2349.000000,3927.000000,2352.000000
1243.000000,4723.000000,844.000000,5033.000000
3909.000000,4676.000000,3897.000000,4875.000000
3846.000000,1620.000000,3986.000000,1775.000000
1490.000000,4379.000000,1824.000000,4861.000000
890.000000,143.000000,689.000000,260.000000
2574.000000,4047.000000,2529.000000,4223.000000
233.000000,812.000000,180.000000,994.000000
2981.000000,4153.000000,2294.000000,4602.000000
3512.000000,3749.000000,3177.000000,3816.000000
1073.000000,2652.000000,954.000000,2976.000000
118.000000,1969.000000,86.000000,2309.000000
1085.000000,4300.000000,1243.000000,4723.000000
4593.000000,1775.000000,4665.000000,1905.000000
3729.000000,96.000000,3724.000000,476.000000
4681.000000,879.000000,4611.000000,945.000000
3597.000000,2504.000000,3356.000000,2532.000000
4344.000000,124.000000,4184.000000,199.000000
2650.000000,1790.000000,2753.000000,1814.000000
3032.000000,2582.000000,3084.000000,2590.000000
4460.000000,2722.000000,4538.000000,3143.000000
3675.000000,1265.000000,3775.000000,1569.000000
5001.000000,2618.000000,4889.000000,2779.000000
2900.000000,456.000000,2740.000000,679.000000
3630.000000,925.000000,3563.000000,1129.000000
3211.000000,2136.000000,3094.000000,2358.000000
4718.000000,3130.000000,4538.000000,3143.000000
511.000000,2653.000000,598.000000,2820.000000
544.000000,4875.000000,520.000000,4926.000000
3578.000000,887.000000,3564.000000,922.000000
1073.000000,2652.000000,1157.000000,2987.000000
3662.000000,3245.000000,3964.000000,3362.000000
2935.000000,1411.000000,2960.000000,1734.000000
9.000000,3068.000000,101.000000,3510.000000
300.000000,1186.000000,325.000000,1306.000000
1833.000000,3744.000000,1755.000000,3751.000000
101.000000,3510.000000,20.000000,3807.000000
1182.000000,1156.000000,1242.000000,1505.000000
2358.000000,259.000000,2395.000000,320.000000
957.000000,3944.000000,941.000000,3994.000000
1168.000000,1075.000000,1131.000000,1152.000000
2679.000000,3068.000000,3012.000000,3140.000000
3927.000000,2352.000000,4258.000000,2674.000000
4724.000000,3198.000000,4916.000000,3205.000000
343.000000,2251.000000,333.000000,2258.000000
333.000000,2258.000000,488.000000,2357.000000
2981.000000,4153.000000,3229.000000,4165.000000
9.000000,3068.000000,100.000000,3313.000000
2169.000000,3240.000000,2037.000000,3465.000000
1128.000000,384.000000,1348.000000,416.000000
2037.000000,3465.000000,1930.000000,3600.000000
2483.000000,784.000000,2289.000000,954.000000
69.000000,1866.000000,281.000000,2050.000000
3619.000000,3137.000000,3662.000000,3245.000000
3906.000000,346.000000,3816.000000,448.000000
2123.000000,1922.000000,1925.000000,2166.000000
3732.000000,1867.000000,3394.000000,2083.000000
1925.000000,2166.000000,2413.000000,2296.000000
4122.000000,1998.000000,4087.000000,2126.000000
1173.000000,2532.000000,1073.000000,2652.000000
3756.000000,1865.000000,4009.000000,2166.000000
494.000000,1646.000000,372.000000,1760.000000
2455.000000,591.000000,2372.000000,662.000000
5045.000000,3362.000000,4977.000000,4048.000000
4065.000000,1750.000000,3986.000000,1775.000000
4010.000000,4643.000000,4265.000000,4691.000000
3597.000000,2504.000000,3457.000000,2695.000000
713.000000,4041.000000,847.000000,4177.000000
319.000000,3251.000000,627.000000,3484.000000
4597.000000,1205.000000,4610.000000,1382.000000
1173.000000,2532.000000,1005.000000,2690.000000
4192.000000,1127.000000,4115.000000,1150.000000
2837.000000,1900.000000,2872.000000,2083.000000
3563.000000,1129.000000,3622.000000,1183.000000
4265.000000,4691.000000,3992.000000,4879.000000
3372.000000,3128.000000,3619.000000,3137.000000
319.000000,3251.000000,259.000000,3431.000000
838.000000,5017.000000,581.000000,5019.000000
1018.000000,3121.000000,793.000000,3179.000000
2123.000000,1922.000000,1858.000000,2035.000000
4311.000000,45.000000,4344.000000,124.000000
2186.000000,4275.000000,2105.000000,4595.000000
436.000000,2917.000000,722.000000,3155.000000
1327.000000,3213.000000,1348.000000,3351.000000
164.000000,3856.000000,412.000000,4291.000000
4818.000000,3015.000000,4916.000000,3205.000000
2894.000000,3516.000000,2921.000000,3769.000000
2316.000000,358.000000,2372.000000,662.000000
1073.000000,2652.000000,1005.000000,2690.000000
1874.000000,2601.000000,1788.000000,3106.000000
2490.000000,554.000000,2455.000000,591.000000
4889.000000,2779.000000,4972.000000,3084.000000
4054.000000,175.000000,3906.000000,346.000000
1023.000000,3388.000000,952.000000,3613.000000
1905.000000,726.000000,1674.000000,1468.000000
3482.000000,4838.000000,3610.000000,4905.000000
855.000000,1521.000000,973.000000,1861.000000
3729.000000,96.000000,3565.000000,107.000000
639.000000,3717.000000,164.000000,3856.000000
2784.000000,369.000000,2675.000000,648.000000
3677.000000,2349.000000,3597.000000,2504.000000
1144.000000,2193.000000,1292.000000,2392.000000
2365.000000,1170.000000,2607.000000,1313.000000
3210.000000,2957.000000,3372.000000,3128.000000
1286.000000,4375.000000,1243.000000,4723.000000
2921.000000,3769.000000,3177.000000,3816.000000
888.000000,868.000000,378.000000,883.000000
3177.000000,1105.000000,3202.000000,1180.000000
734.000000,1419.000000,855.000000,1521.000000
2037.000000,3465.000000,1833.000000,3744.000000
722.000000,3155.000000,793.000000,3179.000000
19.000000,1561.000000,9.000000,3068.000000
3972.000000,148.000000,3906.000000,346.000000
1858.000000,2035.000000,1691.000000,2044.000000
33.000000,918.000000,40.000000,1058.000000
3789.000000,2763.000000,3690.000000,2801.000000
3113.000000,1218.000000,2935.000000,1411.000000
4597.000000,1205.000000,4605.000000,1497.000000
387.000000,3384.000000,101.000000,3510.000000
1018.000000,3121.000000,1037.000000,3350.000000
319.000000,3251.000000,101.000000,3510.000000
722.000000,3155.000000,319.000000,3251.000000
890.000000,143.000000,1128.000000,384.000000
2132.000000,567.000000,2064.000000,699.000000
88.000000,4698.000000,486.000000,4894.000000
2550.000000,1457.000000,2593.000000,1678.000000
2348.000000,4406.000000,2168.000000,4661.000000
3342.000000,1575.000000,3282.000000,1578.000000
1972.000000,870.000000,2255.000000,1117.000000
1824.000000,4861.000000,1578.000000,5033.000000
941.000000,3994.000000,902.000000,4084.000000
1616.000000,3404.000000,1743.000000,3405.000000
1887.000000,1457.000000,1562.000000,1585.000000
486.000000,51.000000,689.000000,260.000000
2261.000000,52.000000,2358.000000,259.000000
4521.000000,3418.000000,4329.000000,3572.000000
3564.000000,922.000000,3563.000000,1129.000000
843.000000,2394.000000,704.000000,2420.000000
1295.000000,3696.000000,1252.000000,3983.000000
1736.000000,3533.000000,1607.000000,3668.000000
4220.000000,2085.000000,4627.000000,2213.000000
3210.000000,2957.000000,3175.000000,3046.000000
3992.000000,4879.000000,4414.000000,4926.000000
3732.000000,1867.000000,4009.000000,2166.000000
2193.000000,3098.000000,2169.000000,3240.000000
1578.000000,5033.000000,1080.000000,5042.000000
1061.000000,17.000000,890.000000,143.000000
3159.000000,2926.000000,2679.000000,3068.000000
4468.000000,1750.000000,4401.000000,1781.000000
2131.000000,4943.000000,1578.000000,5033.000000
723.000000,4618.000000,632.000000,4748.000000
2007.000000,2468.000000,1874.000000,2601.000000
3482.000000,4838.000000,3556.000000,5030.000000
4740.000000,3906.000000,4955.000000,3973.000000
1161.000000,4063.000000,1286.000000,4375.000000
2371.000000,1625.000000,2371.000000,1778.000000
1353.000000,2798.000000,1157.000000,2987.000000
2886.000000,4146.000000,2981.000000,4153.000000
3229.000000,4165.000000,3181.000000,4512.000000
1952.000000,3228.000000,2169.000000,3240.000000
3986.000000,1775.000000,3732.000000,1867.000000
4396.000000,1634.000000,4593.000000,1775.000000
1348.000000,416.000000,1095.000000,940.000000
1578.000000,5033.000000,2902.000000,5035.000000
4597.000000,1205.000000,4426.000000,1207.000000
2529.000000,4223.000000,2348.000000,4406.000000
281.000000,2050.000000,197.000000,2215.000000
4718.000000,3130.000000,4724.000000,3198.000000
4115.000000,1634.000000,4396.000000,1634.000000
1620.000000,3810.000000,1252.000000,3983.000000
2371.000000,1625.000000,2153.000000,1715.000000
2326.000000,1219.000000,2371.000000,1625.000000
1229.000000,117.000000,1309.000000,176.000000
847.000000,4177.000000,782.000000,4376.000000
4115.000000,1150.000000,4057.000000,1211.000000
5064.000000,2915.000000,4972.000000,3084.000000
3712.000000,4240.000000,3181.000000,4512.000000
171.000000,2215.000000,197.000000,2215.000000
3369.000000,2727.000000,3210.000000,2957.000000
3789.000000,2763.000000,3931.000000,2870.000000
3295.000000,3420.000000,3227.000000,3461.000000
3606.000000,3325.000000,3512.000000,3749.000000
2894.000000,3516.000000,3177.000000,3816.000000
1285.000000,3443.000000,1433.000000,3638.000000
2872.000000,2083.000000,2413.000000,2296.000000
2714.000000,3129.000000,3012.000000,3140.000000
4905.000000,3506.000000,4977.000000,4048.000000
3606.000000,3325.000000,3295.000000,3420.000000
4957.000000,2151.000000,4460.000000,2722.000000
2550.000000,1457.000000,2371.000000,1625.000000
4252.000000,3669.000000,4440.000000,3752.000000
4146.000000,1050.000000,3806.000000,1173.000000
965.000000,3492.000000,952.000000,3613.000000
1498.000000,2596.000000,1353.000000,2798.000000
844.000000,5033.000000,637.000000,5044.000000
478.000000,1844.000000,281.000000,2050.000000
1562.000000,1585.000000,2153.000000,1715.000000
3806.000000,1173.000000,3675.000000,1265.000000
5023.000000,4282.000000,4805.000000,4979.000000
954.000000,2976.000000,722.000000,3155.000000
1292.000000,2392.000000,1567.000000,2424.000000
114.000000,1037.000000,40.000000,1058.000000
1173.000000,2532.000000,1353.000000,2798.000000
1869.000000,529.000000,1905.000000,549.000000
164.000000,3856.000000,730.000000,4267.000000
2045.000000,113.000000,2083.000000,494.000000
1061.000000,17.000000,1322.000000,31.000000
1054.000000,1323.000000,1242.000000,1505.000000
2735.000000,2715.000000,3022.000000,2836.000000
4223.000000,424.000000,4381.000000,514.000000
1168.000000,4850.000000,1077.000000,4873.000000
3119.000000,4046.000000,2981.000000,4153.000000
397.000000,4297.000000,408.000000,4511.000000
759.000000,4513.000000,723.000000,4618.000000
4492.000000,3388.000000,4329.000000,3572.000000
2105.000000,4595.000000,1942.000000,4912.000000
315.000000,4259.000000,397.000000,4297.000000
2915.000000,2587.000000,3022.000000,2836.000000
3986.000000,1775.000000,3756.000000,1865.000000
88.000000,4698.000000,162.000000,4762.000000
3105.000000,314.000000,2873.000000,386.000000
2609.000000,291.000000,2784.000000,369.000000
3453.000000,2771.000000,3690.000000,2801.000000
118.000000,1969.000000,281.000000,2050.000000
3677.000000,2349.000000,3978.000000,2681.000000
1562.000000,1585.000000,1542.000000,2018.000000
2447.000000,3131.000000,2352.000000,3415.000000
2620.000000,840.000000,2365.000000,1170.000000
4115.000000,1634.000000,4220.000000,2085.000000
1757.000000,3026.000000,1694.000000,3199.000000
4889.000000,2779.000000,4718.000000,3130.000000
639.000000,3717.000000,713.000000,4041.000000
436.000000,2917.000000,304.000000,3141.000000
3211.000000,2136.000000,3597.000000,2504.000000
4270.000000,1440.000000,4083.000000,1496.000000
3356.000000,2532.000000,3457.000000,2695.000000
3597.000000,2504.000000,3978.000000,2681.000000
2872.000000,2083.000000,2816.000000,2360.000000
1773.000000,2461.000000,1498.000000,2596.000000
3453.000000,2771.000000,3694.000000,2893.000000
601.000000,1493.000000,855.000000,1521.000000
837.000000,2360.000000,704.000000,2420.000000
3202.000000,1180.000000,3282.000000,1578.000000
596.000000,3653.000000,369.000000,3740.000000
378.000000,883.000000,917.000000,1141.000000
1063.000000,85.000000,1229.000000,117.000000
2105.000000,4595.000000,2168.000000,4661.000000
3358.000000,581.000000,3369.000000,642.000000
3048.000000,381.000000,2900.000000,456.000000
3037.000000,2268.000000,3003.000000,2388.000000
4349.000000,2947.000000,4329.000000,3572.000000
114.000000,1037.000000,168.000000,1067.000000
3219.000000,120.000000,3724.000000,476.000000
4813.000000,3012.000000,4972.000000,3084.000000
3394.000000,2083.000000,3399.000000,2240.000000
19.000000,1561.000000,69.000000,1866.000000
1028.000000,4046.000000,1161.000000,4063.000000
2007.000000,2468.000000,2465.000000,2710.000000
843.000000,2394.000000,966.000000,2405.000000
3806.000000,1173.000000,3780.000000,1254.000000
4401.000000,1781.000000,4665.000000,1905.000000
3468.000000,1533.000000,3552.000000,1566.000000
1681.000000,130.000000,1760.000000,358.000000
1833.000000,3744.000000,1731.000000,3958.000000
4122.000000,1998.000000,4220.000000,2085.000000
2610.000000,1948.000000,2356.000000,2018.000000
369.000000,3740.000000,164.000000,3856.000000
2960.000000,1734.000000,2933.000000,1887.000000
4223.000000,424.000000,3816.000000,448.000000
2680.000000,3029.000000,2447.000000,3131.000000
4640.000000,57.000000,4882.000000,145.000000
2261.000000,52.000000,2045.000000,113.000000
4999.000000,3145.000000,5050.000000,3305.000000
2714.000000,3129.000000,2447.000000,3131.000000
1073.000000,2652.000000,1353.000000,2798.000000
3846.000000,1620.000000,3732.000000,1867.000000
162.000000,4762.000000,486.000000,4894.000000
2316.000000,358.000000,2132.000000,567.000000
544.000000,4875.000000,486.000000,4894.000000
2816.000000,2360.000000,2915.000000,2587.000000
1760.000000,358.000000,1869.000000,529.000000
313.000000,1468.000000,372.000000,1760.000000
4665.000000,1905.000000,4999.000000,1928.000000
233.000000,812.000000,378.000000,883.000000
2255.000000,1117.000000,2227.000000,1304.000000
1322.000000,31.000000,1309.000000,176.000000
438.000000,3474.000000,627.000000,3484.000000
2610.000000,1948.000000,2413.000000,2296.000000
4381.000000,514.000000,4490.000000,750.000000
3037.000000,2268.000000,3094.000000,2358.000000
1833.000000,3744.000000,2173.000000,4073.000000
2413.000000,2296.000000,2354.000000,2372.000000
2593.000000,2760.000000,2680.000000,3029.000000
2691.000000,1863.000000,2837.000000,1900.000000
5050.000000,3305.000000,5045.000000,3362.000000
1384.000000,4534.000000,1397.000000,4682.000000
285.000000,2687.000000,304.000000,3141.000000
1942.000000,4912.000000,2131.000000,4943.000000
4720.000000,1437.000000,4910.000000,1522.000000
1061.000000,17.000000,984.000000,72.000000
313.000000,1468.000000,129.000000,1546.000000
4065.000000,1750.000000,4158.000000,1928.000000
2150.000000,1823.000000,2356.000000,2018.000000
1095.000000,940.000000,1275.000000,1185.000000
2088.000000,658.000000,2289.000000,954.000000
1455.000000,4315.000000,1286.000000,4375.000000
4223.000000,424.000000,3963.000000,736.000000
4376.000000,1012.000000,4426.000000,1207.000000
1355.000000,2260.000000,1366.000000,2359.000000
3740.000000,3049.000000,3619.000000,3137.000000
4158.000000,1928.000000,3995.000000,2082.000000
2735.000000,535.000000,2740.000000,679.000000
3816.000000,448.000000,3963.000000,736.000000
3988.000000,4832.000000,3992.000000,4879.000000
1077.000000,4873.000000,1080.000000,5042.000000
164.000000,3856.000000,563.000000,3947.000000
3022.000000,2836.000000,2679.000000,3068.000000
888.000000,868.000000,1131.000000,1152.000000
888.000000,868.000000,917.000000,1141.000000
2680.000000,3029.000000,2679.000000,3068.000000
4452.000000,3168.000000,4492.000000,3388.000000
2972.000000,3346.000000,2894.000000,3516.000000
3914.000000,1230.000000,3780.000000,1254.000000
1952.000000,3228.000000,1930.000000,3600.000000
2900.000000,456.000000,2735.000000,535.000000
1054.000000,1323.000000,855.000000,1521.000000
462.000000,1061.000000,734.000000,1419.000000
1337.000000,4107.000000,1374.000000,4141.000000
168.000000,1067.000000,300.000000,1186.000000
1828.000000,2429.000000,1498.000000,2596.000000
4972.000000,3084.000000,4916.000000,3205.000000
2996.000000,4385.000000,2808.000000,4526.000000
3537.000000,38.000000,4311.000000,45.000000
4009.000000,2166.000000,3927.000000,2352.000000
4192.000000,1127.000000,4083.000000,1496.000000
3564.000000,922.000000,3452.000000,1097.000000
2289.000000,954.000000,2255.000000,1117.000000
233.000000,812.000000,33.000000,918.000000
3563.000000,1129.000000,3426.000000,1350.000000
3401.000000,4715.000000,3482.000000,4838.000000
3552.000000,1566.000000,3282.000000,1578.000000
1085.000000,4300.000000,782.000000,4376.000000
3358.000000,581.000000,3578.000000,887.000000
3394.000000,2083.000000,4009.000000,2166.000000
2227.000000,1304.000000,2371.000000,1625.000000
581.000000,5019.000000,637.000000,5044.000000
4882.000000,145.000000,4949.000000,455.000000
689.000000,260.000000,233.000000,812.000000
1930.000000,3600.000000,1833.000000,3744.000000
2714.000000,3129.000000,2596.000000,3789.000000
1731.000000,3958.000000,1374.000000,4141.000000
934.000000,3936.000000,713.000000,4041.000000
1292.000000,2392.000000,1173.000000,2532.000000
2465.000000,2710.000000,2593.000000,2760.000000
1972.000000,870.000000,1887.000000,1088.000000
2505.000000,3762.000000,2302.000000,4005.000000
3563.000000,1129.000000,3552.000000,1566.000000
259.000000,3431.000000,101.000000,3510.000000
2596.000000,3789.000000,2438.000000,4044.000000
4818.000000,3015.000000,4972.000000,3084.000000
4054.000000,175.000000,4184.000000,199.000000
4396.000000,1634.000000,4468.000000,1750.000000
1562.000000,1585.000000,1080.000000,1779.000000
3229.000000,4165.000000,3062.000000,4363.000000
118.000000,1969.000000,9.000000,3068.000000
2633.000000,1664.000000,2371.000000,1778.000000
3159.000000,2926.000000,3210.000000,2957.000000
1061.000000,17.000000,1063.000000,85.000000
4087.000000,2126.000000,4627.000000,2213.000000
4223.000000,424.000000,4376.000000,1012.000000
3867.000000,4410.000000,4273.000000,4546.000000
4311.000000,45.000000,4344.000000,115.000000
837.000000,2360.000000,843.000000,2394.000000
4805.000000,4979.000000,3556.000000,5030.000000
1348.000000,3351.000000,1285.000000,3443.000000
2017.000000,17.000000,2261.000000,52.000000
4538.000000,3143.000000,4724.000000,3198.000000
436.000000,2917.000000,319.000000,3251.000000
4794.000000,1047.000000,4604.000000,1062.000000
4349.000000,2947.000000,3964.000000,3362.000000
1788.000000,3106.000000,2169.000000,3240.000000
957.000000,3944.000000,713.000000,4041.000000
3211.000000,2136.000000,3037.000000,2268.000000
4664.000000,677.000000,4681.000000,879.000000
1374.000000,4141.000000,1455.000000,4315.000000
4681.000000,879.000000,5040.000000,1318.000000
2365.000000,1170.000000,2227.000000,1304.000000
1607.000000,3668.000000,1620.000000,3810.000000
5001.000000,2618.000000,5064.000000,2915.000000
86.000000,2309.000000,488.000000,2357.000000
180.000000,994.000000,168.000000,1067.000000
1858.000000,2035.000000,1925.000000,2166.000000
857.000000,2771.000000,954.000000,2976.000000
315.000000,4259.000000,88.000000,4698.000000
4503.000000,29.000000,3537.000000,38.000000
1736.000000,3533.000000,1930.000000,3600.000000
1694.000000,3199.000000,1534.000000,3319.000000
1128.000000,384.000000,1095.000000,486.000000
2088.000000,658.000000,1972.000000,870.000000
2170.000000,3059.000000,2193.000000,3098.000000
285.000000,2687.000000,598.000000,2820.000000
3358.000000,581.000000,3033.000000,713.000000
3622.000000,1183.000000,3675.000000,1265.000000
3452.000000,1097.000000,3563.000000,1129.000000
4273.000000,4546.000000,4869.000000,4575.000000
3703.000000,4663.000000,3897.000000,4875.000000
2227.000000,1304.000000,2153.000000,1715.000000
1905.000000,549.000000,1905.000000,726.000000
462.000000,1061.000000,300.000000,1186.000000
1073.000000,2652.000000,986.000000,2792.000000
3094.000000,2358.000000,3003.000000,2388.000000
4466.000000,3837.000000,5023.000000,4282.000000
3896.000000,1438.000000,3838.000000,1443.000000
3630.000000,925.000000,3622.000000,1183.000000
387.000000,3384.000000,259.000000,3431.000000
4258.000000,3624.000000,4252.000000,3669.000000
462.000000,1061.000000,537.000000,1479.000000
3468.000000,1533.000000,3342.000000,1575.000000
233.000000,812.000000,114.000000,1037.000000
3780.000000,1254.000000,3838.000000,1443.000000
4664.000000,677.000000,4490.000000,750.000000
4538.000000,3143.000000,4452.000000,3168.000000
4720.000000,1437.000000,4703.000000,1511.000000
2413.000000,2296.000000,2816.000000,2360.000000
4627.000000,2213.000000,4460.000000,2722.000000
3972.000000,148.000000,3724.000000,476.000000
4610.000000,1382.000000,4605.000000,1497.000000
486.000000,51.000000,142.000000,373.000000
3177.000000,3816.000000,3229.000000,4165.000000
5040.000000,1318.000000,4610.000000,1382.000000
450.000000,2157.000000,883.000000,2206.000000
1285.000000,3443.000000,1295.000000,3696.000000
3599.000000,4319.000000,3867.000000,4410.000000
2873.000000,386.000000,2900.000000,456.000000
4452.000000,3168.000000,4329.000000,3572.000000
537.000000,1479.000000,494.000000,1646.000000
3773.000000,3023.000000,3740.000000,3049.000000
3963.000000,736.000000,4376.000000,1012.000000
3537.000000,38.000000,3565.000000,107.000000
1737.000000,4257.000000,1455.000000,4315.000000
2447.000000,3131.000000,2290.000000,3538.000000
1731.000000,3958.000000,1252.000000,3983.000000
864.000000,3209.000000,1037.000000,3350.000000
4553.000000,363.000000,4391.000000,457.000000
1490.000000,4379.000000,1384.000000,4534.000000
33.000000,918.000000,114.000000,1037.000000
2740.000000,679.000000,2620.000000,840.000000
1292.000000,2392.000000,1498.000000,2596.000000
2981.000000,4153.000000,2808.000000,4526.000000
3552.000000,1566.000000,3404.000000,1884.000000
2714.000000,3129.000000,2972.000000,3346.000000
450.000000,2157.000000,837.000000,2360.000000
486.000000,51.000000,394.000000,171.000000
3404.000000,1884.000000,3394.000000,2083.000000
917.000000,1141.000000,855.000000,1521.000000
4869.000000,4575.000000,4859.000000,4597.000000
3465.000000,3011.000000,3619.000000,3137.000000
693.000000,4419.000000,408.000000,4511.000000
1168.000000,1075.000000,1275.000000,1185.000000
4440.000000,3752.000000,4466.000000,3837.000000
723.000000,4618.000000,844.000000,5033.000000
1847.000000,1147.000000,1887.000000,1457.000000
4794.000000,1047.000000,4523.000000,1173.000000
2017.000000,17.000000,3537.000000,38.000000
2400.000000,652.000000,2372.000000,662.000000
3512.000000,3749.000000,3867.000000,4410.000000
2455.000000,591.000000,2483.000000,784.000000
2679.000000,3068.000000,2714.000000,3129.000000
3084.000000,2590.000000,3354.000000,2626.000000
333.000000,2258.000000,149.000000,2268.000000
3729.000000,96.000000,3972.000000,148.000000
1080.000000,1779.000000,944.000000,2011.000000
2483.000000,784.000000,2620.000000,840.000000
1773.000000,2461.000000,1874.000000,2601.000000
3606.000000,3325.000000,3800.000000,3393.000000
1972.000000,870.000000,1847.000000,1147.000000
1252.000000,3983.000000,1214.000000,4006.000000
1348.000000,416.000000,1275.000000,1185.000000
1061.000000,17.000000,2017.000000,17.000000
450.000000,2157.000000,343.000000,2251.000000
917.000000,1141.000000,734.000000,1419.000000
2675.000000,648.000000,2620.000000,840.000000
3032.000000,2582.000000,2915.000000,2587.000000
3717.000000,4826.000000,3897.000000,4875.000000
2045.000000,113.000000,2225.000000,199.000000
3094.000000,2358.000000,3084.000000,2590.000000
2505.000000,3762.000000,2596.000000,3789.000000
3356.000000,2532.000000,3354.000000,2626.000000
1498.000000,2596.000000,1757.000000,3026.000000
5050.000000,3305.000000,5023.000000,4282.000000
4538.000000,3143.000000,4521.000000,3418.000000
100.000000,3313.000000,101.000000,3510.000000
4503.000000,29.000000,4784.000000,79.000000
4265.000000,4691.000000,4209.000000,4868.000000
3703.000000,4663.000000,3482.000000,4838.000000
3227.000000,3461.000000,2894.000000,3516.000000
3202.000000,1180.000000,3113.000000,1218.000000
1490.000000,4379.000000,1397.000000,4682.000000
4916.000000,3205.000000,5050.000000,3305.000000
3282.000000,1578.000000,3028.000000,1600.000000
3964.000000,3362.000000,4258.000000,3624.000000
5060.000000,3086.000000,5050.000000,3305.000000
1970.000000,634.000000,1905.000000,726.000000
4813.000000,3012.000000,4718.000000,3130.000000
973.000000,1861.000000,883.000000,2206.000000
520.000000,4926.000000,581.000000,5019.000000
2209.000000,3000.000000,2680.000000,3029.000000
3717.000000,4826.000000,3610.000000,4905.000000
3630.000000,925.000000,3806.000000,1173.000000
5060.000000,3086.000000,5023.000000,4282.000000
3972.000000,148.000000,4054.000000,175.000000
2371.000000,1778.000000,2150.000000,1823.000000
1182.000000,1156.000000,1275.000000,1185.000000
4376.000000,1012.000000,4146.000000,1050.000000
4469.000000,1551.000000,4396.000000,1634.000000
4401.000000,1781.000000,4220.000000,2085.000000
3113.000000,1218.000000,2607.000000,1313.000000
2900.000000,456.000000,3033.000000,713.000000
3426.000000,1350.000000,3468.000000,1533.000000
5023.000000,4282.000000,4859.000000,4597.000000
984.000000,72.000000,689.000000,260.000000
3806.000000,1173.000000,4057.000000,1211.000000
601.000000,1493.000000,450.000000,2157.000000
4414.000000,4926.000000,4805.000000,4979.000000
1348.000000,3351.000000,1433.000000,3638.000000
2631.000000,2605.000000,2735.000000,2715.000000
69.000000,1866.000000,9.000000,3068.000000
3867.000000,4410.000000,3703.000000,4663.000000
1243.000000,4723.000000,1077.000000,4873.000000
3724.000000,476.000000,3578.000000,887.000000
944.000000,2011.000000,1144.000000,2193.000000
3105.000000,314.000000,3115.000000,510.000000
782.000000,4376.000000,693.000000,4419.000000
1833.000000,3744.000000,2505.000000,3762.000000
3115.000000,510.000000,3358.000000,581.000000
3756.000000,1865.000000,4158.000000,1928.000000
2756.000000,2741.000000,3022.000000,2836.000000
1286.000000,4375.000000,1384.000000,4534.000000
954.000000,2976.000000,1018.000000,3121.000000
3537.000000,38.000000,3729.000000,96.000000
1021.000000,2215.000000,966.000000,2405.000000
4521.000000,3418.000000,4740.000000,3906.000000
180.000000,994.000000,300.000000,1186.000000
1285.000000,3443.000000,1257.000000,3546.000000
1567.000000,2424.000000,1498.000000,2596.000000
944.000000,2011.000000,933.000000,2061.000000
3210.000000,2957.000000,3012.000000,3140.000000
4916.000000,3205.000000,4521.000000,3418.000000
378.000000,883.000000,734.000000,1419.000000
3028.000000,1600.000000,2960.000000,1734.000000
4184.000000,199.000000,4223.000000,424.000000
1397.000000,4682.000000,1578.000000,5033.000000
3630.000000,925.000000,4146.000000,1050.000000
1788.000000,3106.000000,1952.000000,3228.000000
313.000000,1468.000000,134.000000,1530.000000
3703.000000,4663.000000,3909.000000,4676.000000
838.000000,5017.000000,637.000000,5044.000000
180.000000,994.000000,114.000000,1037.000000
488.000000,2357.000000,511.000000,2653.000000
693.000000,4419.000000,486.000000,4894.000000
40.000000,1058.000000,19.000000,1561.000000
537.000000,1479.000000,601.000000,1493.000000
3468.000000,1533.000000,3282.000000,1578.000000
2593.000000,1678.000000,2371.000000,1778.000000
843.000000,2394.000000,857.000000,2771.000000
3800.000000,3393.000000,4252.000000,3669.000000
1760.000000,358.000000,1905.000000,549.000000
2132.000000,567.000000,2372.000000,662.000000
4192.000000,1127.000000,3896.000000,1438.000000
3964.000000,3362.000000,4329.000000,3572.000000
4605.000000,1497.000000,4469.000000,1551.000000
1371.000000,4694.000000,1168.000000,4850.000000
3717.000000,4826.000000,3556.000000,5030.000000
2981.000000,4153.000000,2529.000000,4223.000000
2294.000000,4602.000000,2168.000000,4661.000000
563.000000,3947.000000,713.000000,4041.000000
2872.000000,2083.000000,3024.000000,2095.000000
3780.000000,1254.000000,3675.000000,1265.000000
5045.000000,3362.000000,5023.000000,4282.000000
632.000000,4748.000000,486.000000,4894.000000
3964.000000,3362.000000,3800.000000,3393.000000
3690.000000,2801.000000,3740.000000,3049.000000
2505.000000,3762.000000,2173.000000,4073.000000
3202.000000,1180.000000,3028.000000,1600.000000
2395.000000,320.000000,2490.000000,554.000000
2933.000000,1887.000000,2837.000000,1900.000000
2650.000000,1790.000000,2610.000000,1948.000000
4426.000000,1207.000000,4270.000000,1440.000000
3563.000000,1129.000000,3675.000000,1265.000000
3816.000000,448.000000,3724.000000,476.000000
129.000000,1546.000000,19.000000,1561.000000
549.000000,240.000000,142.000000,373.000000
2596.000000,3789.000000,2574.000000,4047.000000
2996.000000,4385.000000,3097.000000,4463.000000
3062.000000,4363.000000,3097.000000,4463.000000
3537.000000,38.000000,3124.000000,71.000000
3800.000000,3393.000000,3867.000000,4410.000000
3817.000000,755.000000,3578.000000,887.000000
730.000000,4267.000000,412.000000,4291.000000
366.000000,1545.000000,372.000000,1760.000000
3177.000000,1105.000000,3113.000000,1218.000000
2808.000000,4526.000000,2294.000000,4602.000000
142.000000,373.000000,319.000000,682.000000
2730.000000,4943.000000,2902.000000,5035.000000
1257.000000,3546.000000,1214.000000,4006.000000
5040.000000,1318.000000,4910.000000,1522.000000
285.000000,2687.000000,9.000000,3068.000000
4665.000000,1905.000000,4627.000000,2213.000000
2756.000000,2741.000000,2679.000000,3068.000000
3282.000000,1578.000000,3404.000000,1884.000000
3452.000000,1097.000000,3407.000000,1199.000000
2302.000000,4005.000000,2438.000000,4044.000000
2371.000000,1778.000000,2356.000000,2018.000000
3369.000000,2727.000000,3453.000000,2771.000000
3906.000000,346.000000,4223.000000,424.000000
3295.000000,3420.000000,3512.000000,3749.000000
1874.000000,2601.000000,1757.000000,3026.000000
3806.000000,1173.000000,3914.000000,1230.000000
3712.000000,4240.000000,3867.000000,4410.000000
1096.000000,4304.000000,1286.000000,4375.000000
4640.000000,57.000000,4859.000000,398.000000
1168.000000,1075.000000,1182.000000,1156.000000
1757.000000,3026.000000,1788.000000,3106.000000
2225.000000,199.000000,2316.000000,358.000000
3097.000000,4463.000000,3181.000000,4512.000000
3817.000000,755.000000,4146.000000,1050.000000
883.000000,2206.000000,837.000000,2360.000000
2808.000000,4526.000000,2730.000000,4943.000000
2438.000000,4044.000000,2529.000000,4223.000000
1085.000000,4300.000000,723.000000,4618.000000
2038.000000,93.000000,1760.000000,358.000000
111.000000,692.000000,33.000000,918.000000
4184.000000,199.000000,3906.000000,346.000000
124.000000,2266.000000,149.000000,2268.000000
933.000000,2061.000000,883.000000,2206.000000
3564.000000,922.000000,3630.000000,925.000000
3756.000000,1865.000000,3732.000000,1867.000000
452.000000,2221.000000,488.000000,2357.000000
2894.000000,3516.000000,2596.000000,3789.000000
3780.000000,1254.000000,3775.000000,1569.000000
3227.000000,3461.000000,3512.000000,3749.000000
1905.000000,726.000000,1972.000000,870.000000
1952.000000,3228.000000,1743.000000,3405.000000
3537.000000,38.000000,3219.000000,120.000000
3690.000000,2801.000000,3773.000000,3023.000000
3563.000000,1129.000000,3775.000000,1569.000000
4265.000000,4691.000000,4005.000000,4711.000000
4905.000000,3506.000000,4740.000000,3906.000000
4955.000000,3973.000000,4977.000000,4048.000000
4610.000000,1382.000000,4703.000000,1511.000000
3369.000000,642.000000,3564.000000,922.000000
3806.000000,1173.000000,3622.000000,1183.000000
118.000000,1969.000000,124.000000,2266.000000
1887.000000,1088.000000,1887.000000,1457.000000
3896.000000,1438.000000,3775.000000,1569.000000
3457.000000,2695.000000,3690.000000,2801.000000
4009.000000,2166.000000,3677.000000,2349.000000
883.000000,2206.000000,966.000000,2405.000000
1028.000000,4046.000000,847.000000,4177.000000
1828.000000,2429.000000,1874.000000,2601.000000
319.000000,3251.000000,480.000000,3409.000000
1607.000000,3668.000000,1755.000000,3751.000000
4490.000000,750.000000,4376.000000,1012.000000
2352.000000,3415.000000,2505.000000,3762.000000
883.000000,2206.000000,1021.000000,2215.000000
4376.000000,1012.000000,4500.000000,1158.000000
1353.000000,2798.000000,1327.000000,3213.000000
2960.000000,1734.000000,2753.000000,1814.000000
1616.000000,3404.000000,1736.000000,3533.000000
3177.000000,3816.000000,3119.000000,4046.000000
734.000000,1419.000000,601.000000,1493.000000
2017.000000,17.000000,1309.000000,176.000000
2007.000000,2468.000000,2209.000000,3000.000000
4270.000000,1440.000000,4469.000000,1551.000000
4223.000000,424.000000,4391.000000,457.000000
3775.000000,1569.000000,3732.000000,1867.000000
4258.000000,2674.000000,4349.000000,2947.000000
33.000000,918.000000,19.000000,1561.000000
40.000000,1058.000000,325.000000,1306.000000
1348.000000,416.000000,1095.000000,486.000000
3694.000000,2893.000000,3465.000000,3011.000000
3712.000000,4240.000000,3599.000000,4319.000000
2153.000000,1715.000000,2123.000000,1922.000000
4311.000000,45.000000,4184.000000,199.000000
1887.000000,1088.000000,2227.000000,1304.000000
412.000000,4291.000000,397.000000,4297.000000
438.000000,3474.000000,369.000000,3740.000000
313.000000,1468.000000,537.000000,1479.000000
902.000000,4084.000000,847.000000,4177.000000
3599.000000,4319.000000,3181.000000,4512.000000
2131.000000,4943.000000,2730.000000,4943.000000
3789.000000,2763.000000,3773.000000,3023.000000
2438.000000,4044.000000,2574.000000,4047.000000
2735.000000,2715.000000,2756.000000,2741.000000
2356.000000,2018.000000,1925.000000,2166.000000
3219.000000,120.000000,3358.000000,581.000000
1433.000000,3638.000000,1607.000000,3668.000000
3453.000000,2771.000000,3210.000000,2957.000000
1674.000000,1468.000000,1562.000000,1585.000000
2105.000000,4595.000000,2131.000000,4943.000000
3399.000000,2240.000000,3677.000000,2349.000000
704.000000,2420.000000,511.000000,2653.000000
180.000000,994.000000,462.000000,1061.000000
4962.000000,696.000000,5040.000000,1318.000000
129.000000,1546.000000,372.000000,1760.000000
2753.000000,1814.000000,2837.000000,1900.000000
3986.000000,1775.000000,4158.000000,1928.000000
4115.000000,1634.000000,3941.000000,1646.000000
2935.000000,1411.000000,2676.000000,1640.000000
4622.000000,4975.000000,4805.000000,4979.000000
4611.000000,945.000000,4604.000000,1062.000000
4628.000000,460.000000,4490.000000,750.000000
408.000000,4511.000000,486.000000,4894.000000
3512.000000,3749.000000,3712.000000,4240.000000
3177.000000,3816.000000,3712.000000,4240.000000
763.000000,4796.000000,581.000000,5019.000000
4818.000000,3015.000000,4718.000000,3130.000000
4258.000000,2674.000000,3978.000000,2681.000000
2045.000000,113.000000,1760.000000,358.000000
4794.000000,1047.000000,5040.000000,1318.000000
3119.000000,4046.000000,2886.000000,4146.000000
3210.000000,2957.000000,3342.000000,3300.000000
847.000000,4177.000000,730.000000,4267.000000
4859.000000,398.000000,4628.000000,460.000000
4794.000000,1047.000000,4597.000000,1205.000000
4889.000000,2779.000000,5064.000000,2915.000000
4930.000000,520.000000,4664.000000,677.000000
4146.000000,1050.000000,4057.000000,1211.000000
2153.000000,1715.000000,2150.000000,1823.000000
1077.000000,4873.000000,844.000000,5033.000000
2609.000000,291.000000,2873.000000,386.000000
1214.000000,4006.000000,1161.000000,4063.000000
2289.000000,954.000000,2365.000000,1170.000000
1161.000000,4063.000000,1085.000000,4300.000000
3963.000000,736.000000,3817.000000,755.000000
1286.000000,4375.000000,1490.000000,4379.000000
1755.000000,3751.000000,1620.000000,3810.000000
1080.000000,5042.000000,637.000000,5044.000000
4703.000000,1511.000000,4593.000000,1775.000000
1182.000000,1156.000000,1054.000000,1323.000000
2740.000000,679.000000,2607.000000,1313.000000
763.000000,4796.000000,844.000000,5033.000000
