POINTS
133.000000,3.000000
1312.000000,3.000000
2707.000000,8.000000
3915.000000,38.000000
3968.000000,41.000000
5155.000000,43.000000
4633.000000,46.000000
2883.000000,47.000000
4989.000000,60.000000
4845.000000,69.000000
4689.000000,84.000000
2698.000000,89.000000
3504.000000,108.000000
1929.000000,119.000000
180.000000,120.000000
4116.000000,126.000000
4798.000000,137.000000
879.000000,149.000000
3942.000000,151.000000
4195.000000,177.000000
908.000000,180.000000
1701.000000,182.000000
3240.000000,213.000000
253.000000,236.000000
2727.000000,246.000000
2133.000000,253.000000
533.000000,259.000000
778.000000,267.000000
1846.000000,287.000000
4726.000000,294.000000
1875.000000,334.000000
4825.000000,350.000000
1036.000000,371.000000
2190.000000,372.000000
3662.000000,374.000000
3032.000000,387.000000
2532.000000,401.000000
1194.000000,418.000000
3031.000000,429.000000
727.000000,432.000000
4756.000000,445.000000
3685.000000,455.000000
602.000000,458.000000
493.000000,463.000000
4034.000000,487.000000
4272.000000,506.000000
973.000000,508.000000
3223.000000,517.000000
378.000000,522.000000
233.000000,538.000000
255.000000,553.000000
2799.000000,563.000000
3366.000000,587.000000
2507.000000,594.000000
3435.000000,600.000000
4842.000000,606.000000
2109.000000,650.000000
3003.000000,650.000000
1513.000000,654.000000
2478.000000,662.000000
2959.000000,693.000000
4120.000000,708.000000
4789.000000,722.000000
4369.000000,726.000000
3848.000000,754.000000
1359.000000,768.000000
4314.000000,779.000000
3978.000000,789.000000
238.000000,812.000000
2031.000000,815.000000
1724.000000,823.000000
1082.000000,824.000000
2752.000000,824.000000
4570.000000,846.000000
4141.000000,862.000000
3570.000000,872.000000
3044.000000,879.000000
957.000000,886.000000
2910.000000,889.000000
4726.000000,894.000000
69.000000,895.000000
4424.000000,898.000000
3848.000000,904.000000
540.000000,929.000000
2001.000000,938.000000
3845.000000,940.000000
3254.000000,944.000000
4030.000000,967.000000
933.000000,971.000000
1759.000000,982.000000
3110.000000,989.000000
4352.000000,992.000000
1008.000000,994.000000
1191.000000,995.000000
1423.000000,997.000000
4671.000000,1003.000000
3248.000000,1016.000000
1333.000000,1018.000000
2205.000000,1032.000000
1837.000000,1038.000000
3210.000000,1038.000000
3182.000000,1042.000000
2769.000000,1069.000000
2173.000000,1083.000000
2810.000000,1089.000000
4502.000000,1092.000000
3803.000000,1112.000000
4965.000000,1116.000000
2945.000000,1135.000000
3490.000000,1177.000000
1726.000000,1189.000000
3956.000000,1196.000000
2706.000000,1197.000000
4450.000000,1205.000000
3052.000000,1208.000000
382.000000,1229.000000
1727.000000,1235.000000
5087.000000,1245.000000
1616.000000,1251.000000
469.000000,1272.000000
51.000000,1288.000000
3538.000000,1288.000000
5154.000000,1290.000000
4590.000000,1293.000000
4679.000000,1298.000000
4978.000000,1306.000000
3476.000000,1322.000000
3552.000000,1335.000000
769.000000,1337.000000
814.000000,1356.000000
1584.000000,1359.000000
432.000000,1365.000000
3468.000000,1368.000000
3343.000000,1369.000000
5226.000000,1373.000000
5039.000000,1390.000000
439.000000,1393.000000
5131.000000,1409.000000
5066.000000,1421.000000
2712.000000,1422.000000
1341.000000,1451.000000
4609.000000,1462.000000
897.000000,1470.000000
3783.000000,1482.000000
4997.000000,1484.000000
3599.000000,1487.000000
1235.000000,1496.000000
805.000000,1498.000000
27.000000,1501.000000
305.000000,1504.000000
935.000000,1542.000000
3663.000000,1542.000000
2840.000000,1550.000000
4392.000000,1561.000000
2060.000000,1568.000000
1920.000000,1573.000000
3092.000000,1578.000000
2978.000000,1587.000000
4668.000000,1588.000000
132.000000,1595.000000
10.000000,1598.000000
3291.000000,1608.000000
3357.000000,1610.000000
659.000000,1615.000000
1840.000000,1624.000000
3714.000000,1629.000000
3000.000000,1631.000000
3413.000000,1636.000000
4173.000000,1645.000000
1695.000000,1656.000000
1552.000000,1658.000000
1735.000000,1658.000000
1330.000000,1675.000000
1400.000000,1699.000000
2036.000000,1705.000000
1967.000000,1731.000000
2681.000000,1744.000000
4323.000000,1744.000000
403.000000,1760.000000
831.000000,1773.000000
4630.000000,1779.000000
4239.000000,1787.000000
3447.000000,1788.000000
4015.000000,1801.000000
4299.000000,1828.000000
3640.000000,1831.000000
1080.000000,1858.000000
2065.000000,1861.000000
2227.000000,1869.000000
3322.000000,1870.000000
2426.000000,1893.000000
640.000000,1901.000000
4073.000000,1910.000000
2896.000000,1914.000000
4560.000000,1922.000000
2700.000000,1923.000000
3504.000000,1932.000000
3802.000000,1947.000000
5244.000000,1971.000000
3238.000000,1972.000000
4699.000000,1980.000000
4197.000000,1981.000000
2755.000000,1987.000000
3336.000000,2007.000000
3444.000000,2008.000000
3858.000000,2045.000000
4849.000000,2050.000000
3863.000000,2067.000000
1417.000000,2075.000000
1106.000000,2084.000000
469.000000,2110.000000
1228.000000,2123.000000
5216.000000,2130.000000
5170.000000,2135.000000
4188.000000,2136.000000
3343.000000,2139.000000
4067.000000,2139.000000
3309.000000,2151.000000
4290.000000,2167.000000
2082.000000,2171.000000
4671.000000,2186.000000
4272.000000,2189.000000
2815.000000,2193.000000
1170.000000,2201.000000
1725.000000,2229.000000
215.000000,2235.000000
1831.000000,2242.000000
4936.000000,2249.000000
2528.000000,2253.000000
351.000000,2270.000000
4537.000000,2286.000000
4074.000000,2287.000000
3457.000000,2290.000000
1843.000000,2298.000000
460.000000,2315.000000
3940.000000,2332.000000
4729.000000,2340.000000
1207.000000,2354.000000
3183.000000,2362.000000
3822.000000,2374.000000
3791.000000,2381.000000
339.000000,2394.000000
4096.000000,2395.000000
3963.000000,2400.000000
1120.000000,2401.000000
5164.000000,2420.000000
3006.000000,2423.000000
1270.000000,2429.000000
4152.000000,2435.000000
4888.000000,2440.000000
2855.000000,2444.000000
1329.000000,2469.000000
328.000000,2483.000000
1375.000000,2485.000000
3453.000000,2485.000000
3242.000000,2492.000000
4725.000000,2498.000000
211.000000,2525.000000
2143.000000,2530.000000
1579.000000,2538.000000
3218.000000,2554.000000
2576.000000,2564.000000
1267.000000,2589.000000
4206.000000,2601.000000
1017.000000,2614.000000
182.000000,2630.000000
4580.000000,2650.000000
305.000000,2651.000000
4778.000000,2663.000000
2318.000000,2664.000000
2804.000000,2668.000000
5153.000000,2668.000000
2202.000000,2673.000000
4661.000000,2694.000000
3226.000000,2704.000000
406.000000,2707.000000
2400.000000,2711.000000
2180.000000,2714.000000
734.000000,2742.000000
1302.000000,2745.000000
2119.000000,2766.000000
4131.000000,2767.000000
1696.000000,2784.000000
1909.000000,2788.000000
5169.000000,2815.000000
530.000000,2819.000000
1977.000000,2821.000000
1557.000000,2829.000000
2754.000000,2830.000000
2577.000000,2835.000000
2598.000000,2840.000000
4293.000000,2874.000000
1716.000000,2917.000000
1917.000000,2923.000000
4791.000000,2937.000000
390.000000,2961.000000
4659.000000,2971.000000
1341.000000,2979.000000
3987.000000,2980.000000
4574.000000,2986.000000
4850.000000,2990.000000
3407.000000,3005.000000
951.000000,3016.000000
4427.000000,3041.000000
1310.000000,3069.000000
2787.000000,3075.000000
3247.000000,3086.000000
3513.000000,3107.000000
4883.000000,3110.000000
193.000000,3114.000000
1012.000000,3114.000000
98.000000,3122.000000
267.000000,3126.000000
4787.000000,3129.000000
2432.000000,3137.000000
2988.000000,3139.000000
3870.000000,3141.000000
264.000000,3155.000000
1323.000000,3158.000000
33.000000,3162.000000
1344.000000,3163.000000
3927.000000,3164.000000
5019.000000,3164.000000
5106.000000,3170.000000
705.000000,3172.000000
4827.000000,3175.000000
4494.000000,3181.000000
794.000000,3184.000000
4358.000000,3195.000000
4692.000000,3200.000000
3876.000000,3202.000000
5247.000000,3204.000000
3055.000000,3206.000000
2824.000000,3208.000000
4321.000000,3208.000000
424.000000,3215.000000
281.000000,3218.000000
1558.000000,3233.000000
1700.000000,3239.000000
4792.000000,3243.000000
5148.000000,3248.000000
2420.000000,3259.000000
5232.000000,3260.000000
5252.000000,3265.000000
936.000000,3278.000000
841.000000,3287.000000
3287.000000,3294.000000
3090.000000,3314.000000
3461.000000,3316.000000
4320.000000,3317.000000
1751.000000,3351.000000
3947.000000,3352.000000
4798.000000,3359.000000
1395.000000,3374.000000
5199.000000,3386.000000
4839.000000,3387.000000
4547.000000,3423.000000
4582.000000,3449.000000
2012.000000,3457.000000
4409.000000,3496.000000
4642.000000,3499.000000
1843.000000,3503.000000
304.000000,3523.000000
5246.000000,3538.000000
2324.000000,3539.000000
68.000000,3548.000000
2126.000000,3553.000000
556.000000,3574.000000
1540.000000,3586.000000
3077.000000,3586.000000
4260.000000,3592.000000
1398.000000,3628.000000
133.000000,3641.000000
638.000000,3646.000000
1743.000000,3648.000000
3938.000000,3659.000000
4259.000000,3671.000000
410.000000,3684.000000
2985.000000,3684.000000
4033.000000,3699.000000
3729.000000,3703.000000
4307.000000,3707.000000
70.000000,3709.000000
1056.000000,3710.000000
4726.000000,3723.000000
3168.000000,3725.000000
3947.000000,3726.000000
4450.000000,3727.000000
5039.000000,3729.000000
3422.000000,3735.000000
1584.000000,3771.000000
1816.000000,3775.000000
2216.000000,3776.000000
2790.000000,3787.000000
1592.000000,3795.000000
4611.000000,3795.000000
686.000000,3796.000000
5196.000000,3815.000000
4522.000000,3820.000000
5152.000000,3825.000000
1854.000000,3831.000000
175.000000,3840.000000
3216.000000,3840.000000
2500.000000,3843.000000
939.000000,3856.000000
3953.000000,3874.000000
549.000000,3891.000000
3102.000000,3901.000000
1474.000000,3922.000000
2595.000000,3923.000000
3081.000000,3932.000000
4338.000000,3932.000000
2844.000000,3941.000000
4751.000000,3964.000000
2176.000000,3972.000000
2859.000000,3976.000000
3632.000000,3988.000000
1416.000000,3996.000000
2287.000000,4030.000000
2622.000000,4039.000000
733.000000,4048.000000
859.000000,4048.000000
2718.000000,4064.000000
3226.000000,4082.000000
2784.000000,4091.000000
5121.000000,4095.000000
3221.000000,4126.000000
3468.000000,4154.000000
3487.000000,4165.000000
5239.000000,4192.000000
3511.000000,4201.000000
1136.000000,4214.000000
4978.000000,4230.000000
1433.000000,4246.000000
1612.000000,4268.000000
3981.000000,4329.000000
3002.000000,4330.000000
3162.000000,4339.000000
4526.000000,4341.000000
1596.000000,4352.000000
3685.000000,4352.000000
1660.000000,4355.000000
4633.000000,4356.000000
3125.000000,4359.000000
2499.000000,4362.000000
3135.000000,4366.000000
3326.000000,4412.000000
3101.000000,4418.000000
3471.000000,4429.000000
2556.000000,4434.000000
1149.000000,4441.000000
172.000000,4489.000000
71.000000,4497.000000
2569.000000,4505.000000
4023.000000,4516.000000
315.000000,4561.000000
3378.000000,4590.000000
3283.000000,4596.000000
111.000000,4607.000000
3162.000000,4614.000000
1399.000000,4623.000000
217.000000,4634.000000
4989.000000,4636.000000
97.000000,4642.000000
1873.000000,4643.000000
2275.000000,4643.000000
270.000000,4654.000000
3931.000000,4663.000000
2299.000000,4665.000000
4811.000000,4669.000000
3312.000000,4676.000000
1061.000000,4677.000000
1208.000000,4690.000000
2527.000000,4726.000000
4391.000000,4747.000000
243.000000,4767.000000
2391.000000,4779.000000
139.000000,4787.000000
3971.000000,4789.000000
1633.000000,4800.000000
3020.000000,4805.000000
4893.000000,4813.000000
3710.000000,4816.000000
4678.000000,4839.000000
4125.000000,4851.000000
2801.000000,4863.000000
2772.000000,4867.000000
4014.000000,4870.000000
3311.000000,4887.000000
5223.000000,4887.000000
2627.000000,4888.000000
4831.000000,4893.000000
4053.000000,4897.000000
5218.000000,4910.000000
3135.000000,4921.000000
2706.000000,4926.000000
3551.000000,4926.000000
4249.000000,4933.000000
2184.000000,4952.000000
4155.000000,4962.000000
5046.000000,4965.000000
50.000000,4976.000000
3942.000000,4988.000000
2309.000000,4992.000000
381.000000,4999.000000
2794.000000,5000.000000
1023.000000,5019.000000
1057.000000,5036.000000
3509.000000,5077.000000
4728.000000,5079.000000
1808.000000,5088.000000
4018.000000,5103.000000
1280.000000,5127.000000
3487.000000,5129.000000
3926.000000,5139.000000
168.000000,5149.000000
2570.000000,5167.000000
2435.000000,5168.000000
3804.000000,5175.000000
1746.000000,5182.000000
4949.000000,5208.000000
2926.000000,5225.000000
2031.000000,5228.000000
2156.000000,5246.000000
4670.000000,5249.000000
813.000000,5252.000000
LINES
4633.000000,46.000000,4726.000000,294.000000
1312.000000,3.000000,1194.000000,418.000000
2324.000000,3539.000000,2126.000000,3553.000000
5170.000000,2135.000000,4888.000000,2440.000000
1552.000000,1658.000000,1080.000000,1858.000000
3931.000000,4663.000000,3710.000000,4816.000000
935.000000,1542.000000,1080.000000,1858.000000
638.000000,3646.000000,410.000000,3684.000000
4668.000000,1588.000000,4630.000000,1779.000000
1267.000000,2589.000000,1017.000000,2614.000000
432.000000,1365.000000,305.000000,1504.000000
3343.000000,1369.000000,2840.000000,1550.000000
1584.000000,1359.000000,1341.000000,1451.000000
5153.000000,2668.000000,5169.000000,2815.000000
1513.000000,654.000000,1359.000000,768.000000
27.000000,1501.000000,305.000000,1504.000000
1909.000000,2788.000000,1977.000000,2821.000000
3003.000000,650.000000,3044.000000,879.000000
2324.000000,3539.000000,2216.000000,3776.000000
1023.000000,5019.000000,813.000000,5252.000000
2718.000000,4064.000000,2784.000000,4091.000000
3468.000000,1368.000000,3599.000000,1487.000000
432.000000,1365.000000,439.000000,1393.000000
382.000000,1229.000000,27.000000,1501.000000
2706.000000,4926.000000,2435.000000,5168.000000
1474.000000,3922.000000,1660.000000,4355.000000
2772.000000,4867.000000,2706.000000,4926.000000
4195.000000,177.000000,4034.000000,487.000000
1596.000000,4352.000000,1873.000000,4643.000000
4392.000000,1561.000000,4173.000000,1645.000000
1846.000000,287.000000,1875.000000,334.000000
4679.000000,1298.000000,4997.000000,1484.000000
2576.000000,2564.000000,2598.000000,2840.000000
2790.000000,3787.000000,2859.000000,3976.000000
211.000000,2525.000000,182.000000,2630.000000
3947.000000,3352.000000,4260.000000,3592.000000
3002.000000,4330.000000,3125.000000,4359.000000
3927.000000,3164.000000,3876.000000,3202.000000
3640.000000,1831.000000,3504.000000,1932.000000
4537.000000,2286.000000,4725.000000,2498.000000
933.000000,971.000000,897.000000,1470.000000
4630.000000,1779.000000,4699.000000,1980.000000
4125.000000,4851.000000,4155.000000,4962.000000
493.000000,463.000000,378.000000,522.000000
3101.000000,4418.000000,2772.000000,4867.000000
1552.000000,1658.000000,1967.000000,1731.000000
3570.000000,872.000000,3538.000000,1288.000000
2754.000000,2830.000000,2787.000000,3075.000000
1136.000000,4214.000000,1149.000000,4441.000000
4725.000000,2498.000000,4661.000000,2694.000000
4074.000000,2287.000000,3940.000000,2332.000000
540.000000,929.000000,933.000000,971.000000
3662.000000,374.000000,4034.000000,487.000000
3971.000000,4789.000000,3710.000000,4816.000000
3822.000000,2374.000000,4096.000000,2395.000000
3938.000000,3659.000000,4033.000000,3699.000000
2426.000000,1893.000000,2700.000000,1923.000000
267.000000,3126.000000,264.000000,3155.000000
2855.000000,2444.000000,2576.000000,2564.000000
2959.000000,693.000000,2752.000000,824.000000
1579.000000,2538.000000,1557.000000,2829.000000
3848.000000,904.000000,3803.000000,1112.000000
2784.000000,4091.000000,2772.000000,4867.000000
4015.000000,1801.000000,3802.000000,1947.000000
4893.000000,4813.000000,5223.000000,4887.000000
3020.000000,4805.000000,2801.000000,4863.000000
2143.000000,2530.000000,1977.000000,2821.000000
4692.000000,3200.000000,4792.000000,3243.000000
4293.000000,2874.000000,4427.000000,3041.000000
1416.000000,3996.000000,859.000000,4048.000000
2031.000000,815.000000,1724.000000,823.000000
4450.000000,1205.000000,3783.000000,1482.000000
5218.000000,4910.000000,4949.000000,5208.000000
4888.000000,2440.000000,4725.000000,2498.000000
70.000000,3709.000000,50.000000,4976.000000
4611.000000,3795.000000,4338.000000,3932.000000
3551.000000,4926.000000,3487.000000,5129.000000
315.000000,4561.000000,270.000000,4654.000000
2060.000000,1568.000000,2681.000000,1744.000000
1329.000000,2469.000000,1375.000000,2485.000000
5039.000000,1390.000000,5066.000000,1421.000000
2275.000000,4643.000000,2391.000000,4779.000000
2896.000000,1914.000000,3336.000000,2007.000000
5154.000000,1290.000000,5131.000000,1409.000000
469.000000,1272.000000,439.000000,1393.000000
640.000000,1901.000000,460.000000,2315.000000
3632.000000,3988.000000,3981.000000,4329.000000
1584.000000,1359.000000,1920.000000,1573.000000
4173.000000,1645.000000,4015.000000,1801.000000
328.000000,2483.000000,305.000000,2651.000000
1700.000000,3239.000000,2012.000000,3457.000000
3336.000000,2007.000000,3309.000000,2151.000000
4314.000000,779.000000,4352.000000,992.000000
3223.000000,517.000000,3435.000000,600.000000
4811.000000,4669.000000,4893.000000,4813.000000
1341.000000,1451.000000,1235.000000,1496.000000
1584.000000,3771.000000,1474.000000,3922.000000
3309.000000,2151.000000,3457.000000,2290.000000
4392.000000,1561.000000,4668.000000,1588.000000
957.000000,886.000000,933.000000,971.000000
70.000000,3709.000000,71.000000,4497.000000
1057.000000,5036.000000,813.000000,5252.000000
778.000000,267.000000,727.000000,432.000000
5247.000000,3204.000000,5148.000000,3248.000000
3312.000000,4676.000000,3311.000000,4887.000000
2577.000000,2835.000000,2787.000000,3075.000000
2790.000000,3787.000000,3102.000000,3901.000000
5066.000000,1421.000000,5244.000000,1971.000000
1840.000000,1624.000000,1552.000000,1658.000000
1036.000000,371.000000,973.000000,508.000000
3357.000000,1610.000000,3413.000000,1636.000000
3538.000000,1288.000000,3783.000000,1482.000000
4668.000000,1588.000000,4560.000000,1922.000000
2804.000000,2668.000000,2598.000000,2840.000000
1837.000000,1038.000000,1616.000000,1251.000000
4015.000000,1801.000000,3640.000000,1831.000000
4590.000000,1293.000000,4609.000000,1462.000000
3863.000000,2067.000000,3791.000000,2381.000000
3182.000000,1042.000000,2945.000000,1135.000000
879.000000,149.000000,778.000000,267.000000
3599.000000,1487.000000,3714.000000,1629.000000
4450.000000,1205.000000,4392.000000,1561.000000
2031.000000,815.000000,2001.000000,938.000000
243.000000,4767.000000,139.000000,4787.000000
5246.000000,3538.000000,5239.000000,4192.000000
1875.000000,334.000000,1724.000000,823.000000
1106.000000,2084.000000,1170.000000,2201.000000
3135.000000,4921.000000,2794.000000,5000.000000
3407.000000,3005.000000,2988.000000,3139.000000
1616.000000,1251.000000,1584.000000,1359.000000
264.000000,3155.000000,424.000000,3215.000000
4659.000000,2971.000000,4574.000000,2986.000000
3240.000000,213.000000,3435.000000,600.000000
1552.000000,1658.000000,2065.000000,1861.000000
5216.000000,2130.000000,5252.000000,3265.000000
3942.000000,151.000000,3662.000000,374.000000
1854.000000,3831.000000,1660.000000,4355.000000
3710.000000,4816.000000,3509.000000,5077.000000
51.000000,1288.000000,27.000000,1501.000000
1433.000000,4246.000000,1612.000000,4268.000000
2810.000000,1089.000000,2945.000000,1135.000000
5244.000000,1971.000000,5252.000000,3265.000000
3685.000000,455.000000,4034.000000,487.000000
5239.000000,4192.000000,4811.000000,4669.000000
2012.000000,3457.000000,2176.000000,3972.000000
3311.000000,4887.000000,3135.000000,4921.000000
4789.000000,722.000000,4726.000000,894.000000
602.000000,458.000000,378.000000,522.000000
1746.000000,5182.000000,2031.000000,5228.000000
3710.000000,4816.000000,3804.000000,5175.000000
1008.000000,994.000000,1191.000000,995.000000
1700.000000,3239.000000,1395.000000,3374.000000
1616.000000,1251.000000,1341.000000,1451.000000
4699.000000,1980.000000,4671.000000,2186.000000
1398.000000,3628.000000,1416.000000,3996.000000
3254.000000,944.000000,3248.000000,1016.000000
5216.000000,2130.000000,5169.000000,2815.000000
540.000000,929.000000,769.000000,1337.000000
3077.000000,3586.000000,3422.000000,3735.000000
2804.000000,2668.000000,3226.000000,2704.000000
4827.000000,3175.000000,4792.000000,3243.000000
5199.000000,3386.000000,5246.000000,3538.000000
4989.000000,60.000000,5226.000000,1373.000000
1341.000000,2979.000000,1310.000000,3069.000000
3291.000000,1608.000000,3322.000000,1870.000000
1228.000000,2123.000000,1375.000000,2485.000000
4096.000000,2395.000000,3963.000000,2400.000000
3309.000000,2151.000000,3183.000000,2362.000000
469.000000,2110.000000,215.000000,2235.000000
2840.000000,1550.000000,2896.000000,1914.000000
3504.000000,108.000000,3685.000000,455.000000
2173.000000,1083.000000,2060.000000,1568.000000
4307.000000,3707.000000,4522.000000,3820.000000
4659.000000,2971.000000,4850.000000,2990.000000
1920.000000,1573.000000,1840.000000,1624.000000
4409.000000,3496.000000,4611.000000,3795.000000
4260.000000,3592.000000,4259.000000,3671.000000
1341.000000,2979.000000,1012.000000,3114.000000
3226.000000,2704.000000,3407.000000,3005.000000
1191.000000,995.000000,1423.000000,997.000000
2173.000000,1083.000000,2706.000000,1197.000000
1727.000000,1235.000000,1584.000000,1359.000000
2556.000000,4434.000000,2772.000000,4867.000000
3002.000000,4330.000000,3135.000000,4366.000000
410.000000,3684.000000,686.000000,3796.000000
1513.000000,654.000000,1724.000000,823.000000
4131.000000,2767.000000,4293.000000,2874.000000
2532.000000,401.000000,2507.000000,594.000000
3309.000000,2151.000000,3791.000000,2381.000000
5087.000000,1245.000000,5154.000000,1290.000000
3168.000000,3725.000000,3216.000000,3840.000000
3802.000000,1947.000000,3863.000000,2067.000000
3322.000000,1870.000000,3504.000000,1932.000000
69.000000,895.000000,10.000000,1598.000000
3422.000000,3735.000000,3216.000000,3840.000000
4883.000000,3110.000000,5019.000000,3164.000000
3447.000000,1788.000000,3504.000000,1932.000000
4630.000000,1779.000000,4560.000000,1922.000000
530.000000,2819.000000,705.000000,3172.000000
4699.000000,1980.000000,4849.000000,2050.000000
2031.000000,5228.000000,2156.000000,5246.000000
2896.000000,1914.000000,2815.000000,2193.000000
1633.000000,4800.000000,1808.000000,5088.000000
2420.000000,3259.000000,2324.000000,3539.000000
3513.000000,3107.000000,3870.000000,3141.000000
410.000000,3684.000000,172.000000,4489.000000
2727.000000,246.000000,2532.000000,401.000000
841.000000,3287.000000,638.000000,3646.000000
339.000000,2394.000000,328.000000,2483.000000
98.000000,3122.000000,267.000000,3126.000000
4778.000000,2663.000000,5153.000000,2668.000000
2985.000000,3684.000000,3168.000000,3725.000000
243.000000,4767.000000,381.000000,4999.000000
5121.000000,4095.000000,4978.000000,4230.000000
3055.000000,3206.000000,3090.000000,3314.000000
3248.000000,1016.000000,3490.000000,1177.000000
3218.000000,2554.000000,2804.000000,2668.000000
1474.000000,3922.000000,1612.000000,4268.000000
602.000000,458.000000,957.000000,886.000000
4116.000000,126.000000,3942.000000,151.000000
4633.000000,46.000000,4989.000000,60.000000
2318.000000,2664.000000,2202.000000,2673.000000
769.000000,1337.000000,805.000000,1498.000000
3210.000000,1038.000000,3182.000000,1042.000000
4391.000000,4747.000000,4125.000000,4851.000000
1831.000000,2242.000000,1977.000000,2821.000000
3422.000000,3735.000000,3632.000000,3988.000000
3006.000000,2423.000000,2855.000000,2444.000000
1552.000000,1658.000000,1417.000000,2075.000000
1344.000000,3163.000000,1558.000000,3233.000000
686.000000,3796.000000,733.000000,4048.000000
2031.000000,815.000000,1837.000000,1038.000000
2324.000000,3539.000000,2985.000000,3684.000000
2772.000000,4867.000000,2627.000000,4888.000000
1701.000000,182.000000,1513.000000,654.000000
686.000000,3796.000000,939.000000,3856.000000
5216.000000,2130.000000,5153.000000,2668.000000
1375.000000,2485.000000,1302.000000,2745.000000
3242.000000,2492.000000,3218.000000,2554.000000
406.000000,2707.000000,530.000000,2819.000000
305.000000,1504.000000,659.000000,1615.000000
4883.000000,3110.000000,4787.000000,3129.000000
1552.000000,1658.000000,1330.000000,1675.000000
3343.000000,2139.000000,3791.000000,2381.000000
3044.000000,879.000000,3254.000000,944.000000
1329.000000,2469.000000,1267.000000,2589.000000
5155.000000,43.000000,4989.000000,60.000000
1612.000000,4268.000000,1596.000000,4352.000000
133.000000,3.000000,879.000000,149.000000
3378.000000,4590.000000,3312.000000,4676.000000
4125.000000,4851.000000,4014.000000,4870.000000
5019.000000,3164.000000,4792.000000,3243.000000
4989.000000,60.000000,4825.000000,350.000000
4692.000000,3200.000000,4547.000000,3423.000000
3476.000000,1322.000000,3599.000000,1487.000000
1270.000000,2429.000000,1375.000000,2485.000000
3538.000000,1288.000000,3343.000000,1369.000000
1417.000000,2075.000000,1831.000000,2242.000000
4125.000000,4851.000000,4249.000000,4933.000000
1967.000000,1731.000000,2065.000000,1861.000000
3476.000000,1322.000000,3343.000000,1369.000000
2184.000000,4952.000000,2309.000000,4992.000000
705.000000,3172.000000,556.000000,3574.000000
2810.000000,1089.000000,2706.000000,1197.000000
111.000000,4607.000000,217.000000,4634.000000
469.000000,2110.000000,351.000000,2270.000000
304.000000,3523.000000,70.000000,3709.000000
4369.000000,726.000000,4352.000000,992.000000
2036.000000,1705.000000,2065.000000,1861.000000
3471.000000,4429.000000,3283.000000,4596.000000
243.000000,4767.000000,168.000000,5149.000000
4678.000000,4839.000000,4831.000000,4893.000000
2065.000000,1861.000000,2082.000000,2171.000000
4668.000000,1588.000000,4699.000000,1980.000000
4850.000000,2990.000000,4692.000000,3200.000000
5244.000000,1971.000000,4671.000000,2186.000000
3981.000000,4329.000000,3685.000000,4352.000000
4023.000000,4516.000000,3971.000000,4789.000000
2755.000000,1987.000000,2815.000000,2193.000000
2576.000000,2564.000000,2804.000000,2668.000000
4494.000000,3181.000000,4320.000000,3317.000000
1120.000000,2401.000000,1270.000000,2429.000000
3915.000000,38.000000,5155.000000,43.000000
530.000000,2819.000000,390.000000,2961.000000
4249.000000,4933.000000,4018.000000,5103.000000
2065.000000,1861.000000,2227.000000,1869.000000
1302.000000,2745.000000,1012.000000,3114.000000
2815.000000,2193.000000,2528.000000,2253.000000
1873.000000,4643.000000,2184.000000,4952.000000
3248.000000,1016.000000,3182.000000,1042.000000
640.000000,1901.000000,1106.000000,2084.000000
4787.000000,3129.000000,4827.000000,3175.000000
2275.000000,4643.000000,2527.000000,4726.000000
2060.000000,1568.000000,1920.000000,1573.000000
2988.000000,3139.000000,3287.000000,3294.000000
2754.000000,2830.000000,2598.000000,2840.000000
1725.000000,2229.000000,1579.000000,2538.000000
180.000000,120.000000,253.000000,236.000000
4131.000000,2767.000000,3870.000000,3141.000000
4547.000000,3423.000000,4582.000000,3449.000000
1596.000000,4352.000000,1660.000000,4355.000000
2001.000000,938.000000,2173.000000,1083.000000
1929.000000,119.000000,2133.000000,253.000000
4206.000000,2601.000000,4131.000000,2767.000000
3162.000000,4614.000000,3020.000000,4805.000000
2556.000000,4434.000000,2527.000000,4726.000000
3685.000000,4352.000000,3378.000000,4590.000000
3468.000000,1368.000000,3413.000000,1636.000000
3476.000000,1322.000000,3468.000000,1368.000000
1280.000000,5127.000000,1746.000000,5182.000000
1920.000000,1573.000000,2036.000000,1705.000000
1696.000000,2784.000000,1716.000000,2917.000000
1751.000000,3351.000000,2012.000000,3457.000000
1207.000000,2354.000000,1270.000000,2429.000000
4526.000000,4341.000000,4391.000000,4747.000000
304.000000,3523.000000,410.000000,3684.000000
1977.000000,2821.000000,2432.000000,3137.000000
5239.000000,4192.000000,4989.000000,4636.000000
4883.000000,3110.000000,5106.000000,3170.000000
3457.000000,2290.000000,3242.000000,2492.000000
2794.000000,5000.000000,2926.000000,5225.000000
4358.000000,3195.000000,4321.000000,3208.000000
378.000000,522.000000,540.000000,929.000000
2190.000000,372.000000,2109.000000,650.000000
3802.000000,1947.000000,3858.000000,2045.000000
1727.000000,1235.000000,2060.000000,1568.000000
1056.000000,3710.000000,1416.000000,3996.000000
4789.000000,722.000000,4570.000000,846.000000
460.000000,2315.000000,1120.000000,2401.000000
3044.000000,879.000000,3110.000000,989.000000
3468.000000,4154.000000,3471.000000,4429.000000
4850.000000,2990.000000,4883.000000,3110.000000
3081.000000,3932.000000,3226.000000,4082.000000
3407.000000,3005.000000,3461.000000,3316.000000
3987.000000,2980.000000,3870.000000,3141.000000
4141.000000,862.000000,4352.000000,992.000000
1012.000000,3114.000000,1323.000000,3158.000000
4272.000000,2189.000000,4580.000000,2650.000000
1840.000000,1624.000000,1695.000000,1656.000000
4014.000000,4870.000000,4053.000000,4897.000000
1751.000000,3351.000000,1843.000000,3503.000000
4842.000000,606.000000,4726.000000,894.000000
2569.000000,4505.000000,2527.000000,4726.000000
5244.000000,1971.000000,4699.000000,1980.000000
727.000000,432.000000,493.000000,463.000000
2528.000000,2253.000000,2576.000000,2564.000000
1840.000000,1624.000000,1967.000000,1731.000000
1660.000000,4355.000000,1873.000000,4643.000000
3291.000000,1608.000000,3000.000000,1631.000000
5169.000000,2815.000000,5247.000000,3204.000000
1375.000000,2485.000000,1579.000000,2538.000000
3077.000000,3586.000000,2985.000000,3684.000000
1875.000000,334.000000,2109.000000,650.000000
4978.000000,4230.000000,4811.000000,4669.000000
3710.000000,4816.000000,3551.000000,4926.000000
382.000000,1229.000000,305.000000,1504.000000
4391.000000,4747.000000,4249.000000,4933.000000
1557.000000,2829.000000,1716.000000,2917.000000
381.000000,4999.000000,168.000000,5149.000000
3538.000000,1288.000000,3552.000000,1335.000000
734.000000,2742.000000,1012.000000,3114.000000
4965.000000,1116.000000,5154.000000,1290.000000
3221.000000,4126.000000,3283.000000,4596.000000
3504.000000,1932.000000,3444.000000,2008.000000
3504.000000,1932.000000,3863.000000,2067.000000
973.000000,508.000000,1082.000000,824.000000
4580.000000,2650.000000,4661.000000,2694.000000
3226.000000,2704.000000,2988.000000,3139.000000
4611.000000,3795.000000,4751.000000,3964.000000
27.000000,1501.000000,10.000000,1598.000000
2216.000000,3776.000000,2500.000000,3843.000000
4369.000000,726.000000,4424.000000,898.000000
1917.000000,2923.000000,2420.000000,3259.000000
3326.000000,4412.000000,3471.000000,4429.000000
2126.000000,3553.000000,2216.000000,3776.000000
3162.000000,4339.000000,3283.000000,4596.000000
5154.000000,1290.000000,5039.000000,1390.000000
638.000000,3646.000000,939.000000,3856.000000
1474.000000,3922.000000,1416.000000,3996.000000
1235.000000,1496.000000,935.000000,1542.000000
3003.000000,650.000000,3254.000000,944.000000
2754.000000,2830.000000,2988.000000,3139.000000
936.000000,3278.000000,841.000000,3287.000000
2855.000000,2444.000000,3218.000000,2554.000000
3947.000000,3352.000000,3938.000000,3659.000000
4120.000000,708.000000,3978.000000,789.000000
3599.000000,1487.000000,3413.000000,1636.000000
556.000000,3574.000000,638.000000,3646.000000
1759.000000,982.000000,1616.000000,1251.000000
4494.000000,3181.000000,4547.000000,3423.000000
4997.000000,1484.000000,5244.000000,1971.000000
1808.000000,5088.000000,2031.000000,5228.000000
4526.000000,4341.000000,4023.000000,4516.000000
4989.000000,4636.000000,4811.000000,4669.000000
4609.000000,1462.000000,4392.000000,1561.000000
3729.000000,3703.000000,3947.000000,3726.000000
1873.000000,4643.000000,1633.000000,4800.000000
640.000000,1901.000000,469.000000,2110.000000
1701.000000,182.000000,1846.000000,287.000000
1341.000000,1451.000000,897.000000,1470.000000
3783.000000,1482.000000,4173.000000,1645.000000
3971.000000,4789.000000,3804.000000,5175.000000
172.000000,4489.000000,111.000000,4607.000000
2569.000000,4505.000000,2627.000000,4888.000000
410.000000,3684.000000,549.000000,3891.000000
769.000000,1337.000000,659.000000,1615.000000
3504.000000,1932.000000,3343.000000,2139.000000
3981.000000,4329.000000,3931.000000,4663.000000
3685.000000,4352.000000,3931.000000,4663.000000
3963.000000,2400.000000,3453.000000,2485.000000
3870.000000,3141.000000,3876.000000,3202.000000
879.000000,149.000000,973.000000,508.000000
778.000000,267.000000,973.000000,508.000000
3940.000000,2332.000000,4096.000000,2395.000000
4611.000000,3795.000000,4526.000000,4341.000000
4494.000000,3181.000000,4358.000000,3195.000000
2500.000000,3843.000000,2287.000000,4030.000000
4502.000000,1092.000000,4450.000000,1205.000000
5196.000000,3815.000000,5152.000000,3825.000000
3218.000000,2554.000000,3226.000000,2704.000000
2926.000000,5225.000000,2156.000000,5246.000000
3468.000000,1368.000000,3357.000000,1610.000000
378.000000,522.000000,957.000000,886.000000
2001.000000,938.000000,1837.000000,1038.000000
4692.000000,3200.000000,4798.000000,3359.000000
1341.000000,2979.000000,1344.000000,3163.000000
4989.000000,4636.000000,4893.000000,4813.000000
33.000000,3162.000000,50.000000,4976.000000
4883.000000,3110.000000,4792.000000,3243.000000
2988.000000,3139.000000,2824.000000,3208.000000
5039.000000,3729.000000,5196.000000,3815.000000
727.000000,432.000000,973.000000,508.000000
351.000000,2270.000000,339.000000,2394.000000
3453.000000,2485.000000,3407.000000,3005.000000
4949.000000,5208.000000,4670.000000,5249.000000
705.000000,3172.000000,841.000000,3287.000000
805.000000,1498.000000,659.000000,1615.000000
182.000000,2630.000000,33.000000,3162.000000
4570.000000,846.000000,4671.000000,1003.000000
217.000000,4634.000000,270.000000,4654.000000
2622.000000,4039.000000,2718.000000,4064.000000
3915.000000,38.000000,3968.000000,41.000000
382.000000,1229.000000,51.000000,1288.000000
3791.000000,2381.000000,3963.000000,2400.000000
5046.000000,4965.000000,4949.000000,5208.000000
3863.000000,2067.000000,3822.000000,2374.000000
3552.000000,1335.000000,3599.000000,1487.000000
4067.000000,2139.000000,4074.000000,2287.000000
2500.000000,3843.000000,2595.000000,3923.000000
4842.000000,606.000000,5226.000000,1373.000000
933.000000,971.000000,1341.000000,1451.000000
3453.000000,2485.000000,4131.000000,2767.000000
3729.000000,3703.000000,3422.000000,3735.000000
2707.000000,8.000000,2883.000000,47.000000
5226.000000,1373.000000,5131.000000,1409.000000
2500.000000,3843.000000,2844.000000,3941.000000
4633.000000,46.000000,4195.000000,177.000000
1743.000000,3648.000000,1584.000000,3771.000000
1558.000000,3233.000000,1700.000000,3239.000000
4321.000000,3208.000000,3947.000000,3352.000000
1207.000000,2354.000000,1120.000000,2401.000000
1579.000000,2538.000000,1696.000000,2784.000000
2400.000000,2711.000000,2119.000000,2766.000000
5252.000000,3265.000000,5246.000000,3538.000000
5152.000000,3825.000000,4978.000000,4230.000000
2400.000000,2711.000000,1977.000000,2821.000000
133.000000,3.000000,1312.000000,3.000000
4997.000000,1484.000000,4668.000000,1588.000000
1701.000000,182.000000,1875.000000,334.000000
2784.000000,4091.000000,3002.000000,4330.000000
4073.000000,1910.000000,4197.000000,1981.000000
3848.000000,754.000000,3570.000000,872.000000
3283.000000,4596.000000,3162.000000,4614.000000
1423.000000,997.000000,1341.000000,1451.000000
3162.000000,4339.000000,3135.000000,4366.000000
1080.000000,1858.000000,1106.000000,2084.000000
1727.000000,1235.000000,1920.000000,1573.000000
1228.000000,2123.000000,1170.000000,2201.000000
4787.000000,3129.000000,4792.000000,3243.000000
4888.000000,2440.000000,5153.000000,2668.000000
4792.000000,3243.000000,5148.000000,3248.000000
4582.000000,3449.000000,4409.000000,3496.000000
3915.000000,38.000000,3504.000000,108.000000
1596.000000,4352.000000,1399.000000,4623.000000
2309.000000,4992.000000,2435.000000,5168.000000
4537.000000,2286.000000,4580.000000,2650.000000
33.000000,3162.000000,68.000000,3548.000000
4272.000000,506.000000,4120.000000,708.000000
3092.000000,1578.000000,2978.000000,1587.000000
215.000000,2235.000000,339.000000,2394.000000
4726.000000,294.000000,4825.000000,350.000000
2707.000000,8.000000,5155.000000,43.000000
1194.000000,418.000000,973.000000,508.000000
2896.000000,1914.000000,2700.000000,1923.000000
5148.000000,3248.000000,5232.000000,3260.000000
3221.000000,4126.000000,3162.000000,4339.000000
659.000000,1615.000000,831.000000,1773.000000
3513.000000,3107.000000,3876.000000,3202.000000
3210.000000,1038.000000,3052.000000,1208.000000
2499.000000,4362.000000,2275.000000,4643.000000
1120.000000,2401.000000,1017.000000,2614.000000
4173.000000,1645.000000,4239.000000,1787.000000
4023.000000,4516.000000,4391.000000,4747.000000
3110.000000,989.000000,3248.000000,1016.000000
1724.000000,823.000000,1423.000000,997.000000
769.000000,1337.000000,814.000000,1356.000000
3357.000000,1610.000000,3322.000000,1870.000000
3487.000000,5129.000000,2926.000000,5225.000000
4590.000000,1293.000000,4679.000000,1298.000000
3504.000000,108.000000,3662.000000,374.000000
70.000000,3709.000000,175.000000,3840.000000
2801.000000,4863.000000,2794.000000,5000.000000
1012.000000,3114.000000,705.000000,3172.000000
2012.000000,3457.000000,1843.000000,3503.000000
3081.000000,3932.000000,3221.000000,4126.000000
3803.000000,1112.000000,3783.000000,1482.000000
2287.000000,4030.000000,2622.000000,4039.000000
3309.000000,2151.000000,3242.000000,2492.000000
133.000000,3.000000,180.000000,120.000000
4671.000000,2186.000000,4888.000000,2440.000000
3714.000000,1629.000000,3640.000000,1831.000000
1558.000000,3233.000000,1395.000000,3374.000000
1400.000000,1699.000000,1080.000000,1858.000000
4671.000000,2186.000000,4729.000000,2340.000000
4338.000000,3932.000000,3981.000000,4329.000000
1696.000000,2784.000000,1917.000000,2923.000000
1359.000000,768.000000,1423.000000,997.000000
3511.000000,4201.000000,3471.000000,4429.000000
2784.000000,4091.000000,2499.000000,4362.000000
2840.000000,1550.000000,2681.000000,1744.000000
2133.000000,253.000000,2532.000000,401.000000
4751.000000,3964.000000,4811.000000,4669.000000
2752.000000,824.000000,2769.000000,1069.000000
3287.000000,3294.000000,3090.000000,3314.000000
4845.000000,69.000000,4825.000000,350.000000
4260.000000,3592.000000,4033.000000,3699.000000
4728.000000,5079.000000,4949.000000,5208.000000
10.000000,1598.000000,33.000000,3162.000000
1416.000000,3996.000000,1433.000000,4246.000000
908.000000,180.000000,1036.000000,371.000000
2883.000000,47.000000,2698.000000,89.000000
939.000000,3856.000000,859.000000,4048.000000
1808.000000,5088.000000,2156.000000,5246.000000
5247.000000,3204.000000,5252.000000,3265.000000
1695.000000,1656.000000,1735.000000,1658.000000
3168.000000,3725.000000,3422.000000,3735.000000
3915.000000,38.000000,3942.000000,151.000000
1170.000000,2201.000000,1120.000000,2401.000000
3942.000000,151.000000,4195.000000,177.000000
1726.000000,1189.000000,1616.000000,1251.000000
3570.000000,872.000000,3803.000000,1112.000000
439.000000,1393.000000,305.000000,1504.000000
1929.000000,119.000000,1701.000000,182.000000
3210.000000,1038.000000,3343.000000,1369.000000
267.000000,3126.000000,424.000000,3215.000000
4502.000000,1092.000000,4679.000000,1298.000000
3863.000000,2067.000000,3343.000000,2139.000000
5039.000000,3729.000000,5152.000000,3825.000000
3848.000000,904.000000,3845.000000,940.000000
238.000000,812.000000,69.000000,895.000000
1696.000000,2784.000000,1909.000000,2788.000000
3926.000000,5139.000000,3804.000000,5175.000000
1584.000000,3771.000000,1416.000000,3996.000000
1359.000000,768.000000,1191.000000,995.000000
133.000000,3.000000,69.000000,895.000000
4671.000000,2186.000000,4936.000000,2249.000000
2031.000000,815.000000,2205.000000,1032.000000
469.000000,1272.000000,432.000000,1365.000000
4450.000000,1205.000000,4590.000000,1293.000000
4272.000000,2189.000000,4206.000000,2601.000000
3685.000000,4352.000000,3471.000000,4429.000000
1592.000000,3795.000000,1854.000000,3831.000000
2400.000000,2711.000000,2598.000000,2840.000000
172.000000,4489.000000,315.000000,4561.000000
4668.000000,1588.000000,4323.000000,1744.000000
4798.000000,137.000000,4726.000000,294.000000
328.000000,2483.000000,530.000000,2819.000000
410.000000,3684.000000,175.000000,3840.000000
4141.000000,862.000000,4450.000000,1205.000000
4798.000000,3359.000000,4839.000000,3387.000000
68.000000,3548.000000,70.000000,3709.000000
4633.000000,46.000000,4369.000000,726.000000
1695.000000,1656.000000,1552.000000,1658.000000
4197.000000,1981.000000,4188.000000,2136.000000
2299.000000,4665.000000,2527.000000,4726.000000
1312.000000,3.000000,2707.000000,8.000000
5106.000000,3170.000000,5247.000000,3204.000000
3938.000000,3659.000000,3729.000000,3703.000000
193.000000,3114.000000,98.000000,3122.000000
3504.000000,108.000000,3240.000000,213.000000
381.000000,4999.000000,813.000000,5252.000000
3444.000000,2008.000000,3343.000000,2139.000000
957.000000,886.000000,1008.000000,994.000000
3223.000000,517.000000,3366.000000,587.000000
1330.000000,1675.000000,1080.000000,1858.000000
2426.000000,1893.000000,2082.000000,2171.000000
1120.000000,2401.000000,1329.000000,2469.000000
4526.000000,4341.000000,4811.000000,4669.000000
2478.000000,662.000000,2769.000000,1069.000000
3783.000000,1482.000000,3663.000000,1542.000000
4427.000000,3041.000000,3927.000000,3164.000000
4633.000000,46.000000,4756.000000,445.000000
1208.000000,4690.000000,1280.000000,5127.000000
734.000000,2742.000000,951.000000,3016.000000
4699.000000,1980.000000,4290.000000,2167.000000
2598.000000,2840.000000,2787.000000,3075.000000
2700.000000,1923.000000,2755.000000,1987.000000
4023.000000,4516.000000,3931.000000,4663.000000
5232.000000,3260.000000,5252.000000,3265.000000
1552.000000,1658.000000,1735.000000,1658.000000
1875.000000,334.000000,2031.000000,815.000000
4726.000000,894.000000,4671.000000,1003.000000
1056.000000,3710.000000,939.000000,3856.000000
5155.000000,43.000000,4633.000000,46.000000
1759.000000,982.000000,1837.000000,1038.000000
4409.000000,3496.000000,4260.000000,3592.000000
33.000000,3162.000000,304.000000,3523.000000
859.000000,4048.000000,1136.000000,4214.000000
1036.000000,371.000000,1194.000000,418.000000
382.000000,1229.000000,432.000000,1365.000000
4188.000000,2136.000000,4272.000000,2189.000000
4671.000000,1003.000000,4978.000000,1306.000000
2840.000000,1550.000000,3238.000000,1972.000000
97.000000,4642.000000,139.000000,4787.000000
4352.000000,992.000000,4671.000000,1003.000000
4888.000000,2440.000000,4778.000000,2663.000000
3435.000000,600.000000,3570.000000,872.000000
3283.000000,4596.000000,3312.000000,4676.000000
133.000000,3.000000,253.000000,236.000000
2926.000000,5225.000000,4670.000000,5249.000000
180.000000,120.000000,238.000000,812.000000
2707.000000,8.000000,3915.000000,38.000000
5196.000000,3815.000000,5239.000000,4192.000000
4642.000000,3499.000000,4726.000000,3723.000000
253.000000,236.000000,493.000000,463.000000
304.000000,3523.000000,133.000000,3641.000000
4033.000000,3699.000000,3953.000000,3874.000000
304.000000,3523.000000,175.000000,3840.000000
3343.000000,1369.000000,3092.000000,1578.000000
4239.000000,1787.000000,4299.000000,1828.000000
897.000000,1470.000000,935.000000,1542.000000
4188.000000,2136.000000,4074.000000,2287.000000
4582.000000,3449.000000,4642.000000,3499.000000
1312.000000,3.000000,1929.000000,119.000000
27.000000,1501.000000,132.000000,1595.000000
1149.000000,4441.000000,1399.000000,4623.000000
2769.000000,1069.000000,2810.000000,1089.000000
4073.000000,1910.000000,3858.000000,2045.000000
3226.000000,2704.000000,2754.000000,2830.000000
2202.000000,2673.000000,2400.000000,2711.000000
315.000000,4561.000000,217.000000,4634.000000
5218.000000,4910.000000,5046.000000,4965.000000
3963.000000,2400.000000,3242.000000,2492.000000
1395.000000,3374.000000,1398.000000,3628.000000
2391.000000,4779.000000,2706.000000,4926.000000
3032.000000,387.000000,3223.000000,517.000000
1743.000000,3648.000000,1854.000000,3831.000000
2859.000000,3976.000000,3221.000000,4126.000000
3714.000000,1629.000000,3413.000000,1636.000000
424.000000,3215.000000,281.000000,3218.000000
3216.000000,3840.000000,3632.000000,3988.000000
2595.000000,3923.000000,2844.000000,3941.000000
4323.000000,1744.000000,4239.000000,1787.000000
5039.000000,1390.000000,5131.000000,1409.000000
3378.000000,4590.000000,3551.000000,4926.000000
3291.000000,1608.000000,3238.000000,1972.000000
1416.000000,3996.000000,1612.000000,4268.000000
4778.000000,2663.000000,4791.000000,2937.000000
4014.000000,4870.000000,3942.000000,4988.000000
2622.000000,4039.000000,2784.000000,4091.000000
957.000000,886.000000,540.000000,929.000000
2202.000000,2673.000000,1977.000000,2821.000000
4678.000000,4839.000000,4728.000000,5079.000000
3822.000000,2374.000000,3963.000000,2400.000000
3407.000000,3005.000000,3247.000000,3086.000000
2577.000000,2835.000000,2598.000000,2840.000000
4030.000000,967.000000,3956.000000,1196.000000
4849.000000,2050.000000,4671.000000,2186.000000
2324.000000,3539.000000,2790.000000,3787.000000
5226.000000,1373.000000,5244.000000,1971.000000
1017.000000,2614.000000,1302.000000,2745.000000
2698.000000,89.000000,2727.000000,246.000000
1917.000000,2923.000000,1700.000000,3239.000000
1310.000000,3069.000000,1012.000000,3114.000000
2844.000000,3941.000000,2622.000000,4039.000000
2883.000000,47.000000,3240.000000,213.000000
3240.000000,213.000000,2727.000000,246.000000
4570.000000,846.000000,4726.000000,894.000000
4141.000000,862.000000,4030.000000,967.000000
2426.000000,1893.000000,2528.000000,2253.000000
4670.000000,5249.000000,813.000000,5252.000000
1012.000000,3114.000000,794.000000,3184.000000
3848.000000,754.000000,4030.000000,967.000000
2681.000000,1744.000000,2700.000000,1923.000000
1375.000000,2485.000000,1557.000000,2829.000000
2896.000000,1914.000000,3238.000000,1972.000000
727.000000,432.000000,602.000000,458.000000
2133.000000,253.000000,1875.000000,334.000000
4791.000000,2937.000000,4574.000000,2986.000000
4409.000000,3496.000000,4450.000000,3727.000000
4726.000000,3723.000000,5039.000000,3729.000000
2883.000000,47.000000,2727.000000,246.000000
733.000000,4048.000000,813.000000,5252.000000
1540.000000,3586.000000,1398.000000,3628.000000
831.000000,1773.000000,1106.000000,2084.000000
1302.000000,2745.000000,1557.000000,2829.000000
4609.000000,1462.000000,4997.000000,1484.000000
2532.000000,401.000000,2799.000000,563.000000
3311.000000,4887.000000,3487.000000,5129.000000
3453.000000,2485.000000,3242.000000,2492.000000
4272.000000,2189.000000,4152.000000,2435.000000
4751.000000,3964.000000,4978.000000,4230.000000
733.000000,4048.000000,859.000000,4048.000000
1831.000000,2242.000000,2143.000000,2530.000000
3938.000000,3659.000000,3422.000000,3735.000000
3942.000000,151.000000,4034.000000,487.000000
3221.000000,4126.000000,3471.000000,4429.000000
2815.000000,2193.000000,3183.000000,2362.000000
193.000000,3114.000000,267.000000,3126.000000
3729.000000,3703.000000,3953.000000,3874.000000
4778.000000,2663.000000,4850.000000,2990.000000
2012.000000,3457.000000,1854.000000,3831.000000
3055.000000,3206.000000,2824.000000,3208.000000
98.000000,3122.000000,33.000000,3162.000000
1023.000000,5019.000000,1057.000000,5036.000000
3570.000000,872.000000,3248.000000,1016.000000
4450.000000,1205.000000,4679.000000,1298.000000
2173.000000,1083.000000,2712.000000,1422.000000
4756.000000,445.000000,4842.000000,606.000000
3254.000000,944.000000,3110.000000,989.000000
4034.000000,487.000000,4272.000000,506.000000
939.000000,3856.000000,1416.000000,3996.000000
3378.000000,4590.000000,3283.000000,4596.000000
3102.000000,3901.000000,3081.000000,3932.000000
4409.000000,3496.000000,4307.000000,3707.000000
4494.000000,3181.000000,4321.000000,3208.000000
315.000000,4561.000000,813.000000,5252.000000
2532.000000,401.000000,2478.000000,662.000000
1399.000000,4623.000000,1208.000000,4690.000000
1008.000000,994.000000,1341.000000,1451.000000
4699.000000,1980.000000,4537.000000,2286.000000
4778.000000,2663.000000,4661.000000,2694.000000
3640.000000,1831.000000,3802.000000,1947.000000
3210.000000,1038.000000,3490.000000,1177.000000
3685.000000,455.000000,3848.000000,754.000000
4195.000000,177.000000,4369.000000,726.000000
2060.000000,1568.000000,2036.000000,1705.000000
3927.000000,3164.000000,4321.000000,3208.000000
2794.000000,5000.000000,2570.000000,5167.000000
1312.000000,3.000000,879.000000,149.000000
831.000000,1773.000000,640.000000,1901.000000
2706.000000,1197.000000,2840.000000,1550.000000
2707.000000,8.000000,2698.000000,89.000000
305.000000,1504.000000,215.000000,2235.000000
4661.000000,2694.000000,4293.000000,2874.000000
2576.000000,2564.000000,2400.000000,2711.000000
1633.000000,4800.000000,1280.000000,5127.000000
2804.000000,2668.000000,2754.000000,2830.000000
168.000000,5149.000000,813.000000,5252.000000
951.000000,3016.000000,1012.000000,3114.000000
1724.000000,823.000000,1759.000000,982.000000
3238.000000,1972.000000,3336.000000,2007.000000
533.000000,259.000000,727.000000,432.000000
2065.000000,1861.000000,1831.000000,2242.000000
4320.000000,3317.000000,4260.000000,3592.000000
4671.000000,1003.000000,4502.000000,1092.000000
1399.000000,4623.000000,1061.000000,4677.000000
4096.000000,2395.000000,4131.000000,2767.000000
4034.000000,487.000000,4120.000000,708.000000
2143.000000,2530.000000,2318.000000,2664.000000
4120.000000,708.000000,4369.000000,726.000000
3511.000000,4201.000000,3685.000000,4352.000000
2712.000000,1422.000000,2681.000000,1744.000000
2706.000000,1197.000000,2712.000000,1422.000000
3135.000000,4366.000000,3283.000000,4596.000000
5239.000000,4192.000000,4978.000000,4230.000000
2420.000000,3259.000000,2985.000000,3684.000000
4989.000000,60.000000,4842.000000,606.000000
1267.000000,2589.000000,1302.000000,2745.000000
1417.000000,2075.000000,1106.000000,2084.000000
233.000000,538.000000,238.000000,812.000000
2570.000000,5167.000000,2156.000000,5246.000000
5199.000000,3386.000000,4839.000000,3387.000000
973.000000,508.000000,957.000000,886.000000
1700.000000,3239.000000,1751.000000,3351.000000
1716.000000,2917.000000,1917.000000,2923.000000
4015.000000,1801.000000,3858.000000,2045.000000
4609.000000,1462.000000,4668.000000,1588.000000
2143.000000,2530.000000,2202.000000,2673.000000
2184.000000,4952.000000,1808.000000,5088.000000
4633.000000,46.000000,4116.000000,126.000000
4811.000000,4669.000000,4391.000000,4747.000000
2840.000000,1550.000000,2978.000000,1587.000000
4299.000000,1828.000000,4197.000000,1981.000000
4206.000000,2601.000000,4580.000000,2650.000000
3947.000000,3352.000000,4033.000000,3699.000000
1552.000000,1658.000000,1400.000000,1699.000000
4034.000000,487.000000,3848.000000,754.000000
111.000000,4607.000000,97.000000,4642.000000
3435.000000,600.000000,3848.000000,754.000000
1194.000000,418.000000,1513.000000,654.000000
182.000000,2630.000000,305.000000,2651.000000
3978.000000,789.000000,4030.000000,967.000000
328.000000,2483.000000,406.000000,2707.000000
5152.000000,3825.000000,4751.000000,3964.000000
4728.000000,5079.000000,4670.000000,5249.000000
3413.000000,1636.000000,3447.000000,1788.000000
5223.000000,4887.000000,5046.000000,4965.000000
3476.000000,1322.000000,3552.000000,1335.000000
1149.000000,4441.000000,1061.000000,4677.000000
4249.000000,4933.000000,4155.000000,4962.000000
1579.000000,2538.000000,1909.000000,2788.000000
1323.000000,3158.000000,1344.000000,3163.000000
4392.000000,1561.000000,4323.000000,1744.000000
2556.000000,4434.000000,2569.000000,4505.000000
1808.000000,5088.000000,1746.000000,5182.000000
3804.000000,5175.000000,2926.000000,5225.000000
4611.000000,3795.000000,4522.000000,3820.000000
3020.000000,4805.000000,3135.000000,4921.000000
3216.000000,3840.000000,3487.000000,4165.000000
1433.000000,4246.000000,1149.000000,4441.000000
424.000000,3215.000000,556.000000,3574.000000
4671.000000,1003.000000,4679.000000,1298.000000
3981.000000,4329.000000,4023.000000,4516.000000
2001.000000,938.000000,2060.000000,1568.000000
1584.000000,3771.000000,1816.000000,3775.000000
4450.000000,3727.000000,4611.000000,3795.000000
3729.000000,3703.000000,3632.000000,3988.000000
1423.000000,997.000000,1616.000000,1251.000000
3336.000000,2007.000000,3444.000000,2008.000000
1920.000000,1573.000000,1967.000000,1731.000000
3791.000000,2381.000000,3242.000000,2492.000000
351.000000,2270.000000,460.000000,2315.000000
133.000000,3.000000,533.000000,259.000000
2036.000000,1705.000000,1967.000000,1731.000000
493.000000,463.000000,233.000000,538.000000
1843.000000,3503.000000,1743.000000,3648.000000
530.000000,2819.000000,424.000000,3215.000000
132.000000,1595.000000,33.000000,3162.000000
5216.000000,2130.000000,5170.000000,2135.000000
2784.000000,4091.000000,2556.000000,4434.000000
4260.000000,3592.000000,4307.000000,3707.000000
4299.000000,1828.000000,4290.000000,2167.000000
4850.000000,2990.000000,4787.000000,3129.000000
382.000000,1229.000000,469.000000,1272.000000
3870.000000,3141.000000,3927.000000,3164.000000
2318.000000,2664.000000,2400.000000,2711.000000
5223.000000,4887.000000,5218.000000,4910.000000
1759.000000,982.000000,1423.000000,997.000000
378.000000,522.000000,238.000000,812.000000
4893.000000,4813.000000,4831.000000,4893.000000
3968.000000,41.000000,3942.000000,151.000000
3162.000000,4614.000000,2772.000000,4867.000000
4936.000000,2249.000000,4888.000000,2440.000000
4726.000000,294.000000,4756.000000,445.000000
3031.000000,429.000000,3003.000000,650.000000
4978.000000,1306.000000,5039.000000,1390.000000
1584.000000,1359.000000,1840.000000,1624.000000
2391.000000,4779.000000,2184.000000,4952.000000
182.000000,2630.000000,530.000000,2819.000000
4811.000000,4669.000000,4678.000000,4839.000000
2799.000000,563.000000,2507.000000,594.000000
304.000000,3523.000000,556.000000,3574.000000
3468.000000,4154.000000,3487.000000,4165.000000
4831.000000,4893.000000,4728.000000,5079.000000
2840.000000,1550.000000,3000.000000,1631.000000
2082.000000,2171.000000,1831.000000,2242.000000
2985.000000,3684.000000,3102.000000,3901.000000
270.000000,4654.000000,243.000000,4767.000000
1592.000000,3795.000000,1660.000000,4355.000000
3783.000000,1482.000000,3599.000000,1487.000000
305.000000,2651.000000,406.000000,2707.000000
2143.000000,2530.000000,2576.000000,2564.000000
2681.000000,1744.000000,2896.000000,1914.000000
5244.000000,1971.000000,4936.000000,2249.000000
1302.000000,2745.000000,951.000000,3016.000000
4729.000000,2340.000000,4888.000000,2440.000000
3938.000000,3659.000000,3947.000000,3726.000000
1840.000000,1624.000000,1735.000000,1658.000000
180.000000,120.000000,69.000000,895.000000
1751.000000,3351.000000,1743.000000,3648.000000
933.000000,971.000000,1008.000000,994.000000
3858.000000,2045.000000,4067.000000,2139.000000
50.000000,4976.000000,168.000000,5149.000000
1557.000000,2829.000000,1341.000000,2979.000000
3162.000000,4614.000000,3312.000000,4676.000000
4321.000000,3208.000000,4320.000000,3317.000000
1612.000000,4268.000000,1660.000000,4355.000000
3336.000000,2007.000000,3183.000000,2362.000000
3599.000000,1487.000000,3663.000000,1542.000000
182.000000,2630.000000,98.000000,3122.000000
3216.000000,3840.000000,3102.000000,3901.000000
5155.000000,43.000000,5226.000000,1373.000000
734.000000,2742.000000,530.000000,2819.000000
2896.000000,1914.000000,2755.000000,1987.000000
4726.000000,3723.000000,4751.000000,3964.000000
281.000000,3218.000000,304.000000,3523.000000
3102.000000,3901.000000,2859.000000,3976.000000
4678.000000,4839.000000,4670.000000,5249.000000
4272.000000,506.000000,4369.000000,726.000000
4293.000000,2874.000000,4574.000000,2986.000000
3981.000000,4329.000000,4526.000000,4341.000000
3003.000000,650.000000,2959.000000,693.000000
133.000000,3.000000,10.000000,1598.000000
4729.000000,2340.000000,4725.000000,2498.000000
3538.000000,1288.000000,3599.000000,1487.000000
4997.000000,1484.000000,4699.000000,1980.000000
4096.000000,2395.000000,4152.000000,2435.000000
3343.000000,2139.000000,3309.000000,2151.000000
1816.000000,3775.000000,1592.000000,3795.000000
769.000000,1337.000000,439.000000,1393.000000
175.000000,3840.000000,172.000000,4489.000000
1540.000000,3586.000000,1584.000000,3771.000000
3240.000000,213.000000,3685.000000,455.000000
328.000000,2483.000000,182.000000,2630.000000
4239.000000,1787.000000,4015.000000,1801.000000
217.000000,4634.000000,97.000000,4642.000000
3710.000000,4816.000000,3487.000000,5129.000000
805.000000,1498.000000,935.000000,1542.000000
4239.000000,1787.000000,4197.000000,1981.000000
5164.000000,2420.000000,5153.000000,2668.000000
2859.000000,3976.000000,3002.000000,4330.000000
5039.000000,1390.000000,4997.000000,1484.000000
2499.000000,4362.000000,2556.000000,4434.000000
3803.000000,1112.000000,3956.000000,1196.000000
805.000000,1498.000000,831.000000,1773.000000
973.000000,508.000000,1359.000000,768.000000
4197.000000,1981.000000,4067.000000,2139.000000
3052.000000,1208.000000,2840.000000,1550.000000
3226.000000,4082.000000,3468.000000,4154.000000
4792.000000,3243.000000,4798.000000,3359.000000
936.000000,3278.000000,1395.000000,3374.000000
2727.000000,246.000000,3032.000000,387.000000
172.000000,4489.000000,71.000000,4497.000000
1701.000000,182.000000,1194.000000,418.000000
4053.000000,4897.000000,3942.000000,4988.000000
3125.000000,4359.000000,3135.000000,4366.000000
3247.000000,3086.000000,3287.000000,3294.000000
1312.000000,3.000000,908.000000,180.000000
1106.000000,2084.000000,460.000000,2315.000000
1831.000000,2242.000000,1843.000000,2298.000000
3135.000000,4366.000000,3101.000000,4418.000000
4798.000000,3359.000000,4582.000000,3449.000000
5244.000000,1971.000000,4849.000000,2050.000000
5239.000000,4192.000000,5223.000000,4887.000000
33.000000,3162.000000,281.000000,3218.000000
1743.000000,3648.000000,1816.000000,3775.000000
4787.000000,3129.000000,4692.000000,3200.000000
4141.000000,862.000000,3956.000000,1196.000000
4526.000000,4341.000000,4633.000000,4356.000000
814.000000,1356.000000,805.000000,1498.000000
3632.000000,3988.000000,3685.000000,4352.000000
3783.000000,1482.000000,3714.000000,1629.000000
1228.000000,2123.000000,1207.000000,2354.000000
132.000000,1595.000000,215.000000,2235.000000
2799.000000,563.000000,2752.000000,824.000000
5148.000000,3248.000000,5199.000000,3386.000000
1191.000000,995.000000,1333.000000,1018.000000
2478.000000,662.000000,2031.000000,815.000000
1344.000000,3163.000000,1700.000000,3239.000000
540.000000,929.000000,469.000000,1272.000000
3487.000000,5129.000000,3804.000000,5175.000000
2133.000000,253.000000,2190.000000,372.000000
1080.000000,1858.000000,1417.000000,2075.000000
897.000000,1470.000000,805.000000,1498.000000
549.000000,3891.000000,315.000000,4561.000000
1513.000000,654.000000,1423.000000,997.000000
390.000000,2961.000000,424.000000,3215.000000
3570.000000,872.000000,3848.000000,904.000000
4989.000000,60.000000,4845.000000,69.000000
935.000000,1542.000000,831.000000,1773.000000
4352.000000,992.000000,4450.000000,1205.000000
879.000000,149.000000,533.000000,259.000000
4726.000000,3723.000000,4611.000000,3795.000000
10.000000,1598.000000,50.000000,4976.000000
3915.000000,38.000000,3662.000000,374.000000
1398.000000,3628.000000,1056.000000,3710.000000
4611.000000,3795.000000,4633.000000,4356.000000
3956.000000,1196.000000,3783.000000,1482.000000
2400.000000,2711.000000,2577.000000,2835.000000
69.000000,895.000000,27.000000,1501.000000
4611.000000,3795.000000,3981.000000,4329.000000
1917.000000,2923.000000,2324.000000,3539.000000
1344.000000,3163.000000,1395.000000,3374.000000
549.000000,3891.000000,172.000000,4489.000000
2698.000000,89.000000,2532.000000,401.000000
3002.000000,4330.000000,3101.000000,4418.000000
4074.000000,2287.000000,4152.000000,2435.000000
2799.000000,563.000000,3003.000000,650.000000
4392.000000,1561.000000,4239.000000,1787.000000
1596.000000,4352.000000,1149.000000,4441.000000
4671.000000,1003.000000,4965.000000,1116.000000
4369.000000,726.000000,4314.000000,779.000000
2752.000000,824.000000,2910.000000,889.000000
2727.000000,246.000000,2799.000000,563.000000
3947.000000,3726.000000,3953.000000,3874.000000
2500.000000,3843.000000,2622.000000,4039.000000
3312.000000,4676.000000,3135.000000,4921.000000
733.000000,4048.000000,1136.000000,4214.000000
2824.000000,3208.000000,2420.000000,3259.000000
5252.000000,3265.000000,5199.000000,3386.000000
4155.000000,4962.000000,4018.000000,5103.000000
1726.000000,1189.000000,1727.000000,1235.000000
424.000000,3215.000000,304.000000,3523.000000
139.000000,4787.000000,50.000000,4976.000000
2299.000000,4665.000000,2391.000000,4779.000000
2001.000000,938.000000,1727.000000,1235.000000
1136.000000,4214.000000,1433.000000,4246.000000
1875.000000,334.000000,1513.000000,654.000000
1423.000000,997.000000,1333.000000,1018.000000
4582.000000,3449.000000,4611.000000,3795.000000
1725.000000,2229.000000,1977.000000,2821.000000
1716.000000,2917.000000,1341.000000,2979.000000
233.000000,538.000000,255.000000,553.000000
4661.000000,2694.000000,4791.000000,2937.000000
4290.000000,2167.000000,4272.000000,2189.000000
33.000000,3162.000000,70.000000,3709.000000
305.000000,1504.000000,469.000000,2110.000000
908.000000,180.000000,1194.000000,418.000000
2985.000000,3684.000000,2790.000000,3787.000000
3240.000000,213.000000,3223.000000,517.000000
2570.000000,5167.000000,2435.000000,5168.000000
1017.000000,2614.000000,951.000000,3016.000000
3513.000000,3107.000000,3461.000000,3316.000000
4792.000000,3243.000000,4839.000000,3387.000000
3632.000000,3988.000000,3487.000000,4165.000000
3090.000000,3314.000000,3077.000000,3586.000000
3487.000000,4165.000000,3685.000000,4352.000000
3971.000000,4789.000000,4014.000000,4870.000000
638.000000,3646.000000,686.000000,3796.000000
540.000000,929.000000,382.000000,1229.000000
4547.000000,3423.000000,4409.000000,3496.000000
2844.000000,3941.000000,2859.000000,3976.000000
879.000000,149.000000,1036.000000,371.000000
4842.000000,606.000000,4789.000000,722.000000
132.000000,1595.000000,10.000000,1598.000000
3378.000000,4590.000000,3931.000000,4663.000000
3240.000000,213.000000,3032.000000,387.000000
2324.000000,3539.000000,2500.000000,3843.000000
2227.000000,1869.000000,2426.000000,1893.000000
1416.000000,3996.000000,1136.000000,4214.000000
2945.000000,1135.000000,3052.000000,1208.000000
2031.000000,5228.000000,813.000000,5252.000000
3378.000000,4590.000000,3487.000000,5129.000000
1633.000000,4800.000000,1746.000000,5182.000000
211.000000,2525.000000,33.000000,3162.000000
469.000000,1272.000000,769.000000,1337.000000
2109.000000,650.000000,2031.000000,815.000000
460.000000,2315.000000,339.000000,2394.000000
4391.000000,4747.000000,4670.000000,5249.000000
4427.000000,3041.000000,4321.000000,3208.000000
4034.000000,487.000000,3978.000000,789.000000
339.000000,2394.000000,211.000000,2525.000000
2910.000000,889.000000,2810.000000,1089.000000
2706.000000,4926.000000,2184.000000,4952.000000
4661.000000,2694.000000,4574.000000,2986.000000
328.000000,2483.000000,211.000000,2525.000000
2400.000000,2711.000000,2180.000000,2714.000000
4850.000000,2990.000000,5247.000000,3204.000000
182.000000,2630.000000,390.000000,2961.000000
1725.000000,2229.000000,1375.000000,2485.000000
5244.000000,1971.000000,5216.000000,2130.000000
1929.000000,119.000000,1846.000000,287.000000
3447.000000,1788.000000,3640.000000,1831.000000
2205.000000,1032.000000,2173.000000,1083.000000
1977.000000,2821.000000,1917.000000,2923.000000
3135.000000,4921.000000,2926.000000,5225.000000
71.000000,4497.000000,97.000000,4642.000000
4798.000000,3359.000000,4642.000000,3499.000000
4726.000000,894.000000,4965.000000,1116.000000
3135.000000,4921.000000,3487.000000,5129.000000
2275.000000,4643.000000,2184.000000,4952.000000
3322.000000,1870.000000,3444.000000,2008.000000
5246.000000,3538.000000,5196.000000,3815.000000
4195.000000,177.000000,4272.000000,506.000000
2287.000000,4030.000000,1873.000000,4643.000000
4560.000000,1922.000000,4699.000000,1980.000000
270.000000,4654.000000,139.000000,4787.000000
1329.000000,2469.000000,1017.000000,2614.000000
659.000000,1615.000000,469.000000,2110.000000
4893.000000,4813.000000,5046.000000,4965.000000
1341.000000,1451.000000,1552.000000,1658.000000
4096.000000,2395.000000,4206.000000,2601.000000
4725.000000,2498.000000,4778.000000,2663.000000
4299.000000,1828.000000,4560.000000,1922.000000
3468.000000,4154.000000,3511.000000,4201.000000
1330.000000,1675.000000,1400.000000,1699.000000
4679.000000,1298.000000,4978.000000,1306.000000
1323.000000,3158.000000,936.000000,3278.000000
182.000000,2630.000000,193.000000,3114.000000
4726.000000,894.000000,5154.000000,1290.000000
4125.000000,4851.000000,4053.000000,4897.000000
3457.000000,2290.000000,3791.000000,2381.000000
2988.000000,3139.000000,3055.000000,3206.000000
3055.000000,3206.000000,2420.000000,3259.000000
3848.000000,754.000000,3978.000000,789.000000
1837.000000,1038.000000,1726.000000,1189.000000
5019.000000,3164.000000,5106.000000,3170.000000
3216.000000,3840.000000,3081.000000,3932.000000
2787.000000,3075.000000,2988.000000,3139.000000
1061.000000,4677.000000,1208.000000,4690.000000
2001.000000,938.000000,2205.000000,1032.000000
1917.000000,2923.000000,2432.000000,3137.000000
390.000000,2961.000000,193.000000,3114.000000
4033.000000,3699.000000,3947.000000,3726.000000
69.000000,895.000000,51.000000,1288.000000
2959.000000,693.000000,2910.000000,889.000000
1633.000000,4800.000000,2184.000000,4952.000000
3968.000000,41.000000,5155.000000,43.000000
1873.000000,4643.000000,2275.000000,4643.000000
4206.000000,2601.000000,4293.000000,2874.000000
5148.000000,3248.000000,5252.000000,3265.000000
1082.000000,824.000000,957.000000,886.000000
2287.000000,4030.000000,2499.000000,4362.000000
549.000000,3891.000000,733.000000,4048.000000
2769.000000,1069.000000,2173.000000,1083.000000
2787.000000,3075.000000,2420.000000,3259.000000
2190.000000,372.000000,2532.000000,401.000000
469.000000,2110.000000,460.000000,2315.000000
2499.000000,4362.000000,1873.000000,4643.000000
2216.000000,3776.000000,2176.000000,3972.000000
4053.000000,4897.000000,4155.000000,4962.000000
2507.000000,594.000000,2478.000000,662.000000
2810.000000,1089.000000,3052.000000,1208.000000
1417.000000,2075.000000,1228.000000,2123.000000
2227.000000,1869.000000,2700.000000,1923.000000
3953.000000,3874.000000,3632.000000,3988.000000
4018.000000,5103.000000,3926.000000,5139.000000
3221.000000,4126.000000,3468.000000,4154.000000
3435.000000,600.000000,3254.000000,944.000000
3953.000000,3874.000000,4338.000000,3932.000000
3783.000000,1482.000000,4392.000000,1561.000000
2082.000000,2171.000000,2576.000000,2564.000000
5087.000000,1245.000000,4978.000000,1306.000000
3413.000000,1636.000000,3640.000000,1831.000000
4152.000000,2435.000000,4206.000000,2601.000000
1909.000000,2788.000000,1917.000000,2923.000000
3092.000000,1578.000000,3291.000000,1608.000000
2435.000000,5168.000000,2156.000000,5246.000000
3848.000000,754.000000,3848.000000,904.000000
2176.000000,3972.000000,2287.000000,4030.000000
132.000000,1595.000000,211.000000,2525.000000
3378.000000,4590.000000,3311.000000,4887.000000
2815.000000,2193.000000,3006.000000,2423.000000
2910.000000,889.000000,3110.000000,989.000000
5087.000000,1245.000000,5039.000000,1390.000000
3538.000000,1288.000000,3476.000000,1322.000000
705.000000,3172.000000,794.000000,3184.000000
2184.000000,4952.000000,2156.000000,5246.000000
3987.000000,2980.000000,3927.000000,3164.000000
4792.000000,3243.000000,5199.000000,3386.000000
4494.000000,3181.000000,4692.000000,3200.000000
3242.000000,2492.000000,3226.000000,2704.000000
2180.000000,2714.000000,2119.000000,2766.000000
3471.000000,4429.000000,3378.000000,4590.000000
4120.000000,708.000000,4141.000000,862.000000
2432.000000,3137.000000,2420.000000,3259.000000
4131.000000,2767.000000,3927.000000,3164.000000
4659.000000,2971.000000,4692.000000,3200.000000
3407.000000,3005.000000,3513.000000,3107.000000
2577.000000,2835.000000,2432.000000,3137.000000
1917.000000,2923.000000,2012.000000,3457.000000
3366.000000,587.000000,3254.000000,944.000000
2190.000000,372.000000,2478.000000,662.000000
3968.000000,41.000000,4633.000000,46.000000
5199.000000,3386.000000,5039.000000,3729.000000
3044.000000,879.000000,2910.000000,889.000000
2082.000000,2171.000000,2143.000000,2530.000000
1854.000000,3831.000000,2287.000000,4030.000000
2156.000000,5246.000000,4670.000000,5249.000000
2527.000000,4726.000000,2391.000000,4779.000000
1061.000000,4677.000000,813.000000,5252.000000
3162.000000,4614.000000,3135.000000,4921.000000
1751.000000,3351.000000,1540.000000,3586.000000
4689.000000,84.000000,4798.000000,137.000000
4096.000000,2395.000000,3453.000000,2485.000000
1270.000000,2429.000000,1329.000000,2469.000000
3971.000000,4789.000000,4125.000000,4851.000000
2681.000000,1744.000000,2227.000000,1869.000000
69.000000,895.000000,382.000000,1229.000000
4427.000000,3041.000000,4494.000000,3181.000000
4188.000000,2136.000000,4067.000000,2139.000000
1399.000000,4623.000000,1633.000000,4800.000000
3927.000000,3164.000000,3947.000000,3352.000000
2109.000000,650.000000,2478.000000,662.000000
1700.000000,3239.000000,1540.000000,3586.000000
3685.000000,455.000000,3435.000000,600.000000
5170.000000,2135.000000,5164.000000,2420.000000
4570.000000,846.000000,4424.000000,898.000000
253.000000,236.000000,233.000000,538.000000
3570.000000,872.000000,3490.000000,1177.000000
1552.000000,1658.000000,1831.000000,2242.000000
4074.000000,2287.000000,4096.000000,2395.000000
243.000000,4767.000000,813.000000,5252.000000
2706.000000,1197.000000,3052.000000,1208.000000
1057.000000,5036.000000,1280.000000,5127.000000
2799.000000,563.000000,2959.000000,693.000000
4633.000000,46.000000,4845.000000,69.000000
1310.000000,3069.000000,1344.000000,3163.000000
5131.000000,1409.000000,5244.000000,1971.000000
2577.000000,2835.000000,2420.000000,3259.000000
4015.000000,1801.000000,4073.000000,1910.000000
3003.000000,650.000000,2910.000000,889.000000
133.000000,3641.000000,70.000000,3709.000000
3953.000000,3874.000000,3981.000000,4329.000000
3971.000000,4789.000000,3942.000000,4988.000000
3092.000000,1578.000000,3000.000000,1631.000000
4893.000000,4813.000000,4949.000000,5208.000000
2700.000000,1923.000000,2815.000000,2193.000000
4671.000000,2186.000000,4537.000000,2286.000000
5066.000000,1421.000000,4997.000000,1484.000000
5247.000000,3204.000000,5232.000000,3260.000000
4018.000000,5103.000000,4670.000000,5249.000000
3031.000000,429.000000,2799.000000,563.000000
1716.000000,2917.000000,1700.000000,3239.000000
4131.000000,2767.000000,3407.000000,3005.000000
4580.000000,2650.000000,4293.000000,2874.000000
2627.000000,4888.000000,2706.000000,4926.000000
3931.000000,4663.000000,3971.000000,4789.000000
3223.000000,517.000000,3254.000000,944.000000
3110.000000,989.000000,3182.000000,1042.000000
3876.000000,3202.000000,3947.000000,3352.000000
3006.000000,2423.000000,3218.000000,2554.000000
238.000000,812.000000,382.000000,1229.000000
4033.000000,3699.000000,4307.000000,3707.000000
1136.000000,4214.000000,1061.000000,4677.000000
2119.000000,2766.000000,1977.000000,2821.000000
3343.000000,1369.000000,3357.000000,1610.000000
3221.000000,4126.000000,3002.000000,4330.000000
215.000000,2235.000000,211.000000,2525.000000
2133.000000,253.000000,2109.000000,650.000000
1540.000000,3586.000000,1743.000000,3648.000000
2202.000000,2673.000000,2119.000000,2766.000000
1194.000000,418.000000,1359.000000,768.000000
2840.000000,1550.000000,3092.000000,1578.000000
3461.000000,3316.000000,3938.000000,3659.000000
4839.000000,3387.000000,5039.000000,3729.000000
1359.000000,768.000000,1082.000000,824.000000
3216.000000,3840.000000,3226.000000,4082.000000
4642.000000,3499.000000,4611.000000,3795.000000
831.000000,1773.000000,1080.000000,1858.000000
378.000000,522.000000,255.000000,553.000000
1596.000000,4352.000000,1633.000000,4800.000000
3366.000000,587.000000,3435.000000,600.000000
1724.000000,823.000000,1837.000000,1038.000000
1854.000000,3831.000000,1873.000000,4643.000000
4791.000000,2937.000000,4659.000000,2971.000000
1170.000000,2201.000000,1207.000000,2354.000000
97.000000,4642.000000,50.000000,4976.000000
4239.000000,1787.000000,4073.000000,1910.000000
3551.000000,4926.000000,3509.000000,5077.000000
4120.000000,708.000000,4314.000000,779.000000
4188.000000,2136.000000,4290.000000,2167.000000
686.000000,3796.000000,549.000000,3891.000000
1344.000000,3163.000000,936.000000,3278.000000
3020.000000,4805.000000,2772.000000,4867.000000
3032.000000,387.000000,2799.000000,563.000000
2156.000000,5246.000000,813.000000,5252.000000
2712.000000,1422.000000,2840.000000,1550.000000
2595.000000,3923.000000,2622.000000,4039.000000
4893.000000,4813.000000,4678.000000,4839.000000
4633.000000,46.000000,4798.000000,137.000000
1837.000000,1038.000000,1727.000000,1235.000000
3942.000000,4988.000000,3804.000000,5175.000000
304.000000,3523.000000,68.000000,3548.000000
4689.000000,84.000000,4726.000000,294.000000
1207.000000,2354.000000,1375.000000,2485.000000
659.000000,1615.000000,403.000000,1760.000000
4369.000000,726.000000,4570.000000,846.000000
1579.000000,2538.000000,1977.000000,2821.000000
4018.000000,5103.000000,3804.000000,5175.000000
3444.000000,2008.000000,3309.000000,2151.000000
3336.000000,2007.000000,2815.000000,2193.000000
267.000000,3126.000000,33.000000,3162.000000
4679.000000,1298.000000,4609.000000,1462.000000
1082.000000,824.000000,1008.000000,994.000000
2527.000000,4726.000000,2627.000000,4888.000000
1310.000000,3069.000000,1323.000000,3158.000000
3183.000000,2362.000000,3242.000000,2492.000000
238.000000,812.000000,540.000000,929.000000
3291.000000,1608.000000,3357.000000,1610.000000
3461.000000,3316.000000,3422.000000,3735.000000
3183.000000,2362.000000,3006.000000,2423.000000
3942.000000,4988.000000,4018.000000,5103.000000
2556.000000,4434.000000,2275.000000,4643.000000
841.000000,3287.000000,939.000000,3856.000000
4023.000000,4516.000000,4125.000000,4851.000000
935.000000,1542.000000,1330.000000,1675.000000
4845.000000,69.000000,4798.000000,137.000000
1235.000000,1496.000000,1330.000000,1675.000000
339.000000,2394.000000,530.000000,2819.000000
1417.000000,2075.000000,1725.000000,2229.000000
2707.000000,8.000000,2532.000000,401.000000
3168.000000,3725.000000,3102.000000,3901.000000
3490.000000,1177.000000,3343.000000,1369.000000
70.000000,3709.000000,172.000000,4489.000000
4893.000000,4813.000000,4728.000000,5079.000000
243.000000,4767.000000,50.000000,4976.000000
3804.000000,5175.000000,4670.000000,5249.000000
390.000000,2961.000000,267.000000,3126.000000
841.000000,3287.000000,1056.000000,3710.000000
1816.000000,3775.000000,1854.000000,3831.000000
3002.000000,4330.000000,3162.000000,4339.000000
3956.000000,1196.000000,4450.000000,1205.000000
659.000000,1615.000000,640.000000,1901.000000
3640.000000,1831.000000,3863.000000,2067.000000
4307.000000,3707.000000,3953.000000,3874.000000
4450.000000,3727.000000,4522.000000,3820.000000
2507.000000,594.000000,2752.000000,824.000000
2622.000000,4039.000000,2499.000000,4362.000000
4825.000000,350.000000,4842.000000,606.000000
3326.000000,4412.000000,3283.000000,4596.000000
1433.000000,4246.000000,1596.000000,4352.000000
5216.000000,2130.000000,5247.000000,3204.000000
4756.000000,445.000000,4570.000000,846.000000
3845.000000,940.000000,4030.000000,967.000000
1333.000000,1018.000000,1341.000000,1451.000000
4073.000000,1910.000000,4067.000000,2139.000000
1302.000000,2745.000000,1341.000000,2979.000000
3110.000000,989.000000,2945.000000,1135.000000
3055.000000,3206.000000,2985.000000,3684.000000
5252.000000,3265.000000,5239.000000,4192.000000
1082.000000,824.000000,1191.000000,995.000000
2012.000000,3457.000000,2126.000000,3553.000000
1280.000000,5127.000000,813.000000,5252.000000
2700.000000,1923.000000,2528.000000,2253.000000
1395.000000,3374.000000,1540.000000,3586.000000
460.000000,2315.000000,734.000000,2742.000000
4427.000000,3041.000000,4358.000000,3195.000000
172.000000,4489.000000,217.000000,4634.000000
2706.000000,4926.000000,2570.000000,5167.000000
4611.000000,3795.000000,4811.000000,4669.000000
4391.000000,4747.000000,4678.000000,4839.000000
3968.000000,41.000000,4116.000000,126.000000
3447.000000,1788.000000,3322.000000,1870.000000
4633.000000,4356.000000,4811.000000,4669.000000
2202.000000,2673.000000,2180.000000,2714.000000
4825.000000,350.000000,4756.000000,445.000000
1312.000000,3.000000,1701.000000,182.000000
2769.000000,1069.000000,2706.000000,1197.000000
3407.000000,3005.000000,3870.000000,3141.000000
4067.000000,2139.000000,3940.000000,2332.000000
3845.000000,940.000000,3803.000000,1112.000000
3162.000000,4339.000000,3125.000000,4359.000000
4307.000000,3707.000000,4338.000000,3932.000000
1399.000000,4623.000000,1280.000000,5127.000000
71.000000,4497.000000,50.000000,4976.000000
3223.000000,517.000000,3003.000000,650.000000
4320.000000,3317.000000,4409.000000,3496.000000
733.000000,4048.000000,1061.000000,4677.000000
4290.000000,2167.000000,4537.000000,2286.000000
2859.000000,3976.000000,2784.000000,4091.000000
2706.000000,4926.000000,2794.000000,5000.000000
4978.000000,1306.000000,4997.000000,1484.000000
939.000000,3856.000000,733.000000,4048.000000
3090.000000,3314.000000,3461.000000,3316.000000
4323.000000,1744.000000,4299.000000,1828.000000
3322.000000,1870.000000,3238.000000,1972.000000
4570.000000,846.000000,4352.000000,992.000000
1017.000000,2614.000000,734.000000,2742.000000
602.000000,458.000000,973.000000,508.000000
3000.000000,1631.000000,3238.000000,1972.000000
5216.000000,2130.000000,5164.000000,2420.000000
4537.000000,2286.000000,4729.000000,2340.000000
794.000000,3184.000000,936.000000,3278.000000
5154.000000,1290.000000,5226.000000,1373.000000
3002.000000,4330.000000,2772.000000,4867.000000
3940.000000,2332.000000,3822.000000,2374.000000
3216.000000,3840.000000,3468.000000,4154.000000
68.000000,3548.000000,133.000000,3641.000000
2309.000000,4992.000000,2156.000000,5246.000000
3182.000000,1042.000000,3052.000000,1208.000000
2844.000000,3941.000000,2784.000000,4091.000000
602.000000,458.000000,493.000000,463.000000
1584.000000,3771.000000,1592.000000,3795.000000
2391.000000,4779.000000,2627.000000,4888.000000
2576.000000,2564.000000,2318.000000,2664.000000
841.000000,3287.000000,556.000000,3574.000000
4197.000000,1981.000000,4290.000000,2167.000000
4259.000000,3671.000000,4033.000000,3699.000000
933.000000,971.000000,814.000000,1356.000000
1843.000000,2298.000000,1977.000000,2821.000000
936.000000,3278.000000,1056.000000,3710.000000
1727.000000,1235.000000,1616.000000,1251.000000
1843.000000,3503.000000,1854.000000,3831.000000
3461.000000,3316.000000,3077.000000,3586.000000
4778.000000,2663.000000,5169.000000,2815.000000
3490.000000,1177.000000,3538.000000,1288.000000
4839.000000,3387.000000,4726.000000,3723.000000
3110.000000,989.000000,2810.000000,1089.000000
1228.000000,2123.000000,1725.000000,2229.000000
403.000000,1760.000000,469.000000,2110.000000
705.000000,3172.000000,936.000000,3278.000000
1341.000000,1451.000000,935.000000,1542.000000
215.000000,2235.000000,351.000000,2270.000000
3101.000000,4418.000000,3283.000000,4596.000000
4321.000000,3208.000000,4260.000000,3592.000000
4424.000000,898.000000,4352.000000,992.000000
3248.000000,1016.000000,3210.000000,1038.000000
4272.000000,2189.000000,4537.000000,2286.000000
2707.000000,8.000000,2133.000000,253.000000
2060.000000,1568.000000,2227.000000,1869.000000
4989.000000,4636.000000,5223.000000,4887.000000
182.000000,2630.000000,406.000000,2707.000000
4845.000000,69.000000,4726.000000,294.000000
1735.000000,1658.000000,1967.000000,1731.000000
4791.000000,2937.000000,4850.000000,2990.000000
3803.000000,1112.000000,3538.000000,1288.000000
5152.000000,3825.000000,5121.000000,4095.000000
3978.000000,789.000000,4141.000000,862.000000
3822.000000,2374.000000,3791.000000,2381.000000
1929.000000,119.000000,1875.000000,334.000000
533.000000,259.000000,493.000000,463.000000
4798.000000,3359.000000,4547.000000,3423.000000
4965.000000,1116.000000,5087.000000,1245.000000
933.000000,971.000000,769.000000,1337.000000
533.000000,259.000000,778.000000,267.000000
1023.000000,5019.000000,1280.000000,5127.000000
264.000000,3155.000000,281.000000,3218.000000
97.000000,4642.000000,270.000000,4654.000000
3468.000000,1368.000000,3343.000000,1369.000000
705.000000,3172.000000,424.000000,3215.000000
1696.000000,2784.000000,1557.000000,2829.000000
180.000000,120.000000,233.000000,538.000000
2707.000000,8.000000,3504.000000,108.000000
3509.000000,5077.000000,3487.000000,5129.000000
4839.000000,3387.000000,4642.000000,3499.000000
3714.000000,1629.000000,4015.000000,1801.000000
3570.000000,872.000000,3254.000000,944.000000
2500.000000,3843.000000,2176.000000,3972.000000
4131.000000,2767.000000,4427.000000,3041.000000
2324.000000,3539.000000,2844.000000,3941.000000
5246.000000,3538.000000,5039.000000,3729.000000
5244.000000,1971.000000,5170.000000,2135.000000
3848.000000,904.000000,4030.000000,967.000000
4067.000000,2139.000000,3822.000000,2374.000000
4522.000000,3820.000000,4338.000000,3932.000000
2790.000000,3787.000000,2844.000000,3941.000000
2569.000000,4505.000000,2772.000000,4867.000000
2173.000000,1083.000000,2681.000000,1744.000000
2787.000000,3075.000000,2824.000000,3208.000000
5169.000000,2815.000000,4850.000000,2990.000000
2815.000000,2193.000000,2855.000000,2444.000000
2706.000000,4926.000000,2309.000000,4992.000000
4756.000000,445.000000,4369.000000,726.000000
2528.000000,2253.000000,2855.000000,2444.000000
3783.000000,1482.000000,4015.000000,1801.000000
3863.000000,2067.000000,4067.000000,2139.000000
339.000000,2394.000000,734.000000,2742.000000
814.000000,1356.000000,897.000000,1470.000000
1854.000000,3831.000000,2176.000000,3972.000000
3876.000000,3202.000000,3461.000000,3316.000000
4726.000000,3723.000000,5152.000000,3825.000000
4116.000000,126.000000,4195.000000,177.000000
4574.000000,2986.000000,4427.000000,3041.000000
4259.000000,3671.000000,4307.000000,3707.000000
3101.000000,4418.000000,3162.000000,4614.000000
4320.000000,3317.000000,4547.000000,3423.000000
5170.000000,2135.000000,4936.000000,2249.000000
1008.000000,994.000000,1333.000000,1018.000000
4659.000000,2971.000000,4427.000000,3041.000000
2844.000000,3941.000000,2718.000000,4064.000000
2478.000000,662.000000,2205.000000,1032.000000
270.000000,4654.000000,813.000000,5252.000000
1106.000000,2084.000000,1228.000000,2123.000000
3092.000000,1578.000000,3357.000000,1610.000000
4883.000000,3110.000000,5247.000000,3204.000000
4155.000000,4962.000000,3942.000000,4988.000000
3378.000000,4590.000000,3710.000000,4816.000000
1012.000000,3114.000000,936.000000,3278.000000
4314.000000,779.000000,4141.000000,862.000000
3032.000000,387.000000,3031.000000,429.000000
4030.000000,967.000000,3803.000000,1112.000000
4560.000000,1922.000000,4290.000000,2167.000000
2752.000000,824.000000,2810.000000,1089.000000
4883.000000,3110.000000,4827.000000,3175.000000
2012.000000,3457.000000,2324.000000,3539.000000
1341.000000,2979.000000,1700.000000,3239.000000
5106.000000,3170.000000,5148.000000,3248.000000
3926.000000,5139.000000,4670.000000,5249.000000
2978.000000,1587.000000,3000.000000,1631.000000
1592.000000,3795.000000,1474.000000,3922.000000
3077.000000,3586.000000,3168.000000,3725.000000
5121.000000,4095.000000,5239.000000,4192.000000
3221.000000,4126.000000,3326.000000,4412.000000
3858.000000,2045.000000,3863.000000,2067.000000
3453.000000,2485.000000,3226.000000,2704.000000
5131.000000,1409.000000,5066.000000,1421.000000
3413.000000,1636.000000,3322.000000,1870.000000
1584.000000,1359.000000,1552.000000,1658.000000
2707.000000,8.000000,1929.000000,119.000000
733.000000,4048.000000,315.000000,4561.000000
3487.000000,4165.000000,3511.000000,4201.000000
3247.000000,3086.000000,3461.000000,3316.000000
2570.000000,5167.000000,2926.000000,5225.000000
255.000000,553.000000,238.000000,812.000000
1341.000000,1451.000000,1330.000000,1675.000000
3876.000000,3202.000000,3938.000000,3659.000000
305.000000,1504.000000,403.000000,1760.000000
3322.000000,1870.000000,3336.000000,2007.000000
71.000000,4497.000000,111.000000,4607.000000
879.000000,149.000000,908.000000,180.000000
2883.000000,47.000000,3504.000000,108.000000
4307.000000,3707.000000,4450.000000,3727.000000
3055.000000,3206.000000,3287.000000,3294.000000
2400.000000,2711.000000,2432.000000,3137.000000
1120.000000,2401.000000,734.000000,2742.000000
4272.000000,2189.000000,4074.000000,2287.000000
4249.000000,4933.000000,4670.000000,5249.000000
1725.000000,2229.000000,1831.000000,2242.000000
3287.000000,3294.000000,3461.000000,3316.000000
264.000000,3155.000000,33.000000,3162.000000
3663.000000,1542.000000,3714.000000,1629.000000
2801.000000,4863.000000,2772.000000,4867.000000
556.000000,3574.000000,410.000000,3684.000000
4842.000000,606.000000,5154.000000,1290.000000
1375.000000,2485.000000,1267.000000,2589.000000
1280.000000,5127.000000,2031.000000,5228.000000
1398.000000,3628.000000,1584.000000,3771.000000
3055.000000,3206.000000,3077.000000,3586.000000
1061.000000,4677.000000,1280.000000,5127.000000
439.000000,1393.000000,659.000000,1615.000000
2855.000000,2444.000000,2804.000000,2668.000000
253.000000,236.000000,533.000000,259.000000
2772.000000,4867.000000,2794.000000,5000.000000
3247.000000,3086.000000,2988.000000,3139.000000
305.000000,1504.000000,132.000000,1595.000000
378.000000,522.000000,233.000000,538.000000
1725.000000,2229.000000,1843.000000,2298.000000
4450.000000,1205.000000,4609.000000,1462.000000
2012.000000,3457.000000,2216.000000,3776.000000
2065.000000,1861.000000,2426.000000,1893.000000
5152.000000,3825.000000,5239.000000,4192.000000
2036.000000,1705.000000,2227.000000,1869.000000
5170.000000,2135.000000,5153.000000,2668.000000
4323.000000,1744.000000,4560.000000,1922.000000
3020.000000,4805.000000,2794.000000,5000.000000
4965.000000,1116.000000,4978.000000,1306.000000
3031.000000,429.000000,3223.000000,517.000000
734.000000,2742.000000,705.000000,3172.000000
1395.000000,3374.000000,1056.000000,3710.000000
3081.000000,3932.000000,2859.000000,3976.000000
2478.000000,662.000000,2752.000000,824.000000
1061.000000,4677.000000,1023.000000,5019.000000
3183.000000,2362.000000,3218.000000,2554.000000
4633.000000,46.000000,4689.000000,84.000000
3226.000000,4082.000000,3221.000000,4126.000000
3210.000000,1038.000000,2840.000000,1550.000000
1106.000000,2084.000000,1120.000000,2401.000000
2478.000000,662.000000,2173.000000,1083.000000
4352.000000,992.000000,4502.000000,1092.000000
2275.000000,4643.000000,2299.000000,4665.000000
4725.000000,2498.000000,4580.000000,2650.000000
2426.000000,1893.000000,2576.000000,2564.000000
4756.000000,445.000000,4789.000000,722.000000
5019.000000,3164.000000,5148.000000,3248.000000
4427.000000,3041.000000,4692.000000,3200.000000
3662.000000,374.000000,3685.000000,455.000000
4131.000000,2767.000000,3987.000000,2980.000000
