POINTS
4321.000000,8.000000
4402.000000,17.000000
2190.000000,27.000000
3173.000000,33.000000
104.000000,53.000000
5056.000000,53.000000
4832.000000,66.000000
1123.000000,86.000000
2729.000000,86.000000
1965.000000,93.000000
412.000000,104.000000
3950.000000,110.000000
4961.000000,121.000000
4049.000000,123.000000
4804.000000,130.000000
1164.000000,135.000000
3557.000000,143.000000
5092.000000,175.000000
1497.000000,183.000000
2907.000000,184.000000
2687.000000,200.000000
1284.000000,223.000000
2915.000000,253.000000
4534.000000,263.000000
4552.000000,291.000000
909.000000,306.000000
3302.000000,311.000000
1976.000000,348.000000
4208.000000,350.000000
2506.000000,354.000000
1927.000000,358.000000
2399.000000,371.000000
3516.000000,378.000000
4128.000000,378.000000
3029.000000,410.000000
822.000000,426.000000
154.000000,429.000000
3620.000000,430.000000
4188.000000,438.000000
2353.000000,448.000000
86.000000,464.000000
3248.000000,465.000000
901.000000,469.000000
434.000000,476.000000
2593.000000,476.000000
1828.000000,477.000000
5028.000000,490.000000
4221.000000,509.000000
448.000000,514.000000
460.000000,514.000000
4526.000000,524.000000
1624.000000,532.000000
3549.000000,532.000000
677.000000,538.000000
3870.000000,539.000000
1298.000000,546.000000
2661.000000,552.000000
3326.000000,558.000000
3847.000000,565.000000
2956.000000,570.000000
4388.000000,575.000000
1033.000000,576.000000
5238.000000,580.000000
2405.000000,583.000000
4756.000000,596.000000
226.000000,601.000000
498.000000,615.000000
5086.000000,629.000000
2215.000000,631.000000
2581.000000,632.000000
209.000000,665.000000
982.000000,678.000000
1109.000000,699.000000
372.000000,705.000000
528.000000,718.000000
2023.000000,745.000000
1529.000000,746.000000
817.000000,750.000000
4937.000000,762.000000
1135.000000,765.000000
3114.000000,768.000000
422.000000,783.000000
4862.000000,795.000000
2867.000000,802.000000
2514.000000,840.000000
715.000000,843.000000
557.000000,848.000000
2160.000000,850.000000
1666.000000,862.000000
5104.000000,867.000000
3938.000000,873.000000
3797.000000,881.000000
2617.000000,885.000000
2709.000000,889.000000
827.000000,919.000000
179.000000,922.000000
1394.000000,940.000000
2590.000000,971.000000
4462.000000,971.000000
4578.000000,971.000000
2234.000000,985.000000
930.000000,999.000000
1612.000000,1001.000000
2285.000000,1001.000000
3512.000000,1002.000000
686.000000,1007.000000
3095.000000,1012.000000
3589.000000,1012.000000
4084.000000,1041.000000
1723.000000,1048.000000
975.000000,1053.000000
478.000000,1056.000000
3666.000000,1060.000000
3277.000000,1070.000000
3478.000000,1086.000000
1076.000000,1089.000000
272.000000,1092.000000
4697.000000,1149.000000
440.000000,1165.000000
2511.000000,1165.000000
3289.000000,1174.000000
4353.000000,1192.000000
2642.000000,1198.000000
4848.000000,1207.000000
5002.000000,1212.000000
2445.000000,1217.000000
5322.000000,1217.000000
1471.000000,1240.000000
4843.000000,1265.000000
3515.000000,1292.000000
4065.000000,1299.000000
3813.000000,1304.000000
569.000000,1309.000000
3220.000000,1324.000000
3825.000000,1337.000000
1383.000000,1341.000000
1982.000000,1346.000000
3514.000000,1350.000000
4424.000000,1374.000000
3438.000000,1377.000000
4323.000000,1394.000000
1390.000000,1397.000000
1151.000000,1413.000000
535.000000,1414.000000
518.000000,1423.000000
520.000000,1434.000000
1556.000000,1438.000000
4187.000000,1439.000000
2394.000000,1476.000000
1408.000000,1488.000000
3943.000000,1491.000000
5193.000000,1496.000000
3107.000000,1506.000000
3646.000000,1507.000000
4898.000000,1518.000000
2910.000000,1561.000000
5050.000000,1575.000000
2549.000000,1583.000000
5049.000000,1585.000000
4921.000000,1619.000000
410.000000,1623.000000
909.000000,1630.000000
5166.000000,1633.000000
1401.000000,1638.000000
4041.000000,1649.000000
3708.000000,1651.000000
1676.000000,1658.000000
297.000000,1660.000000
1900.000000,1668.000000
4354.000000,1677.000000
5216.000000,1677.000000
2372.000000,1679.000000
2837.000000,1679.000000
3004.000000,1689.000000
2728.000000,1709.000000
4665.000000,1716.000000
859.000000,1719.000000
1014.000000,1720.000000
215.000000,1745.000000
3141.000000,1748.000000
1492.000000,1750.000000
983.000000,1767.000000
1596.000000,1776.000000
4143.000000,1779.000000
4952.000000,1786.000000
5331.000000,1808.000000
5236.000000,1817.000000
1651.000000,1832.000000
1604.000000,1867.000000
5022.000000,1869.000000
603.000000,1897.000000
3324.000000,1897.000000
1385.000000,1912.000000
4200.000000,1922.000000
4314.000000,1924.000000
4502.000000,1929.000000
3201.000000,1966.000000
3306.000000,1966.000000
4967.000000,1973.000000
3999.000000,1977.000000
798.000000,1978.000000
3125.000000,1995.000000
3570.000000,2006.000000
2224.000000,2012.000000
358.000000,2021.000000
3681.000000,2026.000000
2464.000000,2033.000000
3339.000000,2038.000000
894.000000,2046.000000
2879.000000,2052.000000
2687.000000,2059.000000
3565.000000,2094.000000
3037.000000,2123.000000
3825.000000,2138.000000
546.000000,2144.000000
5286.000000,2158.000000
406.000000,2172.000000
2528.000000,2176.000000
4917.000000,2191.000000
1031.000000,2203.000000
3606.000000,2208.000000
189.000000,2222.000000
4686.000000,2222.000000
21.000000,2232.000000
1121.000000,2241.000000
807.000000,2270.000000
4681.000000,2270.000000
1689.000000,2272.000000
801.000000,2277.000000
2604.000000,2284.000000
4777.000000,2296.000000
2802.000000,2313.000000
4724.000000,2325.000000
4889.000000,2327.000000
2382.000000,2331.000000
2506.000000,2337.000000
3698.000000,2350.000000
457.000000,2353.000000
508.000000,2376.000000
57.000000,2385.000000
2425.000000,2391.000000
3107.000000,2392.000000
4206.000000,2398.000000
2926.000000,2420.000000
4378.000000,2421.000000
2096.000000,2429.000000
1613.000000,2447.000000
5145.000000,2451.000000
5329.000000,2452.000000
4318.000000,2456.000000
615.000000,2462.000000
2019.000000,2475.000000
877.000000,2477.000000
2130.000000,2483.000000
127.000000,2485.000000
3691.000000,2490.000000
3090.000000,2509.000000
1645.000000,2516.000000
4557.000000,2517.000000
3589.000000,2546.000000
2421.000000,2548.000000
1147.000000,2557.000000
5073.000000,2559.000000
1792.000000,2560.000000
1462.000000,2572.000000
1610.000000,2578.000000
3714.000000,2587.000000
1109.000000,2605.000000
3252.000000,2641.000000
474.000000,2652.000000
4440.000000,2673.000000
1771.000000,2682.000000
2820.000000,2692.000000
162.000000,2717.000000
4129.000000,2725.000000
5243.000000,2728.000000
234.000000,2729.000000
1104.000000,2735.000000
1360.000000,2742.000000
3864.000000,2746.000000
3902.000000,2748.000000
3719.000000,2750.000000
2080.000000,2795.000000
446.000000,2821.000000
1019.000000,2831.000000
4538.000000,2842.000000
950.000000,2845.000000
4790.000000,2848.000000
1079.000000,2852.000000
94.000000,2864.000000
5218.000000,2865.000000
5263.000000,2909.000000
203.000000,2923.000000
1175.000000,2940.000000
2955.000000,2949.000000
5268.000000,2953.000000
3413.000000,2969.000000
2050.000000,2984.000000
1250.000000,2988.000000
4284.000000,3003.000000
1731.000000,3040.000000
313.000000,3050.000000
4306.000000,3058.000000
2404.000000,3062.000000
5021.000000,3070.000000
549.000000,3075.000000
5219.000000,3098.000000
3584.000000,3100.000000
2250.000000,3103.000000
1308.000000,3113.000000
610.000000,3125.000000
3402.000000,3135.000000
3197.000000,3152.000000
2741.000000,3153.000000
1314.000000,3161.000000
4504.000000,3162.000000
493.000000,3178.000000
2396.000000,3234.000000
32.000000,3235.000000
1175.000000,3236.000000
2736.000000,3262.000000
2109.000000,3264.000000
2602.000000,3276.000000
2624.000000,3279.000000
1064.000000,3317.000000
5255.000000,3322.000000
4404.000000,3333.000000
3376.000000,3334.000000
2733.000000,3344.000000
2620.000000,3359.000000
2755.000000,3360.000000
1065.000000,3381.000000
1457.000000,3398.000000
804.000000,3402.000000
3437.000000,3413.000000
2642.000000,3425.000000
2891.000000,3441.000000
3829.000000,3441.000000
5250.000000,3450.000000
1986.000000,3451.000000
1077.000000,3457.000000
1645.000000,3463.000000
262.000000,3472.000000
2552.000000,3481.000000
3996.000000,3506.000000
5175.000000,3524.000000
2173.000000,3528.000000
551.000000,3546.000000
290.000000,3553.000000
3764.000000,3568.000000
2491.000000,3580.000000
2817.000000,3587.000000
1522.000000,3596.000000
1219.000000,3599.000000
5127.000000,3611.000000
916.000000,3618.000000
1428.000000,3622.000000
5257.000000,3637.000000
4516.000000,3647.000000
775.000000,3681.000000
2580.000000,3684.000000
1237.000000,3700.000000
1565.000000,3705.000000
3828.000000,3707.000000
3202.000000,3714.000000
381.000000,3720.000000
4902.000000,3727.000000
1287.000000,3732.000000
3655.000000,3811.000000
1009.000000,3837.000000
790.000000,3855.000000
841.000000,3894.000000
5143.000000,3908.000000
5155.000000,3910.000000
576.000000,3915.000000
3628.000000,3921.000000
4604.000000,3929.000000
4082.000000,3944.000000
4637.000000,3947.000000
5073.000000,3963.000000
4289.000000,3965.000000
3409.000000,3972.000000
3210.000000,3986.000000
3246.000000,4009.000000
4521.000000,4019.000000
1544.000000,4025.000000
3142.000000,4029.000000
193.000000,4041.000000
1412.000000,4053.000000
228.000000,4058.000000
4425.000000,4064.000000
3225.000000,4082.000000
5196.000000,4082.000000
1876.000000,4128.000000
844.000000,4130.000000
3751.000000,4149.000000
2467.000000,4172.000000
5051.000000,4177.000000
2777.000000,4204.000000
4055.000000,4214.000000
4432.000000,4223.000000
5238.000000,4234.000000
4807.000000,4261.000000
843.000000,4264.000000
1849.000000,4272.000000
2061.000000,4279.000000
3217.000000,4300.000000
1961.000000,4335.000000
5315.000000,4336.000000
3570.000000,4341.000000
3628.000000,4347.000000
244.000000,4348.000000
1635.000000,4359.000000
2101.000000,4379.000000
2177.000000,4387.000000
2742.000000,4388.000000
3461.000000,4399.000000
117.000000,4406.000000
3772.000000,4416.000000
941.000000,4428.000000
3279.000000,4442.000000
2500.000000,4452.000000
2270.000000,4453.000000
2598.000000,4460.000000
3638.000000,4460.000000
3325.000000,4461.000000
3311.000000,4463.000000
4111.000000,4492.000000
5109.000000,4496.000000
4864.000000,4515.000000
1697.000000,4525.000000
2559.000000,4525.000000
4915.000000,4530.000000
435.000000,4561.000000
4963.000000,4570.000000
2060.000000,4584.000000
4344.000000,4588.000000
4623.000000,4588.000000
1657.000000,4599.000000
5129.000000,4628.000000
2036.000000,4654.000000
4426.000000,4655.000000
3991.000000,4658.000000
3673.000000,4660.000000
5131.000000,4684.000000
808.000000,4685.000000
1970.000000,4685.000000
2909.000000,4695.000000
3689.000000,4701.000000
4955.000000,4731.000000
2029.000000,4741.000000
204.000000,4750.000000
2106.000000,4755.000000
1910.000000,4756.000000
2485.000000,4756.000000
3988.000000,4804.000000
658.000000,4816.000000
2680.000000,4817.000000
1478.000000,4827.000000
4207.000000,4838.000000
2682.000000,4840.000000
2250.000000,4846.000000
1360.000000,4855.000000
5354.000000,4862.000000
2326.000000,4863.000000
1542.000000,4877.000000
4308.000000,4877.000000
2661.000000,4880.000000
3419.000000,4884.000000
2046.000000,4893.000000
836.000000,4895.000000
1361.000000,4910.000000
2574.000000,4921.000000
1767.000000,4924.000000
2657.000000,4924.000000
4284.000000,4933.000000
434.000000,4939.000000
2211.000000,4949.000000
2274.000000,4952.000000
2383.000000,4965.000000
3124.000000,4967.000000
2945.000000,4983.000000
3171.000000,4985.000000
650.000000,4993.000000
1761.000000,5009.000000
2406.000000,5009.000000
5215.000000,5014.000000
3764.000000,5025.000000
2583.000000,5033.000000
4137.000000,5048.000000
1844.000000,5054.000000
3973.000000,5057.000000
2855.000000,5060.000000
127.000000,5070.000000
2124.000000,5072.000000
745.000000,5089.000000
4275.000000,5091.000000
3444.000000,5119.000000
5254.000000,5126.000000
3308.000000,5138.000000
1781.000000,5144.000000
3322.000000,5145.000000
855.000000,5148.000000
2416.000000,5151.000000
1170.000000,5154.000000
3139.000000,5161.000000
1610.000000,5162.000000
5223.000000,5168.000000
667.000000,5173.000000
645.000000,5178.000000
2927.000000,5187.000000
4667.000000,5219.000000
4205.000000,5222.000000
696.000000,5231.000000
3776.000000,5232.000000
4861.000000,5234.000000
4973.000000,5235.000000
284.000000,5236.000000
5105.000000,5236.000000
4546.000000,5239.000000
3612.000000,5242.000000
2087.000000,5246.000000
3172.000000,5259.000000
2763.000000,5260.000000
3225.000000,5293.000000
3320.000000,5297.000000
5028.000000,5301.000000
4967.000000,5318.000000
827.000000,5336.000000
1812.000000,5341.000000
1815.000000,5345.000000
3821.000000,5355.000000
3850.000000,5357.000000
3183.000000,5367.000000
3403.000000,5368.000000
4042.000000,5370.000000
5168.000000,5377.000000
2178.000000,5386.000000
24.000000,5389.000000
LINES
2087.000000,5246.000000,2178.000000,5386.000000
2405.000000,583.000000,2514.000000,840.000000
21.000000,2232.000000,32.000000,3235.000000
2617.000000,885.000000,2590.000000,971.000000
2506.000000,354.000000,2661.000000,552.000000
3289.000000,1174.000000,3438.000000,1377.000000
1976.000000,348.000000,2215.000000,631.000000
5322.000000,1217.000000,5193.000000,1496.000000
4205.000000,5222.000000,4546.000000,5239.000000
412.000000,104.000000,822.000000,426.000000
3225.000000,5293.000000,3320.000000,5297.000000
2598.000000,4460.000000,2680.000000,4817.000000
3772.000000,4416.000000,3689.000000,4701.000000
2580.000000,3684.000000,1876.000000,4128.000000
358.000000,2021.000000,546.000000,2144.000000
3107.000000,2392.000000,3090.000000,2509.000000
804.000000,3402.000000,775.000000,3681.000000
535.000000,1414.000000,410.000000,1623.000000
3515.000000,1292.000000,3514.000000,1350.000000
5175.000000,3524.000000,4902.000000,3727.000000
3825.000000,1337.000000,3943.000000,1491.000000
3570.000000,4341.000000,3638.000000,4460.000000
822.000000,426.000000,817.000000,750.000000
406.000000,2172.000000,21.000000,2232.000000
3646.000000,1507.000000,3708.000000,1651.000000
916.000000,3618.000000,1237.000000,3700.000000
2404.000000,3062.000000,2741.000000,3153.000000
3620.000000,430.000000,3870.000000,539.000000
3666.000000,1060.000000,3515.000000,1292.000000
2514.000000,840.000000,2511.000000,1165.000000
3183.000000,5367.000000,5168.000000,5377.000000
2500.000000,4452.000000,2036.000000,4654.000000
1164.000000,135.000000,909.000000,306.000000
2274.000000,4952.000000,2383.000000,4965.000000
677.000000,538.000000,528.000000,718.000000
460.000000,514.000000,498.000000,615.000000
3437.000000,3413.000000,2891.000000,3441.000000
5331.000000,1808.000000,5286.000000,2158.000000
127.000000,2485.000000,234.000000,2729.000000
3437.000000,3413.000000,3829.000000,3441.000000
313.000000,3050.000000,549.000000,3075.000000
1612.000000,1001.000000,1723.000000,1048.000000
603.000000,1897.000000,798.000000,1978.000000
4937.000000,762.000000,5104.000000,867.000000
2910.000000,1561.000000,2837.000000,1679.000000
4955.000000,4731.000000,5215.000000,5014.000000
460.000000,514.000000,677.000000,538.000000
5268.000000,2953.000000,5255.000000,3322.000000
4128.000000,378.000000,4188.000000,438.000000
2394.000000,1476.000000,2549.000000,1583.000000
2581.000000,632.000000,2867.000000,802.000000
440.000000,1165.000000,569.000000,1309.000000
2224.000000,2012.000000,2096.000000,2429.000000
457.000000,2353.000000,127.000000,2485.000000
3141.000000,1748.000000,3125.000000,1995.000000
4284.000000,3003.000000,4306.000000,3058.000000
1965.000000,93.000000,1976.000000,348.000000
4082.000000,3944.000000,4289.000000,3965.000000
5286.000000,2158.000000,5145.000000,2451.000000
3324.000000,1897.000000,3570.000000,2006.000000
3225.000000,5293.000000,3403.000000,5368.000000
1497.000000,183.000000,1624.000000,532.000000
3306.000000,1966.000000,3565.000000,2094.000000
930.000000,999.000000,686.000000,1007.000000
930.000000,999.000000,975.000000,1053.000000
2060.000000,4584.000000,1970.000000,4685.000000
3655.000000,3811.000000,3246.000000,4009.000000
234.000000,2729.000000,446.000000,2821.000000
4284.000000,4933.000000,4137.000000,5048.000000
3698.000000,2350.000000,3691.000000,2490.000000
2250.000000,4846.000000,2326.000000,4863.000000
4321.000000,8.000000,3173.000000,33.000000
5219.000000,3098.000000,5255.000000,3322.000000
2250.000000,3103.000000,2396.000000,3234.000000
3776.000000,5232.000000,3821.000000,5355.000000
1976.000000,348.000000,1828.000000,477.000000
3996.000000,3506.000000,4082.000000,3944.000000
1645.000000,3463.000000,1565.000000,3705.000000
3279.000000,4442.000000,3311.000000,4463.000000
5155.000000,3910.000000,5196.000000,4082.000000
822.000000,426.000000,901.000000,469.000000
3139.000000,5161.000000,3183.000000,5367.000000
162.000000,2717.000000,203.000000,2923.000000
1986.000000,3451.000000,1876.000000,4128.000000
5092.000000,175.000000,5086.000000,629.000000
2729.000000,86.000000,2399.000000,371.000000
2909.000000,4695.000000,3124.000000,4967.000000
1965.000000,93.000000,1828.000000,477.000000
5049.000000,1585.000000,5166.000000,1633.000000
5193.000000,1496.000000,4898.000000,1518.000000
1781.000000,5144.000000,1812.000000,5341.000000
2372.000000,1679.000000,2224.000000,2012.000000
86.000000,464.000000,209.000000,665.000000
4973.000000,5235.000000,4967.000000,5318.000000
4681.000000,2270.000000,4378.000000,2421.000000
1828.000000,477.000000,2215.000000,631.000000
901.000000,469.000000,1033.000000,576.000000
3549.000000,532.000000,3277.000000,1070.000000
4516.000000,3647.000000,4902.000000,3727.000000
2285.000000,1001.000000,2394.000000,1476.000000
790.000000,3855.000000,193.000000,4041.000000
493.000000,3178.000000,804.000000,3402.000000
3246.000000,4009.000000,3225.000000,4082.000000
2583.000000,5033.000000,2178.000000,5386.000000
244.000000,4348.000000,204.000000,4750.000000
3751.000000,4149.000000,3628.000000,4347.000000
4388.000000,575.000000,4353.000000,1192.000000
1412.000000,4053.000000,1635.000000,4359.000000
4952.000000,1786.000000,5236.000000,1817.000000
5143.000000,3908.000000,5073.000000,3963.000000
4637.000000,3947.000000,4807.000000,4261.000000
3125.000000,1995.000000,2879.000000,2052.000000
1497.000000,183.000000,1298.000000,546.000000
5028.000000,490.000000,4862.000000,795.000000
2915.000000,253.000000,2506.000000,354.000000
1767.000000,4924.000000,1844.000000,5054.000000
4440.000000,2673.000000,4538.000000,2842.000000
1065.000000,3381.000000,1077.000000,3457.000000
1876.000000,4128.000000,1961.000000,4335.000000
2552.000000,3481.000000,2817.000000,3587.000000
1542.000000,4877.000000,1610.000000,5162.000000
2604.000000,2284.000000,2506.000000,2337.000000
3478.000000,1086.000000,3438.000000,1377.000000
4667.000000,5219.000000,4546.000000,5239.000000
2574.000000,4921.000000,2406.000000,5009.000000
5329.000000,2452.000000,5354.000000,4862.000000
3413.000000,2969.000000,3402.000000,3135.000000
3864.000000,2746.000000,3902.000000,2748.000000
2910.000000,1561.000000,2549.000000,1583.000000
2224.000000,2012.000000,2464.000000,2033.000000
4917.000000,2191.000000,4686.000000,2222.000000
2927.000000,5187.000000,2763.000000,5260.000000
3606.000000,2208.000000,3589.000000,2546.000000
5238.000000,580.000000,5322.000000,1217.000000
162.000000,2717.000000,446.000000,2821.000000
478.000000,1056.000000,569.000000,1309.000000
3708.000000,1651.000000,3324.000000,1897.000000
2514.000000,840.000000,2590.000000,971.000000
478.000000,1056.000000,272.000000,1092.000000
5331.000000,1808.000000,5354.000000,4862.000000
650.000000,4993.000000,667.000000,5173.000000
1965.000000,93.000000,1927.000000,358.000000
4308.000000,4877.000000,4275.000000,5091.000000
3516.000000,378.000000,4128.000000,378.000000
4308.000000,4877.000000,4284.000000,4933.000000
3139.000000,5161.000000,3172.000000,5259.000000
2687.000000,200.000000,2506.000000,354.000000
4082.000000,3944.000000,4055.000000,4214.000000
950.000000,2845.000000,610.000000,3125.000000
2036.000000,4654.000000,2485.000000,4756.000000
2802.000000,2313.000000,2926.000000,2420.000000
535.000000,1414.000000,909.000000,1630.000000
4111.000000,4492.000000,4207.000000,4838.000000
2160.000000,850.000000,2511.000000,1165.000000
3628.000000,3921.000000,3570.000000,4341.000000
5236.000000,1817.000000,5022.000000,1869.000000
4697.000000,1149.000000,4843.000000,1265.000000
3825.000000,2138.000000,4206.000000,2398.000000
2124.000000,5072.000000,2178.000000,5386.000000
1900.000000,1668.000000,1651.000000,1832.000000
2036.000000,4654.000000,1970.000000,4685.000000
1697.000000,4525.000000,1970.000000,4685.000000
3306.000000,1966.000000,3570.000000,2006.000000
2907.000000,184.000000,3029.000000,410.000000
4289.000000,3965.000000,4055.000000,4214.000000
2467.000000,4172.000000,2742.000000,4388.000000
535.000000,1414.000000,859.000000,1719.000000
203.000000,2923.000000,32.000000,3235.000000
4681.000000,2270.000000,4724.000000,2325.000000
179.000000,922.000000,272.000000,1092.000000
1394.000000,940.000000,1076.000000,1089.000000
1121.000000,2241.000000,877.000000,2477.000000
1910.000000,4756.000000,1478.000000,4827.000000
983.000000,1767.000000,894.000000,2046.000000
204.000000,4750.000000,434.000000,4939.000000
5329.000000,2452.000000,5268.000000,2953.000000
2642.000000,3425.000000,2817.000000,3587.000000
4200.000000,1922.000000,4502.000000,1929.000000
2485.000000,4756.000000,2250.000000,4846.000000
5329.000000,2452.000000,5263.000000,2909.000000
2485.000000,4756.000000,2274.000000,4952.000000
3584.000000,3100.000000,3402.000000,3135.000000
3938.000000,873.000000,3797.000000,881.000000
2421.000000,2548.000000,2741.000000,3153.000000
2036.000000,4654.000000,2106.000000,4755.000000
162.000000,2717.000000,234.000000,2729.000000
4353.000000,1192.000000,4424.000000,1374.000000
3764.000000,5025.000000,3776.000000,5232.000000
1771.000000,2682.000000,2080.000000,2795.000000
2190.000000,27.000000,1123.000000,86.000000
696.000000,5231.000000,827.000000,5336.000000
2955.000000,2949.000000,2891.000000,3441.000000
2215.000000,631.000000,2023.000000,745.000000
950.000000,2845.000000,1175.000000,2940.000000
4637.000000,3947.000000,4432.000000,4223.000000
645.000000,5178.000000,284.000000,5236.000000
2445.000000,1217.000000,2394.000000,1476.000000
272.000000,1092.000000,21.000000,2232.000000
2552.000000,3481.000000,2491.000000,3580.000000
1635.000000,4359.000000,1657.000000,4599.000000
3620.000000,430.000000,3549.000000,532.000000
1771.000000,2682.000000,1731.000000,3040.000000
5238.000000,4234.000000,5315.000000,4336.000000
1408.000000,1488.000000,1401.000000,1638.000000
3461.000000,4399.000000,3279.000000,4442.000000
2234.000000,985.000000,2285.000000,1001.000000
5255.000000,3322.000000,5257.000000,3637.000000
4807.000000,4261.000000,4623.000000,4588.000000
2604.000000,2284.000000,2802.000000,2313.000000
3764.000000,5025.000000,3973.000000,5057.000000
1308.000000,3113.000000,1457.000000,3398.000000
4952.000000,1786.000000,4502.000000,1929.000000
4504.000000,3162.000000,4404.000000,3333.000000
1250.000000,2988.000000,1731.000000,3040.000000
4724.000000,2325.000000,4790.000000,2848.000000
1657.000000,4599.000000,1478.000000,4827.000000
3825.000000,2138.000000,4378.000000,2421.000000
4221.000000,509.000000,3938.000000,873.000000
2491.000000,3580.000000,2580.000000,3684.000000
3142.000000,4029.000000,3217.000000,4300.000000
1645.000000,2516.000000,1462.000000,2572.000000
297.000000,1660.000000,215.000000,1745.000000
4861.000000,5234.000000,4967.000000,5318.000000
4848.000000,1207.000000,4843.000000,1265.000000
841.000000,3894.000000,1635.000000,4359.000000
1689.000000,2272.000000,2096.000000,2429.000000
2234.000000,985.000000,2394.000000,1476.000000
1383.000000,1341.000000,1390.000000,1397.000000
877.000000,2477.000000,1147.000000,2557.000000
3821.000000,5355.000000,4042.000000,5370.000000
2372.000000,1679.000000,2464.000000,2033.000000
3324.000000,1897.000000,3306.000000,1966.000000
5073.000000,2559.000000,5243.000000,2728.000000
3114.000000,768.000000,3277.000000,1070.000000
2506.000000,354.000000,2405.000000,583.000000
1492.000000,1750.000000,1613.000000,2447.000000
1250.000000,2988.000000,1175.000000,3236.000000
5254.000000,5126.000000,5223.000000,5168.000000
1927.000000,358.000000,1828.000000,477.000000
551.000000,3546.000000,381.000000,3720.000000
1109.000000,2605.000000,1104.000000,2735.000000
4502.000000,1929.000000,4686.000000,2222.000000
3201.000000,1966.000000,3606.000000,2208.000000
1462.000000,2572.000000,1360.000000,2742.000000
1457.000000,3398.000000,1428.000000,3622.000000
3302.000000,311.000000,3516.000000,378.000000
4065.000000,1299.000000,3813.000000,1304.000000
3825.000000,1337.000000,3708.000000,1651.000000
4440.000000,2673.000000,4790.000000,2848.000000
790.000000,3855.000000,576.000000,3915.000000
1624.000000,532.000000,1298.000000,546.000000
3847.000000,565.000000,3938.000000,873.000000
4111.000000,4492.000000,3988.000000,4804.000000
3512.000000,1002.000000,3666.000000,1060.000000
2464.000000,2033.000000,2528.000000,2176.000000
4065.000000,1299.000000,3943.000000,1491.000000
3589.000000,2546.000000,3714.000000,2587.000000
3557.000000,143.000000,3516.000000,378.000000
5056.000000,53.000000,5092.000000,175.000000
822.000000,426.000000,460.000000,514.000000
1031.000000,2203.000000,807.000000,2270.000000
1390.000000,1397.000000,1408.000000,1488.000000
5056.000000,53.000000,4832.000000,66.000000
457.000000,2353.000000,474.000000,2652.000000
3210.000000,3986.000000,3225.000000,4082.000000
2274.000000,4952.000000,2124.000000,5072.000000
549.000000,3075.000000,610.000000,3125.000000
3107.000000,1506.000000,2549.000000,1583.000000
5193.000000,1496.000000,5216.000000,1677.000000
3689.000000,4701.000000,3764.000000,5025.000000
5354.000000,4862.000000,5215.000000,5014.000000
3413.000000,2969.000000,3584.000000,3100.000000
1014.000000,1720.000000,983.000000,1767.000000
2583.000000,5033.000000,2416.000000,5151.000000
5243.000000,2728.000000,5263.000000,2909.000000
3797.000000,881.000000,3512.000000,1002.000000
1497.000000,183.000000,1284.000000,223.000000
2728.000000,1709.000000,2687.000000,2059.000000
4289.000000,3965.000000,4344.000000,4588.000000
2421.000000,2548.000000,2080.000000,2795.000000
1314.000000,3161.000000,1175.000000,3236.000000
1529.000000,746.000000,1666.000000,862.000000
2109.000000,3264.000000,1457.000000,3398.000000
193.000000,4041.000000,117.000000,4406.000000
3612.000000,5242.000000,3821.000000,5355.000000
4321.000000,8.000000,5056.000000,53.000000
2382.000000,2331.000000,2096.000000,2429.000000
1250.000000,2988.000000,1457.000000,3398.000000
2909.000000,4695.000000,2657.000000,4924.000000
215.000000,1745.000000,603.000000,1897.000000
1849.000000,4272.000000,1961.000000,4335.000000
3681.000000,2026.000000,3825.000000,2138.000000
528.000000,718.000000,478.000000,1056.000000
2910.000000,1561.000000,3004.000000,1689.000000
1556.000000,1438.000000,1676.000000,1658.000000
1610.000000,2578.000000,1360.000000,2742.000000
5223.000000,5168.000000,4973.000000,5235.000000
4967.000000,1973.000000,5145.000000,2451.000000
4665.000000,1716.000000,4502.000000,1929.000000
2955.000000,2949.000000,3197.000000,3152.000000
3004.000000,1689.000000,3125.000000,1995.000000
4388.000000,575.000000,3938.000000,873.000000
4973.000000,5235.000000,5028.000000,5301.000000
1401.000000,1638.000000,1596.000000,1776.000000
3681.000000,2026.000000,3565.000000,2094.000000
244.000000,4348.000000,117.000000,4406.000000
3142.000000,4029.000000,2777.000000,4204.000000
1009.000000,3837.000000,841.000000,3894.000000
4604.000000,3929.000000,4425.000000,4064.000000
1965.000000,93.000000,1497.000000,183.000000
3037.000000,2123.000000,2926.000000,2420.000000
1556.000000,1438.000000,1596.000000,1776.000000
1761.000000,5009.000000,1610.000000,5162.000000
4961.000000,121.000000,4552.000000,291.000000
1121.000000,2241.000000,1613.000000,2447.000000
1135.000000,765.000000,1394.000000,940.000000
262.000000,3472.000000,551.000000,3546.000000
2080.000000,2795.000000,2050.000000,2984.000000
94.000000,2864.000000,32.000000,3235.000000
2593.000000,476.000000,2405.000000,583.000000
4206.000000,2398.000000,3902.000000,2748.000000
1390.000000,1397.000000,1151.000000,1413.000000
3938.000000,873.000000,4084.000000,1041.000000
3813.000000,1304.000000,3825.000000,1337.000000
435.000000,4561.000000,204.000000,4750.000000
1986.000000,3451.000000,1565.000000,3705.000000
2528.000000,2176.000000,2382.000000,2331.000000
3902.000000,2748.000000,4306.000000,3058.000000
1610.000000,2578.000000,1250.000000,2988.000000
1781.000000,5144.000000,1815.000000,5345.000000
406.000000,2172.000000,457.000000,2353.000000
5250.000000,3450.000000,4902.000000,3727.000000
3515.000000,1292.000000,3438.000000,1377.000000
4516.000000,3647.000000,4082.000000,3944.000000
696.000000,5231.000000,24.000000,5389.000000
3821.000000,5355.000000,3403.000000,5368.000000
2620.000000,3359.000000,2755.000000,3360.000000
1522.000000,3596.000000,1428.000000,3622.000000
2682.000000,4840.000000,2574.000000,4921.000000
4604.000000,3929.000000,4637.000000,3947.000000
5166.000000,1633.000000,4952.000000,1786.000000
4952.000000,1786.000000,4967.000000,1973.000000
2404.000000,3062.000000,2602.000000,3276.000000
1284.000000,223.000000,909.000000,306.000000
650.000000,4993.000000,645.000000,5178.000000
4967.000000,5318.000000,5168.000000,5377.000000
1900.000000,1668.000000,1689.000000,2272.000000
4502.000000,1929.000000,4967.000000,1973.000000
4864.000000,4515.000000,4915.000000,4530.000000
3973.000000,5057.000000,3776.000000,5232.000000
4832.000000,66.000000,4552.000000,291.000000
94.000000,2864.000000,203.000000,2923.000000
535.000000,1414.000000,518.000000,1423.000000
3950.000000,110.000000,4049.000000,123.000000
3628.000000,4347.000000,3638.000000,4460.000000
4534.000000,263.000000,4552.000000,291.000000
4697.000000,1149.000000,5002.000000,1212.000000
3847.000000,565.000000,3797.000000,881.000000
4578.000000,971.000000,4353.000000,1192.000000
2046.000000,4893.000000,1781.000000,5144.000000
86.000000,464.000000,372.000000,705.000000
2909.000000,4695.000000,2680.000000,4817.000000
3029.000000,410.000000,2956.000000,570.000000
2087.000000,5246.000000,1815.000000,5345.000000
3202.000000,3714.000000,3246.000000,4009.000000
686.000000,1007.000000,975.000000,1053.000000
228.000000,4058.000000,244.000000,4348.000000
2467.000000,4172.000000,2500.000000,4452.000000
4321.000000,8.000000,3557.000000,143.000000
4516.000000,3647.000000,4604.000000,3929.000000
2106.000000,4755.000000,2211.000000,4949.000000
2109.000000,3264.000000,1986.000000,3451.000000
1529.000000,746.000000,1135.000000,765.000000
859.000000,1719.000000,983.000000,1767.000000
3461.000000,4399.000000,3673.000000,4660.000000
2485.000000,4756.000000,2383.000000,4965.000000
3698.000000,2350.000000,3902.000000,2748.000000
836.000000,4895.000000,745.000000,5089.000000
1844.000000,5054.000000,1781.000000,5144.000000
290.000000,3553.000000,117.000000,4406.000000
1284.000000,223.000000,1033.000000,576.000000
57.000000,2385.000000,94.000000,2864.000000
2733.000000,3344.000000,2620.000000,3359.000000
5050.000000,1575.000000,5049.000000,1585.000000
3308.000000,5138.000000,3320.000000,5297.000000
3691.000000,2490.000000,3589.000000,2546.000000
3514.000000,1350.000000,3438.000000,1377.000000
4686.000000,2222.000000,4378.000000,2421.000000
4055.000000,4214.000000,4344.000000,4588.000000
1109.000000,2605.000000,1175.000000,2940.000000
4206.000000,2398.000000,4318.000000,2456.000000
1478.000000,4827.000000,1767.000000,4924.000000
3225.000000,4082.000000,3217.000000,4300.000000
4187.000000,1439.000000,3943.000000,1491.000000
406.000000,2172.000000,189.000000,2222.000000
3308.000000,5138.000000,3139.000000,5161.000000
1635.000000,4359.000000,1697.000000,4525.000000
3277.000000,1070.000000,2549.000000,1583.000000
1666.000000,862.000000,1612.000000,1001.000000
5022.000000,1869.000000,4967.000000,1973.000000
2598.000000,4460.000000,2559.000000,4525.000000
3512.000000,1002.000000,3277.000000,1070.000000
615.000000,2462.000000,474.000000,2652.000000
5073.000000,3963.000000,5196.000000,4082.000000
1237.000000,3700.000000,1287.000000,3732.000000
667.000000,5173.000000,645.000000,5178.000000
5051.000000,4177.000000,4864.000000,4515.000000
2590.000000,971.000000,2511.000000,1165.000000
5127.000000,3611.000000,5155.000000,3910.000000
2029.000000,4741.000000,2046.000000,4893.000000
4321.000000,8.000000,4049.000000,123.000000
3438.000000,1377.000000,3646.000000,1507.000000
4967.000000,1973.000000,5286.000000,2158.000000
2590.000000,971.000000,3277.000000,1070.000000
4354.000000,1677.000000,4502.000000,1929.000000
2817.000000,3587.000000,2580.000000,3684.000000
2742.000000,4388.000000,2500.000000,4452.000000
2604.000000,2284.000000,2425.000000,2391.000000
3308.000000,5138.000000,3225.000000,5293.000000
549.000000,3075.000000,493.000000,3178.000000
3516.000000,378.000000,3549.000000,532.000000
4967.000000,1973.000000,4917.000000,2191.000000
4898.000000,1518.000000,4665.000000,1716.000000
5329.000000,2452.000000,5073.000000,2559.000000
2506.000000,354.000000,2399.000000,371.000000
916.000000,3618.000000,1009.000000,3837.000000
4665.000000,1716.000000,4952.000000,1786.000000
827.000000,919.000000,686.000000,1007.000000
440.000000,1165.000000,518.000000,1423.000000
1635.000000,4359.000000,941.000000,4428.000000
3813.000000,1304.000000,3646.000000,1507.000000
3829.000000,3441.000000,3828.000000,3707.000000
1761.000000,5009.000000,1781.000000,5144.000000
2741.000000,3153.000000,2602.000000,3276.000000
5127.000000,3611.000000,4902.000000,3727.000000
5315.000000,4336.000000,5131.000000,4684.000000
1175.000000,3236.000000,804.000000,3402.000000
3183.000000,5367.000000,2178.000000,5386.000000
3628.000000,3921.000000,4082.000000,3944.000000
4516.000000,3647.000000,4289.000000,3965.000000
2353.000000,448.000000,2405.000000,583.000000
1109.000000,2605.000000,950.000000,2845.000000
5250.000000,3450.000000,5175.000000,3524.000000
3516.000000,378.000000,3620.000000,430.000000
1781.000000,5144.000000,2087.000000,5246.000000
790.000000,3855.000000,843.000000,4264.000000
32.000000,3235.000000,290.000000,3553.000000
5086.000000,629.000000,4937.000000,762.000000
3850.000000,5357.000000,4042.000000,5370.000000
2598.000000,4460.000000,2909.000000,4695.000000
434.000000,476.000000,460.000000,514.000000
2177.000000,4387.000000,2060.000000,4584.000000
457.000000,2353.000000,508.000000,2376.000000
3252.000000,2641.000000,2955.000000,2949.000000
2050.000000,2984.000000,1731.000000,3040.000000
3478.000000,1086.000000,3289.000000,1174.000000
2190.000000,27.000000,1976.000000,348.000000
930.000000,999.000000,1076.000000,1089.000000
2777.000000,4204.000000,2742.000000,4388.000000
909.000000,306.000000,822.000000,426.000000
5021.000000,3070.000000,4504.000000,3162.000000
203.000000,2923.000000,549.000000,3075.000000
5329.000000,2452.000000,5257.000000,3637.000000
4889.000000,2327.000000,5073.000000,2559.000000
2250.000000,4846.000000,2211.000000,4949.000000
1982.000000,1346.000000,1676.000000,1658.000000
1828.000000,477.000000,2023.000000,745.000000
1175.000000,2940.000000,1250.000000,2988.000000
2406.000000,5009.000000,2416.000000,5151.000000
4321.000000,8.000000,4402.000000,17.000000
3864.000000,2746.000000,3719.000000,2750.000000
3246.000000,4009.000000,3570.000000,4341.000000
1121.000000,2241.000000,1147.000000,2557.000000
4402.000000,17.000000,4832.000000,66.000000
1556.000000,1438.000000,1408.000000,1488.000000
5129.000000,4628.000000,5131.000000,4684.000000
4354.000000,1677.000000,4665.000000,1716.000000
2602.000000,3276.000000,2620.000000,3359.000000
3248.000000,465.000000,3326.000000,558.000000
615.000000,2462.000000,1109.000000,2605.000000
5243.000000,2728.000000,5021.000000,3070.000000
3277.000000,1070.000000,3289.000000,1174.000000
3565.000000,2094.000000,3606.000000,2208.000000
2590.000000,971.000000,3095.000000,1012.000000
2590.000000,971.000000,2642.000000,1198.000000
1910.000000,4756.000000,1844.000000,5054.000000
508.000000,2376.000000,615.000000,2462.000000
3172.000000,5259.000000,3183.000000,5367.000000
189.000000,2222.000000,127.000000,2485.000000
4041.000000,1649.000000,4143.000000,1779.000000
3825.000000,2138.000000,3902.000000,2748.000000
557.000000,848.000000,478.000000,1056.000000
2802.000000,2313.000000,2820.000000,2692.000000
3797.000000,881.000000,3277.000000,1070.000000
5127.000000,3611.000000,5143.000000,3908.000000
3943.000000,1491.000000,3708.000000,1651.000000
1900.000000,1668.000000,2372.000000,1679.000000
1287.000000,3732.000000,1009.000000,3837.000000
179.000000,922.000000,21.000000,2232.000000
4111.000000,4492.000000,3991.000000,4658.000000
228.000000,4058.000000,117.000000,4406.000000
2910.000000,1561.000000,2728.000000,1709.000000
975.000000,1053.000000,535.000000,1414.000000
5168.000000,5377.000000,2178.000000,5386.000000
2620.000000,3359.000000,2891.000000,3441.000000
4353.000000,1192.000000,4843.000000,1265.000000
3320.000000,5297.000000,3403.000000,5368.000000
2742.000000,4388.000000,3279.000000,4442.000000
3029.000000,410.000000,3248.000000,465.000000
4404.000000,3333.000000,4516.000000,3647.000000
4915.000000,4530.000000,4963.000000,4570.000000
435.000000,4561.000000,808.000000,4685.000000
474.000000,2652.000000,234.000000,2729.000000
4952.000000,1786.000000,5022.000000,1869.000000
4187.000000,1439.000000,4041.000000,1649.000000
610.000000,3125.000000,804.000000,3402.000000
1676.000000,1658.000000,1900.000000,1668.000000
5073.000000,2559.000000,5021.000000,3070.000000
2583.000000,5033.000000,2763.000000,5260.000000
21.000000,2232.000000,24.000000,5389.000000
3850.000000,5357.000000,3403.000000,5368.000000
2514.000000,840.000000,2709.000000,889.000000
941.000000,4428.000000,836.000000,4895.000000
2549.000000,1583.000000,2728.000000,1709.000000
5354.000000,4862.000000,5254.000000,5126.000000
3628.000000,3921.000000,3751.000000,4149.000000
1147.000000,2557.000000,1109.000000,2605.000000
546.000000,2144.000000,508.000000,2376.000000
3438.000000,1377.000000,3708.000000,1651.000000
2891.000000,3441.000000,3202.000000,3714.000000
4323.000000,1394.000000,4187.000000,1439.000000
2396.000000,3234.000000,2109.000000,3264.000000
1471.000000,1240.000000,1383.000000,1341.000000
520.000000,1434.000000,410.000000,1623.000000
5166.000000,1633.000000,5216.000000,1677.000000
3326.000000,558.000000,3277.000000,1070.000000
2485.000000,4756.000000,2326.000000,4863.000000
2879.000000,2052.000000,2926.000000,2420.000000
2467.000000,4172.000000,2061.000000,4279.000000
1542.000000,4877.000000,1361.000000,4910.000000
2657.000000,4924.000000,2583.000000,5033.000000
2190.000000,27.000000,2215.000000,631.000000
546.000000,2144.000000,807.000000,2270.000000
2326.000000,4863.000000,2211.000000,4949.000000
5219.000000,3098.000000,5250.000000,3450.000000
2879.000000,2052.000000,3037.000000,2123.000000
658.000000,4816.000000,650.000000,4993.000000
5127.000000,3611.000000,5257.000000,3637.000000
3124.000000,4967.000000,2927.000000,5187.000000
4538.000000,2842.000000,4504.000000,3162.000000
3124.000000,4967.000000,3139.000000,5161.000000
557.000000,848.000000,686.000000,1007.000000
546.000000,2144.000000,801.000000,2277.000000
1910.000000,4756.000000,2046.000000,4893.000000
5216.000000,1677.000000,5331.000000,1808.000000
435.000000,4561.000000,658.000000,4816.000000
2506.000000,2337.000000,2425.000000,2391.000000
3512.000000,1002.000000,3589.000000,1012.000000
546.000000,2144.000000,457.000000,2353.000000
2096.000000,2429.000000,2130.000000,2483.000000
2955.000000,2949.000000,2736.000000,3262.000000
2642.000000,3425.000000,2552.000000,3481.000000
4889.000000,2327.000000,5145.000000,2451.000000
2909.000000,4695.000000,2945.000000,4983.000000
841.000000,3894.000000,1412.000000,4053.000000
3197.000000,3152.000000,2891.000000,3441.000000
4275.000000,5091.000000,4667.000000,5219.000000
3570.000000,4341.000000,3673.000000,4660.000000
5193.000000,1496.000000,5050.000000,1575.000000
2926.000000,2420.000000,2820.000000,2692.000000
2802.000000,2313.000000,2421.000000,2548.000000
434.000000,4939.000000,284.000000,5236.000000
4221.000000,509.000000,4526.000000,524.000000
5131.000000,4684.000000,5215.000000,5014.000000
3719.000000,2750.000000,3584.000000,3100.000000
3217.000000,4300.000000,3279.000000,4442.000000
2190.000000,27.000000,2729.000000,86.000000
1457.000000,3398.000000,1522.000000,3596.000000
2061.000000,4279.000000,1961.000000,4335.000000
434.000000,476.000000,448.000000,514.000000
686.000000,1007.000000,535.000000,1414.000000
3589.000000,2546.000000,3584.000000,3100.000000
615.000000,2462.000000,950.000000,2845.000000
3938.000000,873.000000,4065.000000,1299.000000
1723.000000,1048.000000,1471.000000,1240.000000
3437.000000,3413.000000,3764.000000,3568.000000
3870.000000,539.000000,3847.000000,565.000000
1175.000000,2940.000000,610.000000,3125.000000
827.000000,919.000000,930.000000,999.000000
745.000000,5089.000000,1170.000000,5154.000000
2506.000000,354.000000,3029.000000,410.000000
1109.000000,699.000000,1135.000000,765.000000
4777.000000,2296.000000,4889.000000,2327.000000
498.000000,615.000000,372.000000,705.000000
4306.000000,3058.000000,4404.000000,3333.000000
1828.000000,477.000000,1624.000000,532.000000
4402.000000,17.000000,4534.000000,263.000000
2160.000000,850.000000,2285.000000,1001.000000
1910.000000,4756.000000,1767.000000,4924.000000
2593.000000,476.000000,2661.000000,552.000000
3403.000000,5368.000000,5168.000000,5377.000000
5196.000000,4082.000000,4807.000000,4261.000000
2019.000000,2475.000000,1771.000000,2682.000000
2080.000000,2795.000000,1731.000000,3040.000000
877.000000,2477.000000,1109.000000,2605.000000
5109.000000,4496.000000,4963.000000,4570.000000
1781.000000,5144.000000,1610.000000,5162.000000
4207.000000,4838.000000,4284.000000,4933.000000
4557.000000,2517.000000,4440.000000,2673.000000
3751.000000,4149.000000,4055.000000,4214.000000
1542.000000,4877.000000,1761.000000,5009.000000
3090.000000,2509.000000,2820.000000,2692.000000
3202.000000,3714.000000,3142.000000,4029.000000
204.000000,4750.000000,658.000000,4816.000000
2661.000000,4880.000000,2657.000000,4924.000000
32.000000,3235.000000,262.000000,3472.000000
3719.000000,2750.000000,3829.000000,3441.000000
5257.000000,3637.000000,5315.000000,4336.000000
117.000000,4406.000000,204.000000,4750.000000
2061.000000,4279.000000,2177.000000,4387.000000
3999.000000,1977.000000,3681.000000,2026.000000
5268.000000,2953.000000,5257.000000,3637.000000
4961.000000,121.000000,4756.000000,596.000000
5175.000000,3524.000000,5127.000000,3611.000000
3444.000000,5119.000000,3776.000000,5232.000000
1645.000000,2516.000000,1792.000000,2560.000000
4206.000000,2398.000000,4378.000000,2421.000000
3202.000000,3714.000000,3655.000000,3811.000000
1360.000000,2742.000000,1250.000000,2988.000000
3719.000000,2750.000000,4306.000000,3058.000000
3095.000000,1012.000000,3277.000000,1070.000000
3302.000000,311.000000,3029.000000,410.000000
3302.000000,311.000000,3248.000000,465.000000
2061.000000,4279.000000,2101.000000,4379.000000
3714.000000,2587.000000,3719.000000,2750.000000
790.000000,3855.000000,844.000000,4130.000000
3512.000000,1002.000000,3478.000000,1086.000000
4041.000000,1649.000000,3681.000000,2026.000000
3584.000000,3100.000000,3829.000000,3441.000000
4967.000000,1973.000000,4686.000000,2222.000000
4318.000000,2456.000000,4557.000000,2517.000000
1394.000000,940.000000,1383.000000,1341.000000
2160.000000,850.000000,1666.000000,862.000000
610.000000,3125.000000,1175.000000,3236.000000
982.000000,678.000000,930.000000,999.000000
2927.000000,5187.000000,3183.000000,5367.000000
4208.000000,350.000000,4188.000000,438.000000
1970.000000,4685.000000,2046.000000,4893.000000
1151.000000,1413.000000,1014.000000,1720.000000
57.000000,2385.000000,162.000000,2717.000000
916.000000,3618.000000,775.000000,3681.000000
2574.000000,4921.000000,2657.000000,4924.000000
127.000000,5070.000000,24.000000,5389.000000
3589.000000,1012.000000,3666.000000,1060.000000
1645.000000,2516.000000,1610.000000,2578.000000
4546.000000,5239.000000,5168.000000,5377.000000
2733.000000,3344.000000,2755.000000,3360.000000
1314.000000,3161.000000,1428.000000,3622.000000
21.000000,2232.000000,57.000000,2385.000000
1390.000000,1397.000000,1556.000000,1438.000000
290.000000,3553.000000,193.000000,4041.000000
3751.000000,4149.000000,3772.000000,4416.000000
1219.000000,3599.000000,1428.000000,3622.000000
1471.000000,1240.000000,1556.000000,1438.000000
3107.000000,2392.000000,2926.000000,2420.000000
645.000000,5178.000000,24.000000,5389.000000
2046.000000,4893.000000,2124.000000,5072.000000
1731.000000,3040.000000,1457.000000,3398.000000
5143.000000,3908.000000,5155.000000,3910.000000
2593.000000,476.000000,2581.000000,632.000000
4187.000000,1439.000000,4354.000000,1677.000000
4864.000000,4515.000000,4623.000000,4588.000000
5050.000000,1575.000000,5166.000000,1633.000000
4378.000000,2421.000000,4557.000000,2517.000000
5028.000000,5301.000000,4967.000000,5318.000000
2285.000000,1001.000000,2445.000000,1217.000000
3279.000000,4442.000000,3124.000000,4967.000000
2060.000000,4584.000000,2036.000000,4654.000000
569.000000,1309.000000,535.000000,1414.000000
5315.000000,4336.000000,4955.000000,4731.000000
3107.000000,2392.000000,3589.000000,2546.000000
2106.000000,4755.000000,2046.000000,4893.000000
3090.000000,2509.000000,3252.000000,2641.000000
358.000000,2021.000000,21.000000,2232.000000
5131.000000,4684.000000,5354.000000,4862.000000
2657.000000,4924.000000,2855.000000,5060.000000
798.000000,1978.000000,894.000000,2046.000000
2080.000000,2795.000000,2404.000000,3062.000000
203.000000,2923.000000,313.000000,3050.000000
1360.000000,4855.000000,1542.000000,4877.000000
244.000000,4348.000000,435.000000,4561.000000
804.000000,3402.000000,262.000000,3472.000000
3171.000000,4985.000000,3308.000000,5138.000000
1492.000000,1750.000000,1689.000000,2272.000000
4898.000000,1518.000000,5049.000000,1585.000000
894.000000,2046.000000,1121.000000,2241.000000
5092.000000,175.000000,5028.000000,490.000000
3950.000000,110.000000,4128.000000,378.000000
5002.000000,1212.000000,5322.000000,1217.000000
4353.000000,1192.000000,4898.000000,1518.000000
4432.000000,4223.000000,4344.000000,4588.000000
2383.000000,4965.000000,2406.000000,5009.000000
3311.000000,4463.000000,3673.000000,4660.000000
4200.000000,1922.000000,3825.000000,2138.000000
2124.000000,5072.000000,2416.000000,5151.000000
4404.000000,3333.000000,4902.000000,3727.000000
474.000000,2652.000000,446.000000,2821.000000
2552.000000,3481.000000,2580.000000,3684.000000
5218.000000,2865.000000,5021.000000,3070.000000
2224.000000,2012.000000,2382.000000,2331.000000
2729.000000,86.000000,2907.000000,184.000000
4526.000000,524.000000,4578.000000,971.000000
2511.000000,1165.000000,2642.000000,1198.000000
3124.000000,4967.000000,2945.000000,4983.000000
1164.000000,135.000000,1284.000000,223.000000
3437.000000,3413.000000,3202.000000,3714.000000
5215.000000,5014.000000,4861.000000,5234.000000
2506.000000,354.000000,2593.000000,476.000000
1009.000000,3837.000000,1544.000000,4025.000000
3107.000000,2392.000000,3252.000000,2641.000000
4111.000000,4492.000000,4426.000000,4655.000000
1408.000000,1488.000000,983.000000,1767.000000
4681.000000,2270.000000,4557.000000,2517.000000
226.000000,601.000000,209.000000,665.000000
2500.000000,4452.000000,2485.000000,4756.000000
3183.000000,5367.000000,3403.000000,5368.000000
5268.000000,2953.000000,5219.000000,3098.000000
4137.000000,5048.000000,4275.000000,5091.000000
1767.000000,4924.000000,1761.000000,5009.000000
844.000000,4130.000000,843.000000,4264.000000
1697.000000,4525.000000,1657.000000,4599.000000
551.000000,3546.000000,290.000000,3553.000000
5331.000000,1808.000000,5022.000000,1869.000000
790.000000,3855.000000,841.000000,3894.000000
2955.000000,2949.000000,3402.000000,3135.000000
3107.000000,1506.000000,3708.000000,1651.000000
57.000000,2385.000000,32.000000,3235.000000
189.000000,2222.000000,21.000000,2232.000000
2742.000000,4388.000000,2909.000000,4695.000000
3210.000000,3986.000000,3246.000000,4009.000000
3628.000000,3921.000000,3409.000000,3972.000000
1308.000000,3113.000000,1428.000000,3622.000000
4848.000000,1207.000000,5002.000000,1212.000000
2736.000000,3262.000000,2733.000000,3344.000000
1812.000000,5341.000000,1815.000000,5345.000000
2326.000000,4863.000000,2274.000000,4952.000000
1033.000000,576.000000,1109.000000,699.000000
5238.000000,580.000000,5086.000000,629.000000
1676.000000,1658.000000,1651.000000,1832.000000
3107.000000,1506.000000,3324.000000,1897.000000
4275.000000,5091.000000,4546.000000,5239.000000
104.000000,53.000000,154.000000,429.000000
2956.000000,570.000000,3114.000000,768.000000
2817.000000,3587.000000,3142.000000,4029.000000
4623.000000,4588.000000,4275.000000,5091.000000
5315.000000,4336.000000,5129.000000,4628.000000
1610.000000,5162.000000,1812.000000,5341.000000
372.000000,705.000000,422.000000,783.000000
3197.000000,3152.000000,3376.000000,3334.000000
209.000000,665.000000,179.000000,922.000000
3326.000000,558.000000,3114.000000,768.000000
1876.000000,4128.000000,1849.000000,4272.000000
3772.000000,4416.000000,3988.000000,4804.000000
3666.000000,1060.000000,4065.000000,1299.000000
983.000000,1767.000000,798.000000,1978.000000
5056.000000,53.000000,4961.000000,121.000000
2620.000000,3359.000000,2491.000000,3580.000000
3825.000000,2138.000000,3606.000000,2208.000000
4129.000000,2725.000000,3902.000000,2748.000000
154.000000,429.000000,434.000000,476.000000
272.000000,1092.000000,440.000000,1165.000000
2926.000000,2420.000000,3090.000000,2509.000000
859.000000,1719.000000,603.000000,1897.000000
3172.000000,5259.000000,3225.000000,5293.000000
193.000000,4041.000000,228.000000,4058.000000
3139.000000,5161.000000,3225.000000,5293.000000
4917.000000,2191.000000,4777.000000,2296.000000
2130.000000,2483.000000,2080.000000,2795.000000
4354.000000,1677.000000,4143.000000,1779.000000
894.000000,2046.000000,1031.000000,2203.000000
4065.000000,1299.000000,4323.000000,1394.000000
1428.000000,3622.000000,1287.000000,3732.000000
4424.000000,1374.000000,4665.000000,1716.000000
3988.000000,4804.000000,3973.000000,5057.000000
3114.000000,768.000000,2867.000000,802.000000
817.000000,750.000000,715.000000,843.000000
1556.000000,1438.000000,1401.000000,1638.000000
2029.000000,4741.000000,2106.000000,4755.000000
3171.000000,4985.000000,3139.000000,5161.000000
2019.000000,2475.000000,2130.000000,2483.000000
1308.000000,3113.000000,1314.000000,3161.000000
2709.000000,889.000000,2590.000000,971.000000
3714.000000,2587.000000,3864.000000,2746.000000
5028.000000,5301.000000,5168.000000,5377.000000
1237.000000,3700.000000,1009.000000,3837.000000
4137.000000,5048.000000,3973.000000,5057.000000
4724.000000,2325.000000,4557.000000,2517.000000
5223.000000,5168.000000,4861.000000,5234.000000
313.000000,3050.000000,262.000000,3472.000000
1478.000000,4827.000000,1360.000000,4855.000000
1604.000000,1867.000000,1689.000000,2272.000000
745.000000,5089.000000,667.000000,5173.000000
2817.000000,3587.000000,2467.000000,4172.000000
1982.000000,1346.000000,2372.000000,1679.000000
3279.000000,4442.000000,3325.000000,4461.000000
3277.000000,1070.000000,3478.000000,1086.000000
4961.000000,121.000000,4804.000000,130.000000
4623.000000,4588.000000,4426.000000,4655.000000
3938.000000,873.000000,4353.000000,1192.000000
3797.000000,881.000000,3666.000000,1060.000000
2598.000000,4460.000000,2485.000000,4756.000000
3311.000000,4463.000000,3419.000000,4884.000000
2399.000000,371.000000,2353.000000,448.000000
1383.000000,1341.000000,1556.000000,1438.000000
1815.000000,5345.000000,24.000000,5389.000000
4041.000000,1649.000000,3708.000000,1651.000000
1613.000000,2447.000000,1147.000000,2557.000000
1175.000000,2940.000000,1175.000000,3236.000000
1676.000000,1658.000000,1596.000000,1776.000000
807.000000,2270.000000,877.000000,2477.000000
3708.000000,1651.000000,3681.000000,2026.000000
3829.000000,3441.000000,3996.000000,3506.000000
104.000000,53.000000,1123.000000,86.000000
1612.000000,1001.000000,1471.000000,1240.000000
2096.000000,2429.000000,1792.000000,2560.000000
1064.000000,3317.000000,1065.000000,3381.000000
1360.000000,4855.000000,1361.000000,4910.000000
3628.000000,3921.000000,3246.000000,4009.000000
3217.000000,4300.000000,2742.000000,4388.000000
2382.000000,2331.000000,2506.000000,2337.000000
3306.000000,1966.000000,3339.000000,2038.000000
715.000000,843.000000,557.000000,848.000000
3437.000000,3413.000000,3655.000000,3811.000000
1613.000000,2447.000000,1792.000000,2560.000000
412.000000,104.000000,909.000000,306.000000
2581.000000,632.000000,2514.000000,840.000000
4521.000000,4019.000000,4425.000000,4064.000000
1104.000000,2735.000000,950.000000,2845.000000
5129.000000,4628.000000,4955.000000,4731.000000
1731.000000,3040.000000,2109.000000,3264.000000
5105.000000,5236.000000,5168.000000,5377.000000
4804.000000,130.000000,4552.000000,291.000000
5051.000000,4177.000000,5109.000000,4496.000000
1976.000000,348.000000,1927.000000,358.000000
117.000000,4406.000000,24.000000,5389.000000
4084.000000,1041.000000,4065.000000,1299.000000
3764.000000,3568.000000,3655.000000,3811.000000
4534.000000,263.000000,4221.000000,509.000000
1287.000000,3732.000000,1544.000000,4025.000000
3570.000000,4341.000000,3461.000000,4399.000000
1123.000000,86.000000,412.000000,104.000000
3751.000000,4149.000000,3638.000000,4460.000000
3201.000000,1966.000000,3339.000000,2038.000000
5193.000000,1496.000000,5331.000000,1808.000000
2396.000000,3234.000000,2602.000000,3276.000000
1401.000000,1638.000000,1385.000000,1912.000000
2046.000000,4893.000000,2211.000000,4949.000000
2234.000000,985.000000,1982.000000,1346.000000
1360.000000,4855.000000,1170.000000,5154.000000
950.000000,2845.000000,549.000000,3075.000000
3813.000000,1304.000000,3943.000000,1491.000000
4402.000000,17.000000,4552.000000,291.000000
4275.000000,5091.000000,4205.000000,5222.000000
1723.000000,1048.000000,1556.000000,1438.000000
1298.000000,546.000000,1529.000000,746.000000
808.000000,4685.000000,658.000000,4816.000000
1544.000000,4025.000000,1635.000000,4359.000000
1170.000000,5154.000000,827.000000,5336.000000
3764.000000,5025.000000,3444.000000,5119.000000
2661.000000,552.000000,2581.000000,632.000000
677.000000,538.000000,715.000000,843.000000
603.000000,1897.000000,358.000000,2021.000000
2680.000000,4817.000000,2682.000000,4840.000000
2130.000000,2483.000000,2421.000000,2548.000000
2109.000000,3264.000000,1645.000000,3463.000000
3461.000000,4399.000000,3325.000000,4461.000000
3584.000000,3100.000000,3437.000000,3413.000000
3570.000000,4341.000000,3628.000000,4347.000000
2425.000000,2391.000000,2421.000000,2548.000000
5002.000000,1212.000000,5193.000000,1496.000000
5354.000000,4862.000000,5168.000000,5377.000000
1065.000000,3381.000000,1428.000000,3622.000000
3004.000000,1689.000000,2687.000000,2059.000000
32.000000,3235.000000,24.000000,5389.000000
3999.000000,1977.000000,3825.000000,2138.000000
4425.000000,4064.000000,4432.000000,4223.000000
4321.000000,8.000000,2190.000000,27.000000
4861.000000,5234.000000,4973.000000,5235.000000
4111.000000,4492.000000,4344.000000,4588.000000
2396.000000,3234.000000,2173.000000,3528.000000
2642.000000,1198.000000,2445.000000,1217.000000
4049.000000,123.000000,4208.000000,350.000000
4637.000000,3947.000000,4344.000000,4588.000000
204.000000,4750.000000,127.000000,5070.000000
1666.000000,862.000000,1394.000000,940.000000
209.000000,665.000000,422.000000,783.000000
4289.000000,3965.000000,4425.000000,4064.000000
1961.000000,4335.000000,2060.000000,4584.000000
4862.000000,795.000000,5104.000000,867.000000
2036.000000,4654.000000,2029.000000,4741.000000
3620.000000,430.000000,3847.000000,565.000000
3813.000000,1304.000000,3708.000000,1651.000000
2467.000000,4172.000000,2177.000000,4387.000000
2485.000000,4756.000000,2680.000000,4817.000000
518.000000,1423.000000,297.000000,1660.000000
801.000000,2277.000000,877.000000,2477.000000
5022.000000,1869.000000,5286.000000,2158.000000
5051.000000,4177.000000,4623.000000,4588.000000
4402.000000,17.000000,4208.000000,350.000000
518.000000,1423.000000,520.000000,1434.000000
1876.000000,4128.000000,2467.000000,4172.000000
5002.000000,1212.000000,4898.000000,1518.000000
204.000000,4750.000000,284.000000,5236.000000
1596.000000,1776.000000,1604.000000,1867.000000
658.000000,4816.000000,434.000000,4939.000000
3612.000000,5242.000000,3403.000000,5368.000000
4289.000000,3965.000000,4432.000000,4223.000000
4426.000000,4655.000000,4207.000000,4838.000000
982.000000,678.000000,817.000000,750.000000
2101.000000,4379.000000,2060.000000,4584.000000
4353.000000,1192.000000,4323.000000,1394.000000
1613.000000,2447.000000,1645.000000,2516.000000
1123.000000,86.000000,909.000000,306.000000
3514.000000,1350.000000,3646.000000,1507.000000
3142.000000,4029.000000,2742.000000,4388.000000
3289.000000,1174.000000,3220.000000,1324.000000
2416.000000,5151.000000,2178.000000,5386.000000
4143.000000,1779.000000,3999.000000,1977.000000
4206.000000,2398.000000,4440.000000,2673.000000
859.000000,1719.000000,798.000000,1978.000000
2190.000000,27.000000,3173.000000,33.000000
127.000000,5070.000000,284.000000,5236.000000
1876.000000,4128.000000,1635.000000,4359.000000
2907.000000,184.000000,3302.000000,311.000000
1428.000000,3622.000000,1565.000000,3705.000000
1104.000000,2735.000000,1019.000000,2831.000000
3409.000000,3972.000000,3246.000000,4009.000000
982.000000,678.000000,827.000000,919.000000
440.000000,1165.000000,21.000000,2232.000000
5049.000000,1585.000000,4952.000000,1786.000000
1019.000000,2831.000000,1175.000000,2940.000000
798.000000,1978.000000,807.000000,2270.000000
86.000000,464.000000,179.000000,922.000000
801.000000,2277.000000,615.000000,2462.000000
2080.000000,2795.000000,2250.000000,3103.000000
4129.000000,2725.000000,4538.000000,2842.000000
2945.000000,4983.000000,2927.000000,5187.000000
4388.000000,575.000000,4578.000000,971.000000
569.000000,1309.000000,518.000000,1423.000000
4637.000000,3947.000000,4521.000000,4019.000000
801.000000,2277.000000,508.000000,2376.000000
215.000000,1745.000000,21.000000,2232.000000
3828.000000,3707.000000,3628.000000,3921.000000
2285.000000,1001.000000,2511.000000,1165.000000
1250.000000,2988.000000,1308.000000,3113.000000
1076.000000,1089.000000,1390.000000,1397.000000
551.000000,3546.000000,576.000000,3915.000000
4208.000000,350.000000,4221.000000,509.000000
1961.000000,4335.000000,1635.000000,4359.000000
3557.000000,143.000000,4128.000000,378.000000
4462.000000,971.000000,4353.000000,1192.000000
2602.000000,3276.000000,2624.000000,3279.000000
4681.000000,2270.000000,4777.000000,2296.000000
528.000000,718.000000,557.000000,848.000000
2382.000000,2331.000000,2425.000000,2391.000000
5215.000000,5014.000000,5254.000000,5126.000000
1666.000000,862.000000,1723.000000,1048.000000
290.000000,3553.000000,381.000000,3720.000000
650.000000,4993.000000,745.000000,5089.000000
4967.000000,1973.000000,4889.000000,2327.000000
4955.000000,4731.000000,4275.000000,5091.000000
822.000000,426.000000,1033.000000,576.000000
4084.000000,1041.000000,4353.000000,1192.000000
3666.000000,1060.000000,3478.000000,1086.000000
3419.000000,4884.000000,3764.000000,5025.000000
4921.000000,1619.000000,4952.000000,1786.000000
4973.000000,5235.000000,5105.000000,5236.000000
3821.000000,5355.000000,3850.000000,5357.000000
1428.000000,3622.000000,1237.000000,3700.000000
5166.000000,1633.000000,5236.000000,1817.000000
4526.000000,524.000000,4756.000000,596.000000
448.000000,514.000000,372.000000,705.000000
3308.000000,5138.000000,3322.000000,5145.000000
1385.000000,1912.000000,1121.000000,2241.000000
4756.000000,596.000000,4862.000000,795.000000
1697.000000,4525.000000,1910.000000,4756.000000
3691.000000,2490.000000,3864.000000,2746.000000
3277.000000,1070.000000,2642.000000,1198.000000
518.000000,1423.000000,215.000000,1745.000000
2485.000000,4756.000000,2682.000000,4840.000000
1361.000000,4910.000000,1170.000000,5154.000000
3797.000000,881.000000,3589.000000,1012.000000
2215.000000,631.000000,2160.000000,850.000000
3173.000000,33.000000,2729.000000,86.000000
4963.000000,4570.000000,4955.000000,4731.000000
1565.000000,3705.000000,1876.000000,4128.000000
4604.000000,3929.000000,4289.000000,3965.000000
32.000000,3235.000000,117.000000,4406.000000
4137.000000,5048.000000,4042.000000,5370.000000
3902.000000,2748.000000,3719.000000,2750.000000
3322.000000,5145.000000,3320.000000,5297.000000
3950.000000,110.000000,3557.000000,143.000000
2124.000000,5072.000000,2087.000000,5246.000000
5175.000000,3524.000000,5257.000000,3637.000000
3589.000000,2546.000000,3413.000000,2969.000000
909.000000,1630.000000,859.000000,1719.000000
3225.000000,5293.000000,3183.000000,5367.000000
4961.000000,121.000000,4862.000000,795.000000
2514.000000,840.000000,2617.000000,885.000000
5109.000000,4496.000000,4915.000000,4530.000000
1408.000000,1488.000000,1385.000000,1912.000000
1147.000000,2557.000000,1175.000000,2940.000000
5109.000000,4496.000000,4955.000000,4731.000000
1151.000000,1413.000000,1408.000000,1488.000000
4521.000000,4019.000000,4432.000000,4223.000000
2528.000000,2176.000000,2506.000000,2337.000000
2742.000000,4388.000000,2598.000000,4460.000000
410.000000,1623.000000,215.000000,1745.000000
4917.000000,2191.000000,4889.000000,2327.000000
3339.000000,2038.000000,3565.000000,2094.000000
5104.000000,867.000000,5322.000000,1217.000000
4084.000000,1041.000000,4323.000000,1394.000000
3217.000000,4300.000000,3570.000000,4341.000000
844.000000,4130.000000,941.000000,4428.000000
358.000000,2021.000000,406.000000,2172.000000
4862.000000,795.000000,5002.000000,1212.000000
2467.000000,4172.000000,2777.000000,4204.000000
4902.000000,3727.000000,5143.000000,3908.000000
982.000000,678.000000,1109.000000,699.000000
5086.000000,629.000000,4862.000000,795.000000
2506.000000,354.000000,2353.000000,448.000000
3419.000000,4884.000000,3171.000000,4985.000000
2728.000000,1709.000000,2464.000000,2033.000000
1076.000000,1089.000000,1383.000000,1341.000000
2820.000000,2692.000000,2955.000000,2949.000000
2879.000000,2052.000000,2687.000000,2059.000000
5315.000000,4336.000000,5109.000000,4496.000000
4306.000000,3058.000000,3829.000000,3441.000000
677.000000,538.000000,498.000000,615.000000
5021.000000,3070.000000,5219.000000,3098.000000
1064.000000,3317.000000,804.000000,3402.000000
3438.000000,1377.000000,3107.000000,1506.000000
827.000000,5336.000000,24.000000,5389.000000
3584.000000,3100.000000,3376.000000,3334.000000
104.000000,53.000000,86.000000,464.000000
4902.000000,3727.000000,4807.000000,4261.000000
1019.000000,2831.000000,1079.000000,2852.000000
2500.000000,4452.000000,2270.000000,4453.000000
3139.000000,5161.000000,2927.000000,5187.000000
3772.000000,4416.000000,3638.000000,4460.000000
775.000000,3681.000000,841.000000,3894.000000
1965.000000,93.000000,1624.000000,532.000000
3419.000000,4884.000000,3308.000000,5138.000000
4041.000000,1649.000000,3999.000000,1977.000000
3322.000000,5145.000000,3403.000000,5368.000000
2404.000000,3062.000000,2250.000000,3103.000000
3141.000000,1748.000000,3324.000000,1897.000000
3570.000000,2006.000000,3681.000000,2026.000000
1077.000000,3457.000000,1237.000000,3700.000000
3606.000000,2208.000000,3691.000000,2490.000000
686.000000,1007.000000,478.000000,1056.000000
2190.000000,27.000000,1497.000000,183.000000
4321.000000,8.000000,3950.000000,110.000000
1457.000000,3398.000000,1565.000000,3705.000000
576.000000,3915.000000,193.000000,4041.000000
3201.000000,1966.000000,3107.000000,2392.000000
2956.000000,570.000000,2581.000000,632.000000
1610.000000,5162.000000,1815.000000,5345.000000
3403.000000,5368.000000,4042.000000,5370.000000
941.000000,4428.000000,1360.000000,4855.000000
86.000000,464.000000,434.000000,476.000000
2173.000000,3528.000000,1876.000000,4128.000000
2160.000000,850.000000,2234.000000,985.000000
2837.000000,1679.000000,2728.000000,1709.000000
1065.000000,3381.000000,804.000000,3402.000000
1596.000000,1776.000000,1651.000000,1832.000000
3279.000000,4442.000000,2909.000000,4695.000000
4516.000000,3647.000000,4637.000000,3947.000000
4440.000000,2673.000000,4129.000000,2725.000000
498.000000,615.000000,528.000000,718.000000
3202.000000,3714.000000,3210.000000,3986.000000
2909.000000,4695.000000,2682.000000,4840.000000
1123.000000,86.000000,1164.000000,135.000000
3549.000000,532.000000,3847.000000,565.000000
1689.000000,2272.000000,1613.000000,2447.000000
3124.000000,4967.000000,3171.000000,4985.000000
4552.000000,291.000000,4526.000000,524.000000
4128.000000,378.000000,3620.000000,430.000000
975.000000,1053.000000,1076.000000,1089.000000
1689.000000,2272.000000,1792.000000,2560.000000
2910.000000,1561.000000,3141.000000,1748.000000
745.000000,5089.000000,855.000000,5148.000000
5105.000000,5236.000000,5028.000000,5301.000000
4697.000000,1149.000000,4848.000000,1207.000000
2394.000000,1476.000000,2372.000000,1679.000000
1478.000000,4827.000000,1542.000000,4877.000000
1657.000000,4599.000000,1910.000000,4756.000000
5257.000000,3637.000000,5155.000000,3910.000000
5218.000000,2865.000000,5263.000000,2909.000000
1151.000000,1413.000000,909.000000,1630.000000
2915.000000,253.000000,3029.000000,410.000000
4917.000000,2191.000000,4681.000000,2270.000000
2425.000000,2391.000000,2096.000000,2429.000000
5255.000000,3322.000000,5250.000000,3450.000000
5131.000000,4684.000000,4955.000000,4731.000000
546.000000,2144.000000,406.000000,2172.000000
3943.000000,1491.000000,4041.000000,1649.000000
1657.000000,4599.000000,1360.000000,4855.000000
5196.000000,4082.000000,5315.000000,4336.000000
3825.000000,2138.000000,3698.000000,2350.000000
3210.000000,3986.000000,3142.000000,4029.000000
3252.000000,2641.000000,3413.000000,2969.000000
4143.000000,1779.000000,4314.000000,1924.000000
2506.000000,354.000000,2956.000000,570.000000
909.000000,306.000000,901.000000,469.000000
2661.000000,552.000000,2956.000000,570.000000
434.000000,4939.000000,650.000000,4993.000000
410.000000,1623.000000,603.000000,1897.000000
4402.000000,17.000000,5056.000000,53.000000
2736.000000,3262.000000,2624.000000,3279.000000
474.000000,2652.000000,549.000000,3075.000000
4188.000000,438.000000,4221.000000,509.000000
4504.000000,3162.000000,4902.000000,3727.000000
2642.000000,1198.000000,2394.000000,1476.000000
3444.000000,5119.000000,3322.000000,5145.000000
5109.000000,4496.000000,4864.000000,4515.000000
3828.000000,3707.000000,4082.000000,3944.000000
3142.000000,4029.000000,3225.000000,4082.000000
4049.000000,123.000000,4128.000000,378.000000
615.000000,2462.000000,877.000000,2477.000000
822.000000,426.000000,677.000000,538.000000
1492.000000,1750.000000,1604.000000,1867.000000
4843.000000,1265.000000,4898.000000,1518.000000
5257.000000,3637.000000,5196.000000,4082.000000
2624.000000,3279.000000,2620.000000,3359.000000
2855.000000,5060.000000,2763.000000,5260.000000
3322.000000,5145.000000,3612.000000,5242.000000
4426.000000,4655.000000,4308.000000,4877.000000
603.000000,1897.000000,807.000000,2270.000000
3549.000000,532.000000,3326.000000,558.000000
3776.000000,5232.000000,3612.000000,5242.000000
228.000000,4058.000000,808.000000,4685.000000
5049.000000,1585.000000,4921.000000,1619.000000
434.000000,476.000000,372.000000,705.000000
5196.000000,4082.000000,5238.000000,4234.000000
2019.000000,2475.000000,1792.000000,2560.000000
1394.000000,940.000000,1612.000000,1001.000000
1492.000000,1750.000000,1385.000000,1912.000000
4538.000000,2842.000000,4284.000000,3003.000000
3252.000000,2641.000000,2820.000000,2692.000000
4200.000000,1922.000000,3999.000000,1977.000000
3173.000000,33.000000,3302.000000,311.000000
909.000000,306.000000,1033.000000,576.000000
2837.000000,1679.000000,3004.000000,1689.000000
1961.000000,4335.000000,2101.000000,4379.000000
983.000000,1767.000000,1385.000000,1912.000000
5218.000000,2865.000000,5219.000000,3098.000000
686.000000,1007.000000,569.000000,1309.000000
4207.000000,4838.000000,4137.000000,5048.000000
528.000000,718.000000,715.000000,843.000000
3689.000000,4701.000000,3988.000000,4804.000000
5223.000000,5168.000000,5105.000000,5236.000000
1104.000000,2735.000000,1175.000000,2940.000000
1723.000000,1048.000000,1982.000000,1346.000000
2583.000000,5033.000000,2855.000000,5060.000000
2106.000000,4755.000000,2250.000000,4846.000000
836.000000,4895.000000,1170.000000,5154.000000
3311.000000,4463.000000,3124.000000,4967.000000
3751.000000,4149.000000,3570.000000,4341.000000
493.000000,3178.000000,262.000000,3472.000000
2855.000000,5060.000000,2927.000000,5187.000000
1019.000000,2831.000000,950.000000,2845.000000
2687.000000,200.000000,2915.000000,253.000000
313.000000,3050.000000,493.000000,3178.000000
4378.000000,2421.000000,4318.000000,2456.000000
1360.000000,4855.000000,836.000000,4895.000000
520.000000,1434.000000,297.000000,1660.000000
3325.000000,4461.000000,3673.000000,4660.000000
1522.000000,3596.000000,1565.000000,3705.000000
5021.000000,3070.000000,4902.000000,3727.000000
440.000000,1165.000000,215.000000,1745.000000
2173.000000,3528.000000,2580.000000,3684.000000
3570.000000,2006.000000,3565.000000,2094.000000
5329.000000,2452.000000,5315.000000,4336.000000
3402.000000,3135.000000,3197.000000,3152.000000
4187.000000,1439.000000,4665.000000,1716.000000
1175.000000,3236.000000,1064.000000,3317.000000
2817.000000,3587.000000,3202.000000,3714.000000
2514.000000,840.000000,2160.000000,850.000000
2549.000000,1583.000000,2372.000000,1679.000000
1624.000000,532.000000,1529.000000,746.000000
3107.000000,1506.000000,2910.000000,1561.000000
3996.000000,3506.000000,3828.000000,3707.000000
4756.000000,596.000000,4578.000000,971.000000
1104.000000,2735.000000,1079.000000,2852.000000
2109.000000,3264.000000,2173.000000,3528.000000
2406.000000,5009.000000,2583.000000,5033.000000
162.000000,2717.000000,94.000000,2864.000000
448.000000,514.000000,498.000000,615.000000
4344.000000,4588.000000,4426.000000,4655.000000
2617.000000,885.000000,2709.000000,889.000000
2173.000000,3528.000000,2491.000000,3580.000000
104.000000,53.000000,434.000000,476.000000
1361.000000,4910.000000,1610.000000,5162.000000
3557.000000,143.000000,3302.000000,311.000000
2687.000000,200.000000,2399.000000,371.000000
204.000000,4750.000000,24.000000,5389.000000
3691.000000,2490.000000,3902.000000,2748.000000
909.000000,1630.000000,1014.000000,1720.000000
1079.000000,2852.000000,1175.000000,2940.000000
3938.000000,873.000000,3666.000000,1060.000000
1076.000000,1089.000000,1151.000000,1413.000000
2729.000000,86.000000,2687.000000,200.000000
1151.000000,1413.000000,535.000000,1414.000000
1565.000000,3705.000000,1287.000000,3732.000000
2211.000000,4949.000000,2124.000000,5072.000000
2763.000000,5260.000000,2178.000000,5386.000000
5286.000000,2158.000000,5329.000000,2452.000000
5155.000000,3910.000000,5073.000000,3963.000000
1542.000000,4877.000000,1767.000000,4924.000000
4404.000000,3333.000000,3829.000000,3441.000000
1314.000000,3161.000000,1065.000000,3381.000000
5092.000000,175.000000,5238.000000,580.000000
3324.000000,1897.000000,3681.000000,2026.000000
2955.000000,2949.000000,3413.000000,2969.000000
3173.000000,33.000000,3557.000000,143.000000
843.000000,4264.000000,808.000000,4685.000000
2511.000000,1165.000000,2445.000000,1217.000000
1610.000000,2578.000000,1771.000000,2682.000000
1900.000000,1668.000000,2096.000000,2429.000000
4402.000000,17.000000,4221.000000,509.000000
3114.000000,768.000000,2590.000000,971.000000
528.000000,718.000000,272.000000,1092.000000
3516.000000,378.000000,3326.000000,558.000000
209.000000,665.000000,372.000000,705.000000
2620.000000,3359.000000,2642.000000,3425.000000
86.000000,464.000000,21.000000,2232.000000
4221.000000,509.000000,3847.000000,565.000000
2224.000000,2012.000000,2528.000000,2176.000000
4187.000000,1439.000000,4143.000000,1779.000000
4221.000000,509.000000,4388.000000,575.000000
3673.000000,4660.000000,3689.000000,4701.000000
5329.000000,2452.000000,5243.000000,2728.000000
2177.000000,4387.000000,2500.000000,4452.000000
2736.000000,3262.000000,2891.000000,3441.000000
1401.000000,1638.000000,1492.000000,1750.000000
4129.000000,2725.000000,4284.000000,3003.000000
2620.000000,3359.000000,2552.000000,3481.000000
3114.000000,768.000000,3095.000000,1012.000000
2955.000000,2949.000000,2741.000000,3153.000000
5250.000000,3450.000000,5257.000000,3637.000000
2736.000000,3262.000000,2602.000000,3276.000000
4055.000000,4214.000000,4111.000000,4492.000000
4667.000000,5219.000000,4861.000000,5234.000000
226.000000,601.000000,372.000000,705.000000
478.000000,1056.000000,440.000000,1165.000000
3004.000000,1689.000000,2728.000000,1709.000000
372.000000,705.000000,528.000000,718.000000
3201.000000,1966.000000,3037.000000,2123.000000
446.000000,2821.000000,549.000000,3075.000000
2124.000000,5072.000000,1781.000000,5144.000000
2820.000000,2692.000000,2741.000000,3153.000000
1544.000000,4025.000000,1876.000000,4128.000000
5223.000000,5168.000000,5168.000000,5377.000000
4552.000000,291.000000,4756.000000,596.000000
3689.000000,4701.000000,3419.000000,4884.000000
3988.000000,4804.000000,4207.000000,4838.000000
4864.000000,4515.000000,4963.000000,4570.000000
4623.000000,4588.000000,4308.000000,4877.000000
528.000000,718.000000,422.000000,783.000000
551.000000,3546.000000,790.000000,3855.000000
3324.000000,1897.000000,3125.000000,1995.000000
2080.000000,2795.000000,2741.000000,3153.000000
3324.000000,1897.000000,3201.000000,1966.000000
4686.000000,2222.000000,4681.000000,2270.000000
5104.000000,867.000000,5002.000000,1212.000000
2399.000000,371.000000,2215.000000,631.000000
2160.000000,850.000000,1982.000000,1346.000000
1635.000000,4359.000000,2060.000000,4584.000000
983.000000,1767.000000,1121.000000,2241.000000
4424.000000,1374.000000,4323.000000,1394.000000
1986.000000,3451.000000,1645.000000,3463.000000
5254.000000,5126.000000,5168.000000,5377.000000
1121.000000,2241.000000,807.000000,2270.000000
1385.000000,1912.000000,1613.000000,2447.000000
1815.000000,5345.000000,2178.000000,5386.000000
4353.000000,1192.000000,4665.000000,1716.000000
193.000000,4041.000000,843.000000,4264.000000
5238.000000,580.000000,5104.000000,867.000000
3302.000000,311.000000,3326.000000,558.000000
3996.000000,3506.000000,4516.000000,3647.000000
4221.000000,509.000000,3870.000000,539.000000
615.000000,2462.000000,549.000000,3075.000000
2211.000000,4949.000000,2274.000000,4952.000000
2396.000000,3234.000000,2620.000000,3359.000000
658.000000,4816.000000,836.000000,4895.000000
2274.000000,4952.000000,2416.000000,5151.000000
2036.000000,4654.000000,2250.000000,4846.000000
2559.000000,4525.000000,2485.000000,4756.000000
4200.000000,1922.000000,4314.000000,1924.000000
2907.000000,184.000000,2915.000000,253.000000
841.000000,3894.000000,941.000000,4428.000000
3829.000000,3441.000000,3764.000000,3568.000000
2464.000000,2033.000000,2604.000000,2284.000000
4777.000000,2296.000000,4724.000000,2325.000000
2023.000000,745.000000,1529.000000,746.000000
1147.000000,2557.000000,1360.000000,2742.000000
4807.000000,4261.000000,4344.000000,4588.000000
4402.000000,17.000000,4049.000000,123.000000
127.000000,2485.000000,162.000000,2717.000000
5315.000000,4336.000000,5354.000000,4862.000000
3557.000000,143.000000,3620.000000,430.000000
5215.000000,5014.000000,5223.000000,5168.000000
4388.000000,575.000000,4462.000000,971.000000
4314.000000,1924.000000,4502.000000,1929.000000
894.000000,2046.000000,807.000000,2270.000000
3201.000000,1966.000000,3306.000000,1966.000000
2190.000000,27.000000,2399.000000,371.000000
3988.000000,4804.000000,3764.000000,5025.000000
804.000000,3402.000000,916.000000,3618.000000
3681.000000,2026.000000,3606.000000,2208.000000
3570.000000,4341.000000,3279.000000,4442.000000
4526.000000,524.000000,4388.000000,575.000000
422.000000,783.000000,179.000000,922.000000
3772.000000,4416.000000,3991.000000,4658.000000
2019.000000,2475.000000,2080.000000,2795.000000
2574.000000,4921.000000,2583.000000,5033.000000
855.000000,5148.000000,696.000000,5231.000000
535.000000,1414.000000,520.000000,1434.000000
4284.000000,3003.000000,4504.000000,3162.000000
3589.000000,2546.000000,3719.000000,2750.000000
3376.000000,3334.000000,3437.000000,3413.000000
916.000000,3618.000000,841.000000,3894.000000
4208.000000,350.000000,4128.000000,378.000000
2178.000000,5386.000000,24.000000,5389.000000
262.000000,3472.000000,290.000000,3553.000000
2215.000000,631.000000,2514.000000,840.000000
5145.000000,2451.000000,5329.000000,2452.000000
4697.000000,1149.000000,4353.000000,1192.000000
3409.000000,3972.000000,3570.000000,4341.000000
4424.000000,1374.000000,4187.000000,1439.000000
1065.000000,3381.000000,1219.000000,3599.000000
1031.000000,2203.000000,1121.000000,2241.000000
3991.000000,4658.000000,3988.000000,4804.000000
715.000000,843.000000,686.000000,1007.000000
4042.000000,5370.000000,5168.000000,5377.000000
2624.000000,3279.000000,2733.000000,3344.000000
2657.000000,4924.000000,2945.000000,4983.000000
2050.000000,2984.000000,2250.000000,3103.000000
5002.000000,1212.000000,4843.000000,1265.000000
3173.000000,33.000000,2907.000000,184.000000
2682.000000,4840.000000,2657.000000,4924.000000
2464.000000,2033.000000,2687.000000,2059.000000
5322.000000,1217.000000,5331.000000,1808.000000
1982.000000,1346.000000,2394.000000,1476.000000
3813.000000,1304.000000,3514.000000,1350.000000
3107.000000,1506.000000,3141.000000,1748.000000
1175.000000,3236.000000,1065.000000,3381.000000
2879.000000,2052.000000,2802.000000,2313.000000
841.000000,3894.000000,844.000000,4130.000000
284.000000,5236.000000,24.000000,5389.000000
3606.000000,2208.000000,3107.000000,2392.000000
4546.000000,5239.000000,4967.000000,5318.000000
1033.000000,576.000000,982.000000,678.000000
5331.000000,1808.000000,5329.000000,2452.000000
2620.000000,3359.000000,2173.000000,3528.000000
3691.000000,2490.000000,3714.000000,2587.000000
4206.000000,2398.000000,4129.000000,2725.000000
3220.000000,1324.000000,3107.000000,1506.000000
57.000000,2385.000000,127.000000,2485.000000
422.000000,783.000000,272.000000,1092.000000
2485.000000,4756.000000,2406.000000,5009.000000
2642.000000,1198.000000,2549.000000,1583.000000
1529.000000,746.000000,1394.000000,940.000000
4790.000000,2848.000000,5021.000000,3070.000000
5166.000000,1633.000000,5331.000000,1808.000000
4546.000000,5239.000000,4042.000000,5370.000000
3419.000000,4884.000000,3444.000000,5119.000000
4354.000000,1677.000000,4314.000000,1924.000000
189.000000,2222.000000,57.000000,2385.000000
5028.000000,490.000000,5086.000000,629.000000
5086.000000,629.000000,5104.000000,867.000000
5263.000000,2909.000000,5268.000000,2953.000000
2817.000000,3587.000000,2777.000000,4204.000000
2642.000000,3425.000000,2891.000000,3441.000000
817.000000,750.000000,827.000000,919.000000
2405.000000,583.000000,2215.000000,631.000000
4462.000000,971.000000,4578.000000,971.000000
4578.000000,971.000000,4697.000000,1149.000000
457.000000,2353.000000,615.000000,2462.000000
5073.000000,2559.000000,4790.000000,2848.000000
2879.000000,2052.000000,2604.000000,2284.000000
4955.000000,4731.000000,4861.000000,5234.000000
855.000000,5148.000000,827.000000,5336.000000
941.000000,4428.000000,808.000000,4685.000000
5196.000000,4082.000000,5051.000000,4177.000000
2405.000000,583.000000,2581.000000,632.000000
2581.000000,632.000000,2709.000000,889.000000
1170.000000,5154.000000,1610.000000,5162.000000
2353.000000,448.000000,2215.000000,631.000000
5051.000000,4177.000000,4807.000000,4261.000000
1565.000000,3705.000000,1544.000000,4025.000000
2867.000000,802.000000,2709.000000,889.000000
3828.000000,3707.000000,3655.000000,3811.000000
1219.000000,3599.000000,1237.000000,3700.000000
2046.000000,4893.000000,1844.000000,5054.000000
4129.000000,2725.000000,4306.000000,3058.000000
2945.000000,4983.000000,2855.000000,5060.000000
1544.000000,4025.000000,1412.000000,4053.000000
808.000000,4685.000000,836.000000,4895.000000
2528.000000,2176.000000,2604.000000,2284.000000
3037.000000,2123.000000,3107.000000,2392.000000
2101.000000,4379.000000,2177.000000,4387.000000
855.000000,5148.000000,1170.000000,5154.000000
4128.000000,378.000000,3870.000000,539.000000
228.000000,4058.000000,435.000000,4561.000000
4534.000000,263.000000,4526.000000,524.000000
4275.000000,5091.000000,4861.000000,5234.000000
228.000000,4058.000000,843.000000,4264.000000
4205.000000,5222.000000,4042.000000,5370.000000
2250.000000,3103.000000,2109.000000,3264.000000
1408.000000,1488.000000,1014.000000,1720.000000
3666.000000,1060.000000,3514.000000,1350.000000
5021.000000,3070.000000,5250.000000,3450.000000
859.000000,1719.000000,1014.000000,1720.000000
446.000000,2821.000000,203.000000,2923.000000
2023.000000,745.000000,1666.000000,862.000000
2421.000000,2548.000000,2820.000000,2692.000000
412.000000,104.000000,434.000000,476.000000
3444.000000,5119.000000,3308.000000,5138.000000
836.000000,4895.000000,650.000000,4993.000000
1147.000000,2557.000000,1462.000000,2572.000000
3772.000000,4416.000000,4111.000000,4492.000000
1613.000000,2447.000000,1462.000000,2572.000000
4557.000000,2517.000000,4790.000000,2848.000000
5051.000000,4177.000000,5315.000000,4336.000000
4864.000000,4515.000000,4955.000000,4731.000000
2425.000000,2391.000000,2130.000000,2483.000000
4538.000000,2842.000000,4790.000000,2848.000000
3751.000000,4149.000000,4111.000000,4492.000000
3444.000000,5119.000000,3612.000000,5242.000000
2023.000000,745.000000,2160.000000,850.000000
5218.000000,2865.000000,5268.000000,2953.000000
2755.000000,3360.000000,2891.000000,3441.000000
86.000000,464.000000,226.000000,601.000000
1123.000000,86.000000,1284.000000,223.000000
2956.000000,570.000000,2867.000000,802.000000
2160.000000,850.000000,1723.000000,1048.000000
4898.000000,1518.000000,5050.000000,1575.000000
4306.000000,3058.000000,4504.000000,3162.000000
610.000000,3125.000000,493.000000,3178.000000
2383.000000,4965.000000,2416.000000,5151.000000
1360.000000,2742.000000,1175.000000,2940.000000
448.000000,514.000000,460.000000,514.000000
2682.000000,4840.000000,2661.000000,4880.000000
1394.000000,940.000000,1471.000000,1240.000000
2096.000000,2429.000000,2019.000000,2475.000000
4667.000000,5219.000000,4967.000000,5318.000000
1033.000000,576.000000,817.000000,750.000000
4832.000000,66.000000,4804.000000,130.000000
975.000000,1053.000000,1151.000000,1413.000000
4065.000000,1299.000000,4187.000000,1439.000000
3197.000000,3152.000000,3437.000000,3413.000000
1077.000000,3457.000000,1219.000000,3599.000000
1298.000000,546.000000,1109.000000,699.000000
1123.000000,86.000000,1497.000000,183.000000
3478.000000,1086.000000,3515.000000,1292.000000
3549.000000,532.000000,3797.000000,881.000000
3666.000000,1060.000000,3813.000000,1304.000000
3638.000000,4460.000000,3673.000000,4660.000000
4937.000000,762.000000,4862.000000,795.000000
1298.000000,546.000000,1033.000000,576.000000
127.000000,2485.000000,474.000000,2652.000000
412.000000,104.000000,460.000000,514.000000
5331.000000,1808.000000,5236.000000,1817.000000
1982.000000,1346.000000,1900.000000,1668.000000
3589.000000,2546.000000,3252.000000,2641.000000
4832.000000,66.000000,4961.000000,121.000000
2500.000000,4452.000000,2559.000000,4525.000000
3277.000000,1070.000000,3220.000000,1324.000000
1761.000000,5009.000000,1844.000000,5054.000000
1065.000000,3381.000000,916.000000,3618.000000
2741.000000,3153.000000,2736.000000,3262.000000
4623.000000,4588.000000,4955.000000,4731.000000
3325.000000,4461.000000,3311.000000,4463.000000
104.000000,53.000000,412.000000,104.000000
2802.000000,2313.000000,2425.000000,2391.000000
381.000000,3720.000000,576.000000,3915.000000
2485.000000,4756.000000,2574.000000,4921.000000
1651.000000,1832.000000,1604.000000,1867.000000
1876.000000,4128.000000,2061.000000,4279.000000
3326.000000,558.000000,2956.000000,570.000000
4200.000000,1922.000000,4378.000000,2421.000000
410.000000,1623.000000,859.000000,1719.000000
1394.000000,940.000000,930.000000,999.000000
982.000000,678.000000,1135.000000,765.000000
3248.000000,465.000000,2956.000000,570.000000
1771.000000,2682.000000,1250.000000,2988.000000
4902.000000,3727.000000,5073.000000,3963.000000
4862.000000,795.000000,4578.000000,971.000000
4318.000000,2456.000000,4440.000000,2673.000000
313.000000,3050.000000,32.000000,3235.000000
3402.000000,3135.000000,3376.000000,3334.000000
5051.000000,4177.000000,5238.000000,4234.000000
3004.000000,1689.000000,2879.000000,2052.000000
3125.000000,1995.000000,3037.000000,2123.000000
1135.000000,765.000000,930.000000,999.000000
410.000000,1623.000000,297.000000,1660.000000
189.000000,2222.000000,457.000000,2353.000000
645.000000,5178.000000,696.000000,5231.000000
1462.000000,2572.000000,1610.000000,2578.000000
804.000000,3402.000000,551.000000,3546.000000
4137.000000,5048.000000,4205.000000,5222.000000
650.000000,4993.000000,284.000000,5236.000000
5056.000000,53.000000,5238.000000,580.000000
381.000000,3720.000000,193.000000,4041.000000
4344.000000,4588.000000,4623.000000,4588.000000
4961.000000,121.000000,5092.000000,175.000000
1250.000000,2988.000000,1314.000000,3161.000000
3776.000000,5232.000000,4042.000000,5370.000000
3973.000000,5057.000000,4042.000000,5370.000000
775.000000,3681.000000,790.000000,3855.000000
4604.000000,3929.000000,4521.000000,4019.000000
1900.000000,1668.000000,2224.000000,2012.000000
2891.000000,3441.000000,2817.000000,3587.000000
1635.000000,4359.000000,1970.000000,4685.000000
1635.000000,4359.000000,1360.000000,4855.000000
827.000000,5336.000000,1815.000000,5345.000000
5243.000000,2728.000000,5218.000000,2865.000000
3220.000000,1324.000000,2549.000000,1583.000000
2050.000000,2984.000000,2109.000000,3264.000000
4128.000000,378.000000,4221.000000,509.000000
3638.000000,4460.000000,3689.000000,4701.000000
4898.000000,1518.000000,4921.000000,1619.000000
855.000000,5148.000000,667.000000,5173.000000
5073.000000,3963.000000,4807.000000,4261.000000
843.000000,4264.000000,941.000000,4428.000000
1900.000000,1668.000000,1604.000000,1867.000000
2177.000000,4387.000000,2270.000000,4453.000000
603.000000,1897.000000,546.000000,2144.000000
4961.000000,121.000000,5028.000000,490.000000
2190.000000,27.000000,104.000000,53.000000
1828.000000,477.000000,1529.000000,746.000000
3419.000000,4884.000000,3124.000000,4967.000000
1009.000000,3837.000000,1412.000000,4053.000000
667.000000,5173.000000,696.000000,5231.000000
807.000000,2270.000000,801.000000,2277.000000
4207.000000,4838.000000,4308.000000,4877.000000
1970.000000,4685.000000,2029.000000,4741.000000
4902.000000,3727.000000,4637.000000,3947.000000
1792.000000,2560.000000,1610.000000,2578.000000
3655.000000,3811.000000,3628.000000,3921.000000
154.000000,429.000000,86.000000,464.000000
3246.000000,4009.000000,3217.000000,4300.000000
4082.000000,3944.000000,3751.000000,4149.000000
3673.000000,4660.000000,3419.000000,4884.000000
4143.000000,1779.000000,4200.000000,1922.000000
2500.000000,4452.000000,2598.000000,4460.000000
3764.000000,3568.000000,3828.000000,3707.000000
5145.000000,2451.000000,5073.000000,2559.000000
715.000000,843.000000,827.000000,919.000000
1298.000000,546.000000,1135.000000,765.000000
1970.000000,4685.000000,1910.000000,4756.000000
1457.000000,3398.000000,1645.000000,3463.000000
4862.000000,795.000000,4697.000000,1149.000000
4502.000000,1929.000000,4378.000000,2421.000000
4404.000000,3333.000000,3996.000000,3506.000000
4724.000000,2325.000000,4889.000000,2327.000000
2190.000000,27.000000,1965.000000,93.000000
1986.000000,3451.000000,2173.000000,3528.000000
2763.000000,5260.000000,3183.000000,5367.000000
3220.000000,1324.000000,3438.000000,1377.000000
551.000000,3546.000000,775.000000,3681.000000
1849.000000,4272.000000,1635.000000,4359.000000
1077.000000,3457.000000,916.000000,3618.000000
3988.000000,4804.000000,4137.000000,5048.000000
1170.000000,5154.000000,1815.000000,5345.000000
2687.000000,2059.000000,2604.000000,2284.000000
215.000000,1745.000000,358.000000,2021.000000
4889.000000,2327.000000,4790.000000,2848.000000
4790.000000,2848.000000,4504.000000,3162.000000
2580.000000,3684.000000,2467.000000,4172.000000
3606.000000,2208.000000,3698.000000,2350.000000
677.000000,538.000000,817.000000,750.000000
3339.000000,2038.000000,3606.000000,2208.000000
1982.000000,1346.000000,1556.000000,1438.000000
1792.000000,2560.000000,1771.000000,2682.000000
1284.000000,223.000000,1298.000000,546.000000
1492.000000,1750.000000,1596.000000,1776.000000
2661.000000,4880.000000,2574.000000,4921.000000
5193.000000,1496.000000,5166.000000,1633.000000
3201.000000,1966.000000,3125.000000,1995.000000
4284.000000,4933.000000,4275.000000,5091.000000
2404.000000,3062.000000,2396.000000,3234.000000
3004.000000,1689.000000,3141.000000,1748.000000
2270.000000,4453.000000,2036.000000,4654.000000
2867.000000,802.000000,2590.000000,971.000000
2177.000000,4387.000000,2036.000000,4654.000000
4921.000000,1619.000000,4665.000000,1716.000000
2736.000000,3262.000000,2755.000000,3360.000000
2907.000000,184.000000,2687.000000,200.000000
2372.000000,1679.000000,2728.000000,1709.000000
