POINTS
1584.000000,5.000000
3170.000000,9.000000
3689.000000,19.000000
2252.000000,22.000000
4677.000000,24.000000
4014.000000,26.000000
1336.000000,30.000000
2152.000000,69.000000
2616.000000,86.000000
3254.000000,86.000000
3563.000000,86.000000
4164.000000,87.000000
535.000000,89.000000
2622.000000,97.000000
5288.000000,97.000000
4019.000000,108.000000
3007.000000,111.000000
181.000000,115.000000
4955.000000,129.000000
4632.000000,133.000000
1716.000000,160.000000
453.000000,184.000000
1252.000000,190.000000
3017.000000,204.000000
1848.000000,211.000000
3936.000000,224.000000
3011.000000,232.000000
2867.000000,248.000000
2099.000000,255.000000
360.000000,285.000000
2574.000000,289.000000
1113.000000,291.000000
3447.000000,295.000000
1359.000000,301.000000
3017.000000,309.000000
3660.000000,319.000000
267.000000,327.000000
4309.000000,338.000000
4476.000000,359.000000
839.000000,361.000000
2158.000000,363.000000
4185.000000,385.000000
1100.000000,392.000000
2084.000000,426.000000
1296.000000,428.000000
4621.000000,437.000000
1396.000000,446.000000
3714.000000,458.000000
5073.000000,468.000000
3820.000000,474.000000
4745.000000,492.000000
3075.000000,494.000000
3385.000000,497.000000
3466.000000,498.000000
3429.000000,508.000000
933.000000,522.000000
1859.000000,532.000000
2448.000000,539.000000
5315.000000,544.000000
3587.000000,580.000000
4198.000000,586.000000
2490.000000,590.000000
4179.000000,631.000000
91.000000,635.000000
4850.000000,635.000000
2183.000000,658.000000
4704.000000,659.000000
75.000000,661.000000
2522.000000,665.000000
4796.000000,665.000000
377.000000,675.000000
3513.000000,685.000000
5105.000000,685.000000
343.000000,723.000000
1710.000000,728.000000
412.000000,729.000000
3929.000000,729.000000
3710.000000,735.000000
2775.000000,756.000000
4332.000000,783.000000
1220.000000,828.000000
3764.000000,828.000000
2777.000000,837.000000
1095.000000,843.000000
4401.000000,845.000000
3782.000000,847.000000
4601.000000,856.000000
3652.000000,858.000000
4839.000000,858.000000
4397.000000,861.000000
1798.000000,862.000000
2420.000000,864.000000
2664.000000,884.000000
4654.000000,886.000000
1267.000000,892.000000
1016.000000,897.000000
2435.000000,909.000000
4559.000000,914.000000
1731.000000,918.000000
2516.000000,918.000000
1414.000000,925.000000
190.000000,927.000000
5360.000000,931.000000
1509.000000,941.000000
2201.000000,942.000000
1070.000000,963.000000
4774.000000,965.000000
2711.000000,972.000000
5.000000,1004.000000
184.000000,1025.000000
269.000000,1033.000000
1343.000000,1033.000000
816.000000,1034.000000
1553.000000,1045.000000
4488.000000,1059.000000
3416.000000,1075.000000
4533.000000,1077.000000
1679.000000,1088.000000
1271.000000,1095.000000
5214.000000,1102.000000
4529.000000,1106.000000
3529.000000,1121.000000
896.000000,1124.000000
4034.000000,1127.000000
4220.000000,1129.000000
2201.000000,1131.000000
3784.000000,1140.000000
205.000000,1150.000000
1954.000000,1155.000000
2167.000000,1160.000000
4719.000000,1165.000000
2559.000000,1174.000000
900.000000,1182.000000
1221.000000,1185.000000
4435.000000,1195.000000
3598.000000,1201.000000
3992.000000,1201.000000
869.000000,1210.000000
1870.000000,1230.000000
1997.000000,1236.000000
3068.000000,1247.000000
4359.000000,1262.000000
4382.000000,1270.000000
4740.000000,1317.000000
3403.000000,1318.000000
4581.000000,1319.000000
1958.000000,1367.000000
2668.000000,1381.000000
4979.000000,1387.000000
2394.000000,1390.000000
3669.000000,1396.000000
570.000000,1418.000000
3371.000000,1477.000000
1054.000000,1479.000000
934.000000,1482.000000
2156.000000,1495.000000
2820.000000,1506.000000
4024.000000,1531.000000
3323.000000,1534.000000
1830.000000,1542.000000
2961.000000,1565.000000
5022.000000,1566.000000
3134.000000,1568.000000
500.000000,1587.000000
1873.000000,1593.000000
3099.000000,1602.000000
505.000000,1615.000000
3592.000000,1634.000000
3814.000000,1635.000000
1282.000000,1640.000000
4930.000000,1670.000000
3021.000000,1685.000000
4999.000000,1691.000000
4200.000000,1697.000000
1049.000000,1701.000000
2157.000000,1721.000000
1275.000000,1755.000000
3439.000000,1757.000000
1042.000000,1764.000000
3617.000000,1796.000000
830.000000,1805.000000
1514.000000,1811.000000
121.000000,1812.000000
4326.000000,1812.000000
254.000000,1828.000000
220.000000,1829.000000
3995.000000,1829.000000
5132.000000,1836.000000
4.000000,1860.000000
3251.000000,1864.000000
2673.000000,1874.000000
3960.000000,1893.000000
2411.000000,1901.000000
3363.000000,1918.000000
4088.000000,1924.000000
1309.000000,1938.000000
583.000000,1951.000000
3348.000000,1955.000000
5415.000000,1959.000000
483.000000,1972.000000
3054.000000,1982.000000
1072.000000,2027.000000
102.000000,2045.000000
4050.000000,2046.000000
1461.000000,2058.000000
4421.000000,2065.000000
4143.000000,2073.000000
1453.000000,2080.000000
2041.000000,2144.000000
4704.000000,2144.000000
2417.000000,2157.000000
65.000000,2161.000000
1173.000000,2168.000000
1771.000000,2173.000000
1454.000000,2200.000000
3486.000000,2201.000000
4211.000000,2206.000000
945.000000,2209.000000
2494.000000,2212.000000
136.000000,2216.000000
622.000000,2219.000000
66.000000,2223.000000
2896.000000,2224.000000
939.000000,2231.000000
2910.000000,2253.000000
2206.000000,2260.000000
1477.000000,2282.000000
266.000000,2283.000000
511.000000,2283.000000
549.000000,2283.000000
3736.000000,2286.000000
2046.000000,2293.000000
1945.000000,2335.000000
3131.000000,2339.000000
231.000000,2344.000000
5171.000000,2358.000000
3157.000000,2376.000000
5338.000000,2378.000000
2147.000000,2384.000000
2937.000000,2384.000000
4686.000000,2395.000000
3605.000000,2399.000000
593.000000,2422.000000
2324.000000,2425.000000
1143.000000,2444.000000
214.000000,2458.000000
4024.000000,2499.000000
3748.000000,2503.000000
3617.000000,2522.000000
2342.000000,2524.000000
2831.000000,2532.000000
2599.000000,2536.000000
3731.000000,2567.000000
4890.000000,2567.000000
4003.000000,2570.000000
2349.000000,2576.000000
2351.000000,2579.000000
1891.000000,2591.000000
1399.000000,2607.000000
245.000000,2616.000000
926.000000,2640.000000
1688.000000,2644.000000
996.000000,2645.000000
5058.000000,2659.000000
2948.000000,2661.000000
438.000000,2663.000000
1999.000000,2663.000000
2167.000000,2667.000000
308.000000,2678.000000
422.000000,2689.000000
2752.000000,2734.000000
3836.000000,2745.000000
3022.000000,2756.000000
5091.000000,2773.000000
634.000000,2777.000000
1572.000000,2788.000000
2379.000000,2788.000000
2673.000000,2810.000000
776.000000,2827.000000
2451.000000,2833.000000
4789.000000,2838.000000
683.000000,2842.000000
4549.000000,2842.000000
1677.000000,2850.000000
1450.000000,2854.000000
934.000000,2857.000000
3379.000000,2928.000000
1814.000000,2962.000000
142.000000,2963.000000
3854.000000,2963.000000
2865.000000,2967.000000
2030.000000,2990.000000
2541.000000,2997.000000
3725.000000,2997.000000
1157.000000,3037.000000
1239.000000,3048.000000
1465.000000,3051.000000
5042.000000,3052.000000
892.000000,3082.000000
5096.000000,3082.000000
3783.000000,3084.000000
1248.000000,3091.000000
252.000000,3096.000000
2775.000000,3098.000000
1878.000000,3106.000000
680.000000,3133.000000
2983.000000,3134.000000
2027.000000,3144.000000
4223.000000,3146.000000
1494.000000,3147.000000
4612.000000,3151.000000
1667.000000,3162.000000
2237.000000,3162.000000
3305.000000,3169.000000
1191.000000,3176.000000
1918.000000,3198.000000
760.000000,3203.000000
1760.000000,3224.000000
1450.000000,3253.000000
2052.000000,3253.000000
3845.000000,3262.000000
5057.000000,3262.000000
5403.000000,3283.000000
272.000000,3306.000000
1897.000000,3308.000000
3152.000000,3311.000000
1334.000000,3320.000000
2253.000000,3320.000000
4862.000000,3328.000000
1923.000000,3331.000000
3566.000000,3342.000000
4647.000000,3374.000000
3167.000000,3379.000000
4226.000000,3380.000000
1085.000000,3387.000000
2830.000000,3391.000000
1731.000000,3392.000000
1613.000000,3408.000000
2669.000000,3417.000000
5166.000000,3437.000000
1041.000000,3439.000000
4414.000000,3445.000000
3595.000000,3446.000000
4957.000000,3462.000000
255.000000,3498.000000
627.000000,3503.000000
388.000000,3516.000000
354.000000,3522.000000
4339.000000,3527.000000
2081.000000,3530.000000
3142.000000,3532.000000
4242.000000,3563.000000
1935.000000,3571.000000
2136.000000,3573.000000
2808.000000,3577.000000
1423.000000,3603.000000
3086.000000,3603.000000
4959.000000,3615.000000
439.000000,3657.000000
1967.000000,3668.000000
1721.000000,3680.000000
444.000000,3683.000000
504.000000,3692.000000
4167.000000,3693.000000
104.000000,3695.000000
4723.000000,3695.000000
4658.000000,3710.000000
131.000000,3723.000000
2892.000000,3730.000000
34.000000,3737.000000
4301.000000,3750.000000
5356.000000,3750.000000
4994.000000,3755.000000
5303.000000,3756.000000
5281.000000,3771.000000
5118.000000,3788.000000
642.000000,3790.000000
5307.000000,3801.000000
4878.000000,3811.000000
614.000000,3812.000000
1901.000000,3822.000000
3224.000000,3835.000000
3386.000000,3836.000000
4221.000000,3846.000000
3238.000000,3862.000000
2201.000000,3867.000000
5233.000000,3868.000000
574.000000,3879.000000
3278.000000,3880.000000
3790.000000,3893.000000
810.000000,3896.000000
3122.000000,3908.000000
1183.000000,3917.000000
3966.000000,3920.000000
3055.000000,3924.000000
3784.000000,3931.000000
2763.000000,3936.000000
705.000000,3938.000000
1383.000000,3949.000000
2282.000000,3952.000000
4858.000000,3970.000000
3699.000000,3976.000000
3862.000000,3981.000000
1244.000000,4035.000000
1782.000000,4036.000000
2829.000000,4072.000000
4296.000000,4073.000000
3991.000000,4077.000000
2254.000000,4115.000000
4957.000000,4116.000000
4265.000000,4133.000000
565.000000,4137.000000
3230.000000,4142.000000
1382.000000,4151.000000
1454.000000,4153.000000
1775.000000,4158.000000
4857.000000,4161.000000
455.000000,4169.000000
679.000000,4169.000000
4773.000000,4180.000000
2351.000000,4191.000000
2249.000000,4200.000000
4894.000000,4211.000000
3036.000000,4223.000000
2750.000000,4228.000000
2415.000000,4229.000000
2143.000000,4232.000000
2974.000000,4236.000000
1353.000000,4240.000000
4965.000000,4247.000000
1901.000000,4269.000000
2338.000000,4282.000000
2640.000000,4287.000000
4982.000000,4313.000000
3988.000000,4314.000000
1084.000000,4317.000000
317.000000,4337.000000
799.000000,4340.000000
986.000000,4340.000000
1827.000000,4383.000000
4566.000000,4392.000000
865.000000,4394.000000
3489.000000,4405.000000
1559.000000,4418.000000
78.000000,4437.000000
4753.000000,4440.000000
800.000000,4443.000000
4524.000000,4451.000000
2435.000000,4453.000000
3722.000000,4463.000000
4368.000000,4467.000000
2936.000000,4475.000000
1931.000000,4477.000000
366.000000,4504.000000
3121.000000,4507.000000
3101.000000,4508.000000
2815.000000,4526.000000
2036.000000,4535.000000
781.000000,4542.000000
3379.000000,4547.000000
611.000000,4573.000000
3684.000000,4574.000000
1389.000000,4589.000000
2365.000000,4590.000000
4867.000000,4590.000000
3193.000000,4607.000000
4745.000000,4621.000000
5197.000000,4632.000000
3846.000000,4635.000000
3859.000000,4635.000000
3116.000000,4650.000000
183.000000,4668.000000
2821.000000,4668.000000
1241.000000,4675.000000
4446.000000,4695.000000
2362.000000,4703.000000
746.000000,4745.000000
2714.000000,4753.000000
4889.000000,4764.000000
3918.000000,4766.000000
5064.000000,4767.000000
3209.000000,4768.000000
1105.000000,4773.000000
1870.000000,4773.000000
5024.000000,4784.000000
3175.000000,4787.000000
441.000000,4789.000000
1074.000000,4801.000000
4365.000000,4831.000000
5400.000000,4833.000000
4345.000000,4839.000000
2730.000000,4877.000000
1024.000000,4915.000000
823.000000,4927.000000
2666.000000,4965.000000
1530.000000,4972.000000
3530.000000,4973.000000
535.000000,4979.000000
1760.000000,5013.000000
2672.000000,5027.000000
2185.000000,5032.000000
4591.000000,5037.000000
711.000000,5061.000000
4598.000000,5062.000000
4328.000000,5066.000000
4132.000000,5098.000000
2612.000000,5099.000000
2909.000000,5099.000000
4860.000000,5103.000000
3974.000000,5114.000000
4150.000000,5118.000000
3343.000000,5121.000000
1360.000000,5125.000000
2201.000000,5130.000000
860.000000,5139.000000
3340.000000,5154.000000
5021.000000,5157.000000
806.000000,5178.000000
1077.000000,5180.000000
3284.000000,5184.000000
5119.000000,5191.000000
4524.000000,5210.000000
104.000000,5224.000000
2509.000000,5249.000000
2104.000000,5253.000000
611.000000,5280.000000
5242.000000,5296.000000
514.000000,5302.000000
3644.000000,5302.000000
4572.000000,5302.000000
2218.000000,5303.000000
4361.000000,5319.000000
4160.000000,5323.000000
3764.000000,5342.000000
5275.000000,5347.000000
885.000000,5353.000000
4956.000000,5355.000000
263.000000,5362.000000
3402.000000,5368.000000
1087.000000,5370.000000
3127.000000,5397.000000
4210.000000,5398.000000
LINES
1721.000000,3680.000000,1901.000000,3822.000000
4.000000,1860.000000,34.000000,3737.000000
422.000000,2689.000000,252.000000,3096.000000
272.000000,3306.000000,255.000000,3498.000000
266.000000,2283.000000,549.000000,2283.000000
5166.000000,3437.000000,4957.000000,3462.000000
3447.000000,295.000000,3710.000000,735.000000
1679.000000,1088.000000,1870.000000,1230.000000
1997.000000,1236.000000,1958.000000,1367.000000
2831.000000,2532.000000,2599.000000,2536.000000
3254.000000,86.000000,3017.000000,204.000000
3416.000000,1075.000000,3529.000000,1121.000000
1309.000000,1938.000000,1461.000000,2058.000000
1716.000000,160.000000,1359.000000,301.000000
1771.000000,2173.000000,1477.000000,2282.000000
3238.000000,3862.000000,3122.000000,3908.000000
136.000000,2216.000000,66.000000,2223.000000
131.000000,3723.000000,317.000000,4337.000000
255.000000,3498.000000,574.000000,3879.000000
3251.000000,1864.000000,3348.000000,1955.000000
2185.000000,5032.000000,2612.000000,5099.000000
3343.000000,5121.000000,3284.000000,5184.000000
3175.000000,4787.000000,2672.000000,5027.000000
1827.000000,4383.000000,1870.000000,4773.000000
4789.000000,2838.000000,4549.000000,2842.000000
4612.000000,3151.000000,4862.000000,3328.000000
4658.000000,3710.000000,4301.000000,3750.000000
535.000000,89.000000,181.000000,115.000000
830.000000,1805.000000,583.000000,1951.000000
2763.000000,3936.000000,2829.000000,4072.000000
444.000000,3683.000000,614.000000,3812.000000
2494.000000,2212.000000,2342.000000,2524.000000
3784.000000,1140.000000,3669.000000,1396.000000
2052.000000,3253.000000,2136.000000,3573.000000
996.000000,2645.000000,776.000000,2827.000000
4088.000000,1924.000000,4050.000000,2046.000000
2147.000000,2384.000000,2167.000000,2667.000000
4745.000000,492.000000,4850.000000,635.000000
570.000000,1418.000000,254.000000,1828.000000
4476.000000,359.000000,4621.000000,437.000000
4774.000000,965.000000,4719.000000,1165.000000
2622.000000,97.000000,2867.000000,248.000000
3131.000000,2339.000000,3157.000000,2376.000000
5064.000000,4767.000000,5400.000000,4833.000000
131.000000,3723.000000,34.000000,3737.000000
933.000000,522.000000,1016.000000,897.000000
1967.000000,3668.000000,2201.000000,3867.000000
5096.000000,3082.000000,5057.000000,3262.000000
4878.000000,3811.000000,4957.000000,4116.000000
3605.000000,2399.000000,3617.000000,2522.000000
1309.000000,1938.000000,1454.000000,2200.000000
4559.000000,914.000000,4529.000000,1106.000000
5021.000000,5157.000000,5119.000000,5191.000000
2622.000000,97.000000,2574.000000,289.000000
3122.000000,3908.000000,3055.000000,3924.000000
4719.000000,1165.000000,4581.000000,1319.000000
4359.000000,1262.000000,4382.000000,1270.000000
2559.000000,1174.000000,2394.000000,1390.000000
263.000000,5362.000000,3127.000000,5397.000000
255.000000,3498.000000,131.000000,3723.000000
1084.000000,4317.000000,1241.000000,4675.000000
1731.000000,918.000000,1679.000000,1088.000000
3513.000000,685.000000,3652.000000,858.000000
4221.000000,3846.000000,3991.000000,4077.000000
1450.000000,3253.000000,1334.000000,3320.000000
1584.000000,5.000000,535.000000,89.000000
4677.000000,24.000000,4309.000000,338.000000
4598.000000,5062.000000,4860.000000,5103.000000
5091.000000,2773.000000,5096.000000,3082.000000
2046.000000,2293.000000,1945.000000,2335.000000
1454.000000,2200.000000,1477.000000,2282.000000
34.000000,3737.000000,317.000000,4337.000000
1798.000000,862.000000,1954.000000,1155.000000
1221.000000,1185.000000,1282.000000,1640.000000
5315.000000,544.000000,5360.000000,931.000000
4296.000000,4073.000000,4368.000000,4467.000000
3783.000000,3084.000000,3845.000000,3262.000000
3278.000000,3880.000000,3699.000000,3976.000000
3731.000000,2567.000000,4003.000000,2570.000000
5315.000000,544.000000,5105.000000,685.000000
2509.000000,5249.000000,2218.000000,5303.000000
1827.000000,4383.000000,1559.000000,4418.000000
1897.000000,3308.000000,1721.000000,3680.000000
5.000000,1004.000000,205.000000,1150.000000
2936.000000,4475.000000,2815.000000,4526.000000
1878.000000,3106.000000,1918.000000,3198.000000
3854.000000,2963.000000,3783.000000,3084.000000
4365.000000,4831.000000,4345.000000,4839.000000
1450.000000,2854.000000,1157.000000,3037.000000
1343.000000,1033.000000,1271.000000,1095.000000
4533.000000,1077.000000,4435.000000,1195.000000
1494.000000,3147.000000,1450.000000,3253.000000
2351.000000,4191.000000,2640.000000,4287.000000
1042.000000,1764.000000,1173.000000,2168.000000
5233.000000,3868.000000,4965.000000,4247.000000
3379.000000,4547.000000,3193.000000,4607.000000
1383.000000,3949.000000,1454.000000,4153.000000
3644.000000,5302.000000,3764.000000,5342.000000
5064.000000,4767.000000,5024.000000,4784.000000
4591.000000,5037.000000,4524.000000,5210.000000
781.000000,4542.000000,746.000000,4745.000000
2909.000000,5099.000000,3343.000000,5121.000000
3134.000000,1568.000000,3439.000000,1757.000000
4164.000000,87.000000,4185.000000,385.000000
4421.000000,2065.000000,4143.000000,2073.000000
3513.000000,685.000000,3764.000000,828.000000
1173.000000,2168.000000,939.000000,2231.000000
4566.000000,4392.000000,4753.000000,4440.000000
4309.000000,338.000000,4185.000000,385.000000
1873.000000,1593.000000,2157.000000,1721.000000
3447.000000,295.000000,3466.000000,498.000000
3529.000000,1121.000000,3598.000000,1201.000000
4889.000000,4764.000000,5064.000000,4767.000000
3466.000000,498.000000,2711.000000,972.000000
2815.000000,4526.000000,2714.000000,4753.000000
945.000000,2209.000000,622.000000,2219.000000
1572.000000,2788.000000,1465.000000,3051.000000
5288.000000,97.000000,5073.000000,468.000000
4132.000000,5098.000000,3974.000000,5114.000000
3447.000000,295.000000,3587.000000,580.000000
500.000000,1587.000000,483.000000,1972.000000
1353.000000,4240.000000,1084.000000,4317.000000
1931.000000,4477.000000,1870.000000,4773.000000
2084.000000,426.000000,2183.000000,658.000000
1814.000000,2962.000000,2030.000000,2990.000000
455.000000,4169.000000,366.000000,4504.000000
535.000000,4979.000000,104.000000,5224.000000
4774.000000,965.000000,4740.000000,1317.000000
3530.000000,4973.000000,3343.000000,5121.000000
317.000000,4337.000000,183.000000,4668.000000
2052.000000,3253.000000,2892.000000,3730.000000
4223.000000,3146.000000,3845.000000,3262.000000
1798.000000,862.000000,1679.000000,1088.000000
2147.000000,2384.000000,1891.000000,2591.000000
2411.000000,1901.000000,2494.000000,2212.000000
3278.000000,3880.000000,3722.000000,4463.000000
1465.000000,3051.000000,1450.000000,3253.000000
121.000000,1812.000000,220.000000,1829.000000
3121.000000,4507.000000,3379.000000,4547.000000
214.000000,2458.000000,142.000000,2963.000000
1514.000000,1811.000000,1771.000000,2173.000000
570.000000,1418.000000,505.000000,1615.000000
3725.000000,2997.000000,3845.000000,3262.000000
3230.000000,4142.000000,3036.000000,4223.000000
996.000000,2645.000000,1085.000000,3387.000000
252.000000,3096.000000,388.000000,3516.000000
3021.000000,1685.000000,3054.000000,1982.000000
2052.000000,3253.000000,2081.000000,3530.000000
3513.000000,685.000000,3416.000000,1075.000000
4414.000000,3445.000000,4658.000000,3710.000000
1572.000000,2788.000000,1450.000000,2854.000000
3846.000000,4635.000000,3918.000000,4766.000000
3055.000000,3924.000000,2763.000000,3936.000000
2490.000000,590.000000,2775.000000,756.000000
1383.000000,3949.000000,1244.000000,4035.000000
4.000000,1860.000000,65.000000,2161.000000
3343.000000,5121.000000,3340.000000,5154.000000
4704.000000,659.000000,4654.000000,886.000000
1901.000000,4269.000000,1931.000000,4477.000000
2961.000000,1565.000000,3099.000000,1602.000000
3101.000000,4508.000000,2821.000000,4668.000000
3386.000000,3836.000000,3278.000000,3880.000000
4132.000000,5098.000000,4150.000000,5118.000000
1584.000000,5.000000,1336.000000,30.000000
3209.000000,4768.000000,3175.000000,4787.000000
934.000000,2857.000000,1085.000000,3387.000000
2775.000000,756.000000,2664.000000,884.000000
2435.000000,4453.000000,2815.000000,4526.000000
5197.000000,4632.000000,5064.000000,4767.000000
183.000000,4668.000000,104.000000,5224.000000
1731.000000,918.000000,1553.000000,1045.000000
1530.000000,4972.000000,1760.000000,5013.000000
3992.000000,1201.000000,4359.000000,1262.000000
2206.000000,2260.000000,2324.000000,2425.000000
4789.000000,2838.000000,5042.000000,3052.000000
1461.000000,2058.000000,1477.000000,2282.000000
5303.000000,3756.000000,5307.000000,3801.000000
2420.000000,864.000000,2435.000000,909.000000
1389.000000,4589.000000,1530.000000,4972.000000
1157.000000,3037.000000,1191.000000,3176.000000
2730.000000,4877.000000,2672.000000,5027.000000
5415.000000,1959.000000,5338.000000,2378.000000
1945.000000,2335.000000,1891.000000,2591.000000
1870.000000,1230.000000,1282.000000,1640.000000
2183.000000,658.000000,2420.000000,864.000000
269.000000,1033.000000,205.000000,1150.000000
1389.000000,4589.000000,1241.000000,4675.000000
2158.000000,363.000000,2183.000000,658.000000
444.000000,3683.000000,642.000000,3790.000000
3689.000000,19.000000,3660.000000,319.000000
2167.000000,1160.000000,1958.000000,1367.000000
1999.000000,2663.000000,1814.000000,2962.000000
1100.000000,392.000000,1220.000000,828.000000
3379.000000,2928.000000,2983.000000,3134.000000
5073.000000,468.000000,5315.000000,544.000000
1084.000000,4317.000000,986.000000,4340.000000
2435.000000,909.000000,2516.000000,918.000000
3122.000000,3908.000000,3230.000000,4142.000000
5166.000000,3437.000000,4994.000000,3755.000000
1775.000000,4158.000000,1827.000000,4383.000000
535.000000,89.000000,839.000000,361.000000
220.000000,1829.000000,4.000000,1860.000000
4601.000000,856.000000,4397.000000,861.000000
4753.000000,4440.000000,5064.000000,4767.000000
2714.000000,4753.000000,2612.000000,5099.000000
360.000000,285.000000,377.000000,675.000000
3689.000000,19.000000,4677.000000,24.000000
2815.000000,4526.000000,2365.000000,4590.000000
2830.000000,3391.000000,3086.000000,3603.000000
2640.000000,4287.000000,2815.000000,4526.000000
2036.000000,4535.000000,1870.000000,4773.000000
2668.000000,1381.000000,3021.000000,1685.000000
5242.000000,5296.000000,5275.000000,5347.000000
412.000000,729.000000,570.000000,1418.000000
4345.000000,4839.000000,4591.000000,5037.000000
511.000000,2283.000000,593.000000,2422.000000
810.000000,3896.000000,705.000000,3938.000000
4361.000000,5319.000000,4210.000000,5398.000000
4160.000000,5323.000000,4210.000000,5398.000000
181.000000,115.000000,91.000000,635.000000
4034.000000,1127.000000,4220.000000,1129.000000
3447.000000,295.000000,3764.000000,828.000000
1113.000000,291.000000,1359.000000,301.000000
78.000000,4437.000000,104.000000,5224.000000
3379.000000,4547.000000,3209.000000,4768.000000
680.000000,3133.000000,760.000000,3203.000000
263.000000,5362.000000,1087.000000,5370.000000
776.000000,2827.000000,934.000000,2857.000000
2821.000000,4668.000000,2714.000000,4753.000000
4488.000000,1059.000000,4533.000000,1077.000000
1584.000000,5.000000,1359.000000,301.000000
4839.000000,858.000000,4774.000000,965.000000
799.000000,4340.000000,800.000000,4443.000000
3529.000000,1121.000000,3784.000000,1140.000000
5024.000000,4784.000000,5021.000000,5157.000000
4164.000000,87.000000,4019.000000,108.000000
3017.000000,309.000000,2777.000000,837.000000
5105.000000,685.000000,4839.000000,858.000000
4223.000000,3146.000000,4414.000000,3445.000000
4211.000000,2206.000000,4024.000000,2499.000000
343.000000,723.000000,190.000000,927.000000
1100.000000,392.000000,933.000000,522.000000
1584.000000,5.000000,1716.000000,160.000000
504.000000,3692.000000,642.000000,3790.000000
1878.000000,3106.000000,1667.000000,3162.000000
1760.000000,5013.000000,2104.000000,5253.000000
1613.000000,3408.000000,1423.000000,3603.000000
3660.000000,319.000000,3820.000000,474.000000
5073.000000,468.000000,4850.000000,635.000000
4621.000000,437.000000,4704.000000,659.000000
2831.000000,2532.000000,2948.000000,2661.000000
2948.000000,2661.000000,2865.000000,2967.000000
2183.000000,658.000000,2201.000000,942.000000
2936.000000,4475.000000,3121.000000,4507.000000
266.000000,2283.000000,511.000000,2283.000000
1450.000000,2854.000000,1239.000000,3048.000000
4581.000000,1319.000000,4930.000000,1670.000000
2673.000000,2810.000000,2541.000000,2997.000000
3116.000000,4650.000000,2821.000000,4668.000000
4401.000000,845.000000,4397.000000,861.000000
1359.000000,301.000000,1296.000000,428.000000
860.000000,5139.000000,806.000000,5178.000000
2249.000000,4200.000000,1901.000000,4269.000000
3736.000000,2286.000000,3605.000000,2399.000000
1143.000000,2444.000000,996.000000,2645.000000
360.000000,285.000000,267.000000,327.000000
4591.000000,5037.000000,4328.000000,5066.000000
3167.000000,3379.000000,3595.000000,3446.000000
4200.000000,1697.000000,4088.000000,1924.000000
3284.000000,5184.000000,2509.000000,5249.000000
2201.000000,1131.000000,1954.000000,1155.000000
2865.000000,2967.000000,2983.000000,3134.000000
252.000000,3096.000000,255.000000,3498.000000
1100.000000,392.000000,1016.000000,897.000000
266.000000,2283.000000,245.000000,2616.000000
2206.000000,2260.000000,2046.000000,2293.000000
5.000000,1004.000000,121.000000,1812.000000
252.000000,3096.000000,104.000000,3695.000000
254.000000,1828.000000,102.000000,2045.000000
4719.000000,1165.000000,4435.000000,1195.000000
2201.000000,3867.000000,2249.000000,4200.000000
272.000000,3306.000000,388.000000,3516.000000
900.000000,1182.000000,869.000000,1210.000000
4034.000000,1127.000000,3992.000000,1201.000000
1454.000000,4153.000000,1353.000000,4240.000000
3731.000000,2567.000000,3725.000000,2997.000000
2714.000000,4753.000000,2666.000000,4965.000000
2324.000000,2425.000000,2342.000000,2524.000000
4894.000000,4211.000000,4566.000000,4392.000000
1878.000000,3106.000000,2027.000000,3144.000000
1901.000000,3822.000000,1775.000000,4158.000000
2237.000000,3162.000000,2253.000000,3320.000000
1248.000000,3091.000000,1334.000000,3320.000000
3068.000000,1247.000000,3134.000000,1568.000000
5024.000000,4784.000000,4591.000000,5037.000000
711.000000,5061.000000,806.000000,5178.000000
2158.000000,363.000000,2084.000000,426.000000
4878.000000,3811.000000,4858.000000,3970.000000
933.000000,522.000000,816.000000,1034.000000
3224.000000,3835.000000,3386.000000,3836.000000
4200.000000,1697.000000,4326.000000,1812.000000
2599.000000,2536.000000,2351.000000,2579.000000
1360.000000,5125.000000,1077.000000,5180.000000
2420.000000,864.000000,2516.000000,918.000000
583.000000,1951.000000,483.000000,1972.000000
3170.000000,9.000000,3017.000000,204.000000
3230.000000,4142.000000,3722.000000,4463.000000
3086.000000,3603.000000,2892.000000,3730.000000
816.000000,1034.000000,896.000000,1124.000000
5356.000000,3750.000000,5307.000000,3801.000000
3731.000000,2567.000000,3379.000000,2928.000000
3379.000000,4547.000000,3684.000000,4574.000000
3714.000000,458.000000,3820.000000,474.000000
3725.000000,2997.000000,3783.000000,3084.000000
4572.000000,5302.000000,4210.000000,5398.000000
2379.000000,2788.000000,2237.000000,3162.000000
3918.000000,4766.000000,4132.000000,5098.000000
5.000000,1004.000000,269.000000,1033.000000
4.000000,1860.000000,104.000000,3695.000000
3722.000000,4463.000000,3684.000000,4574.000000
3305.000000,3169.000000,3595.000000,3446.000000
4753.000000,4440.000000,4745.000000,4621.000000
4862.000000,3328.000000,4959.000000,3615.000000
3530.000000,4973.000000,3644.000000,5302.000000
3736.000000,2286.000000,4003.000000,2570.000000
4339.000000,3527.000000,4301.000000,3750.000000
4179.000000,631.000000,4601.000000,856.000000
746.000000,4745.000000,711.000000,5061.000000
4857.000000,4161.000000,4894.000000,4211.000000
4839.000000,858.000000,5360.000000,931.000000
3784.000000,3931.000000,3699.000000,3976.000000
4658.000000,3710.000000,4878.000000,3811.000000
1271.000000,1095.000000,1221.000000,1185.000000
1461.000000,2058.000000,1771.000000,2173.000000
3845.000000,3262.000000,3566.000000,3342.000000
66.000000,2223.000000,104.000000,3695.000000
1275.000000,1755.000000,1309.000000,1938.000000
3992.000000,1201.000000,3669.000000,1396.000000
535.000000,4979.000000,711.000000,5061.000000
1157.000000,3037.000000,1248.000000,3091.000000
1870.000000,1230.000000,1514.000000,1811.000000
2027.000000,3144.000000,2052.000000,3253.000000
3764.000000,828.000000,3782.000000,847.000000
1072.000000,2027.000000,945.000000,2209.000000
4572.000000,5302.000000,4361.000000,5319.000000
2415.000000,4229.000000,2435.000000,4453.000000
933.000000,522.000000,412.000000,729.000000
343.000000,723.000000,412.000000,729.000000
4185.000000,385.000000,3929.000000,729.000000
5356.000000,3750.000000,5400.000000,4833.000000
511.000000,2283.000000,549.000000,2283.000000
5022.000000,1566.000000,5132.000000,1836.000000
1282.000000,1640.000000,1042.000000,1764.000000
4211.000000,2206.000000,3736.000000,2286.000000
2183.000000,658.000000,2201.000000,1131.000000
5360.000000,931.000000,5415.000000,1959.000000
66.000000,2223.000000,214.000000,2458.000000
366.000000,4504.000000,781.000000,4542.000000
2156.000000,1495.000000,2157.000000,1721.000000
3017.000000,204.000000,3017.000000,309.000000
1414.000000,925.000000,1509.000000,941.000000
781.000000,4542.000000,611.000000,4573.000000
4862.000000,3328.000000,4647.000000,3374.000000
388.000000,3516.000000,354.000000,3522.000000
2522.000000,665.000000,2775.000000,756.000000
2365.000000,4590.000000,2714.000000,4753.000000
1244.000000,4035.000000,1084.000000,4317.000000
3960.000000,1893.000000,3348.000000,1955.000000
3764.000000,5342.000000,4210.000000,5398.000000
1509.000000,941.000000,1553.000000,1045.000000
2351.000000,4191.000000,2415.000000,4229.000000
2030.000000,2990.000000,2237.000000,3162.000000
1334.000000,3320.000000,1041.000000,3439.000000
4621.000000,437.000000,4601.000000,856.000000
1494.000000,3147.000000,1613.000000,3408.000000
2218.000000,5303.000000,3127.000000,5397.000000
4167.000000,3693.000000,3790.000000,3893.000000
1423.000000,3603.000000,1183.000000,3917.000000
1873.000000,1593.000000,2206.000000,2260.000000
3790.000000,3893.000000,3784.000000,3931.000000
1220.000000,828.000000,1095.000000,843.000000
2865.000000,2967.000000,2775.000000,3098.000000
255.000000,3498.000000,104.000000,3695.000000
1891.000000,2591.000000,1677.000000,2850.000000
3846.000000,4635.000000,3859.000000,4635.000000
3782.000000,847.000000,3652.000000,858.000000
4677.000000,24.000000,4632.000000,133.000000
3075.000000,494.000000,3385.000000,497.000000
4524.000000,4451.000000,4745.000000,4621.000000
2136.000000,3573.000000,2201.000000,3867.000000
1530.000000,4972.000000,1360.000000,5125.000000
945.000000,2209.000000,939.000000,2231.000000
2673.000000,2810.000000,2865.000000,2967.000000
1897.000000,3308.000000,1731.000000,3392.000000
3991.000000,4077.000000,4265.000000,4133.000000
3991.000000,4077.000000,4368.000000,4467.000000
2249.000000,4200.000000,2415.000000,4229.000000
4745.000000,4621.000000,5064.000000,4767.000000
760.000000,3203.000000,1085.000000,3387.000000
4024.000000,1531.000000,3814.000000,1635.000000
2494.000000,2212.000000,2599.000000,2536.000000
1334.000000,3320.000000,1085.000000,3387.000000
3684.000000,4574.000000,3764.000000,5342.000000
3054.000000,1982.000000,3131.000000,2339.000000
1220.000000,828.000000,1509.000000,941.000000
453.000000,184.000000,360.000000,285.000000
5400.000000,4833.000000,5119.000000,5191.000000
4524.000000,4451.000000,4446.000000,4695.000000
2351.000000,4191.000000,2750.000000,4228.000000
3305.000000,3169.000000,3152.000000,3311.000000
570.000000,1418.000000,500.000000,1587.000000
1191.000000,3176.000000,1334.000000,3320.000000
2379.000000,2788.000000,2451.000000,2833.000000
2599.000000,2536.000000,2752.000000,2734.000000
4994.000000,3755.000000,5118.000000,3788.000000
1336.000000,30.000000,1252.000000,190.000000
2415.000000,4229.000000,2640.000000,4287.000000
2673.000000,1874.000000,2411.000000,1901.000000
2830.000000,3391.000000,2669.000000,3417.000000
1954.000000,1155.000000,1870.000000,1230.000000
2821.000000,4668.000000,2672.000000,5027.000000
2961.000000,1565.000000,3134.000000,1568.000000
830.000000,1805.000000,1072.000000,2027.000000
3340.000000,5154.000000,3402.000000,5368.000000
2669.000000,3417.000000,2808.000000,3577.000000
806.000000,5178.000000,611.000000,5280.000000
2892.000000,3730.000000,2763.000000,3936.000000
2081.000000,3530.000000,2136.000000,3573.000000
1775.000000,4158.000000,1901.000000,4269.000000
3936.000000,224.000000,4185.000000,385.000000
3238.000000,3862.000000,3278.000000,3880.000000
4686.000000,2395.000000,4890.000000,2567.000000
3439.000000,1757.000000,3251.000000,1864.000000
1782.000000,4036.000000,1775.000000,4158.000000
4850.000000,635.000000,4704.000000,659.000000
1343.000000,1033.000000,1553.000000,1045.000000
934.000000,2857.000000,892.000000,3082.000000
4019.000000,108.000000,3660.000000,319.000000
2775.000000,756.000000,2777.000000,837.000000
2948.000000,2661.000000,3379.000000,2928.000000
2185.000000,5032.000000,2509.000000,5249.000000
1072.000000,2027.000000,939.000000,2231.000000
3784.000000,3931.000000,3862.000000,3981.000000
2451.000000,2833.000000,2541.000000,2997.000000
75.000000,661.000000,190.000000,927.000000
810.000000,3896.000000,1084.000000,4317.000000
2041.000000,2144.000000,2046.000000,2293.000000
3784.000000,3931.000000,3991.000000,4077.000000
2574.000000,289.000000,2490.000000,590.000000
3814.000000,1635.000000,4200.000000,1697.000000
65.000000,2161.000000,66.000000,2223.000000
3022.000000,2756.000000,2865.000000,2967.000000
1958.000000,1367.000000,1873.000000,1593.000000
4867.000000,4590.000000,4745.000000,4621.000000
5415.000000,1959.000000,5400.000000,4833.000000
1241.000000,4675.000000,1074.000000,4801.000000
3862.000000,3981.000000,3991.000000,4077.000000
4598.000000,5062.000000,4572.000000,5302.000000
1945.000000,2335.000000,2147.000000,2384.000000
679.000000,4169.000000,366.000000,4504.000000
1782.000000,4036.000000,1559.000000,4418.000000
4632.000000,133.000000,4476.000000,359.000000
181.000000,115.000000,267.000000,327.000000
2201.000000,3867.000000,2282.000000,3952.000000
1113.000000,291.000000,1296.000000,428.000000
4955.000000,129.000000,4632.000000,133.000000
3486.000000,2201.000000,3736.000000,2286.000000
4704.000000,2144.000000,4686.000000,2395.000000
3054.000000,1982.000000,2494.000000,2212.000000
1084.000000,4317.000000,781.000000,4542.000000
377.000000,675.000000,412.000000,729.000000
3017.000000,309.000000,2775.000000,756.000000
2249.000000,4200.000000,2143.000000,4232.000000
5042.000000,3052.000000,5096.000000,3082.000000
5024.000000,4784.000000,4860.000000,5103.000000
5400.000000,4833.000000,5275.000000,5347.000000
1383.000000,3949.000000,1382.000000,4151.000000
142.000000,2963.000000,104.000000,3695.000000
1798.000000,862.000000,1731.000000,918.000000
4024.000000,2499.000000,4003.000000,2570.000000
2775.000000,756.000000,2516.000000,918.000000
1054.000000,1479.000000,1282.000000,1640.000000
535.000000,89.000000,453.000000,184.000000
1721.000000,3680.000000,1183.000000,3917.000000
3170.000000,9.000000,3007.000000,111.000000
505.000000,1615.000000,830.000000,1805.000000
3820.000000,474.000000,3929.000000,729.000000
4894.000000,4211.000000,4982.000000,4313.000000
2394.000000,1390.000000,2157.000000,1721.000000
3684.000000,4574.000000,3209.000000,4768.000000
3170.000000,9.000000,2616.000000,86.000000
549.000000,2283.000000,593.000000,2422.000000
4309.000000,338.000000,4601.000000,856.000000
5119.000000,5191.000000,5242.000000,5296.000000
3447.000000,295.000000,3429.000000,508.000000
3021.000000,1685.000000,2494.000000,2212.000000
2253.000000,3320.000000,2669.000000,3417.000000
2599.000000,2536.000000,2673.000000,2810.000000
2829.000000,4072.000000,2750.000000,4228.000000
5042.000000,3052.000000,4862.000000,3328.000000
2775.000000,3098.000000,2830.000000,3391.000000
1688.000000,2644.000000,1572.000000,2788.000000
2909.000000,5099.000000,2509.000000,5249.000000
1221.000000,1185.000000,1870.000000,1230.000000
4488.000000,1059.000000,4435.000000,1195.000000
2167.000000,1160.000000,1997.000000,1236.000000
2435.000000,909.000000,2201.000000,1131.000000
746.000000,4745.000000,535.000000,4979.000000
4401.000000,845.000000,4601.000000,856.000000
4211.000000,2206.000000,4003.000000,2570.000000
4382.000000,1270.000000,4024.000000,1531.000000
4878.000000,3811.000000,4773.000000,4180.000000
4221.000000,3846.000000,3966.000000,3920.000000
3142.000000,3532.000000,3086.000000,3603.000000
3157.000000,2376.000000,2948.000000,2661.000000
1870.000000,4773.000000,2185.000000,5032.000000
1359.000000,301.000000,1396.000000,446.000000
1143.000000,2444.000000,1399.000000,2607.000000
986.000000,4340.000000,781.000000,4542.000000
1873.000000,1593.000000,2041.000000,2144.000000
4185.000000,385.000000,4198.000000,586.000000
3251.000000,1864.000000,3363.000000,1918.000000
4368.000000,4467.000000,4446.000000,4695.000000
1453.000000,2080.000000,1454.000000,2200.000000
184.000000,1025.000000,269.000000,1033.000000
885.000000,5353.000000,1087.000000,5370.000000
3036.000000,4223.000000,3379.000000,4547.000000
2777.000000,837.000000,2664.000000,884.000000
3224.000000,3835.000000,3055.000000,3924.000000
2282.000000,3952.000000,2750.000000,4228.000000
1870.000000,4773.000000,1760.000000,5013.000000
2417.000000,2157.000000,2206.000000,2260.000000
5132.000000,1836.000000,5415.000000,1959.000000
1221.000000,1185.000000,1054.000000,1479.000000
705.000000,3938.000000,455.000000,4169.000000
3416.000000,1075.000000,3598.000000,1201.000000
1267.000000,892.000000,1271.000000,1095.000000
5403.000000,3283.000000,5400.000000,4833.000000
4894.000000,4211.000000,4965.000000,4247.000000
4957.000000,4116.000000,4857.000000,4161.000000
343.000000,723.000000,269.000000,1033.000000
1049.000000,1701.000000,1042.000000,1764.000000
2351.000000,2579.000000,2379.000000,2788.000000
4200.000000,1697.000000,3995.000000,1829.000000
5233.000000,3868.000000,4957.000000,4116.000000
1461.000000,2058.000000,1453.000000,2080.000000
4890.000000,2567.000000,4789.000000,2838.000000
136.000000,2216.000000,214.000000,2458.000000
231.000000,2344.000000,214.000000,2458.000000
4549.000000,2842.000000,4223.000000,3146.000000
2201.000000,5130.000000,2218.000000,5303.000000
1024.000000,4915.000000,860.000000,5139.000000
4572.000000,5302.000000,4956.000000,5355.000000
3068.000000,1247.000000,2961.000000,1565.000000
3722.000000,4463.000000,3859.000000,4635.000000
810.000000,3896.000000,799.000000,4340.000000
2711.000000,972.000000,2559.000000,1174.000000
4211.000000,2206.000000,4549.000000,2842.000000
565.000000,4137.000000,455.000000,4169.000000
1814.000000,2962.000000,2027.000000,3144.000000
3152.000000,3311.000000,3167.000000,3379.000000
3466.000000,498.000000,3068.000000,1247.000000
3439.000000,1757.000000,3363.000000,1918.000000
680.000000,3133.000000,627.000000,3503.000000
5058.000000,2659.000000,5091.000000,2773.000000
3486.000000,2201.000000,3131.000000,2339.000000
4150.000000,5118.000000,4160.000000,5323.000000
5338.000000,2378.000000,5091.000000,2773.000000
1731.000000,3392.000000,1721.000000,3680.000000
3587.000000,580.000000,3513.000000,685.000000
1399.000000,2607.000000,1572.000000,2788.000000
254.000000,1828.000000,4.000000,1860.000000
4361.000000,5319.000000,4160.000000,5323.000000
1477.000000,2282.000000,1945.000000,2335.000000
4223.000000,3146.000000,4612.000000,3151.000000
1731.000000,918.000000,1509.000000,941.000000
142.000000,2963.000000,252.000000,3096.000000
4894.000000,4211.000000,5197.000000,4632.000000
2829.000000,4072.000000,3036.000000,4223.000000
2342.000000,2524.000000,2599.000000,2536.000000
2201.000000,1131.000000,2394.000000,1390.000000
1016.000000,897.000000,816.000000,1034.000000
3486.000000,2201.000000,3157.000000,2376.000000
1157.000000,3037.000000,1085.000000,3387.000000
810.000000,3896.000000,1183.000000,3917.000000
3251.000000,1864.000000,3054.000000,1982.000000
3230.000000,4142.000000,3489.000000,4405.000000
4529.000000,1106.000000,4719.000000,1165.000000
2616.000000,86.000000,3007.000000,111.000000
2673.000000,1874.000000,2494.000000,2212.000000
1336.000000,30.000000,1113.000000,291.000000
4677.000000,24.000000,4955.000000,129.000000
1360.000000,5125.000000,1087.000000,5370.000000
1267.000000,892.000000,1414.000000,925.000000
317.000000,4337.000000,78.000000,4437.000000
1897.000000,3308.000000,1923.000000,3331.000000
2599.000000,2536.000000,2451.000000,2833.000000
565.000000,4137.000000,679.000000,4169.000000
4301.000000,3750.000000,4296.000000,4073.000000
2673.000000,2810.000000,2451.000000,2833.000000
1613.000000,3408.000000,1721.000000,3680.000000
1999.000000,2663.000000,2030.000000,2990.000000
3731.000000,2567.000000,3836.000000,2745.000000
1572.000000,2788.000000,1677.000000,2850.000000
926.000000,2640.000000,422.000000,2689.000000
3371.000000,1477.000000,3134.000000,1568.000000
184.000000,1025.000000,205.000000,1150.000000
102.000000,2045.000000,136.000000,2216.000000
2910.000000,2253.000000,3131.000000,2339.000000
4365.000000,4831.000000,4591.000000,5037.000000
4850.000000,635.000000,4796.000000,665.000000
3021.000000,1685.000000,3251.000000,1864.000000
705.000000,3938.000000,565.000000,4137.000000
255.000000,3498.000000,317.000000,4337.000000
3363.000000,1918.000000,3348.000000,1955.000000
4446.000000,4695.000000,4365.000000,4831.000000
4382.000000,1270.000000,4581.000000,1319.000000
2136.000000,3573.000000,1967.000000,3668.000000
1241.000000,4675.000000,1530.000000,4972.000000
4414.000000,3445.000000,4301.000000,3750.000000
1336.000000,30.000000,535.000000,89.000000
4704.000000,2144.000000,4211.000000,2206.000000
5022.000000,1566.000000,4999.000000,1691.000000
3669.000000,1396.000000,3371.000000,1477.000000
4242.000000,3563.000000,4301.000000,3750.000000
3710.000000,735.000000,3764.000000,828.000000
2668.000000,1381.000000,2157.000000,1721.000000
3859.000000,4635.000000,3918.000000,4766.000000
2974.000000,4236.000000,2936.000000,4475.000000
2815.000000,4526.000000,2821.000000,4668.000000
2030.000000,2990.000000,2027.000000,3144.000000
483.000000,1972.000000,549.000000,2283.000000
3684.000000,4574.000000,3974.000000,5114.000000
4773.000000,4180.000000,4566.000000,4392.000000
5307.000000,3801.000000,5233.000000,3868.000000
1477.000000,2282.000000,1143.000000,2444.000000
1183.000000,3917.000000,1244.000000,4035.000000
1584.000000,5.000000,1252.000000,190.000000
2948.000000,2661.000000,2752.000000,2734.000000
3254.000000,86.000000,3447.000000,295.000000
3348.000000,1955.000000,3486.000000,2201.000000
5415.000000,1959.000000,5403.000000,3283.000000
1074.000000,4801.000000,1077.000000,5180.000000
3036.000000,4223.000000,2936.000000,4475.000000
1024.000000,4915.000000,1077.000000,5180.000000
3323.000000,1534.000000,3439.000000,1757.000000
3992.000000,1201.000000,4024.000000,1531.000000
679.000000,4169.000000,799.000000,4340.000000
1309.000000,1938.000000,1453.000000,2080.000000
4677.000000,24.000000,4476.000000,359.000000
4774.000000,965.000000,5214.000000,1102.000000
1721.000000,3680.000000,1454.000000,4153.000000
2937.000000,2384.000000,2831.000000,2532.000000
3466.000000,498.000000,3587.000000,580.000000
2714.000000,4753.000000,2730.000000,4877.000000
455.000000,4169.000000,679.000000,4169.000000
1954.000000,1155.000000,1997.000000,1236.000000
2672.000000,5027.000000,2509.000000,5249.000000
3714.000000,458.000000,3710.000000,735.000000
1267.000000,892.000000,1553.000000,1045.000000
2910.000000,2253.000000,2937.000000,2384.000000
2750.000000,4228.000000,2936.000000,4475.000000
4301.000000,3750.000000,4773.000000,4180.000000
439.000000,3657.000000,444.000000,3683.000000
3402.000000,5368.000000,3127.000000,5397.000000
3790.000000,3893.000000,3966.000000,3920.000000
2338.000000,4282.000000,2435.000000,4453.000000
583.000000,1951.000000,622.000000,2219.000000
1282.000000,1640.000000,1049.000000,1701.000000
2936.000000,4475.000000,2821.000000,4668.000000
4889.000000,4764.000000,4591.000000,5037.000000
2522.000000,665.000000,2516.000000,918.000000
896.000000,1124.000000,1221.000000,1185.000000
3991.000000,4077.000000,4446.000000,4695.000000
3403.000000,1318.000000,3371.000000,1477.000000
1721.000000,3680.000000,1782.000000,4036.000000
2711.000000,972.000000,3068.000000,1247.000000
1553.000000,1045.000000,1221.000000,1185.000000
2936.000000,4475.000000,3101.000000,4508.000000
2420.000000,864.000000,2201.000000,942.000000
1679.000000,1088.000000,1954.000000,1155.000000
3960.000000,1893.000000,3736.000000,2286.000000
4612.000000,3151.000000,4647.000000,3374.000000
3995.000000,1829.000000,4088.000000,1924.000000
2417.000000,2157.000000,2494.000000,2212.000000
4647.000000,3374.000000,4723.000000,3695.000000
1775.000000,4158.000000,1559.000000,4418.000000
3530.000000,4973.000000,3340.000000,5154.000000
3348.000000,1955.000000,3131.000000,2339.000000
4220.000000,1129.000000,3992.000000,1201.000000
1945.000000,2335.000000,1688.000000,2644.000000
4524.000000,5210.000000,4572.000000,5302.000000
4339.000000,3527.000000,4242.000000,3563.000000
439.000000,3657.000000,504.000000,3692.000000
2218.000000,5303.000000,1087.000000,5370.000000
4345.000000,4839.000000,4132.000000,5098.000000
2808.000000,3577.000000,2892.000000,3730.000000
245.000000,2616.000000,438.000000,2663.000000
2750.000000,4228.000000,2974.000000,4236.000000
4930.000000,1670.000000,4704.000000,2144.000000
2324.000000,2425.000000,2349.000000,2576.000000
1353.000000,4240.000000,1559.000000,4418.000000
4242.000000,3563.000000,4167.000000,3693.000000
1967.000000,3668.000000,1901.000000,3822.000000
3230.000000,4142.000000,3379.000000,4547.000000
3489.000000,4405.000000,3684.000000,4574.000000
2574.000000,289.000000,3017.000000,309.000000
683.000000,2842.000000,892.000000,3082.000000
2494.000000,2212.000000,2831.000000,2532.000000
1667.000000,3162.000000,1760.000000,3224.000000
4601.000000,856.000000,4654.000000,886.000000
1070.000000,963.000000,1271.000000,1095.000000
4745.000000,492.000000,4704.000000,659.000000
5171.000000,2358.000000,5338.000000,2378.000000
3595.000000,3446.000000,3386.000000,3836.000000
869.000000,1210.000000,505.000000,1615.000000
1252.000000,190.000000,1359.000000,301.000000
1241.000000,4675.000000,746.000000,4745.000000
5132.000000,1836.000000,4704.000000,2144.000000
3722.000000,4463.000000,3846.000000,4635.000000
2574.000000,289.000000,2448.000000,539.000000
3684.000000,4574.000000,3918.000000,4766.000000
2896.000000,2224.000000,2937.000000,2384.000000
4003.000000,2570.000000,4223.000000,3146.000000
4019.000000,108.000000,4185.000000,385.000000
2411.000000,1901.000000,2417.000000,2157.000000
1220.000000,828.000000,1414.000000,925.000000
4301.000000,3750.000000,4221.000000,3846.000000
4740.000000,1317.000000,4581.000000,1319.000000
4654.000000,886.000000,4559.000000,914.000000
4533.000000,1077.000000,4529.000000,1106.000000
1143.000000,2444.000000,926.000000,2640.000000
441.000000,4789.000000,104.000000,5224.000000
5356.000000,3750.000000,5197.000000,4632.000000
4003.000000,2570.000000,4549.000000,2842.000000
136.000000,2216.000000,231.000000,2344.000000
2201.000000,3867.000000,2254.000000,4115.000000
3784.000000,1140.000000,3992.000000,1201.000000
3054.000000,1982.000000,2896.000000,2224.000000
2394.000000,1390.000000,2156.000000,1495.000000
611.000000,4573.000000,746.000000,4745.000000
444.000000,3683.000000,574.000000,3879.000000
611.000000,4573.000000,441.000000,4789.000000
4414.000000,3445.000000,4339.000000,3527.000000
3918.000000,4766.000000,4345.000000,4839.000000
2252.000000,22.000000,2152.000000,69.000000
4621.000000,437.000000,4745.000000,492.000000
1716.000000,160.000000,1859.000000,532.000000
34.000000,3737.000000,104.000000,5224.000000
1244.000000,4035.000000,1382.000000,4151.000000
441.000000,4789.000000,535.000000,4979.000000
5403.000000,3283.000000,5166.000000,3437.000000
4858.000000,3970.000000,4857.000000,4161.000000
1584.000000,5.000000,2252.000000,22.000000
4740.000000,1317.000000,4930.000000,1670.000000
4242.000000,3563.000000,4221.000000,3846.000000
3566.000000,3342.000000,3595.000000,3446.000000
4326.000000,1812.000000,4421.000000,2065.000000
1830.000000,1542.000000,1873.000000,1593.000000
1901.000000,4269.000000,1827.000000,4383.000000
3254.000000,86.000000,3385.000000,497.000000
823.000000,4927.000000,711.000000,5061.000000
2983.000000,3134.000000,3305.000000,3169.000000
5073.000000,468.000000,5105.000000,685.000000
3784.000000,1140.000000,3598.000000,1201.000000
2052.000000,3253.000000,2253.000000,3320.000000
453.000000,184.000000,933.000000,522.000000
2201.000000,1131.000000,2167.000000,1160.000000
3386.000000,3836.000000,3699.000000,3976.000000
2147.000000,2384.000000,2324.000000,2425.000000
308.000000,2678.000000,422.000000,2689.000000
3563.000000,86.000000,3447.000000,295.000000
2338.000000,4282.000000,2036.000000,4535.000000
746.000000,4745.000000,823.000000,4927.000000
505.000000,1615.000000,483.000000,1972.000000
4773.000000,4180.000000,4894.000000,4211.000000
2775.000000,3098.000000,2983.000000,3134.000000
1827.000000,4383.000000,1931.000000,4477.000000
806.000000,5178.000000,885.000000,5353.000000
4332.000000,783.000000,4034.000000,1127.000000
823.000000,4927.000000,860.000000,5139.000000
1244.000000,4035.000000,1353.000000,4240.000000
1710.000000,728.000000,1509.000000,941.000000
2041.000000,2144.000000,2206.000000,2260.000000
896.000000,1124.000000,900.000000,1182.000000
1494.000000,3147.000000,1731.000000,3392.000000
5281.000000,3771.000000,5233.000000,3868.000000
1870.000000,1230.000000,1958.000000,1367.000000
4382.000000,1270.000000,4326.000000,1812.000000
2448.000000,539.000000,2183.000000,658.000000
2559.000000,1174.000000,2668.000000,1381.000000
2365.000000,4590.000000,2362.000000,4703.000000
1105.000000,4773.000000,1074.000000,4801.000000
3075.000000,494.000000,3429.000000,508.000000
4889.000000,4764.000000,5024.000000,4784.000000
3845.000000,3262.000000,3790.000000,3893.000000
4677.000000,24.000000,4164.000000,87.000000
102.000000,2045.000000,65.000000,2161.000000
2668.000000,1381.000000,2411.000000,1901.000000
3170.000000,9.000000,3689.000000,19.000000
1220.000000,828.000000,1070.000000,963.000000
2948.000000,2661.000000,2673.000000,2810.000000
4332.000000,783.000000,4601.000000,856.000000
3845.000000,3262.000000,4167.000000,3693.000000
4.000000,1860.000000,102.000000,2045.000000
1113.000000,291.000000,1100.000000,392.000000
1584.000000,5.000000,2152.000000,69.000000
3699.000000,3976.000000,3722.000000,4463.000000
3466.000000,498.000000,3513.000000,685.000000
4890.000000,2567.000000,5058.000000,2659.000000
4878.000000,3811.000000,5233.000000,3868.000000
1239.000000,3048.000000,1248.000000,3091.000000
4211.000000,2206.000000,4686.000000,2395.000000
1873.000000,1593.000000,1514.000000,1811.000000
593.000000,2422.000000,926.000000,2640.000000
900.000000,1182.000000,934.000000,1482.000000
1084.000000,4317.000000,746.000000,4745.000000
5.000000,1004.000000,184.000000,1025.000000
3447.000000,295.000000,3714.000000,458.000000
1931.000000,4477.000000,2036.000000,4535.000000
121.000000,1812.000000,4.000000,1860.000000
3209.000000,4768.000000,3530.000000,4973.000000
255.000000,3498.000000,444.000000,3683.000000
1275.000000,1755.000000,1514.000000,1811.000000
255.000000,3498.000000,388.000000,3516.000000
1935.000000,3571.000000,1967.000000,3668.000000
1220.000000,828.000000,1267.000000,892.000000
4957.000000,4116.000000,4894.000000,4211.000000
1514.000000,1811.000000,1461.000000,2058.000000
102.000000,2045.000000,66.000000,2223.000000
4994.000000,3755.000000,4878.000000,3811.000000
1848.000000,211.000000,2099.000000,255.000000
4223.000000,3146.000000,4226.000000,3380.000000
3036.000000,4223.000000,3121.000000,4507.000000
3974.000000,5114.000000,4160.000000,5323.000000
3652.000000,858.000000,3529.000000,1121.000000
2237.000000,3162.000000,2052.000000,3253.000000
1454.000000,2200.000000,1143.000000,2444.000000
1771.000000,2173.000000,1945.000000,2335.000000
388.000000,3516.000000,439.000000,3657.000000
5166.000000,3437.000000,4959.000000,3615.000000
4796.000000,665.000000,4654.000000,886.000000
4326.000000,1812.000000,4143.000000,2073.000000
2415.000000,4229.000000,2338.000000,4282.000000
5042.000000,3052.000000,4612.000000,3151.000000
4050.000000,2046.000000,3736.000000,2286.000000
2541.000000,2997.000000,2253.000000,3320.000000
4421.000000,2065.000000,4704.000000,2144.000000
1848.000000,211.000000,1859.000000,532.000000
1935.000000,3571.000000,1721.000000,3680.000000
104.000000,5224.000000,611.000000,5280.000000
2752.000000,2734.000000,2673.000000,2810.000000
3598.000000,1201.000000,3669.000000,1396.000000
4867.000000,4590.000000,5064.000000,4767.000000
183.000000,4668.000000,441.000000,4789.000000
422.000000,2689.000000,634.000000,2777.000000
4220.000000,1129.000000,4359.000000,1262.000000
3170.000000,9.000000,2252.000000,22.000000
4723.000000,3695.000000,4658.000000,3710.000000
4332.000000,783.000000,4401.000000,845.000000
1954.000000,1155.000000,2167.000000,1160.000000
4796.000000,665.000000,5105.000000,685.000000
5091.000000,2773.000000,5042.000000,3052.000000
1782.000000,4036.000000,1454.000000,4153.000000
2448.000000,539.000000,2490.000000,590.000000
3530.000000,4973.000000,3402.000000,5368.000000
1870.000000,1230.000000,1830.000000,1542.000000
3142.000000,3532.000000,3224.000000,3835.000000
2253.000000,3320.000000,2808.000000,3577.000000
2136.000000,3573.000000,2282.000000,3952.000000
583.000000,1951.000000,549.000000,2283.000000
2143.000000,4232.000000,2338.000000,4282.000000
255.000000,3498.000000,439.000000,3657.000000
1923.000000,3331.000000,1935.000000,3571.000000
4034.000000,1127.000000,3784.000000,1140.000000
1514.000000,1811.000000,1309.000000,1938.000000
2362.000000,4703.000000,2185.000000,5032.000000
926.000000,2640.000000,996.000000,2645.000000
2201.000000,1131.000000,1958.000000,1367.000000
2338.000000,4282.000000,2365.000000,4590.000000
3859.000000,4635.000000,4345.000000,4839.000000
4559.000000,914.000000,4533.000000,1077.000000
3371.000000,1477.000000,3323.000000,1534.000000
4185.000000,385.000000,4179.000000,631.000000
3209.000000,4768.000000,3343.000000,5121.000000
2041.000000,2144.000000,1771.000000,2173.000000
2763.000000,3936.000000,3230.000000,4142.000000
574.000000,3879.000000,455.000000,4169.000000
2036.000000,4535.000000,2362.000000,4703.000000
3175.000000,4787.000000,2909.000000,5099.000000
4435.000000,1195.000000,4359.000000,1262.000000
2342.000000,2524.000000,2349.000000,2576.000000
5057.000000,3262.000000,5166.000000,3437.000000
683.000000,2842.000000,252.000000,3096.000000
4598.000000,5062.000000,4524.000000,5210.000000
2730.000000,4877.000000,2612.000000,5099.000000
1042.000000,1764.000000,1309.000000,1938.000000
4326.000000,1812.000000,4704.000000,2144.000000
865.000000,4394.000000,781.000000,4542.000000
3170.000000,9.000000,4677.000000,24.000000
4529.000000,1106.000000,4435.000000,1195.000000
1891.000000,2591.000000,1999.000000,2663.000000
1454.000000,4153.000000,1559.000000,4418.000000
1389.000000,4589.000000,1870.000000,4773.000000
2282.000000,3952.000000,2351.000000,4191.000000
4143.000000,2073.000000,4211.000000,2206.000000
1710.000000,728.000000,1798.000000,862.000000
1559.000000,4418.000000,1389.000000,4589.000000
377.000000,675.000000,343.000000,723.000000
3836.000000,2745.000000,3854.000000,2963.000000
4566.000000,4392.000000,4524.000000,4451.000000
4549.000000,2842.000000,4612.000000,3151.000000
3167.000000,3379.000000,3142.000000,3532.000000
1923.000000,3331.000000,2081.000000,3530.000000
1353.000000,4240.000000,1241.000000,4675.000000
2664.000000,884.000000,2711.000000,972.000000
4723.000000,3695.000000,4878.000000,3811.000000
2829.000000,4072.000000,2974.000000,4236.000000
593.000000,2422.000000,1143.000000,2444.000000
1070.000000,963.000000,1221.000000,1185.000000
214.000000,2458.000000,245.000000,2616.000000
4601.000000,856.000000,4559.000000,914.000000
1296.000000,428.000000,1396.000000,446.000000
2909.000000,5099.000000,3284.000000,5184.000000
5171.000000,2358.000000,4890.000000,2567.000000
4894.000000,4211.000000,4753.000000,4440.000000
3764.000000,828.000000,3652.000000,858.000000
3021.000000,1685.000000,2673.000000,1874.000000
438.000000,2663.000000,308.000000,2678.000000
705.000000,3938.000000,679.000000,4169.000000
4591.000000,5037.000000,4860.000000,5103.000000
816.000000,1034.000000,900.000000,1182.000000
2411.000000,1901.000000,2206.000000,2260.000000
4745.000000,4621.000000,4889.000000,4764.000000
2673.000000,2810.000000,2775.000000,3098.000000
1716.000000,160.000000,1848.000000,211.000000
2052.000000,3253.000000,2763.000000,3936.000000
3699.000000,3976.000000,3988.000000,4314.000000
810.000000,3896.000000,1244.000000,4035.000000
3782.000000,847.000000,3529.000000,1121.000000
3099.000000,1602.000000,3021.000000,1685.000000
3929.000000,729.000000,4332.000000,783.000000
3379.000000,2928.000000,3725.000000,2997.000000
121.000000,1812.000000,254.000000,1828.000000
799.000000,4340.000000,781.000000,4542.000000
2867.000000,248.000000,3017.000000,309.000000
4654.000000,886.000000,4529.000000,1106.000000
760.000000,3203.000000,1041.000000,3439.000000
266.000000,2283.000000,438.000000,2663.000000
683.000000,2842.000000,934.000000,2857.000000
892.000000,3082.000000,680.000000,3133.000000
5057.000000,3262.000000,4862.000000,3328.000000
2490.000000,590.000000,2522.000000,665.000000
102.000000,2045.000000,549.000000,2283.000000
1494.000000,3147.000000,1760.000000,3224.000000
2494.000000,2212.000000,2896.000000,2224.000000
3323.000000,1534.000000,3134.000000,1568.000000
4858.000000,3970.000000,4773.000000,4180.000000
2892.000000,3730.000000,3055.000000,3924.000000
4.000000,1860.000000,66.000000,2223.000000
3814.000000,1635.000000,3617.000000,1796.000000
3175.000000,4787.000000,3343.000000,5121.000000
2522.000000,665.000000,2420.000000,864.000000
4301.000000,3750.000000,4878.000000,3811.000000
3224.000000,3835.000000,3238.000000,3862.000000
3055.000000,3924.000000,3230.000000,4142.000000
1343.000000,1033.000000,1221.000000,1185.000000
4862.000000,3328.000000,4957.000000,3462.000000
3068.000000,1247.000000,2668.000000,1381.000000
3814.000000,1635.000000,3960.000000,1893.000000
1870.000000,1230.000000,1997.000000,1236.000000
1918.000000,3198.000000,1760.000000,3224.000000
3918.000000,4766.000000,3974.000000,5114.000000
1248.000000,3091.000000,1191.000000,3176.000000
3859.000000,4635.000000,4446.000000,4695.000000
574.000000,3879.000000,705.000000,3938.000000
593.000000,2422.000000,422.000000,2689.000000
3157.000000,2376.000000,3379.000000,2928.000000
4979.000000,1387.000000,4930.000000,1670.000000
2183.000000,658.000000,2522.000000,665.000000
2185.000000,5032.000000,2104.000000,5253.000000
3224.000000,3835.000000,3122.000000,3908.000000
3836.000000,2745.000000,4223.000000,3146.000000
614.000000,3812.000000,705.000000,3938.000000
2254.000000,4115.000000,2351.000000,4191.000000
711.000000,5061.000000,860.000000,5139.000000
3725.000000,2997.000000,3566.000000,3342.000000
5360.000000,931.000000,4774.000000,965.000000
2349.000000,2576.000000,2167.000000,2667.000000
574.000000,3879.000000,317.000000,4337.000000
1382.000000,4151.000000,1454.000000,4153.000000
2254.000000,4115.000000,2249.000000,4200.000000
1873.000000,1593.000000,1771.000000,2173.000000
3068.000000,1247.000000,3371.000000,1477.000000
4397.000000,861.000000,4559.000000,914.000000
926.000000,2640.000000,776.000000,2827.000000
1359.000000,301.000000,1859.000000,532.000000
2777.000000,837.000000,2711.000000,972.000000
1054.000000,1479.000000,1049.000000,1701.000000
4857.000000,4161.000000,4773.000000,4180.000000
4050.000000,2046.000000,4143.000000,2073.000000
1848.000000,211.000000,2084.000000,426.000000
2349.000000,2576.000000,2030.000000,2990.000000
642.000000,3790.000000,614.000000,3812.000000
2157.000000,1721.000000,2206.000000,2260.000000
5214.000000,1102.000000,5022.000000,1566.000000
91.000000,635.000000,377.000000,675.000000
500.000000,1587.000000,254.000000,1828.000000
3167.000000,3379.000000,3086.000000,3603.000000
3966.000000,3920.000000,3991.000000,4077.000000
5022.000000,1566.000000,4930.000000,1670.000000
683.000000,2842.000000,680.000000,3133.000000
3966.000000,3920.000000,3862.000000,3981.000000
2616.000000,86.000000,2574.000000,289.000000
3595.000000,3446.000000,3142.000000,3532.000000
4930.000000,1670.000000,5132.000000,1836.000000
453.000000,184.000000,267.000000,327.000000
3748.000000,2503.000000,3731.000000,2567.000000
3017.000000,309.000000,3075.000000,494.000000
3988.000000,4314.000000,3722.000000,4463.000000
5338.000000,2378.000000,5403.000000,3283.000000
5281.000000,3771.000000,5307.000000,3801.000000
4862.000000,3328.000000,4723.000000,3695.000000
2084.000000,426.000000,1859.000000,532.000000
5105.000000,685.000000,5360.000000,931.000000
4019.000000,108.000000,3936.000000,224.000000
4850.000000,635.000000,5105.000000,685.000000
3617.000000,1796.000000,3960.000000,1893.000000
1041.000000,3439.000000,1423.000000,3603.000000
3157.000000,2376.000000,2937.000000,2384.000000
3784.000000,3931.000000,3988.000000,4314.000000
4446.000000,4695.000000,4591.000000,5037.000000
1667.000000,3162.000000,1918.000000,3198.000000
4965.000000,4247.000000,4982.000000,4313.000000
2052.000000,3253.000000,1923.000000,3331.000000
2616.000000,86.000000,2448.000000,539.000000
2201.000000,5130.000000,2509.000000,5249.000000
1958.000000,1367.000000,1830.000000,1542.000000
1183.000000,3917.000000,1383.000000,3949.000000
4955.000000,129.000000,4850.000000,635.000000
1891.000000,2591.000000,2167.000000,2667.000000
3929.000000,729.000000,4034.000000,1127.000000
1252.000000,190.000000,1113.000000,291.000000
4598.000000,5062.000000,4956.000000,5355.000000
3466.000000,498.000000,3416.000000,1075.000000
5171.000000,2358.000000,4686.000000,2395.000000
1760.000000,5013.000000,1360.000000,5125.000000
996.000000,2645.000000,1450.000000,2854.000000
3783.000000,3084.000000,4223.000000,3146.000000
5403.000000,3283.000000,5303.000000,3756.000000
366.000000,4504.000000,611.000000,4573.000000
91.000000,635.000000,75.000000,661.000000
4890.000000,2567.000000,4549.000000,2842.000000
3142.000000,3532.000000,3386.000000,3836.000000
3814.000000,1635.000000,3995.000000,1829.000000
1360.000000,5125.000000,2218.000000,5303.000000
1296.000000,428.000000,1220.000000,828.000000
2201.000000,5130.000000,2104.000000,5253.000000
1282.000000,1640.000000,1514.000000,1811.000000
593.000000,2422.000000,438.000000,2663.000000
3017.000000,204.000000,3011.000000,232.000000
4211.000000,2206.000000,4890.000000,2567.000000
104.000000,3695.000000,131.000000,3723.000000
3121.000000,4507.000000,3193.000000,4607.000000
680.000000,3133.000000,388.000000,3516.000000
3101.000000,4508.000000,3116.000000,4650.000000
1584.000000,5.000000,3170.000000,9.000000
3323.000000,1534.000000,3592.000000,1634.000000
5400.000000,4833.000000,5021.000000,5157.000000
583.000000,1951.000000,945.000000,2209.000000
4719.000000,1165.000000,4740.000000,1317.000000
3684.000000,4574.000000,3530.000000,4973.000000
3960.000000,1893.000000,4088.000000,1924.000000
2616.000000,86.000000,2622.000000,97.000000
2896.000000,2224.000000,2831.000000,2532.000000
1935.000000,3571.000000,2136.000000,3573.000000
1716.000000,160.000000,2099.000000,255.000000
2516.000000,918.000000,2711.000000,972.000000
3284.000000,5184.000000,2218.000000,5303.000000
3936.000000,224.000000,3660.000000,319.000000
3340.000000,5154.000000,3284.000000,5184.000000
892.000000,3082.000000,1085.000000,3387.000000
3974.000000,5114.000000,3764.000000,5342.000000
3736.000000,2286.000000,4024.000000,2499.000000
2730.000000,4877.000000,2666.000000,4965.000000
4677.000000,24.000000,5288.000000,97.000000
3116.000000,4650.000000,3209.000000,4768.000000
869.000000,1210.000000,934.000000,1482.000000
3022.000000,2756.000000,2983.000000,3134.000000
2775.000000,3098.000000,2669.000000,3417.000000
4559.000000,914.000000,4488.000000,1059.000000
1173.000000,2168.000000,1454.000000,2200.000000
3782.000000,847.000000,3784.000000,1140.000000
1530.000000,4972.000000,1077.000000,5180.000000
453.000000,184.000000,412.000000,729.000000
3447.000000,295.000000,3385.000000,497.000000
4309.000000,338.000000,4476.000000,359.000000
4050.000000,2046.000000,4211.000000,2206.000000
3592.000000,1634.000000,3439.000000,1757.000000
4382.000000,1270.000000,4930.000000,1670.000000
3167.000000,3379.000000,2830.000000,3391.000000
830.000000,1805.000000,945.000000,2209.000000
2157.000000,1721.000000,2411.000000,1901.000000
3764.000000,5342.000000,3402.000000,5368.000000
5360.000000,931.000000,5022.000000,1566.000000
1191.000000,3176.000000,1085.000000,3387.000000
3974.000000,5114.000000,4150.000000,5118.000000
3305.000000,3169.000000,3566.000000,3342.000000
2183.000000,658.000000,1798.000000,862.000000
2435.000000,909.000000,2711.000000,972.000000
1918.000000,3198.000000,2052.000000,3253.000000
3995.000000,1829.000000,3960.000000,1893.000000
1688.000000,2644.000000,1677.000000,2850.000000
746.000000,4745.000000,1105.000000,4773.000000
455.000000,4169.000000,317.000000,4337.000000
190.000000,927.000000,5.000000,1004.000000
1070.000000,963.000000,896.000000,1124.000000
2036.000000,4535.000000,2185.000000,5032.000000
5118.000000,3788.000000,5233.000000,3868.000000
3725.000000,2997.000000,3305.000000,3169.000000
1870.000000,4773.000000,2104.000000,5253.000000
1901.000000,3822.000000,1782.000000,4036.000000
2349.000000,2576.000000,2237.000000,3162.000000
5171.000000,2358.000000,5058.000000,2659.000000
5132.000000,1836.000000,5338.000000,2378.000000
439.000000,3657.000000,642.000000,3790.000000
1450.000000,2854.000000,1465.000000,3051.000000
3017.000000,309.000000,2490.000000,590.000000
2435.000000,909.000000,2394.000000,1390.000000
1918.000000,3198.000000,1923.000000,3331.000000
3193.000000,4607.000000,3209.000000,4768.000000
4959.000000,3615.000000,4723.000000,3695.000000
1309.000000,1938.000000,1173.000000,2168.000000
1721.000000,3680.000000,1383.000000,3949.000000
2961.000000,1565.000000,3021.000000,1685.000000
3710.000000,735.000000,3782.000000,847.000000
3011.000000,232.000000,3017.000000,309.000000
3489.000000,4405.000000,3722.000000,4463.000000
3782.000000,847.000000,4034.000000,1127.000000
1095.000000,843.000000,1016.000000,897.000000
1399.000000,2607.000000,996.000000,2645.000000
4753.000000,4440.000000,4867.000000,4590.000000
4160.000000,5323.000000,3764.000000,5342.000000
2185.000000,5032.000000,2201.000000,5130.000000
2612.000000,5099.000000,2509.000000,5249.000000
1967.000000,3668.000000,1901.000000,4269.000000
181.000000,115.000000,453.000000,184.000000
939.000000,2231.000000,1143.000000,2444.000000
810.000000,3896.000000,679.000000,4169.000000
1710.000000,728.000000,1731.000000,918.000000
799.000000,4340.000000,366.000000,4504.000000
2711.000000,972.000000,2668.000000,1381.000000
3157.000000,2376.000000,3617.000000,2522.000000
5214.000000,1102.000000,4740.000000,1317.000000
3854.000000,2963.000000,3725.000000,2997.000000
4014.000000,26.000000,4164.000000,87.000000
535.000000,4979.000000,611.000000,5280.000000
3402.000000,5368.000000,4210.000000,5398.000000
1157.000000,3037.000000,1239.000000,3048.000000
1450.000000,3253.000000,1613.000000,3408.000000
1041.000000,3439.000000,810.000000,3896.000000
3017.000000,204.000000,3075.000000,494.000000
4955.000000,129.000000,4745.000000,492.000000
642.000000,3790.000000,810.000000,3896.000000
3486.000000,2201.000000,3617.000000,2522.000000
2183.000000,658.000000,1954.000000,1155.000000
4309.000000,338.000000,4179.000000,631.000000
3689.000000,19.000000,4014.000000,26.000000
2152.000000,69.000000,1716.000000,160.000000
4200.000000,1697.000000,4143.000000,2073.000000
2830.000000,3391.000000,2808.000000,3577.000000
4999.000000,1691.000000,5132.000000,1836.000000
3278.000000,3880.000000,3230.000000,4142.000000
2201.000000,942.000000,2201.000000,1131.000000
611.000000,5280.000000,514.000000,5302.000000
1584.000000,5.000000,181.000000,115.000000
5132.000000,1836.000000,5171.000000,2358.000000
1113.000000,291.000000,839.000000,361.000000
4930.000000,1670.000000,4326.000000,1812.000000
1173.000000,2168.000000,1143.000000,2444.000000
570.000000,1418.000000,121.000000,1812.000000
1396.000000,446.000000,1509.000000,941.000000
892.000000,3082.000000,760.000000,3203.000000
865.000000,4394.000000,800.000000,4443.000000
2342.000000,2524.000000,2351.000000,2579.000000
3660.000000,319.000000,3714.000000,458.000000
5042.000000,3052.000000,5057.000000,3262.000000
1572.000000,2788.000000,1494.000000,3147.000000
839.000000,361.000000,1100.000000,392.000000
1494.000000,3147.000000,1667.000000,3162.000000
453.000000,184.000000,377.000000,675.000000
2081.000000,3530.000000,1935.000000,3571.000000
4979.000000,1387.000000,5022.000000,1566.000000
1830.000000,1542.000000,1514.000000,1811.000000
245.000000,2616.000000,308.000000,2678.000000
3652.000000,858.000000,3416.000000,1075.000000
627.000000,3503.000000,642.000000,3790.000000
252.000000,3096.000000,680.000000,3133.000000
1553.000000,1045.000000,1870.000000,1230.000000
3385.000000,497.000000,3429.000000,508.000000
860.000000,5139.000000,1077.000000,5180.000000
1042.000000,1764.000000,830.000000,1805.000000
5288.000000,97.000000,5315.000000,544.000000
622.000000,2219.000000,939.000000,2231.000000
5057.000000,3262.000000,5403.000000,3283.000000
3669.000000,1396.000000,3814.000000,1635.000000
634.000000,2777.000000,683.000000,2842.000000
1477.000000,2282.000000,1688.000000,2644.000000
4860.000000,5103.000000,5021.000000,5157.000000
5057.000000,3262.000000,4957.000000,3462.000000
4024.000000,1531.000000,4200.000000,1697.000000
5360.000000,931.000000,5214.000000,1102.000000
1100.000000,392.000000,1296.000000,428.000000
4226.000000,3380.000000,4339.000000,3527.000000
5096.000000,3082.000000,5403.000000,3283.000000
1399.000000,2607.000000,1450.000000,2854.000000
1859.000000,532.000000,2183.000000,658.000000
3988.000000,4314.000000,4446.000000,4695.000000
3790.000000,3893.000000,3862.000000,3981.000000
422.000000,2689.000000,683.000000,2842.000000
1241.000000,4675.000000,1105.000000,4773.000000
3127.000000,5397.000000,4210.000000,5398.000000
4982.000000,4313.000000,5197.000000,4632.000000
5403.000000,3283.000000,5356.000000,3750.000000
2362.000000,4703.000000,2612.000000,5099.000000
2750.000000,4228.000000,2640.000000,4287.000000
3134.000000,1568.000000,3099.000000,1602.000000
2435.000000,909.000000,2201.000000,942.000000
3022.000000,2756.000000,3379.000000,2928.000000
511.000000,2283.000000,438.000000,2663.000000
2027.000000,3144.000000,1918.000000,3198.000000
2379.000000,2788.000000,2541.000000,2997.000000
4332.000000,783.000000,4220.000000,1129.000000
3563.000000,86.000000,3660.000000,319.000000
3429.000000,508.000000,2711.000000,972.000000
2252.000000,22.000000,2616.000000,86.000000
1077.000000,5180.000000,885.000000,5353.000000
3134.000000,1568.000000,3251.000000,1864.000000
205.000000,1150.000000,570.000000,1418.000000
4789.000000,2838.000000,4612.000000,3151.000000
5214.000000,1102.000000,4979.000000,1387.000000
2775.000000,3098.000000,2253.000000,3320.000000
1477.000000,2282.000000,1399.000000,2607.000000
4858.000000,3970.000000,4957.000000,4116.000000
2821.000000,4668.000000,3209.000000,4768.000000
799.000000,4340.000000,865.000000,4394.000000
3238.000000,3862.000000,3230.000000,4142.000000
4382.000000,1270.000000,4200.000000,1697.000000
3379.000000,2928.000000,3305.000000,3169.000000
4632.000000,133.000000,4621.000000,437.000000
4226.000000,3380.000000,4167.000000,3693.000000
4654.000000,886.000000,4719.000000,1165.000000
1087.000000,5370.000000,3127.000000,5397.000000
3439.000000,1757.000000,3348.000000,1955.000000
3605.000000,2399.000000,4003.000000,2570.000000
308.000000,2678.000000,252.000000,3096.000000
3988.000000,4314.000000,3859.000000,4635.000000
2252.000000,22.000000,2448.000000,539.000000
4740.000000,1317.000000,4979.000000,1387.000000
1967.000000,3668.000000,1721.000000,3680.000000
3929.000000,729.000000,3782.000000,847.000000
799.000000,4340.000000,986.000000,4340.000000
1423.000000,3603.000000,1721.000000,3680.000000
2099.000000,255.000000,2084.000000,426.000000
3669.000000,1396.000000,3323.000000,1534.000000
2616.000000,86.000000,2867.000000,248.000000
1760.000000,3224.000000,1731.000000,3392.000000
634.000000,2777.000000,776.000000,2827.000000
4328.000000,5066.000000,4524.000000,5210.000000
1399.000000,2607.000000,1688.000000,2644.000000
4591.000000,5037.000000,4598.000000,5062.000000
308.000000,2678.000000,142.000000,2963.000000
5058.000000,2659.000000,4789.000000,2838.000000
5275.000000,5347.000000,4956.000000,5355.000000
1049.000000,1701.000000,830.000000,1805.000000
1859.000000,532.000000,1710.000000,728.000000
4328.000000,5066.000000,4150.000000,5118.000000
3134.000000,1568.000000,3021.000000,1685.000000
2143.000000,4232.000000,1931.000000,4477.000000
4221.000000,3846.000000,4265.000000,4133.000000
986.000000,4340.000000,865.000000,4394.000000
1771.000000,2173.000000,2046.000000,2293.000000
3530.000000,4973.000000,3764.000000,5342.000000
66.000000,2223.000000,142.000000,2963.000000
2672.000000,5027.000000,2612.000000,5099.000000
3007.000000,111.000000,3017.000000,204.000000
3845.000000,3262.000000,4226.000000,3380.000000
205.000000,1150.000000,121.000000,1812.000000
800.000000,4443.000000,781.000000,4542.000000
4003.000000,2570.000000,3836.000000,2745.000000
4957.000000,3462.000000,4959.000000,3615.000000
1267.000000,892.000000,1343.000000,1033.000000
3587.000000,580.000000,3764.000000,828.000000
622.000000,2219.000000,549.000000,2283.000000
2541.000000,2997.000000,2237.000000,3162.000000
422.000000,2689.000000,776.000000,2827.000000
269.000000,1033.000000,570.000000,1418.000000
2664.000000,884.000000,2516.000000,918.000000
4332.000000,783.000000,4397.000000,861.000000
3386.000000,3836.000000,3238.000000,3862.000000
4566.000000,4392.000000,4368.000000,4467.000000
4167.000000,3693.000000,3966.000000,3920.000000
4959.000000,3615.000000,4994.000000,3755.000000
3386.000000,3836.000000,3790.000000,3893.000000
4198.000000,586.000000,4179.000000,631.000000
2821.000000,4668.000000,3175.000000,4787.000000
4930.000000,1670.000000,4999.000000,1691.000000
3714.000000,458.000000,3782.000000,847.000000
3991.000000,4077.000000,3988.000000,4314.000000
3669.000000,1396.000000,4024.000000,1531.000000
3960.000000,1893.000000,4050.000000,2046.000000
3254.000000,86.000000,3075.000000,494.000000
3936.000000,224.000000,3820.000000,474.000000
2036.000000,4535.000000,2365.000000,4590.000000
5166.000000,3437.000000,5303.000000,3756.000000
4296.000000,4073.000000,4265.000000,4133.000000
4397.000000,861.000000,4488.000000,1059.000000
3439.000000,1757.000000,3960.000000,1893.000000
3592.000000,1634.000000,3617.000000,1796.000000
3992.000000,1201.000000,4382.000000,1270.000000
3170.000000,9.000000,3563.000000,86.000000
2672.000000,5027.000000,2909.000000,5099.000000
4088.000000,1924.000000,4143.000000,2073.000000
1072.000000,2027.000000,1173.000000,2168.000000
2541.000000,2997.000000,2775.000000,3098.000000
1334.000000,3320.000000,1613.000000,3408.000000
3131.000000,2339.000000,2937.000000,2384.000000
1572.000000,2788.000000,1878.000000,3106.000000
254.000000,1828.000000,483.000000,1972.000000
2435.000000,909.000000,2559.000000,1174.000000
2282.000000,3952.000000,2254.000000,4115.000000
3011.000000,232.000000,2867.000000,248.000000
996.000000,2645.000000,1157.000000,3037.000000
2892.000000,3730.000000,3224.000000,3835.000000
5400.000000,4833.000000,5242.000000,5296.000000
3790.000000,3893.000000,3699.000000,3976.000000
1760.000000,3224.000000,1897.000000,3308.000000
1334.000000,3320.000000,1423.000000,3603.000000
3284.000000,5184.000000,3127.000000,5397.000000
1572.000000,2788.000000,1814.000000,2962.000000
1041.000000,3439.000000,1183.000000,3917.000000
4435.000000,1195.000000,4581.000000,1319.000000
5338.000000,2378.000000,5096.000000,3082.000000
4704.000000,2144.000000,5171.000000,2358.000000
2362.000000,4703.000000,2714.000000,4753.000000
3170.000000,9.000000,3254.000000,86.000000
4421.000000,2065.000000,4211.000000,2206.000000
885.000000,5353.000000,263.000000,5362.000000
2937.000000,2384.000000,2948.000000,2661.000000
3068.000000,1247.000000,2820.000000,1506.000000
438.000000,2663.000000,422.000000,2689.000000
2252.000000,22.000000,2099.000000,255.000000
2152.000000,69.000000,2099.000000,255.000000
2167.000000,2667.000000,2030.000000,2990.000000
1077.000000,5180.000000,1087.000000,5370.000000
2351.000000,2579.000000,2451.000000,2833.000000
190.000000,927.000000,269.000000,1033.000000
75.000000,661.000000,343.000000,723.000000
5118.000000,3788.000000,4878.000000,3811.000000
4796.000000,665.000000,4839.000000,858.000000
4632.000000,133.000000,4745.000000,492.000000
366.000000,4504.000000,183.000000,4668.000000
4839.000000,858.000000,4654.000000,886.000000
5288.000000,97.000000,4955.000000,129.000000
5281.000000,3771.000000,5118.000000,3788.000000
1336.000000,30.000000,839.000000,361.000000
1095.000000,843.000000,816.000000,1034.000000
627.000000,3503.000000,504.000000,3692.000000
2206.000000,2260.000000,1945.000000,2335.000000
4446.000000,4695.000000,4889.000000,4764.000000
3617.000000,2522.000000,3731.000000,2567.000000
3007.000000,111.000000,3011.000000,232.000000
245.000000,2616.000000,142.000000,2963.000000
996.000000,2645.000000,934.000000,2857.000000
3748.000000,2503.000000,4003.000000,2570.000000
254.000000,1828.000000,220.000000,1829.000000
2435.000000,4453.000000,2365.000000,4590.000000
4956.000000,5355.000000,4210.000000,5398.000000
354.000000,3522.000000,439.000000,3657.000000
4446.000000,4695.000000,4345.000000,4839.000000
1024.000000,4915.000000,823.000000,4927.000000
4328.000000,5066.000000,4361.000000,5319.000000
102.000000,2045.000000,266.000000,2283.000000
3486.000000,2201.000000,3605.000000,2399.000000
1461.000000,2058.000000,1454.000000,2200.000000
1731.000000,3392.000000,1613.000000,3408.000000
3416.000000,1075.000000,3403.000000,1318.000000
75.000000,661.000000,5.000000,1004.000000
1414.000000,925.000000,1553.000000,1045.000000
1958.000000,1367.000000,2156.000000,1495.000000
2104.000000,5253.000000,2218.000000,5303.000000
1677.000000,2850.000000,1814.000000,2962.000000
4179.000000,631.000000,4332.000000,783.000000
2448.000000,539.000000,2522.000000,665.000000
3086.000000,3603.000000,3224.000000,3835.000000
2831.000000,2532.000000,2752.000000,2734.000000
4265.000000,4133.000000,4368.000000,4467.000000
2808.000000,3577.000000,3086.000000,3603.000000
2099.000000,255.000000,2158.000000,363.000000
622.000000,2219.000000,593.000000,2422.000000
3068.000000,1247.000000,3403.000000,1318.000000
267.000000,327.000000,91.000000,635.000000
3403.000000,1318.000000,3669.000000,1396.000000
839.000000,361.000000,933.000000,522.000000
2158.000000,363.000000,2448.000000,539.000000
3820.000000,474.000000,3782.000000,847.000000
5356.000000,3750.000000,5303.000000,3756.000000
4955.000000,129.000000,5073.000000,468.000000
5197.000000,4632.000000,5400.000000,4833.000000
104.000000,3695.000000,34.000000,3737.000000
5171.000000,2358.000000,5091.000000,2773.000000
4226.000000,3380.000000,4414.000000,3445.000000
104.000000,5224.000000,263.000000,5362.000000
1042.000000,1764.000000,1072.000000,2027.000000
34.000000,3737.000000,78.000000,4437.000000
4860.000000,5103.000000,4956.000000,5355.000000
266.000000,2283.000000,231.000000,2344.000000
627.000000,3503.000000,388.000000,3516.000000
4647.000000,3374.000000,4414.000000,3445.000000
3748.000000,2503.000000,3617.000000,2522.000000
2143.000000,4232.000000,2036.000000,4535.000000
934.000000,1482.000000,505.000000,1615.000000
2349.000000,2576.000000,2351.000000,2579.000000
2052.000000,3253.000000,2750.000000,4228.000000
2616.000000,86.000000,3011.000000,232.000000
869.000000,1210.000000,570.000000,1418.000000
3101.000000,4508.000000,3193.000000,4607.000000
5288.000000,97.000000,5360.000000,931.000000
2763.000000,3936.000000,3036.000000,4223.000000
4328.000000,5066.000000,4132.000000,5098.000000
2143.000000,4232.000000,1901.000000,4269.000000
4753.000000,4440.000000,4524.000000,4451.000000
746.000000,4745.000000,441.000000,4789.000000
2983.000000,3134.000000,2830.000000,3391.000000
4414.000000,3445.000000,4723.000000,3695.000000
3684.000000,4574.000000,3846.000000,4635.000000
3348.000000,1955.000000,3054.000000,1982.000000
5307.000000,3801.000000,4965.000000,4247.000000
366.000000,4504.000000,441.000000,4789.000000
1100.000000,392.000000,1095.000000,843.000000
4296.000000,4073.000000,4773.000000,4180.000000
1221.000000,1185.000000,934.000000,1482.000000
4959.000000,3615.000000,4878.000000,3811.000000
2668.000000,1381.000000,2673.000000,1874.000000
760.000000,3203.000000,810.000000,3896.000000
4524.000000,5210.000000,4361.000000,5319.000000
4345.000000,4839.000000,4328.000000,5066.000000
4435.000000,1195.000000,4382.000000,1270.000000
1999.000000,2663.000000,2167.000000,2667.000000
1967.000000,3668.000000,1775.000000,4158.000000
1958.000000,1367.000000,2394.000000,1390.000000
75.000000,661.000000,377.000000,675.000000
4957.000000,4116.000000,4965.000000,4247.000000
896.000000,1124.000000,934.000000,1482.000000
1054.000000,1479.000000,934.000000,1482.000000
3284.000000,5184.000000,3402.000000,5368.000000
2494.000000,2212.000000,2324.000000,2425.000000
4654.000000,886.000000,4774.000000,965.000000
5024.000000,4784.000000,5400.000000,4833.000000
2948.000000,2661.000000,3022.000000,2756.000000
4612.000000,3151.000000,4414.000000,3445.000000
3348.000000,1955.000000,3736.000000,2286.000000
78.000000,4437.000000,183.000000,4668.000000
2983.000000,3134.000000,3167.000000,3379.000000
1396.000000,446.000000,1220.000000,828.000000
611.000000,5280.000000,885.000000,5353.000000
505.000000,1615.000000,583.000000,1951.000000
3489.000000,4405.000000,3379.000000,4547.000000
1353.000000,4240.000000,1389.000000,4589.000000
1465.000000,3051.000000,1494.000000,3147.000000
2027.000000,3144.000000,2237.000000,3162.000000
2896.000000,2224.000000,2910.000000,2253.000000
711.000000,5061.000000,611.000000,5280.000000
4164.000000,87.000000,4309.000000,338.000000
2147.000000,2384.000000,2349.000000,2576.000000
4332.000000,783.000000,4488.000000,1059.000000
746.000000,4745.000000,1074.000000,4801.000000
3447.000000,295.000000,3660.000000,319.000000
2415.000000,4229.000000,2143.000000,4232.000000
1859.000000,532.000000,1509.000000,941.000000
1870.000000,4773.000000,1530.000000,4972.000000
4309.000000,338.000000,4198.000000,586.000000
3466.000000,498.000000,3429.000000,508.000000
266.000000,2283.000000,214.000000,2458.000000
3439.000000,1757.000000,3617.000000,1796.000000
1382.000000,4151.000000,1353.000000,4240.000000
939.000000,2231.000000,593.000000,2422.000000
5303.000000,3756.000000,5281.000000,3771.000000
3305.000000,3169.000000,3167.000000,3379.000000
5091.000000,2773.000000,4789.000000,2838.000000
816.000000,1034.000000,869.000000,1210.000000
1248.000000,3091.000000,1450.000000,3253.000000
2156.000000,1495.000000,1873.000000,1593.000000
4185.000000,385.000000,3820.000000,474.000000
500.000000,1587.000000,505.000000,1615.000000
5242.000000,5296.000000,4956.000000,5355.000000
3075.000000,494.000000,2711.000000,972.000000
5303.000000,3756.000000,5118.000000,3788.000000
2983.000000,3134.000000,3152.000000,3311.000000
267.000000,327.000000,377.000000,675.000000
5166.000000,3437.000000,5118.000000,3788.000000
4753.000000,4440.000000,5197.000000,4632.000000
1074.000000,4801.000000,1530.000000,4972.000000
760.000000,3203.000000,627.000000,3503.000000
3193.000000,4607.000000,3116.000000,4650.000000
1282.000000,1640.000000,1275.000000,1755.000000
2820.000000,1506.000000,3021.000000,1685.000000
3075.000000,494.000000,2777.000000,837.000000
5021.000000,5157.000000,4956.000000,5355.000000
3592.000000,1634.000000,3814.000000,1635.000000
5275.000000,5347.000000,4210.000000,5398.000000
412.000000,729.000000,269.000000,1033.000000
4167.000000,3693.000000,4221.000000,3846.000000
1891.000000,2591.000000,1688.000000,2644.000000
2867.000000,248.000000,2574.000000,289.000000
3595.000000,3446.000000,3790.000000,3893.000000
4226.000000,3380.000000,4242.000000,3563.000000
4745.000000,4621.000000,4446.000000,4695.000000
1074.000000,4801.000000,1024.000000,4915.000000
1095.000000,843.000000,896.000000,1124.000000
1084.000000,4317.000000,799.000000,4340.000000
1897.000000,3308.000000,1935.000000,3571.000000
2640.000000,4287.000000,2435.000000,4453.000000
1553.000000,1045.000000,1679.000000,1088.000000
4488.000000,1059.000000,4220.000000,1129.000000
3836.000000,2745.000000,3725.000000,2997.000000
255.000000,3498.000000,354.000000,3522.000000
5356.000000,3750.000000,4965.000000,4247.000000
4014.000000,26.000000,4019.000000,108.000000
1814.000000,2962.000000,1878.000000,3106.000000
1559.000000,4418.000000,1870.000000,4773.000000
2206.000000,2260.000000,2147.000000,2384.000000
3644.000000,5302.000000,3402.000000,5368.000000
252.000000,3096.000000,272.000000,3306.000000
4179.000000,631.000000,3929.000000,729.000000
2351.000000,4191.000000,2249.000000,4200.000000
2668.000000,1381.000000,2820.000000,1506.000000
104.000000,5224.000000,514.000000,5302.000000
3157.000000,2376.000000,3731.000000,2567.000000
1572.000000,2788.000000,1667.000000,3162.000000
5.000000,1004.000000,4.000000,1860.000000
181.000000,115.000000,5.000000,1004.000000
254.000000,1828.000000,549.000000,2283.000000
1239.000000,3048.000000,1450.000000,3253.000000
453.000000,184.000000,839.000000,361.000000
3689.000000,19.000000,4019.000000,108.000000
2750.000000,4228.000000,2815.000000,4526.000000
3598.000000,1201.000000,3403.000000,1318.000000
3254.000000,86.000000,3563.000000,86.000000
3605.000000,2399.000000,3748.000000,2503.000000
317.000000,4337.000000,366.000000,4504.000000
1054.000000,1479.000000,830.000000,1805.000000
181.000000,115.000000,75.000000,661.000000
2666.000000,4965.000000,2612.000000,5099.000000
760.000000,3203.000000,642.000000,3790.000000
614.000000,3812.000000,810.000000,3896.000000
4309.000000,338.000000,4621.000000,437.000000
2417.000000,2157.000000,2324.000000,2425.000000
3669.000000,1396.000000,3592.000000,1634.000000
1396.000000,446.000000,1859.000000,532.000000
136.000000,2216.000000,266.000000,2283.000000
2821.000000,4668.000000,2730.000000,4877.000000
1360.000000,5125.000000,2104.000000,5253.000000
3416.000000,1075.000000,3068.000000,1247.000000
4524.000000,4451.000000,4368.000000,4467.000000
2052.000000,3253.000000,2808.000000,3577.000000
776.000000,2827.000000,683.000000,2842.000000
2820.000000,1506.000000,2961.000000,1565.000000
1967.000000,3668.000000,2249.000000,4200.000000
1095.000000,843.000000,1070.000000,963.000000
4704.000000,659.000000,4796.000000,665.000000
1074.000000,4801.000000,823.000000,4927.000000
816.000000,1034.000000,570.000000,1418.000000
4488.000000,1059.000000,4359.000000,1262.000000
5119.000000,5191.000000,4956.000000,5355.000000
2763.000000,3936.000000,2750.000000,4228.000000
4221.000000,3846.000000,4296.000000,4073.000000
4296.000000,4073.000000,4566.000000,4392.000000
5022.000000,1566.000000,5415.000000,1959.000000
1085.000000,3387.000000,1041.000000,3439.000000
4677.000000,24.000000,4014.000000,26.000000
1275.000000,1755.000000,1042.000000,1764.000000
1239.000000,3048.000000,1465.000000,3051.000000
2349.000000,2576.000000,2379.000000,2788.000000
2252.000000,22.000000,2158.000000,363.000000
5356.000000,3750.000000,4982.000000,4313.000000
3036.000000,4223.000000,2974.000000,4236.000000
4328.000000,5066.000000,4160.000000,5323.000000
3689.000000,19.000000,3563.000000,86.000000
3121.000000,4507.000000,3101.000000,4508.000000
2896.000000,2224.000000,3131.000000,2339.000000
2668.000000,1381.000000,2394.000000,1390.000000
806.000000,5178.000000,1077.000000,5180.000000
2052.000000,3253.000000,2282.000000,3952.000000
514.000000,5302.000000,263.000000,5362.000000
1859.000000,532.000000,1798.000000,862.000000
3854.000000,2963.000000,4223.000000,3146.000000
3845.000000,3262.000000,3595.000000,3446.000000
1999.000000,2663.000000,1677.000000,2850.000000
388.000000,3516.000000,504.000000,3692.000000
1918.000000,3198.000000,1897.000000,3308.000000
102.000000,2045.000000,511.000000,2283.000000
611.000000,5280.000000,263.000000,5362.000000
934.000000,1482.000000,830.000000,1805.000000
412.000000,729.000000,816.000000,1034.000000
1267.000000,892.000000,1070.000000,963.000000
4704.000000,659.000000,4601.000000,856.000000
614.000000,3812.000000,574.000000,3879.000000
