POINTS
3460.000000,7.000000
1637.000000,36.000000
117.000000,40.000000
188.000000,50.000000
4020.000000,55.000000
1984.000000,58.000000
1904.000000,62.000000
3359.000000,62.000000
414.000000,109.000000
3602.000000,115.000000
4813.000000,119.000000
2158.000000,131.000000
4081.000000,163.000000
2264.000000,168.000000
306.000000,182.000000
1834.000000,200.000000
1938.000000,214.000000
3923.000000,227.000000
3992.000000,233.000000
4460.000000,258.000000
3517.000000,259.000000
838.000000,260.000000
5071.000000,260.000000
997.000000,281.000000
2951.000000,283.000000
3231.000000,287.000000
4615.000000,293.000000
1600.000000,298.000000
2889.000000,311.000000
2398.000000,314.000000
215.000000,315.000000
5173.000000,339.000000
813.000000,350.000000
1024.000000,356.000000
880.000000,379.000000
1404.000000,380.000000
40.000000,382.000000
1424.000000,386.000000
966.000000,391.000000
4621.000000,391.000000
4979.000000,406.000000
869.000000,407.000000
3771.000000,420.000000
5393.000000,421.000000
1137.000000,422.000000
3639.000000,451.000000
4753.000000,461.000000
587.000000,464.000000
478.000000,476.000000
2931.000000,487.000000
4293.000000,492.000000
3820.000000,494.000000
2522.000000,496.000000
5374.000000,499.000000
2419.000000,518.000000
2449.000000,525.000000
3380.000000,528.000000
624.000000,534.000000
3258.000000,534.000000
4006.000000,537.000000
782.000000,543.000000
43.000000,545.000000
1020.000000,557.000000
4087.000000,566.000000
2835.000000,584.000000
3779.000000,604.000000
1651.000000,610.000000
3131.000000,619.000000
1566.000000,628.000000
3733.000000,632.000000
4294.000000,647.000000
4603.000000,660.000000
4861.000000,669.000000
4318.000000,672.000000
4079.000000,685.000000
5005.000000,696.000000
1808.000000,704.000000
2632.000000,711.000000
248.000000,715.000000
609.000000,746.000000
4608.000000,749.000000
3789.000000,752.000000
3862.000000,753.000000
4733.000000,760.000000
2389.000000,766.000000
1669.000000,782.000000
646.000000,786.000000
522.000000,807.000000
1163.000000,808.000000
3214.000000,810.000000
4323.000000,825.000000
1206.000000,831.000000
3381.000000,831.000000
2753.000000,843.000000
1468.000000,844.000000
28.000000,847.000000
496.000000,851.000000
1406.000000,852.000000
5419.000000,852.000000
4921.000000,871.000000
610.000000,876.000000
1421.000000,880.000000
1740.000000,883.000000
4045.000000,892.000000
3481.000000,893.000000
4750.000000,900.000000
4349.000000,906.000000
3720.000000,929.000000
4963.000000,948.000000
5244.000000,960.000000
5201.000000,1006.000000
2609.000000,1035.000000
4974.000000,1045.000000
4005.000000,1053.000000
802.000000,1056.000000
2287.000000,1056.000000
524.000000,1084.000000
1035.000000,1090.000000
1151.000000,1106.000000
1756.000000,1148.000000
430.000000,1150.000000
163.000000,1162.000000
4985.000000,1178.000000
3838.000000,1206.000000
1384.000000,1215.000000
845.000000,1233.000000
2149.000000,1249.000000
938.000000,1250.000000
3010.000000,1258.000000
1304.000000,1262.000000
3187.000000,1267.000000
956.000000,1277.000000
1886.000000,1282.000000
2947.000000,1283.000000
4192.000000,1283.000000
1222.000000,1301.000000
1326.000000,1309.000000
3295.000000,1312.000000
4043.000000,1333.000000
5046.000000,1337.000000
5067.000000,1348.000000
5162.000000,1430.000000
1642.000000,1465.000000
2169.000000,1474.000000
1767.000000,1483.000000
253.000000,1518.000000
3148.000000,1520.000000
2180.000000,1523.000000
397.000000,1548.000000
813.000000,1550.000000
763.000000,1560.000000
4890.000000,1566.000000
2439.000000,1587.000000
3000.000000,1596.000000
3059.000000,1599.000000
3055.000000,1602.000000
293.000000,1605.000000
1941.000000,1607.000000
2635.000000,1626.000000
1776.000000,1631.000000
1238.000000,1645.000000
2674.000000,1656.000000
1353.000000,1659.000000
93.000000,1666.000000
1375.000000,1666.000000
4705.000000,1679.000000
4286.000000,1684.000000
4363.000000,1694.000000
257.000000,1718.000000
4640.000000,1761.000000
3457.000000,1765.000000
2601.000000,1766.000000
2750.000000,1767.000000
2902.000000,1769.000000
338.000000,1770.000000
5333.000000,1771.000000
1269.000000,1787.000000
1038.000000,1810.000000
2015.000000,1820.000000
1770.000000,1838.000000
5457.000000,1845.000000
2209.000000,1866.000000
4437.000000,1867.000000
1019.000000,1868.000000
1027.000000,1872.000000
4770.000000,1898.000000
2602.000000,1904.000000
3637.000000,1910.000000
2663.000000,1914.000000
5290.000000,1938.000000
2082.000000,1977.000000
2052.000000,2010.000000
2650.000000,2010.000000
3825.000000,2015.000000
427.000000,2023.000000
4178.000000,2031.000000
555.000000,2035.000000
4510.000000,2035.000000
407.000000,2037.000000
1747.000000,2039.000000
3186.000000,2067.000000
3253.000000,2067.000000
2472.000000,2073.000000
4563.000000,2073.000000
5172.000000,2077.000000
5432.000000,2127.000000
4884.000000,2132.000000
5015.000000,2145.000000
563.000000,2148.000000
4550.000000,2148.000000
5070.000000,2158.000000
499.000000,2170.000000
3794.000000,2170.000000
2239.000000,2171.000000
2181.000000,2183.000000
390.000000,2206.000000
4267.000000,2210.000000
1408.000000,2213.000000
502.000000,2217.000000
366.000000,2231.000000
2461.000000,2232.000000
835.000000,2251.000000
2756.000000,2258.000000
593.000000,2260.000000
3994.000000,2265.000000
3231.000000,2279.000000
1472.000000,2280.000000
2682.000000,2280.000000
5194.000000,2283.000000
2650.000000,2294.000000
3709.000000,2315.000000
3058.000000,2319.000000
4736.000000,2331.000000
1954.000000,2335.000000
3760.000000,2341.000000
2622.000000,2345.000000
2957.000000,2345.000000
4762.000000,2364.000000
2092.000000,2376.000000
3805.000000,2390.000000
3835.000000,2390.000000
5298.000000,2405.000000
325.000000,2425.000000
1413.000000,2443.000000
4131.000000,2450.000000
5369.000000,2451.000000
3449.000000,2462.000000
2932.000000,2478.000000
2103.000000,2481.000000
4119.000000,2506.000000
1017.000000,2514.000000
1395.000000,2515.000000
3089.000000,2518.000000
1532.000000,2532.000000
4977.000000,2534.000000
2749.000000,2543.000000
4057.000000,2559.000000
1200.000000,2565.000000
4586.000000,2568.000000
3189.000000,2572.000000
4015.000000,2579.000000
3889.000000,2583.000000
4883.000000,2588.000000
3913.000000,2591.000000
1053.000000,2598.000000
652.000000,2619.000000
2154.000000,2647.000000
4996.000000,2657.000000
4489.000000,2664.000000
830.000000,2667.000000
2578.000000,2709.000000
3159.000000,2728.000000
2562.000000,2745.000000
279.000000,2760.000000
3952.000000,2769.000000
1773.000000,2774.000000
3200.000000,2783.000000
216.000000,2786.000000
1812.000000,2800.000000
1820.000000,2825.000000
3492.000000,2828.000000
5365.000000,2839.000000
4284.000000,2842.000000
2981.000000,2851.000000
3772.000000,2860.000000
3788.000000,2883.000000
1844.000000,2918.000000
300.000000,2936.000000
980.000000,2941.000000
4277.000000,2941.000000
2777.000000,2952.000000
315.000000,2959.000000
269.000000,2978.000000
1110.000000,2984.000000
2419.000000,2989.000000
5059.000000,2991.000000
5449.000000,2994.000000
2033.000000,2999.000000
3592.000000,3016.000000
712.000000,3024.000000
4168.000000,3038.000000
3365.000000,3056.000000
113.000000,3063.000000
1197.000000,3068.000000
4201.000000,3092.000000
2758.000000,3096.000000
4406.000000,3115.000000
4754.000000,3122.000000
5189.000000,3128.000000
3261.000000,3129.000000
2459.000000,3147.000000
3269.000000,3175.000000
1277.000000,3204.000000
2455.000000,3207.000000
317.000000,3218.000000
5069.000000,3224.000000
2293.000000,3239.000000
3218.000000,3247.000000
4609.000000,3247.000000
2932.000000,3261.000000
4394.000000,3268.000000
4205.000000,3277.000000
2598.000000,3283.000000
1278.000000,3305.000000
1523.000000,3318.000000
4710.000000,3322.000000
4971.000000,3326.000000
158.000000,3331.000000
1893.000000,3334.000000
116.000000,3335.000000
2510.000000,3347.000000
3476.000000,3350.000000
288.000000,3362.000000
2576.000000,3365.000000
3975.000000,3366.000000
643.000000,3372.000000
2555.000000,3372.000000
4423.000000,3380.000000
4142.000000,3381.000000
260.000000,3382.000000
2691.000000,3383.000000
1926.000000,3394.000000
3602.000000,3398.000000
5267.000000,3408.000000
3269.000000,3420.000000
366.000000,3423.000000
4777.000000,3433.000000
3200.000000,3437.000000
2756.000000,3441.000000
2046.000000,3446.000000
4689.000000,3456.000000
2040.000000,3495.000000
3708.000000,3500.000000
2291.000000,3503.000000
1950.000000,3511.000000
902.000000,3514.000000
3293.000000,3515.000000
537.000000,3536.000000
741.000000,3536.000000
5154.000000,3542.000000
4418.000000,3564.000000
3476.000000,3573.000000
2839.000000,3577.000000
467.000000,3593.000000
3397.000000,3594.000000
3311.000000,3596.000000
1294.000000,3599.000000
1233.000000,3622.000000
4497.000000,3632.000000
5207.000000,3659.000000
4888.000000,3663.000000
3378.000000,3666.000000
3410.000000,3678.000000
3178.000000,3696.000000
90.000000,3703.000000
1303.000000,3706.000000
4956.000000,3708.000000
2629.000000,3718.000000
3177.000000,3731.000000
5165.000000,3738.000000
3044.000000,3762.000000
3193.000000,3771.000000
4748.000000,3780.000000
3613.000000,3783.000000
3590.000000,3803.000000
1968.000000,3826.000000
3415.000000,3855.000000
2246.000000,3876.000000
2755.000000,3878.000000
3573.000000,3886.000000
3497.000000,3900.000000
3022.000000,3911.000000
1226.000000,3916.000000
4057.000000,3920.000000
2113.000000,3928.000000
3060.000000,3938.000000
4074.000000,3953.000000
297.000000,3978.000000
3022.000000,3983.000000
2106.000000,3991.000000
2624.000000,3998.000000
1137.000000,4003.000000
2198.000000,4016.000000
4630.000000,4017.000000
4831.000000,4027.000000
4795.000000,4033.000000
8.000000,4043.000000
3136.000000,4043.000000
2363.000000,4067.000000
3215.000000,4081.000000
51.000000,4082.000000
4426.000000,4088.000000
5364.000000,4088.000000
5378.000000,4103.000000
2479.000000,4114.000000
547.000000,4116.000000
2670.000000,4119.000000
5244.000000,4128.000000
4430.000000,4138.000000
5406.000000,4141.000000
4854.000000,4143.000000
2872.000000,4157.000000
5315.000000,4171.000000
1108.000000,4174.000000
3287.000000,4174.000000
1552.000000,4197.000000
1930.000000,4210.000000
2691.000000,4227.000000
3795.000000,4227.000000
1911.000000,4260.000000
2504.000000,4261.000000
5180.000000,4295.000000
5281.000000,4296.000000
4808.000000,4299.000000
5228.000000,4300.000000
1830.000000,4325.000000
5014.000000,4346.000000
4555.000000,4360.000000
3522.000000,4369.000000
3582.000000,4381.000000
249.000000,4386.000000
3186.000000,4386.000000
1703.000000,4392.000000
2494.000000,4406.000000
277.000000,4418.000000
3559.000000,4418.000000
1830.000000,4427.000000
4192.000000,4443.000000
902.000000,4453.000000
2901.000000,4467.000000
3971.000000,4479.000000
841.000000,4488.000000
345.000000,4491.000000
4477.000000,4506.000000
4186.000000,4555.000000
1094.000000,4563.000000
3227.000000,4576.000000
2153.000000,4579.000000
3924.000000,4587.000000
445.000000,4588.000000
1714.000000,4589.000000
2303.000000,4593.000000
4985.000000,4612.000000
1934.000000,4614.000000
3266.000000,4620.000000
1653.000000,4623.000000
268.000000,4630.000000
3855.000000,4679.000000
2230.000000,4693.000000
4072.000000,4718.000000
4891.000000,4718.000000
2326.000000,4723.000000
3416.000000,4731.000000
1284.000000,4751.000000
1786.000000,4757.000000
3677.000000,4757.000000
1344.000000,4761.000000
5077.000000,4769.000000
981.000000,4771.000000
3761.000000,4803.000000
1777.000000,4807.000000
841.000000,4810.000000
4057.000000,4812.000000
5251.000000,4828.000000
2239.000000,4843.000000
1233.000000,4850.000000
2305.000000,4863.000000
521.000000,4864.000000
4831.000000,4865.000000
1124.000000,4886.000000
478.000000,4892.000000
2805.000000,4893.000000
1504.000000,4911.000000
2343.000000,4922.000000
4138.000000,4933.000000
2622.000000,4946.000000
1379.000000,4952.000000
1654.000000,4952.000000
4318.000000,4955.000000
3353.000000,4979.000000
369.000000,4983.000000
551.000000,4988.000000
5351.000000,5002.000000
5456.000000,5002.000000
3016.000000,5018.000000
752.000000,5024.000000
4076.000000,5030.000000
1771.000000,5041.000000
101.000000,5067.000000
4398.000000,5079.000000
3018.000000,5082.000000
1615.000000,5089.000000
2108.000000,5091.000000
4947.000000,5097.000000
4641.000000,5098.000000
3266.000000,5100.000000
342.000000,5111.000000
2905.000000,5125.000000
1867.000000,5146.000000
323.000000,5154.000000
4856.000000,5157.000000
4877.000000,5166.000000
2133.000000,5171.000000
226.000000,5186.000000
2361.000000,5188.000000
1041.000000,5203.000000
2046.000000,5206.000000
64.000000,5210.000000
1411.000000,5213.000000
2686.000000,5217.000000
4909.000000,5227.000000
4163.000000,5244.000000
1087.000000,5258.000000
5421.000000,5282.000000
1145.000000,5299.000000
5007.000000,5299.000000
62.000000,5314.000000
156.000000,5317.000000
2677.000000,5331.000000
215.000000,5409.000000
1565.000000,5416.000000
513.000000,5422.000000
5087.000000,5425.000000
4508.000000,5442.000000
2126.000000,5443.000000
4261.000000,5456.000000
3953.000000,5464.000000
LINES
93.000000,1666.000000,257.000000,1718.000000
2756.000000,2258.000000,2622.000000,2345.000000
1226.000000,3916.000000,1552.000000,4197.000000
445.000000,4588.000000,478.000000,4892.000000
5005.000000,696.000000,5419.000000,852.000000
4286.000000,1684.000000,4363.000000,1694.000000
1379.000000,4952.000000,1654.000000,4952.000000
4079.000000,685.000000,4323.000000,825.000000
2756.000000,3441.000000,3044.000000,3762.000000
4045.000000,892.000000,4349.000000,906.000000
3200.000000,2783.000000,2981.000000,2851.000000
2805.000000,4893.000000,3016.000000,5018.000000
1413.000000,2443.000000,1395.000000,2515.000000
1747.000000,2039.000000,1408.000000,2213.000000
2777.000000,2952.000000,2758.000000,3096.000000
4586.000000,2568.000000,4883.000000,2588.000000
3018.000000,5082.000000,2905.000000,5125.000000
4963.000000,948.000000,5201.000000,1006.000000
1968.000000,3826.000000,2246.000000,3876.000000
4630.000000,4017.000000,4426.000000,4088.000000
5290.000000,1938.000000,4884.000000,2132.000000
3378.000000,3666.000000,3193.000000,3771.000000
1926.000000,3394.000000,1950.000000,3511.000000
521.000000,4864.000000,478.000000,4892.000000
3449.000000,2462.000000,3889.000000,2583.000000
90.000000,3703.000000,297.000000,3978.000000
2872.000000,4157.000000,3186.000000,4386.000000
4770.000000,1898.000000,4563.000000,2073.000000
4754.000000,3122.000000,4609.000000,3247.000000
1206.000000,831.000000,1421.000000,880.000000
5046.000000,1337.000000,5162.000000,1430.000000
4921.000000,871.000000,4963.000000,948.000000
2632.000000,711.000000,2389.000000,766.000000
163.000000,1162.000000,93.000000,1666.000000
478.000000,4892.000000,369.000000,4983.000000
293.000000,1605.000000,257.000000,1718.000000
4087.000000,566.000000,4294.000000,647.000000
4293.000000,492.000000,4087.000000,566.000000
1669.000000,782.000000,1756.000000,1148.000000
4081.000000,163.000000,4293.000000,492.000000
5364.000000,4088.000000,5406.000000,4141.000000
1830.000000,4427.000000,1934.000000,4614.000000
3215.000000,4081.000000,3287.000000,4174.000000
3559.000000,4418.000000,3416.000000,4731.000000
830.000000,2667.000000,980.000000,2941.000000
1375.000000,1666.000000,1269.000000,1787.000000
5351.000000,5002.000000,5007.000000,5299.000000
2601.000000,1766.000000,2750.000000,1767.000000
3709.000000,2315.000000,3805.000000,2390.000000
2624.000000,3998.000000,2670.000000,4119.000000
902.000000,4453.000000,1124.000000,4886.000000
2361.000000,5188.000000,2686.000000,5217.000000
652.000000,2619.000000,712.000000,3024.000000
4710.000000,3322.000000,4971.000000,3326.000000
4437.000000,1867.000000,4563.000000,2073.000000
3582.000000,4381.000000,3559.000000,4418.000000
5315.000000,4171.000000,5228.000000,4300.000000
4349.000000,906.000000,4005.000000,1053.000000
869.000000,407.000000,782.000000,543.000000
802.000000,1056.000000,524.000000,1084.000000
835.000000,2251.000000,1017.000000,2514.000000
1226.000000,3916.000000,1137.000000,4003.000000
3913.000000,2591.000000,3772.000000,2860.000000
4119.000000,2506.000000,4284.000000,2842.000000
4762.000000,2364.000000,4586.000000,2568.000000
4563.000000,2073.000000,4550.000000,2148.000000
257.000000,1718.000000,338.000000,1770.000000
5432.000000,2127.000000,5194.000000,2283.000000
4890.000000,1566.000000,4705.000000,1679.000000
547.000000,4116.000000,445.000000,4588.000000
5173.000000,339.000000,4979.000000,406.000000
4168.000000,3038.000000,4142.000000,3381.000000
624.000000,534.000000,609.000000,746.000000
2504.000000,4261.000000,2494.000000,4406.000000
2230.000000,4693.000000,2326.000000,4723.000000
2629.000000,3718.000000,2624.000000,3998.000000
4909.000000,5227.000000,5007.000000,5299.000000
5244.000000,960.000000,5201.000000,1006.000000
1233.000000,4850.000000,1379.000000,4952.000000
2932.000000,2478.000000,3189.000000,2572.000000
513.000000,5422.000000,2126.000000,5443.000000
3136.000000,4043.000000,2872.000000,4157.000000
3060.000000,3938.000000,3022.000000,3983.000000
1714.000000,4589.000000,1934.000000,4614.000000
4710.000000,3322.000000,4689.000000,3456.000000
2092.000000,2376.000000,2419.000000,2989.000000
1504.000000,4911.000000,1379.000000,4952.000000
4057.000000,2559.000000,4015.000000,2579.000000
3311.000000,3596.000000,3178.000000,3696.000000
2461.000000,2232.000000,2650.000000,2294.000000
3359.000000,62.000000,2951.000000,283.000000
4074.000000,3953.000000,3795.000000,4227.000000
51.000000,4082.000000,249.000000,4386.000000
3148.000000,1520.000000,3457.000000,1765.000000
1771.000000,5041.000000,1615.000000,5089.000000
2691.000000,4227.000000,2504.000000,4261.000000
1326.000000,1309.000000,1238.000000,1645.000000
2040.000000,3495.000000,2291.000000,3503.000000
1904.000000,62.000000,1938.000000,214.000000
5456.000000,5002.000000,5421.000000,5282.000000
93.000000,1666.000000,338.000000,1770.000000
3613.000000,3783.000000,3590.000000,3803.000000
1200.000000,2565.000000,1110.000000,2984.000000
3378.000000,3666.000000,3410.000000,3678.000000
4072.000000,4718.000000,4057.000000,4812.000000
101.000000,5067.000000,323.000000,5154.000000
3559.000000,4418.000000,3971.000000,4479.000000
1238.000000,1645.000000,1038.000000,1810.000000
4753.000000,461.000000,4608.000000,749.000000
3261.000000,3129.000000,3218.000000,3247.000000
28.000000,847.000000,8.000000,4043.000000
3159.000000,2728.000000,3200.000000,2783.000000
2650.000000,2010.000000,2472.000000,2073.000000
4079.000000,685.000000,4045.000000,892.000000
4550.000000,2148.000000,4267.000000,2210.000000
841.000000,4488.000000,445.000000,4588.000000
1137.000000,422.000000,1163.000000,808.000000
3835.000000,2390.000000,4057.000000,2559.000000
3258.000000,534.000000,3131.000000,619.000000
2578.000000,2709.000000,2562.000000,2745.000000
407.000000,2037.000000,325.000000,2425.000000
1017.000000,2514.000000,1395.000000,2515.000000
4710.000000,3322.000000,4777.000000,3433.000000
2609.000000,1035.000000,2169.000000,1474.000000
2472.000000,2073.000000,2650.000000,2294.000000
4985.000000,4612.000000,5251.000000,4828.000000
4020.000000,55.000000,3992.000000,233.000000
4168.000000,3038.000000,3975.000000,3366.000000
652.000000,2619.000000,830.000000,2667.000000
2419.000000,518.000000,1808.000000,704.000000
4192.000000,1283.000000,4705.000000,1679.000000
323.000000,5154.000000,513.000000,5422.000000
3159.000000,2728.000000,2981.000000,2851.000000
1776.000000,1631.000000,2015.000000,1820.000000
4890.000000,1566.000000,5333.000000,1771.000000
4750.000000,900.000000,4963.000000,948.000000
4586.000000,2568.000000,4489.000000,2664.000000
1934.000000,4614.000000,1786.000000,4757.000000
1035.000000,1090.000000,956.000000,1277.000000
4020.000000,55.000000,4081.000000,163.000000
1653.000000,4623.000000,1654.000000,4952.000000
1523.000000,3318.000000,1233.000000,3622.000000
4689.000000,3456.000000,4497.000000,3632.000000
3994.000000,2265.000000,3760.000000,2341.000000
1651.000000,610.000000,1808.000000,704.000000
467.000000,3593.000000,90.000000,3703.000000
4057.000000,2559.000000,3889.000000,2583.000000
841.000000,4810.000000,752.000000,5024.000000
652.000000,2619.000000,315.000000,2959.000000
5070.000000,2158.000000,5194.000000,2283.000000
522.000000,807.000000,496.000000,851.000000
4603.000000,660.000000,4318.000000,672.000000
3416.000000,4731.000000,3677.000000,4757.000000
3311.000000,3596.000000,3193.000000,3771.000000
763.000000,1560.000000,427.000000,2023.000000
3975.000000,3366.000000,3708.000000,3500.000000
2872.000000,4157.000000,2691.000000,4227.000000
1421.000000,880.000000,1384.000000,1215.000000
1653.000000,4623.000000,1504.000000,4911.000000
4178.000000,2031.000000,4510.000000,2035.000000
4079.000000,685.000000,4349.000000,906.000000
3733.000000,632.000000,3481.000000,893.000000
2932.000000,2478.000000,3159.000000,2728.000000
4705.000000,1679.000000,4640.000000,1761.000000
2015.000000,1820.000000,2052.000000,2010.000000
3381.000000,831.000000,3481.000000,893.000000
5298.000000,2405.000000,4996.000000,2657.000000
2149.000000,1249.000000,1767.000000,1483.000000
2947.000000,1283.000000,3295.000000,1312.000000
4883.000000,2588.000000,4996.000000,2657.000000
1830.000000,4325.000000,1830.000000,4427.000000
3022.000000,3911.000000,3022.000000,3983.000000
4076.000000,5030.000000,4163.000000,5244.000000
2931.000000,487.000000,3214.000000,810.000000
4963.000000,948.000000,4705.000000,1679.000000
966.000000,391.000000,1020.000000,557.000000
2293.000000,3239.000000,2291.000000,3503.000000
3200.000000,2783.000000,3772.000000,2860.000000
3353.000000,4979.000000,3016.000000,5018.000000
2287.000000,1056.000000,2149.000000,1249.000000
248.000000,715.000000,522.000000,807.000000
2839.000000,3577.000000,2755.000000,3878.000000
841.000000,4810.000000,521.000000,4864.000000
2180.000000,1523.000000,2439.000000,1587.000000
3460.000000,7.000000,4020.000000,55.000000
1200.000000,2565.000000,1053.000000,2598.000000
2624.000000,3998.000000,2363.000000,4067.000000
2343.000000,4922.000000,2622.000000,4946.000000
4057.000000,4812.000000,4138.000000,4933.000000
2777.000000,2952.000000,2459.000000,3147.000000
3761.000000,4803.000000,3353.000000,4979.000000
4615.000000,293.000000,4979.000000,406.000000
1344.000000,4761.000000,1504.000000,4911.000000
547.000000,4116.000000,249.000000,4386.000000
4277.000000,2941.000000,4168.000000,3038.000000
407.000000,2037.000000,390.000000,2206.000000
1777.000000,4807.000000,1654.000000,4952.000000
4947.000000,5097.000000,5007.000000,5299.000000
2755.000000,3878.000000,2872.000000,4157.000000
3733.000000,632.000000,3789.000000,752.000000
1053.000000,2598.000000,980.000000,2941.000000
5449.000000,2994.000000,5456.000000,5002.000000
4460.000000,258.000000,4293.000000,492.000000
5267.000000,3408.000000,5207.000000,3659.000000
1930.000000,4210.000000,1911.000000,4260.000000
4477.000000,4506.000000,4318.000000,4955.000000
4015.000000,2579.000000,3889.000000,2583.000000
3018.000000,5082.000000,2677.000000,5331.000000
3795.000000,4227.000000,3559.000000,4418.000000
2889.000000,311.000000,2398.000000,314.000000
2239.000000,4843.000000,2305.000000,4863.000000
4163.000000,5244.000000,4508.000000,5442.000000
117.000000,40.000000,188.000000,50.000000
297.000000,3978.000000,51.000000,4082.000000
2239.000000,4843.000000,2343.000000,4922.000000
3295.000000,1312.000000,3637.000000,1910.000000
3517.000000,259.000000,3231.000000,287.000000
1756.000000,1148.000000,1767.000000,1483.000000
3517.000000,259.000000,3258.000000,534.000000
4074.000000,3953.000000,4192.000000,4443.000000
3218.000000,3247.000000,3269.000000,3420.000000
4831.000000,4865.000000,4318.000000,4955.000000
763.000000,1560.000000,1038.000000,1810.000000
2805.000000,4893.000000,2905.000000,5125.000000
2052.000000,2010.000000,1472.000000,2280.000000
1654.000000,4952.000000,1615.000000,5089.000000
1867.000000,5146.000000,2046.000000,5206.000000
1911.000000,4260.000000,1830.000000,4427.000000
2169.000000,1474.000000,2180.000000,1523.000000
117.000000,40.000000,40.000000,382.000000
5432.000000,2127.000000,5298.000000,2405.000000
5207.000000,3659.000000,5165.000000,3738.000000
2153.000000,4579.000000,2303.000000,4593.000000
3059.000000,1599.000000,2756.000000,2258.000000
1110.000000,2984.000000,1197.000000,3068.000000
4883.000000,2588.000000,4489.000000,2664.000000
93.000000,1666.000000,366.000000,2231.000000
3200.000000,2783.000000,3492.000000,2828.000000
1600.000000,298.000000,1424.000000,386.000000
5059.000000,2991.000000,5189.000000,3128.000000
2126.000000,5443.000000,3953.000000,5464.000000
2981.000000,2851.000000,3261.000000,3129.000000
1406.000000,852.000000,1421.000000,880.000000
845.000000,1233.000000,956.000000,1277.000000
4045.000000,892.000000,4005.000000,1053.000000
3522.000000,4369.000000,3186.000000,4386.000000
3378.000000,3666.000000,3215.000000,4081.000000
3293.000000,3515.000000,3178.000000,3696.000000
4947.000000,5097.000000,4856.000000,5157.000000
414.000000,109.000000,838.000000,260.000000
4286.000000,1684.000000,4178.000000,2031.000000
1053.000000,2598.000000,830.000000,2667.000000
4753.000000,461.000000,4603.000000,660.000000
3820.000000,494.000000,4006.000000,537.000000
3410.000000,3678.000000,3415.000000,3855.000000
3457.000000,1765.000000,3186.000000,2067.000000
4974.000000,1045.000000,4985.000000,1178.000000
4883.000000,2588.000000,5059.000000,2991.000000
938.000000,1250.000000,956.000000,1277.000000
4831.000000,4027.000000,4795.000000,4033.000000
3805.000000,2390.000000,3889.000000,2583.000000
2609.000000,1035.000000,2635.000000,1626.000000
980.000000,2941.000000,712.000000,3024.000000
5154.000000,3542.000000,4956.000000,3708.000000
3855.000000,4679.000000,3761.000000,4803.000000
3311.000000,3596.000000,3378.000000,3666.000000
4284.000000,2842.000000,4277.000000,2941.000000
2805.000000,4893.000000,2622.000000,4946.000000
3266.000000,5100.000000,4163.000000,5244.000000
4640.000000,1761.000000,4770.000000,1898.000000
3677.000000,4757.000000,3761.000000,4803.000000
1532.000000,2532.000000,1200.000000,2565.000000
3022.000000,3911.000000,2872.000000,4157.000000
366.000000,2231.000000,593.000000,2260.000000
5172.000000,2077.000000,5194.000000,2283.000000
5421.000000,5282.000000,5007.000000,5299.000000
3460.000000,7.000000,1637.000000,36.000000
496.000000,851.000000,610.000000,876.000000
902.000000,3514.000000,547.000000,4116.000000
158.000000,3331.000000,260.000000,3382.000000
4020.000000,55.000000,3923.000000,227.000000
4996.000000,2657.000000,5365.000000,2839.000000
1226.000000,3916.000000,1094.000000,4563.000000
1820.000000,2825.000000,2033.000000,2999.000000
397.000000,1548.000000,763.000000,1560.000000
315.000000,2959.000000,643.000000,3372.000000
4043.000000,1333.000000,4286.000000,1684.000000
2602.000000,1904.000000,2650.000000,2010.000000
3788.000000,2883.000000,3975.000000,3366.000000
317.000000,3218.000000,260.000000,3382.000000
1277.000000,3204.000000,1523.000000,3318.000000
414.000000,109.000000,43.000000,545.000000
3186.000000,4386.000000,3266.000000,4620.000000
3186.000000,4386.000000,2901.000000,4467.000000
3218.000000,3247.000000,2932.000000,3261.000000
1424.000000,386.000000,1651.000000,610.000000
5378.000000,4103.000000,5406.000000,4141.000000
2677.000000,5331.000000,3953.000000,5464.000000
4430.000000,4138.000000,4192.000000,4443.000000
3573.000000,3886.000000,3497.000000,3900.000000
4736.000000,2331.000000,4762.000000,2364.000000
3476.000000,3350.000000,3476.000000,3573.000000
1637.000000,36.000000,188.000000,50.000000
5162.000000,1430.000000,5333.000000,1771.000000
712.000000,3024.000000,1278.000000,3305.000000
2046.000000,5206.000000,2126.000000,5443.000000
5365.000000,2839.000000,5449.000000,2994.000000
2092.000000,2376.000000,2154.000000,2647.000000
643.000000,3372.000000,366.000000,3423.000000
813.000000,350.000000,880.000000,379.000000
3353.000000,4979.000000,3018.000000,5082.000000
5069.000000,3224.000000,5267.000000,3408.000000
1642.000000,1465.000000,1776.000000,1631.000000
1615.000000,5089.000000,1867.000000,5146.000000
3855.000000,4679.000000,4057.000000,4812.000000
593.000000,2260.000000,830.000000,2667.000000
3293.000000,3515.000000,3397.000000,3594.000000
3971.000000,4479.000000,3677.000000,4757.000000
2149.000000,1249.000000,1886.000000,1282.000000
1404.000000,380.000000,1424.000000,386.000000
4178.000000,2031.000000,4267.000000,2210.000000
3231.000000,287.000000,3258.000000,534.000000
1812.000000,2800.000000,1820.000000,2825.000000
3353.000000,4979.000000,3266.000000,5100.000000
2932.000000,2478.000000,2578.000000,2709.000000
555.000000,2035.000000,499.000000,2170.000000
3365.000000,3056.000000,3218.000000,3247.000000
4770.000000,1898.000000,4550.000000,2148.000000
1773.000000,2774.000000,1844.000000,2918.000000
997.000000,281.000000,880.000000,379.000000
3794.000000,2170.000000,3231.000000,2279.000000
4947.000000,5097.000000,4877.000000,5166.000000
2598.000000,3283.000000,2576.000000,3365.000000
2872.000000,4157.000000,2901.000000,4467.000000
624.000000,534.000000,248.000000,715.000000
5251.000000,4828.000000,5456.000000,5002.000000
4956.000000,3708.000000,5165.000000,3738.000000
323.000000,5154.000000,156.000000,5317.000000
1740.000000,883.000000,1756.000000,1148.000000
2459.000000,3147.000000,2455.000000,3207.000000
3253.000000,2067.000000,3231.000000,2279.000000
2576.000000,3365.000000,2691.000000,3383.000000
2326.000000,4723.000000,2305.000000,4863.000000
2398.000000,314.000000,2522.000000,496.000000
4615.000000,293.000000,4753.000000,461.000000
3788.000000,2883.000000,4168.000000,3038.000000
4081.000000,163.000000,3992.000000,233.000000
4006.000000,537.000000,4087.000000,566.000000
5374.000000,499.000000,5419.000000,852.000000
248.000000,715.000000,496.000000,851.000000
2326.000000,4723.000000,2239.000000,4843.000000
3010.000000,1258.000000,3295.000000,1312.000000
4641.000000,5098.000000,4508.000000,5442.000000
1844.000000,2918.000000,2033.000000,2999.000000
5406.000000,4141.000000,5456.000000,5002.000000
2264.000000,168.000000,2951.000000,283.000000
4138.000000,4933.000000,4318.000000,4955.000000
4284.000000,2842.000000,4168.000000,3038.000000
902.000000,4453.000000,981.000000,4771.000000
2246.000000,3876.000000,2113.000000,3928.000000
3639.000000,451.000000,3380.000000,528.000000
3476.000000,3350.000000,3293.000000,3515.000000
521.000000,4864.000000,551.000000,4988.000000
4437.000000,1867.000000,4770.000000,1898.000000
2758.000000,3096.000000,2598.000000,3283.000000
3794.000000,2170.000000,3449.000000,2462.000000
4985.000000,1178.000000,5046.000000,1337.000000
2677.000000,5331.000000,2126.000000,5443.000000
5449.000000,2994.000000,5267.000000,3408.000000
93.000000,1666.000000,216.000000,2786.000000
1278.000000,3305.000000,902.000000,3514.000000
427.000000,2023.000000,555.000000,2035.000000
1714.000000,4589.000000,1653.000000,4623.000000
2046.000000,3446.000000,1950.000000,3511.000000
3261.000000,3129.000000,2932.000000,3261.000000
4205.000000,3277.000000,4418.000000,3564.000000
5432.000000,2127.000000,5369.000000,2451.000000
4609.000000,3247.000000,4710.000000,3322.000000
3178.000000,3696.000000,3177.000000,3731.000000
253.000000,1518.000000,293.000000,1605.000000
1941.000000,1607.000000,2015.000000,1820.000000
268.000000,4630.000000,369.000000,4983.000000
40.000000,382.000000,28.000000,847.000000
2343.000000,4922.000000,2133.000000,5171.000000
2015.000000,1820.000000,2082.000000,1977.000000
4831.000000,4865.000000,4856.000000,5157.000000
2303.000000,4593.000000,2230.000000,4693.000000
5406.000000,4141.000000,5281.000000,4296.000000
1344.000000,4761.000000,1379.000000,4952.000000
5298.000000,2405.000000,5369.000000,2451.000000
1087.000000,5258.000000,513.000000,5422.000000
5406.000000,4141.000000,5315.000000,4171.000000
3476.000000,3350.000000,3975.000000,3366.000000
3497.000000,3900.000000,3287.000000,4174.000000
5071.000000,260.000000,4979.000000,406.000000
4861.000000,669.000000,5005.000000,696.000000
43.000000,545.000000,28.000000,847.000000
249.000000,4386.000000,345.000000,4491.000000
323.000000,5154.000000,215.000000,5409.000000
226.000000,5186.000000,156.000000,5317.000000
4748.000000,3780.000000,4630.000000,4017.000000
4705.000000,1679.000000,4286.000000,1684.000000
5365.000000,2839.000000,5059.000000,2991.000000
2578.000000,2709.000000,2419.000000,2989.000000
2602.000000,1904.000000,2663.000000,1914.000000
3136.000000,4043.000000,3215.000000,4081.000000
3177.000000,3731.000000,3044.000000,3762.000000
3380.000000,528.000000,3733.000000,632.000000
369.000000,4983.000000,323.000000,5154.000000
8.000000,4043.000000,64.000000,5210.000000
1984.000000,58.000000,1904.000000,62.000000
3058.000000,2319.000000,2957.000000,2345.000000
2632.000000,711.000000,2287.000000,1056.000000
4753.000000,461.000000,4861.000000,669.000000
2293.000000,3239.000000,2040.000000,3495.000000
1226.000000,3916.000000,1108.000000,4174.000000
3460.000000,7.000000,3359.000000,62.000000
390.000000,2206.000000,502.000000,2217.000000
1408.000000,2213.000000,1472.000000,2280.000000
966.000000,391.000000,1137.000000,422.000000
1651.000000,610.000000,1669.000000,782.000000
2756.000000,2258.000000,2749.000000,2543.000000
1233.000000,3622.000000,1303.000000,3706.000000
4615.000000,293.000000,4621.000000,391.000000
3397.000000,3594.000000,3410.000000,3678.000000
3971.000000,4479.000000,4072.000000,4718.000000
4777.000000,3433.000000,4689.000000,3456.000000
1408.000000,2213.000000,1413.000000,2443.000000
4854.000000,4143.000000,4555.000000,4360.000000
2455.000000,3207.000000,2510.000000,3347.000000
288.000000,3362.000000,467.000000,3593.000000
609.000000,746.000000,496.000000,851.000000
2835.000000,584.000000,2632.000000,711.000000
4293.000000,492.000000,4294.000000,647.000000
1653.000000,4623.000000,1284.000000,4751.000000
2040.000000,3495.000000,2246.000000,3876.000000
4750.000000,900.000000,4705.000000,1679.000000
3186.000000,2067.000000,2957.000000,2345.000000
2459.000000,3147.000000,2293.000000,3239.000000
1747.000000,2039.000000,1472.000000,2280.000000
4689.000000,3456.000000,4418.000000,3564.000000
2040.000000,3495.000000,2629.000000,3718.000000
2750.000000,1767.000000,2650.000000,2010.000000
2472.000000,2073.000000,2461.000000,2232.000000
4406.000000,3115.000000,4754.000000,3122.000000
2635.000000,1626.000000,2674.000000,1656.000000
3559.000000,4418.000000,3677.000000,4757.000000
5189.000000,3128.000000,5069.000000,3224.000000
2691.000000,4227.000000,2805.000000,4893.000000
28.000000,847.000000,163.000000,1162.000000
3835.000000,2390.000000,4131.000000,2450.000000
2133.000000,5171.000000,2046.000000,5206.000000
215.000000,315.000000,40.000000,382.000000
3497.000000,3900.000000,3215.000000,4081.000000
4006.000000,537.000000,4079.000000,685.000000
551.000000,4988.000000,513.000000,5422.000000
712.000000,3024.000000,902.000000,3514.000000
2439.000000,1587.000000,2472.000000,2073.000000
3416.000000,4731.000000,3016.000000,5018.000000
1642.000000,1465.000000,1375.000000,1666.000000
1830.000000,4427.000000,1714.000000,4589.000000
2555.000000,3372.000000,2291.000000,3503.000000
1200.000000,2565.000000,1197.000000,3068.000000
830.000000,2667.000000,712.000000,3024.000000
2239.000000,4843.000000,2133.000000,5171.000000
3044.000000,3762.000000,3022.000000,3911.000000
4831.000000,4027.000000,5014.000000,4346.000000
4284.000000,2842.000000,3788.000000,2883.000000
1137.000000,4003.000000,841.000000,4488.000000
2293.000000,3239.000000,2555.000000,3372.000000
325.000000,2425.000000,279.000000,2760.000000
2209.000000,1866.000000,2181.000000,2183.000000
1566.000000,628.000000,1468.000000,844.000000
113.000000,3063.000000,90.000000,3703.000000
1206.000000,831.000000,1384.000000,1215.000000
2209.000000,1866.000000,2082.000000,1977.000000
2674.000000,1656.000000,2750.000000,1767.000000
1941.000000,1607.000000,1776.000000,1631.000000
315.000000,2959.000000,712.000000,3024.000000
2932.000000,2478.000000,2981.000000,2851.000000
342.000000,5111.000000,513.000000,5422.000000
4426.000000,4088.000000,4430.000000,4138.000000
2303.000000,4593.000000,2326.000000,4723.000000
2889.000000,311.000000,2931.000000,487.000000
4710.000000,3322.000000,4956.000000,3708.000000
366.000000,2231.000000,325.000000,2425.000000
902.000000,4453.000000,841.000000,4488.000000
1472.000000,2280.000000,1413.000000,2443.000000
880.000000,379.000000,966.000000,391.000000
3779.000000,604.000000,3733.000000,632.000000
2398.000000,314.000000,2419.000000,518.000000
2209.000000,1866.000000,2239.000000,2171.000000
2103.000000,2481.000000,2154.000000,2647.000000
3186.000000,2067.000000,3058.000000,2319.000000
813.000000,350.000000,587.000000,464.000000
652.000000,2619.000000,279.000000,2760.000000
609.000000,746.000000,646.000000,786.000000
4979.000000,406.000000,4861.000000,669.000000
3000.000000,1596.000000,2750.000000,1767.000000
5369.000000,2451.000000,5449.000000,2994.000000
3761.000000,4803.000000,4163.000000,5244.000000
1233.000000,3622.000000,1226.000000,3916.000000
2439.000000,1587.000000,2601.000000,1766.000000
4293.000000,492.000000,4603.000000,660.000000
3059.000000,1599.000000,2902.000000,1769.000000
3709.000000,2315.000000,3449.000000,2462.000000
1017.000000,2514.000000,1053.000000,2598.000000
3131.000000,619.000000,3381.000000,831.000000
3760.000000,2341.000000,3835.000000,2390.000000
3992.000000,233.000000,3771.000000,420.000000
2015.000000,1820.000000,2209.000000,1866.000000
64.000000,5210.000000,156.000000,5317.000000
2598.000000,3283.000000,2555.000000,3372.000000
4201.000000,3092.000000,4205.000000,3277.000000
1379.000000,4952.000000,1615.000000,5089.000000
643.000000,3372.000000,741.000000,3536.000000
2889.000000,311.000000,2522.000000,496.000000
2576.000000,3365.000000,2555.000000,3372.000000
2753.000000,843.000000,2609.000000,1035.000000
1038.000000,1810.000000,427.000000,2023.000000
835.000000,2251.000000,593.000000,2260.000000
838.000000,260.000000,813.000000,350.000000
5180.000000,4295.000000,5014.000000,4346.000000
62.000000,5314.000000,215.000000,5409.000000
4318.000000,672.000000,4079.000000,685.000000
2287.000000,1056.000000,2169.000000,1474.000000
2108.000000,5091.000000,2046.000000,5206.000000
1950.000000,3511.000000,1930.000000,4210.000000
3415.000000,3855.000000,3215.000000,4081.000000
4854.000000,4143.000000,4808.000000,4299.000000
253.000000,1518.000000,93.000000,1666.000000
4963.000000,948.000000,4985.000000,1178.000000
3708.000000,3500.000000,3476.000000,3573.000000
1637.000000,36.000000,1904.000000,62.000000
1284.000000,4751.000000,1344.000000,4761.000000
4043.000000,1333.000000,3825.000000,2015.000000
4510.000000,2035.000000,4563.000000,2073.000000
4985.000000,4612.000000,5077.000000,4769.000000
1145.000000,5299.000000,513.000000,5422.000000
8.000000,4043.000000,62.000000,5314.000000
4294.000000,647.000000,4318.000000,672.000000
478.000000,476.000000,624.000000,534.000000
5067.000000,1348.000000,5162.000000,1430.000000
2419.000000,2989.000000,2033.000000,2999.000000
2439.000000,1587.000000,2635.000000,1626.000000
269.000000,2978.000000,317.000000,3218.000000
28.000000,847.000000,496.000000,851.000000
1027.000000,1872.000000,835.000000,2251.000000
5069.000000,3224.000000,4971.000000,3326.000000
2622.000000,2345.000000,2092.000000,2376.000000
3359.000000,62.000000,3231.000000,287.000000
981.000000,4771.000000,841.000000,4810.000000
3708.000000,3500.000000,4074.000000,3953.000000
325.000000,2425.000000,216.000000,2786.000000
563.000000,2148.000000,593.000000,2260.000000
4754.000000,3122.000000,4710.000000,3322.000000
3788.000000,2883.000000,3592.000000,3016.000000
269.000000,2978.000000,158.000000,3331.000000
2951.000000,283.000000,2931.000000,487.000000
3835.000000,2390.000000,3889.000000,2583.000000
2113.000000,3928.000000,2198.000000,4016.000000
4884.000000,2132.000000,5070.000000,2158.000000
2578.000000,2709.000000,2777.000000,2952.000000
1886.000000,1282.000000,1767.000000,1483.000000
5071.000000,260.000000,5173.000000,339.000000
869.000000,407.000000,624.000000,534.000000
1124.000000,4886.000000,1041.000000,5203.000000
2264.000000,168.000000,2419.000000,518.000000
4168.000000,3038.000000,4201.000000,3092.000000
1830.000000,4325.000000,1703.000000,4392.000000
3148.000000,1520.000000,3000.000000,1596.000000
1137.000000,4003.000000,1108.000000,4174.000000
268.000000,4630.000000,101.000000,5067.000000
1984.000000,58.000000,2158.000000,131.000000
3187.000000,1267.000000,3295.000000,1312.000000
366.000000,3423.000000,467.000000,3593.000000
3971.000000,4479.000000,3924.000000,4587.000000
4020.000000,55.000000,4460.000000,258.000000
1968.000000,3826.000000,2113.000000,3928.000000
1404.000000,380.000000,1137.000000,422.000000
1552.000000,4197.000000,1830.000000,4325.000000
4630.000000,4017.000000,4795.000000,4033.000000
3492.000000,2828.000000,3772.000000,2860.000000
1984.000000,58.000000,1938.000000,214.000000
813.000000,1550.000000,763.000000,1560.000000
555.000000,2035.000000,835.000000,2251.000000
2777.000000,2952.000000,2932.000000,3261.000000
2363.000000,4067.000000,2479.000000,4114.000000
4621.000000,391.000000,4603.000000,660.000000
1035.000000,1090.000000,1151.000000,1106.000000
3923.000000,227.000000,3992.000000,233.000000
101.000000,5067.000000,226.000000,5186.000000
4808.000000,4299.000000,4555.000000,4360.000000
249.000000,4386.000000,268.000000,4630.000000
4641.000000,5098.000000,5087.000000,5425.000000
2674.000000,1656.000000,2601.000000,1766.000000
2947.000000,1283.000000,2635.000000,1626.000000
4020.000000,55.000000,4813.000000,119.000000
4119.000000,2506.000000,4057.000000,2559.000000
8.000000,4043.000000,249.000000,4386.000000
3923.000000,227.000000,3517.000000,259.000000
902.000000,3514.000000,467.000000,3593.000000
2209.000000,1866.000000,2472.000000,2073.000000
1756.000000,1148.000000,1384.000000,1215.000000
2264.000000,168.000000,2398.000000,314.000000
427.000000,2023.000000,407.000000,2037.000000
4284.000000,2842.000000,5059.000000,2991.000000
4192.000000,4443.000000,4186.000000,4555.000000
1024.000000,356.000000,966.000000,391.000000
5333.000000,1771.000000,4884.000000,2132.000000
3733.000000,632.000000,3720.000000,929.000000
2758.000000,3096.000000,2756.000000,3441.000000
5267.000000,3408.000000,5154.000000,3542.000000
1269.000000,1787.000000,1038.000000,1810.000000
397.000000,1548.000000,257.000000,1718.000000
2133.000000,5171.000000,2126.000000,5443.000000
4497.000000,3632.000000,4057.000000,3920.000000
3952.000000,2769.000000,3772.000000,2860.000000
4856.000000,5157.000000,4909.000000,5227.000000
902.000000,4453.000000,1094.000000,4563.000000
414.000000,109.000000,997.000000,281.000000
4406.000000,3115.000000,4609.000000,3247.000000
3193.000000,3771.000000,3022.000000,3911.000000
5165.000000,3738.000000,5364.000000,4088.000000
4609.000000,3247.000000,4689.000000,3456.000000
1756.000000,1148.000000,2149.000000,1249.000000
4510.000000,2035.000000,4267.000000,2210.000000
1740.000000,883.000000,2149.000000,1249.000000
3476.000000,3350.000000,3602.000000,3398.000000
4277.000000,2941.000000,4406.000000,3115.000000
5457.000000,1845.000000,5290.000000,1938.000000
2951.000000,283.000000,3231.000000,287.000000
2947.000000,1283.000000,3000.000000,1596.000000
4813.000000,119.000000,4460.000000,258.000000
1954.000000,2335.000000,2092.000000,2376.000000
2562.000000,2745.000000,2419.000000,2989.000000
956.000000,1277.000000,763.000000,1560.000000
4985.000000,1178.000000,4890.000000,1566.000000
3492.000000,2828.000000,3592.000000,3016.000000
2291.000000,3503.000000,2629.000000,3718.000000
3177.000000,3731.000000,3193.000000,3771.000000
3059.000000,1599.000000,3055.000000,1602.000000
1411.000000,5213.000000,1565.000000,5416.000000
3089.000000,2518.000000,3189.000000,2572.000000
4489.000000,2664.000000,5059.000000,2991.000000
2753.000000,843.000000,3187.000000,1267.000000
5070.000000,2158.000000,5298.000000,2405.000000
430.000000,1150.000000,845.000000,1233.000000
2750.000000,1767.000000,2902.000000,1769.000000
4808.000000,4299.000000,4985.000000,4612.000000
4736.000000,2331.000000,4586.000000,2568.000000
845.000000,1233.000000,763.000000,1560.000000
1151.000000,1106.000000,1222.000000,1301.000000
1834.000000,200.000000,1600.000000,298.000000
1094.000000,4563.000000,1284.000000,4751.000000
4087.000000,566.000000,4079.000000,685.000000
430.000000,1150.000000,253.000000,1518.000000
1669.000000,782.000000,1740.000000,883.000000
1408.000000,2213.000000,1017.000000,2514.000000
563.000000,2148.000000,502.000000,2217.000000
1226.000000,3916.000000,1930.000000,4210.000000
3913.000000,2591.000000,3952.000000,2769.000000
1041.000000,5203.000000,1145.000000,5299.000000
338.000000,1770.000000,407.000000,2037.000000
1353.000000,1659.000000,1375.000000,1666.000000
3602.000000,3398.000000,3476.000000,3573.000000
838.000000,260.000000,997.000000,281.000000
2932.000000,2478.000000,3089.000000,2518.000000
3592.000000,3016.000000,3365.000000,3056.000000
2598.000000,3283.000000,2691.000000,3383.000000
397.000000,1548.000000,293.000000,1605.000000
414.000000,109.000000,306.000000,182.000000
4178.000000,2031.000000,3994.000000,2265.000000
5087.000000,5425.000000,4261.000000,5456.000000
2504.000000,4261.000000,2303.000000,4593.000000
297.000000,3978.000000,8.000000,4043.000000
4890.000000,1566.000000,4770.000000,1898.000000
4074.000000,3953.000000,4430.000000,4138.000000
2230.000000,4693.000000,2239.000000,4843.000000
2181.000000,2183.000000,2092.000000,2376.000000
3772.000000,2860.000000,3788.000000,2883.000000
113.000000,3063.000000,116.000000,3335.000000
1411.000000,5213.000000,1145.000000,5299.000000
253.000000,1518.000000,397.000000,1548.000000
499.000000,2170.000000,502.000000,2217.000000
4974.000000,1045.000000,5046.000000,1337.000000
5290.000000,1938.000000,5172.000000,2077.000000
4277.000000,2941.000000,4201.000000,3092.000000
2632.000000,711.000000,2609.000000,1035.000000
1020.000000,557.000000,1163.000000,808.000000
1094.000000,4563.000000,1653.000000,4623.000000
1773.000000,2774.000000,1812.000000,2800.000000
1206.000000,831.000000,1406.000000,852.000000
300.000000,2936.000000,269.000000,2978.000000
1200.000000,2565.000000,980.000000,2941.000000
2153.000000,4579.000000,2239.000000,4843.000000
4888.000000,3663.000000,4956.000000,3708.000000
5333.000000,1771.000000,5457.000000,1845.000000
1108.000000,4174.000000,902.000000,4453.000000
3838.000000,1206.000000,3295.000000,1312.000000
5290.000000,1938.000000,5432.000000,2127.000000
1197.000000,3068.000000,1278.000000,3305.000000
1027.000000,1872.000000,1408.000000,2213.000000
4977.000000,2534.000000,4883.000000,2588.000000
1552.000000,4197.000000,1653.000000,4623.000000
587.000000,464.000000,478.000000,476.000000
782.000000,543.000000,1163.000000,808.000000
4394.000000,3268.000000,4205.000000,3277.000000
1424.000000,386.000000,1566.000000,628.000000
216.000000,2786.000000,269.000000,2978.000000
4979.000000,406.000000,5374.000000,499.000000
3994.000000,2265.000000,3835.000000,2390.000000
3637.000000,1910.000000,3825.000000,2015.000000
4284.000000,2842.000000,4406.000000,3115.000000
2293.000000,3239.000000,2510.000000,3347.000000
5165.000000,3738.000000,4831.000000,4027.000000
3415.000000,3855.000000,3497.000000,3900.000000
2691.000000,3383.000000,2629.000000,3718.000000
1019.000000,1868.000000,1027.000000,1872.000000
4550.000000,2148.000000,4736.000000,2331.000000
3582.000000,4381.000000,3266.000000,4620.000000
5180.000000,4295.000000,4985.000000,4612.000000
902.000000,3514.000000,741.000000,3536.000000
5180.000000,4295.000000,5228.000000,4300.000000
3200.000000,2783.000000,3365.000000,3056.000000
1384.000000,1215.000000,1326.000000,1309.000000
4795.000000,4033.000000,4854.000000,4143.000000
1197.000000,3068.000000,1893.000000,3334.000000
2169.000000,1474.000000,1941.000000,1607.000000
407.000000,2037.000000,366.000000,2231.000000
4131.000000,2450.000000,4119.000000,2506.000000
2510.000000,3347.000000,2555.000000,3372.000000
2133.000000,5171.000000,2677.000000,5331.000000
802.000000,1056.000000,1035.000000,1090.000000
4909.000000,5227.000000,5087.000000,5425.000000
5162.000000,1430.000000,4890.000000,1566.000000
4423.000000,3380.000000,4689.000000,3456.000000
2889.000000,311.000000,2835.000000,584.000000
3016.000000,5018.000000,2905.000000,5125.000000
3293.000000,3515.000000,3476.000000,3573.000000
4762.000000,2364.000000,4883.000000,2588.000000
3805.000000,2390.000000,3835.000000,2390.000000
1151.000000,1106.000000,1304.000000,1262.000000
445.000000,4588.000000,369.000000,4983.000000
3924.000000,4587.000000,4057.000000,4812.000000
3055.000000,1602.000000,2902.000000,1769.000000
43.000000,545.000000,248.000000,715.000000
496.000000,851.000000,524.000000,1084.000000
1504.000000,4911.000000,1654.000000,4952.000000
2905.000000,5125.000000,2686.000000,5217.000000
2609.000000,1035.000000,2439.000000,1587.000000
249.000000,4386.000000,64.000000,5210.000000
782.000000,543.000000,609.000000,746.000000
4043.000000,1333.000000,3637.000000,1910.000000
4406.000000,3115.000000,4205.000000,3277.000000
93.000000,1666.000000,113.000000,3063.000000
5421.000000,5282.000000,5087.000000,5425.000000
551.000000,4988.000000,1087.000000,5258.000000
2133.000000,5171.000000,2361.000000,5188.000000
4891.000000,4718.000000,4831.000000,4865.000000
2479.000000,4114.000000,2670.000000,4119.000000
2932.000000,3261.000000,2756.000000,3441.000000
445.000000,4588.000000,268.000000,4630.000000
4608.000000,749.000000,4323.000000,825.000000
369.000000,4983.000000,101.000000,5067.000000
4861.000000,669.000000,4608.000000,749.000000
1277.000000,3204.000000,1278.000000,3305.000000
1304.000000,1262.000000,1222.000000,1301.000000
4057.000000,4812.000000,4318.000000,4955.000000
5419.000000,852.000000,5457.000000,1845.000000
2755.000000,3878.000000,2624.000000,3998.000000
5228.000000,4300.000000,5251.000000,4828.000000
3365.000000,3056.000000,3476.000000,3350.000000
5071.000000,260.000000,5393.000000,421.000000
1893.000000,3334.000000,1950.000000,3511.000000
3460.000000,7.000000,188.000000,50.000000
1163.000000,808.000000,1384.000000,1215.000000
2691.000000,4227.000000,2326.000000,4723.000000
2670.000000,4119.000000,2691.000000,4227.000000
3295.000000,1312.000000,4043.000000,1333.000000
8.000000,4043.000000,51.000000,4082.000000
5194.000000,2283.000000,5298.000000,2405.000000
3231.000000,287.000000,2931.000000,487.000000
467.000000,3593.000000,547.000000,4116.000000
3481.000000,893.000000,3187.000000,1267.000000
4813.000000,119.000000,4979.000000,406.000000
4497.000000,3632.000000,4888.000000,3663.000000
1653.000000,4623.000000,1344.000000,4761.000000
537.000000,3536.000000,741.000000,3536.000000
3460.000000,7.000000,4813.000000,119.000000
1523.000000,3318.000000,1294.000000,3599.000000
5172.000000,2077.000000,5432.000000,2127.000000
4884.000000,2132.000000,4736.000000,2331.000000
3460.000000,7.000000,117.000000,40.000000
4974.000000,1045.000000,5067.000000,1348.000000
845.000000,1233.000000,938.000000,1250.000000
1523.000000,3318.000000,1950.000000,3511.000000
3044.000000,3762.000000,3193.000000,3771.000000
5432.000000,2127.000000,5449.000000,2994.000000
3022.000000,3983.000000,2872.000000,4157.000000
2951.000000,283.000000,2889.000000,311.000000
2650.000000,2010.000000,2756.000000,2258.000000
3136.000000,4043.000000,3287.000000,4174.000000
2522.000000,496.000000,2419.000000,518.000000
215.000000,315.000000,43.000000,545.000000
3287.000000,4174.000000,3795.000000,4227.000000
4363.000000,1694.000000,4437.000000,1867.000000
300.000000,2936.000000,315.000000,2959.000000
3231.000000,2279.000000,3449.000000,2462.000000
5005.000000,696.000000,4921.000000,871.000000
1375.000000,1666.000000,1770.000000,1838.000000
1395.000000,2515.000000,1200.000000,2565.000000
1304.000000,1262.000000,1326.000000,1309.000000
2363.000000,4067.000000,2504.000000,4261.000000
563.000000,2148.000000,835.000000,2251.000000
5005.000000,696.000000,4963.000000,948.000000
4641.000000,5098.000000,4909.000000,5227.000000
3592.000000,3016.000000,3476.000000,3350.000000
4005.000000,1053.000000,3838.000000,1206.000000
4795.000000,4033.000000,4555.000000,4360.000000
5189.000000,3128.000000,5267.000000,3408.000000
269.000000,2978.000000,113.000000,3063.000000
4795.000000,4033.000000,4430.000000,4138.000000
4072.000000,4718.000000,4318.000000,4955.000000
841.000000,4810.000000,1041.000000,5203.000000
4079.000000,685.000000,3862.000000,753.000000
5281.000000,4296.000000,5456.000000,5002.000000
3000.000000,1596.000000,3055.000000,1602.000000
1035.000000,1090.000000,938.000000,1250.000000
5228.000000,4300.000000,5456.000000,5002.000000
980.000000,2941.000000,1110.000000,2984.000000
1269.000000,1787.000000,1408.000000,2213.000000
3214.000000,810.000000,3481.000000,893.000000
5201.000000,1006.000000,5067.000000,1348.000000
5201.000000,1006.000000,4974.000000,1045.000000
1145.000000,5299.000000,1565.000000,5416.000000
4813.000000,119.000000,4615.000000,293.000000
902.000000,4453.000000,841.000000,4810.000000
4808.000000,4299.000000,4891.000000,4718.000000
1566.000000,628.000000,1756.000000,1148.000000
1137.000000,4003.000000,902.000000,4453.000000
3639.000000,451.000000,3733.000000,632.000000
3771.000000,420.000000,3639.000000,451.000000
4630.000000,4017.000000,4430.000000,4138.000000
3148.000000,1520.000000,3059.000000,1599.000000
288.000000,3362.000000,90.000000,3703.000000
3709.000000,2315.000000,3760.000000,2341.000000
2504.000000,4261.000000,2326.000000,4723.000000
802.000000,1056.000000,845.000000,1233.000000
1532.000000,2532.000000,1197.000000,3068.000000
4762.000000,2364.000000,4977.000000,2534.000000
1565.000000,5416.000000,2126.000000,5443.000000
317.000000,3218.000000,288.000000,3362.000000
4192.000000,1283.000000,4043.000000,1333.000000
3825.000000,2015.000000,3994.000000,2265.000000
4398.000000,5079.000000,4163.000000,5244.000000
782.000000,543.000000,610.000000,876.000000
2650.000000,2294.000000,2622.000000,2345.000000
646.000000,786.000000,610.000000,876.000000
2758.000000,3096.000000,2932.000000,3261.000000
4508.000000,5442.000000,4261.000000,5456.000000
1222.000000,1301.000000,813.000000,1550.000000
1233.000000,3622.000000,1137.000000,4003.000000
2951.000000,283.000000,2398.000000,314.000000
5059.000000,2991.000000,4406.000000,3115.000000
2756.000000,2258.000000,2682.000000,2280.000000
1151.000000,1106.000000,1384.000000,1215.000000
2180.000000,1523.000000,1941.000000,1607.000000
4138.000000,4933.000000,4076.000000,5030.000000
2239.000000,2171.000000,2461.000000,2232.000000
5015.000000,2145.000000,5070.000000,2158.000000
5315.000000,4171.000000,5180.000000,4295.000000
3218.000000,3247.000000,3476.000000,3350.000000
5201.000000,1006.000000,5162.000000,1430.000000
2046.000000,3446.000000,2040.000000,3495.000000
4349.000000,906.000000,4192.000000,1283.000000
2839.000000,3577.000000,2629.000000,3718.000000
3193.000000,3771.000000,3136.000000,4043.000000
90.000000,3703.000000,8.000000,4043.000000
1776.000000,1631.000000,1770.000000,1838.000000
1552.000000,4197.000000,1703.000000,4392.000000
502.000000,2217.000000,593.000000,2260.000000
3582.000000,4381.000000,3186.000000,4386.000000
646.000000,786.000000,496.000000,851.000000
3178.000000,3696.000000,3193.000000,3771.000000
1384.000000,1215.000000,1304.000000,1262.000000
1950.000000,3511.000000,1968.000000,3826.000000
3761.000000,4803.000000,3266.000000,5100.000000
3975.000000,3366.000000,3602.000000,3398.000000
1124.000000,4886.000000,1145.000000,5299.000000
3613.000000,3783.000000,3415.000000,3855.000000
3193.000000,3771.000000,3215.000000,4081.000000
163.000000,1162.000000,253.000000,1518.000000
4168.000000,3038.000000,4205.000000,3277.000000
3266.000000,4620.000000,3016.000000,5018.000000
3214.000000,810.000000,3187.000000,1267.000000
1565.000000,5416.000000,513.000000,5422.000000
782.000000,543.000000,802.000000,1056.000000
1812.000000,2800.000000,2033.000000,2999.000000
1926.000000,3394.000000,2046.000000,3446.000000
5014.000000,4346.000000,4985.000000,4612.000000
1600.000000,298.000000,1137.000000,422.000000
1820.000000,2825.000000,1844.000000,2918.000000
1523.000000,3318.000000,1226.000000,3916.000000
5364.000000,4088.000000,5378.000000,4103.000000
2872.000000,4157.000000,3287.000000,4174.000000
5244.000000,4128.000000,5180.000000,4295.000000
188.000000,50.000000,414.000000,109.000000
2622.000000,4946.000000,2686.000000,5217.000000
3761.000000,4803.000000,4076.000000,5030.000000
499.000000,2170.000000,390.000000,2206.000000
117.000000,40.000000,306.000000,182.000000
1600.000000,298.000000,1651.000000,610.000000
4477.000000,4506.000000,4186.000000,4555.000000
3380.000000,528.000000,3381.000000,831.000000
4192.000000,1283.000000,4286.000000,1684.000000
3889.000000,2583.000000,3913.000000,2591.000000
4045.000000,892.000000,3720.000000,929.000000
3795.000000,4227.000000,3582.000000,4381.000000
3613.000000,3783.000000,3573.000000,3886.000000
3131.000000,619.000000,3214.000000,810.000000
712.000000,3024.000000,1197.000000,3068.000000
4318.000000,672.000000,4323.000000,825.000000
1812.000000,2800.000000,2419.000000,2989.000000
4985.000000,4612.000000,4891.000000,4718.000000
880.000000,379.000000,869.000000,407.000000
2052.000000,2010.000000,1747.000000,2039.000000
1163.000000,808.000000,1151.000000,1106.000000
5244.000000,4128.000000,5406.000000,4141.000000
113.000000,3063.000000,158.000000,3331.000000
2682.000000,2280.000000,2650.000000,2294.000000
3460.000000,7.000000,3602.000000,115.000000
4318.000000,4955.000000,4398.000000,5079.000000
2650.000000,2010.000000,2682.000000,2280.000000
4081.000000,163.000000,4087.000000,566.000000
1038.000000,1810.000000,1019.000000,1868.000000
188.000000,50.000000,1600.000000,298.000000
1238.000000,1645.000000,1353.000000,1659.000000
3287.000000,4174.000000,3522.000000,4369.000000
1938.000000,214.000000,1808.000000,704.000000
317.000000,3218.000000,366.000000,3423.000000
3287.000000,4174.000000,3582.000000,4381.000000
1269.000000,1787.000000,1770.000000,1838.000000
880.000000,379.000000,1020.000000,557.000000
2957.000000,2345.000000,3089.000000,2518.000000
1124.000000,4886.000000,1411.000000,5213.000000
1233.000000,4850.000000,1124.000000,4886.000000
478.000000,4892.000000,551.000000,4988.000000
3517.000000,259.000000,3771.000000,420.000000
158.000000,3331.000000,90.000000,3703.000000
2629.000000,3718.000000,2755.000000,3878.000000
2046.000000,5206.000000,1565.000000,5416.000000
5005.000000,696.000000,4733.000000,760.000000
3862.000000,753.000000,4045.000000,892.000000
2015.000000,1820.000000,1770.000000,1838.000000
2472.000000,2073.000000,2239.000000,2171.000000
2158.000000,131.000000,2264.000000,168.000000
1523.000000,3318.000000,1893.000000,3334.000000
3016.000000,5018.000000,3018.000000,5082.000000
3380.000000,528.000000,3131.000000,619.000000
4609.000000,3247.000000,4394.000000,3268.000000
2326.000000,4723.000000,2622.000000,4946.000000
4142.000000,3381.000000,3708.000000,3500.000000
1830.000000,4427.000000,2153.000000,4579.000000
2691.000000,4227.000000,2901.000000,4467.000000
3266.000000,4620.000000,3416.000000,4731.000000
4603.000000,660.000000,4608.000000,749.000000
2343.000000,4922.000000,2686.000000,5217.000000
216.000000,2786.000000,315.000000,2959.000000
2691.000000,3383.000000,2756.000000,3441.000000
2158.000000,131.000000,2419.000000,518.000000
3186.000000,2067.000000,3253.000000,2067.000000
5154.000000,3542.000000,5165.000000,3738.000000
4608.000000,749.000000,4733.000000,760.000000
3602.000000,115.000000,3517.000000,259.000000
323.000000,5154.000000,226.000000,5186.000000
4497.000000,3632.000000,4630.000000,4017.000000
4963.000000,948.000000,5244.000000,960.000000
2419.000000,2989.000000,2293.000000,3239.000000
390.000000,2206.000000,366.000000,2231.000000
1532.000000,2532.000000,1773.000000,2774.000000
4884.000000,2132.000000,4550.000000,2148.000000
5069.000000,3224.000000,5154.000000,3542.000000
4608.000000,749.000000,4349.000000,906.000000
1041.000000,5203.000000,1087.000000,5258.000000
2753.000000,843.000000,3010.000000,1258.000000
4770.000000,1898.000000,4884.000000,2132.000000
3200.000000,3437.000000,3044.000000,3762.000000
2033.000000,2999.000000,1926.000000,3394.000000
3295.000000,1312.000000,3457.000000,1765.000000
3059.000000,1599.000000,3457.000000,1765.000000
3994.000000,2265.000000,4131.000000,2450.000000
956.000000,1277.000000,1222.000000,1301.000000
4293.000000,492.000000,4318.000000,672.000000
1756.000000,1148.000000,1886.000000,1282.000000
4074.000000,3953.000000,4630.000000,4017.000000
3971.000000,4479.000000,4186.000000,4555.000000
712.000000,3024.000000,643.000000,3372.000000
3481.000000,893.000000,3838.000000,1206.000000
902.000000,3514.000000,1233.000000,3622.000000
1472.000000,2280.000000,1812.000000,2800.000000
3923.000000,227.000000,3771.000000,420.000000
2522.000000,496.000000,2632.000000,711.000000
4640.000000,1761.000000,4437.000000,1867.000000
4201.000000,3092.000000,4406.000000,3115.000000
1379.000000,4952.000000,1411.000000,5213.000000
2901.000000,4467.000000,3266.000000,4620.000000
1651.000000,610.000000,1566.000000,628.000000
3189.000000,2572.000000,3200.000000,2783.000000
4985.000000,1178.000000,4705.000000,1679.000000
2052.000000,2010.000000,2181.000000,2183.000000
414.000000,109.000000,1600.000000,298.000000
4831.000000,4865.000000,4641.000000,5098.000000
2389.000000,766.000000,1740.000000,883.000000
4705.000000,1679.000000,4363.000000,1694.000000
1911.000000,4260.000000,1830.000000,4325.000000
2682.000000,2280.000000,2622.000000,2345.000000
5315.000000,4171.000000,5281.000000,4296.000000
752.000000,5024.000000,1041.000000,5203.000000
3018.000000,5082.000000,3266.000000,5100.000000
2113.000000,3928.000000,2106.000000,3991.000000
249.000000,4386.000000,277.000000,4418.000000
3708.000000,3500.000000,4497.000000,3632.000000
4621.000000,391.000000,4753.000000,461.000000
2522.000000,496.000000,2449.000000,525.000000
5369.000000,2451.000000,5365.000000,2839.000000
1163.000000,808.000000,802.000000,1056.000000
3492.000000,2828.000000,3365.000000,3056.000000
2246.000000,3876.000000,2198.000000,4016.000000
3060.000000,3938.000000,3136.000000,4043.000000
2343.000000,4922.000000,2361.000000,5188.000000
2106.000000,3991.000000,1930.000000,4210.000000
315.000000,2959.000000,317.000000,3218.000000
407.000000,2037.000000,499.000000,2170.000000
1984.000000,58.000000,2264.000000,168.000000
3481.000000,893.000000,3720.000000,929.000000
4831.000000,4027.000000,5180.000000,4295.000000
5173.000000,339.000000,5374.000000,499.000000
741.000000,3536.000000,467.000000,3593.000000
5457.000000,1845.000000,5449.000000,2994.000000
3613.000000,3783.000000,3795.000000,4227.000000
555.000000,2035.000000,563.000000,2148.000000
2624.000000,3998.000000,2479.000000,4114.000000
3592.000000,3016.000000,3975.000000,3366.000000
1770.000000,1838.000000,1747.000000,2039.000000
5059.000000,2991.000000,5069.000000,3224.000000
5290.000000,1938.000000,5070.000000,2158.000000
3855.000000,4679.000000,3677.000000,4757.000000
2246.000000,3876.000000,2363.000000,4067.000000
4808.000000,4299.000000,5014.000000,4346.000000
1019.000000,1868.000000,555.000000,2035.000000
101.000000,5067.000000,156.000000,5317.000000
3760.000000,2341.000000,3805.000000,2390.000000
1344.000000,4761.000000,1233.000000,4850.000000
1163.000000,808.000000,1035.000000,1090.000000
3293.000000,3515.000000,3311.000000,3596.000000
2052.000000,2010.000000,1954.000000,2335.000000
1771.000000,5041.000000,2108.000000,5091.000000
3795.000000,4227.000000,3971.000000,4479.000000
593.000000,2260.000000,652.000000,2619.000000
4884.000000,2132.000000,4762.000000,2364.000000
4555.000000,4360.000000,4477.000000,4506.000000
4956.000000,3708.000000,4748.000000,3780.000000
2632.000000,711.000000,2753.000000,843.000000
4006.000000,537.000000,3779.000000,604.000000
5005.000000,696.000000,4750.000000,900.000000
430.000000,1150.000000,163.000000,1162.000000
2106.000000,3991.000000,2198.000000,4016.000000
3359.000000,62.000000,3517.000000,259.000000
5374.000000,499.000000,5005.000000,696.000000
3952.000000,2769.000000,4284.000000,2842.000000
1137.000000,422.000000,1566.000000,628.000000
1566.000000,628.000000,1406.000000,852.000000
2293.000000,3239.000000,2046.000000,3446.000000
345.000000,4491.000000,445.000000,4588.000000
3517.000000,259.000000,3639.000000,451.000000
1600.000000,298.000000,1404.000000,380.000000
4615.000000,293.000000,4293.000000,492.000000
1808.000000,704.000000,1669.000000,782.000000
5298.000000,2405.000000,4977.000000,2534.000000
1238.000000,1645.000000,1375.000000,1666.000000
5244.000000,4128.000000,5315.000000,4171.000000
2981.000000,2851.000000,2777.000000,2952.000000
4550.000000,2148.000000,4586.000000,2568.000000
4877.000000,5166.000000,5007.000000,5299.000000
2835.000000,584.000000,2753.000000,843.000000
3779.000000,604.000000,3862.000000,753.000000
3573.000000,3886.000000,3795.000000,4227.000000
4286.000000,1684.000000,4437.000000,1867.000000
1654.000000,4952.000000,1771.000000,5041.000000
2635.000000,1626.000000,2601.000000,1766.000000
3227.000000,4576.000000,3266.000000,4620.000000
2609.000000,1035.000000,2287.000000,1056.000000
1653.000000,4623.000000,1777.000000,4807.000000
4015.000000,2579.000000,3913.000000,2591.000000
4884.000000,2132.000000,5015.000000,2145.000000
902.000000,3514.000000,1137.000000,4003.000000
2758.000000,3096.000000,2455.000000,3207.000000
4888.000000,3663.000000,4748.000000,3780.000000
93.000000,1666.000000,407.000000,2037.000000
981.000000,4771.000000,1124.000000,4886.000000
2805.000000,4893.000000,2686.000000,5217.000000
2957.000000,2345.000000,2749.000000,2543.000000
2601.000000,1766.000000,2602.000000,1904.000000
1703.000000,4392.000000,1830.000000,4427.000000
2901.000000,4467.000000,2805.000000,4893.000000
4877.000000,5166.000000,4909.000000,5227.000000
5207.000000,3659.000000,5364.000000,4088.000000
4630.000000,4017.000000,4831.000000,4027.000000
4477.000000,4506.000000,4891.000000,4718.000000
215.000000,5409.000000,513.000000,5422.000000
2622.000000,2345.000000,2578.000000,2709.000000
2749.000000,2543.000000,2578.000000,2709.000000
3590.000000,3803.000000,3415.000000,3855.000000
997.000000,281.000000,1600.000000,298.000000
3460.000000,7.000000,3517.000000,259.000000
1532.000000,2532.000000,1844.000000,2918.000000
5046.000000,1337.000000,4890.000000,1566.000000
1094.000000,4563.000000,1124.000000,4886.000000
4394.000000,3268.000000,4418.000000,3564.000000
5419.000000,852.000000,4963.000000,948.000000
3789.000000,752.000000,3862.000000,753.000000
2931.000000,487.000000,3131.000000,619.000000
3992.000000,233.000000,3820.000000,494.000000
593.000000,2260.000000,325.000000,2425.000000
4142.000000,3381.000000,4497.000000,3632.000000
1278.000000,3305.000000,1233.000000,3622.000000
4861.000000,669.000000,4733.000000,760.000000
5077.000000,4769.000000,5251.000000,4828.000000
4043.000000,1333.000000,3994.000000,2265.000000
3010.000000,1258.000000,2947.000000,1283.000000
3266.000000,4620.000000,2805.000000,4893.000000
1035.000000,1090.000000,1222.000000,1301.000000
2153.000000,4579.000000,1934.000000,4614.000000
2601.000000,1766.000000,2472.000000,2073.000000
2082.000000,1977.000000,2052.000000,2010.000000
2562.000000,2745.000000,2459.000000,3147.000000
3975.000000,3366.000000,4142.000000,3381.000000
4418.000000,3564.000000,4497.000000,3632.000000
1027.000000,1872.000000,1017.000000,2514.000000
4437.000000,1867.000000,4178.000000,2031.000000
4081.000000,163.000000,4006.000000,537.000000
3794.000000,2170.000000,3760.000000,2341.000000
2198.000000,4016.000000,2363.000000,4067.000000
2154.000000,2647.000000,2419.000000,2989.000000
2153.000000,4579.000000,2230.000000,4693.000000
3855.000000,4679.000000,4076.000000,5030.000000
4081.000000,163.000000,3820.000000,494.000000
4608.000000,749.000000,4750.000000,900.000000
1163.000000,808.000000,1406.000000,852.000000
3378.000000,3666.000000,3415.000000,3855.000000
2670.000000,4119.000000,2872.000000,4157.000000
5251.000000,4828.000000,5351.000000,5002.000000
5393.000000,421.000000,5419.000000,852.000000
4497.000000,3632.000000,4748.000000,3780.000000
28.000000,847.000000,90.000000,3703.000000
3720.000000,929.000000,3838.000000,1206.000000
4261.000000,5456.000000,3953.000000,5464.000000
1468.000000,844.000000,1756.000000,1148.000000
3214.000000,810.000000,3381.000000,831.000000
3000.000000,1596.000000,2635.000000,1626.000000
3193.000000,3771.000000,3060.000000,3938.000000
1108.000000,4174.000000,1094.000000,4563.000000
1552.000000,4197.000000,1930.000000,4210.000000
249.000000,4386.000000,101.000000,5067.000000
3380.000000,528.000000,3258.000000,534.000000
3602.000000,115.000000,3923.000000,227.000000
4956.000000,3708.000000,4831.000000,4027.000000
3522.000000,4369.000000,3582.000000,4381.000000
1284.000000,4751.000000,1233.000000,4850.000000
2246.000000,3876.000000,2624.000000,3998.000000
2758.000000,3096.000000,2691.000000,3383.000000
216.000000,2786.000000,113.000000,3063.000000
1197.000000,3068.000000,1523.000000,3318.000000
1222.000000,1301.000000,1238.000000,1645.000000
2756.000000,2258.000000,2957.000000,2345.000000
3476.000000,3573.000000,3613.000000,3783.000000
5365.000000,2839.000000,5189.000000,3128.000000
5087.000000,5425.000000,4508.000000,5442.000000
997.000000,281.000000,1137.000000,422.000000
2901.000000,4467.000000,3227.000000,4576.000000
427.000000,2023.000000,499.000000,2170.000000
1395.000000,2515.000000,1532.000000,2532.000000
293.000000,1605.000000,93.000000,1666.000000
3365.000000,3056.000000,3269.000000,3175.000000
369.000000,4983.000000,342.000000,5111.000000
643.000000,3372.000000,902.000000,3514.000000
5290.000000,1938.000000,5015.000000,2145.000000
2169.000000,1474.000000,2439.000000,1587.000000
1844.000000,2918.000000,1893.000000,3334.000000
3825.000000,2015.000000,3760.000000,2341.000000
1472.000000,2280.000000,1954.000000,2335.000000
5267.000000,3408.000000,5378.000000,4103.000000
2108.000000,5091.000000,2133.000000,5171.000000
1404.000000,380.000000,1566.000000,628.000000
467.000000,3593.000000,297.000000,3978.000000
1326.000000,1309.000000,1353.000000,1659.000000
2149.000000,1249.000000,2169.000000,1474.000000
869.000000,407.000000,587.000000,464.000000
3000.000000,1596.000000,2674.000000,1656.000000
2905.000000,5125.000000,2677.000000,5331.000000
4020.000000,55.000000,3602.000000,115.000000
3022.000000,3983.000000,3136.000000,4043.000000
4489.000000,2664.000000,4284.000000,2842.000000
1027.000000,1872.000000,555.000000,2035.000000
2103.000000,2481.000000,1812.000000,2800.000000
3838.000000,1206.000000,3187.000000,1267.000000
5059.000000,2991.000000,4754.000000,3122.000000
1019.000000,1868.000000,427.000000,2023.000000
3602.000000,3398.000000,3708.000000,3500.000000
3805.000000,2390.000000,3449.000000,2462.000000
1035.000000,1090.000000,845.000000,1233.000000
2239.000000,2171.000000,2092.000000,2376.000000
4497.000000,3632.000000,4074.000000,3953.000000
2479.000000,4114.000000,2691.000000,4227.000000
288.000000,3362.000000,366.000000,3423.000000
551.000000,4988.000000,752.000000,5024.000000
537.000000,3536.000000,467.000000,3593.000000
40.000000,382.000000,43.000000,545.000000
3559.000000,4418.000000,3266.000000,4620.000000
1771.000000,5041.000000,1867.000000,5146.000000
2932.000000,3261.000000,3044.000000,3762.000000
1137.000000,422.000000,1020.000000,557.000000
1844.000000,2918.000000,1197.000000,3068.000000
3266.000000,5100.000000,3953.000000,5464.000000
397.000000,1548.000000,427.000000,2023.000000
4005.000000,1053.000000,4043.000000,1333.000000
2239.000000,4843.000000,1771.000000,5041.000000
1930.000000,4210.000000,1830.000000,4325.000000
4163.000000,5244.000000,4261.000000,5456.000000
3200.000000,2783.000000,3261.000000,3129.000000
2578.000000,2709.000000,2981.000000,2851.000000
1294.000000,3599.000000,1303.000000,3706.000000
3708.000000,3500.000000,4057.000000,3920.000000
317.000000,3218.000000,158.000000,3331.000000
4963.000000,948.000000,4974.000000,1045.000000
3416.000000,4731.000000,3761.000000,4803.000000
3590.000000,3803.000000,3497.000000,3900.000000
2449.000000,525.000000,2389.000000,766.000000
3449.000000,2462.000000,3772.000000,2860.000000
782.000000,543.000000,1020.000000,557.000000
2629.000000,3718.000000,2246.000000,3876.000000
4294.000000,647.000000,4079.000000,685.000000
288.000000,3362.000000,260.000000,3382.000000
1284.000000,4751.000000,1124.000000,4886.000000
3269.000000,3175.000000,3218.000000,3247.000000
4460.000000,258.000000,4615.000000,293.000000
1468.000000,844.000000,1421.000000,880.000000
3838.000000,1206.000000,4043.000000,1333.000000
3924.000000,4587.000000,4072.000000,4718.000000
5419.000000,852.000000,5244.000000,960.000000
2691.000000,3383.000000,2839.000000,3577.000000
3457.000000,1765.000000,3637.000000,1910.000000
2602.000000,1904.000000,2472.000000,2073.000000
4074.000000,3953.000000,4426.000000,4088.000000
813.000000,1550.000000,1038.000000,1810.000000
2755.000000,3878.000000,2670.000000,4119.000000
4641.000000,5098.000000,4856.000000,5157.000000
4057.000000,2559.000000,3952.000000,2769.000000
624.000000,534.000000,522.000000,807.000000
3178.000000,3696.000000,3044.000000,3762.000000
2040.000000,3495.000000,1950.000000,3511.000000
5162.000000,1430.000000,5457.000000,1845.000000
2181.000000,2183.000000,1954.000000,2335.000000
64.000000,5210.000000,62.000000,5314.000000
1413.000000,2443.000000,1532.000000,2532.000000
1786.000000,4757.000000,2239.000000,4843.000000
5007.000000,5299.000000,5087.000000,5425.000000
1566.000000,628.000000,1163.000000,808.000000
2092.000000,2376.000000,2103.000000,2481.000000
845.000000,1233.000000,397.000000,1548.000000
3476.000000,3573.000000,3410.000000,3678.000000
1269.000000,1787.000000,1027.000000,1872.000000
1968.000000,3826.000000,1930.000000,4210.000000
1834.000000,200.000000,1651.000000,610.000000
5077.000000,4769.000000,4831.000000,4865.000000
4831.000000,4027.000000,5244.000000,4128.000000
547.000000,4116.000000,841.000000,4488.000000
2686.000000,5217.000000,2677.000000,5331.000000
2522.000000,496.000000,2835.000000,584.000000
4921.000000,871.000000,4750.000000,900.000000
3253.000000,2067.000000,3794.000000,2170.000000
216.000000,2786.000000,300.000000,2936.000000
3825.000000,2015.000000,3794.000000,2170.000000
2931.000000,487.000000,2835.000000,584.000000
2609.000000,1035.000000,3010.000000,1258.000000
28.000000,847.000000,93.000000,1666.000000
2158.000000,131.000000,1808.000000,704.000000
2663.000000,1914.000000,2650.000000,2010.000000
2158.000000,131.000000,1938.000000,214.000000
4131.000000,2450.000000,4284.000000,2842.000000
1615.000000,5089.000000,2046.000000,5206.000000
338.000000,1770.000000,427.000000,2023.000000
3590.000000,3803.000000,3573.000000,3886.000000
445.000000,4588.000000,521.000000,4864.000000
101.000000,5067.000000,64.000000,5210.000000
5201.000000,1006.000000,5457.000000,1845.000000
2033.000000,2999.000000,2046.000000,3446.000000
4186.000000,4555.000000,4072.000000,4718.000000
5457.000000,1845.000000,5456.000000,5002.000000
3231.000000,2279.000000,3089.000000,2518.000000
3380.000000,528.000000,3481.000000,893.000000
4733.000000,760.000000,4750.000000,900.000000
1523.000000,3318.000000,1303.000000,3706.000000
4076.000000,5030.000000,4398.000000,5079.000000
4398.000000,5079.000000,4641.000000,5098.000000
3639.000000,451.000000,3258.000000,534.000000
4996.000000,2657.000000,5059.000000,2991.000000
3449.000000,2462.000000,3189.000000,2572.000000
317.000000,3218.000000,643.000000,3372.000000
345.000000,4491.000000,268.000000,4630.000000
521.000000,4864.000000,752.000000,5024.000000
1834.000000,200.000000,1808.000000,704.000000
1984.000000,58.000000,3359.000000,62.000000
5449.000000,2994.000000,5406.000000,4141.000000
1786.000000,4757.000000,1771.000000,5041.000000
1637.000000,36.000000,3359.000000,62.000000
4477.000000,4506.000000,4831.000000,4865.000000
1303.000000,3706.000000,1226.000000,3916.000000
1642.000000,1465.000000,1353.000000,1659.000000
116.000000,3335.000000,90.000000,3703.000000
1767.000000,1483.000000,1941.000000,1607.000000
4437.000000,1867.000000,4510.000000,2035.000000
390.000000,2206.000000,593.000000,2260.000000
2363.000000,4067.000000,1830.000000,4427.000000
2650.000000,2010.000000,2650.000000,2294.000000
156.000000,5317.000000,215.000000,5409.000000
4609.000000,3247.000000,4423.000000,3380.000000
587.000000,464.000000,624.000000,534.000000
2902.000000,1769.000000,2756.000000,2258.000000
1024.000000,356.000000,1137.000000,422.000000
3639.000000,451.000000,3779.000000,604.000000
1637.000000,36.000000,1600.000000,298.000000
4430.000000,4138.000000,4555.000000,4360.000000
2957.000000,2345.000000,2932.000000,2478.000000
4971.000000,3326.000000,5154.000000,3542.000000
3214.000000,810.000000,2753.000000,843.000000
158.000000,3331.000000,116.000000,3335.000000
62.000000,5314.000000,156.000000,5317.000000
2562.000000,2745.000000,2777.000000,2952.000000
1163.000000,808.000000,1206.000000,831.000000
1703.000000,4392.000000,1653.000000,4623.000000
3295.000000,1312.000000,3000.000000,1596.000000
841.000000,4488.000000,841.000000,4810.000000
1532.000000,2532.000000,1812.000000,2800.000000
3231.000000,287.000000,3131.000000,619.000000
1714.000000,4589.000000,1786.000000,4757.000000
1844.000000,2918.000000,1926.000000,3394.000000
4979.000000,406.000000,5005.000000,696.000000
1326.000000,1309.000000,1642.000000,1465.000000
3862.000000,753.000000,3720.000000,929.000000
3287.000000,4174.000000,3186.000000,4386.000000
3186.000000,2067.000000,2756.000000,2258.000000
1384.000000,1215.000000,1642.000000,1465.000000
5173.000000,339.000000,5393.000000,421.000000
1893.000000,3334.000000,1926.000000,3394.000000
5070.000000,2158.000000,4977.000000,2534.000000
3261.000000,3129.000000,3269.000000,3175.000000
277.000000,4418.000000,345.000000,4491.000000
4043.000000,1333.000000,4178.000000,2031.000000
1770.000000,1838.000000,2052.000000,2010.000000
117.000000,40.000000,215.000000,315.000000
297.000000,3978.000000,547.000000,4116.000000
5369.000000,2451.000000,4996.000000,2657.000000
4603.000000,660.000000,4323.000000,825.000000
4081.000000,163.000000,4460.000000,258.000000
366.000000,2231.000000,216.000000,2786.000000
838.000000,260.000000,587.000000,464.000000
2758.000000,3096.000000,2510.000000,3347.000000
4005.000000,1053.000000,4192.000000,1283.000000
315.000000,2959.000000,269.000000,2978.000000
4777.000000,3433.000000,4956.000000,3708.000000
3449.000000,2462.000000,3913.000000,2591.000000
2419.000000,518.000000,2449.000000,525.000000
3952.000000,2769.000000,3788.000000,2883.000000
4192.000000,4443.000000,4477.000000,4506.000000
3218.000000,3247.000000,3200.000000,3437.000000
4750.000000,900.000000,4192.000000,1283.000000
1468.000000,844.000000,1384.000000,1215.000000
5172.000000,2077.000000,5070.000000,2158.000000
4891.000000,4718.000000,5077.000000,4769.000000
1703.000000,4392.000000,1714.000000,4589.000000
2609.000000,1035.000000,2947.000000,1283.000000
524.000000,1084.000000,430.000000,1150.000000
563.000000,2148.000000,499.000000,2170.000000
3779.000000,604.000000,3789.000000,752.000000
1904.000000,62.000000,1834.000000,200.000000
249.000000,4386.000000,445.000000,4588.000000
3789.000000,752.000000,3720.000000,929.000000
845.000000,1233.000000,253.000000,1518.000000
4808.000000,4299.000000,4477.000000,4506.000000
3044.000000,3762.000000,2755.000000,3878.000000
4477.000000,4506.000000,4072.000000,4718.000000
366.000000,3423.000000,537.000000,3536.000000
3457.000000,1765.000000,3794.000000,2170.000000
2504.000000,4261.000000,1830.000000,4427.000000
2305.000000,4863.000000,2343.000000,4922.000000
5351.000000,5002.000000,5421.000000,5282.000000
3189.000000,2572.000000,3159.000000,2728.000000
2361.000000,5188.000000,2677.000000,5331.000000
1294.000000,3599.000000,1233.000000,3622.000000
342.000000,5111.000000,323.000000,5154.000000
5457.000000,1845.000000,5432.000000,2127.000000
3771.000000,420.000000,3779.000000,604.000000
3148.000000,1520.000000,3055.000000,1602.000000
752.000000,5024.000000,1087.000000,5258.000000
841.000000,4810.000000,1124.000000,4886.000000
4142.000000,3381.000000,4418.000000,3564.000000
117.000000,40.000000,414.000000,109.000000
279.000000,2760.000000,315.000000,2959.000000
4394.000000,3268.000000,4423.000000,3380.000000
1017.000000,2514.000000,1200.000000,2565.000000
1941.000000,1607.000000,2209.000000,1866.000000
2758.000000,3096.000000,2459.000000,3147.000000
4119.000000,2506.000000,3952.000000,2769.000000
2598.000000,3283.000000,2510.000000,3347.000000
2149.000000,1249.000000,1941.000000,1607.000000
414.000000,109.000000,215.000000,315.000000
1642.000000,1465.000000,1767.000000,1483.000000
3772.000000,2860.000000,3592.000000,3016.000000
4510.000000,2035.000000,4550.000000,2148.000000
1222.000000,1301.000000,1326.000000,1309.000000
2154.000000,2647.000000,1812.000000,2800.000000
4406.000000,3115.000000,4394.000000,3268.000000
4192.000000,4443.000000,3971.000000,4479.000000
1756.000000,1148.000000,1642.000000,1465.000000
5207.000000,3659.000000,5378.000000,4103.000000
551.000000,4988.000000,342.000000,5111.000000
3573.000000,3886.000000,3287.000000,4174.000000
2106.000000,3991.000000,2363.000000,4067.000000
838.000000,260.000000,880.000000,379.000000
3410.000000,3678.000000,3613.000000,3783.000000
3476.000000,3350.000000,3269.000000,3420.000000
2622.000000,2345.000000,2749.000000,2543.000000
3708.000000,3500.000000,3613.000000,3783.000000
3794.000000,2170.000000,3709.000000,2315.000000
2389.000000,766.000000,2149.000000,1249.000000
1238.000000,1645.000000,1269.000000,1787.000000
478.000000,476.000000,43.000000,545.000000
2455.000000,3207.000000,2293.000000,3239.000000
4856.000000,5157.000000,4877.000000,5166.000000
260.000000,3382.000000,90.000000,3703.000000
2750.000000,1767.000000,2663.000000,1914.000000
4363.000000,1694.000000,4640.000000,1761.000000
306.000000,182.000000,215.000000,315.000000
2691.000000,4227.000000,2494.000000,4406.000000
869.000000,407.000000,1020.000000,557.000000
5165.000000,3738.000000,5244.000000,4128.000000
3000.000000,1596.000000,2902.000000,1769.000000
2439.000000,1587.000000,2209.000000,1866.000000
3637.000000,1910.000000,3794.000000,2170.000000
3457.000000,1765.000000,3253.000000,2067.000000
3820.000000,494.000000,3779.000000,604.000000
1468.000000,844.000000,1406.000000,852.000000
1637.000000,36.000000,1834.000000,200.000000
1472.000000,2280.000000,1532.000000,2532.000000
4750.000000,900.000000,4349.000000,906.000000
4267.000000,2210.000000,4586.000000,2568.000000
2209.000000,1866.000000,2052.000000,2010.000000
4267.000000,2210.000000,3994.000000,2265.000000
5419.000000,852.000000,5201.000000,1006.000000
2180.000000,1523.000000,2209.000000,1866.000000
1408.000000,2213.000000,1395.000000,2515.000000
956.000000,1277.000000,813.000000,1550.000000
5364.000000,4088.000000,5244.000000,4128.000000
2601.000000,1766.000000,2663.000000,1914.000000
4006.000000,537.000000,3862.000000,753.000000
3720.000000,929.000000,4005.000000,1053.000000
2153.000000,4579.000000,1786.000000,4757.000000
835.000000,2251.000000,830.000000,2667.000000
4131.000000,2450.000000,4057.000000,2559.000000
2479.000000,4114.000000,2504.000000,4261.000000
4854.000000,4143.000000,5014.000000,4346.000000
248.000000,715.000000,28.000000,847.000000
5046.000000,1337.000000,5067.000000,1348.000000
2033.000000,2999.000000,2293.000000,3239.000000
3059.000000,1599.000000,3186.000000,2067.000000
1552.000000,4197.000000,1094.000000,4563.000000
4323.000000,825.000000,4349.000000,906.000000
4705.000000,1679.000000,4770.000000,1898.000000
1566.000000,628.000000,1669.000000,782.000000
1038.000000,1810.000000,1027.000000,1872.000000
4057.000000,4812.000000,4076.000000,5030.000000
4754.000000,3122.000000,5069.000000,3224.000000
3397.000000,3594.000000,3311.000000,3596.000000
3971.000000,4479.000000,3855.000000,4679.000000
1777.000000,4807.000000,1771.000000,5041.000000
5449.000000,2994.000000,5189.000000,3128.000000
3771.000000,420.000000,3820.000000,494.000000
279.000000,2760.000000,216.000000,2786.000000
2108.000000,5091.000000,1867.000000,5146.000000
478.000000,476.000000,248.000000,715.000000
4831.000000,4865.000000,4398.000000,5079.000000
2449.000000,525.000000,2632.000000,711.000000
5267.000000,3408.000000,5406.000000,4141.000000
1834.000000,200.000000,1938.000000,214.000000
4131.000000,2450.000000,4586.000000,2568.000000
4890.000000,1566.000000,4884.000000,2132.000000
1269.000000,1787.000000,1747.000000,2039.000000
4430.000000,4138.000000,4477.000000,4506.000000
2902.000000,1769.000000,2650.000000,2010.000000
4586.000000,2568.000000,4284.000000,2842.000000
1984.000000,58.000000,2951.000000,283.000000
5333.000000,1771.000000,5290.000000,1938.000000
4057.000000,3920.000000,4074.000000,3953.000000
369.000000,4983.000000,551.000000,4988.000000
496.000000,851.000000,430.000000,1150.000000
2239.000000,2171.000000,2181.000000,2183.000000
610.000000,876.000000,524.000000,1084.000000
2419.000000,2989.000000,2459.000000,3147.000000
3795.000000,4227.000000,4192.000000,4443.000000
4267.000000,2210.000000,4131.000000,2450.000000
2755.000000,3878.000000,3022.000000,3911.000000
3186.000000,4386.000000,3227.000000,4576.000000
297.000000,3978.000000,249.000000,4386.000000
3293.000000,3515.000000,3044.000000,3762.000000
1124.000000,4886.000000,1379.000000,4952.000000
1968.000000,3826.000000,2106.000000,3991.000000
2981.000000,2851.000000,2932.000000,3261.000000
782.000000,543.000000,646.000000,786.000000
1954.000000,2335.000000,1812.000000,2800.000000
1653.000000,4623.000000,1786.000000,4757.000000
3476.000000,3573.000000,3397.000000,3594.000000
997.000000,281.000000,1024.000000,356.000000
1776.000000,1631.000000,1375.000000,1666.000000
3295.000000,1312.000000,3148.000000,1520.000000
2839.000000,3577.000000,3044.000000,3762.000000
4015.000000,2579.000000,3952.000000,2769.000000
4748.000000,3780.000000,4831.000000,4027.000000
997.000000,281.000000,966.000000,391.000000
2932.000000,2478.000000,2749.000000,2543.000000
2040.000000,3495.000000,1968.000000,3826.000000
5077.000000,4769.000000,5351.000000,5002.000000
325.000000,2425.000000,652.000000,2619.000000
5077.000000,4769.000000,5007.000000,5299.000000
3416.000000,4731.000000,3353.000000,4979.000000
3010.000000,1258.000000,3187.000000,1267.000000
1830.000000,4427.000000,2303.000000,4593.000000
4777.000000,3433.000000,4888.000000,3663.000000
2363.000000,4067.000000,1911.000000,4260.000000
5154.000000,3542.000000,5207.000000,3659.000000
2239.000000,4843.000000,2108.000000,5091.000000
1197.000000,3068.000000,1277.000000,3204.000000
4971.000000,3326.000000,4956.000000,3708.000000
2461.000000,2232.000000,2622.000000,2345.000000
813.000000,350.000000,869.000000,407.000000
496.000000,851.000000,163.000000,1162.000000
5228.000000,4300.000000,4985.000000,4612.000000
609.000000,746.000000,522.000000,807.000000
2835.000000,584.000000,3214.000000,810.000000
1087.000000,5258.000000,1145.000000,5299.000000
1808.000000,704.000000,1740.000000,883.000000
3924.000000,4587.000000,3855.000000,4679.000000
3022.000000,3911.000000,3060.000000,3938.000000
980.000000,2941.000000,1197.000000,3068.000000
4831.000000,4865.000000,4947.000000,5097.000000
2494.000000,4406.000000,2326.000000,4723.000000
4754.000000,3122.000000,4971.000000,3326.000000
1278.000000,3305.000000,1523.000000,3318.000000
1950.000000,3511.000000,1226.000000,3916.000000
4641.000000,5098.000000,4163.000000,5244.000000
5393.000000,421.000000,5374.000000,499.000000
4979.000000,406.000000,4753.000000,461.000000
3397.000000,3594.000000,3378.000000,3666.000000
277.000000,4418.000000,268.000000,4630.000000
4205.000000,3277.000000,4142.000000,3381.000000
2326.000000,4723.000000,2805.000000,4893.000000
3269.000000,3420.000000,3200.000000,3437.000000
5351.000000,5002.000000,5456.000000,5002.000000
1637.000000,36.000000,1984.000000,58.000000
3231.000000,2279.000000,3058.000000,2319.000000
2092.000000,2376.000000,2578.000000,2709.000000
2555.000000,3372.000000,2629.000000,3718.000000
3613.000000,3783.000000,4074.000000,3953.000000
1017.000000,2514.000000,830.000000,2667.000000
3269.000000,3420.000000,3293.000000,3515.000000
1137.000000,4003.000000,547.000000,4116.000000
1615.000000,5089.000000,1411.000000,5213.000000
3186.000000,2067.000000,3231.000000,2279.000000
3218.000000,3247.000000,3044.000000,3762.000000
5070.000000,2158.000000,4762.000000,2364.000000
3449.000000,2462.000000,3089.000000,2518.000000
4615.000000,293.000000,4603.000000,660.000000
4777.000000,3433.000000,4497.000000,3632.000000
2363.000000,4067.000000,1930.000000,4210.000000
1808.000000,704.000000,2389.000000,766.000000
4813.000000,119.000000,5071.000000,260.000000
643.000000,3372.000000,537.000000,3536.000000
4977.000000,2534.000000,4996.000000,2657.000000
5077.000000,4769.000000,4947.000000,5097.000000
802.000000,1056.000000,430.000000,1150.000000
93.000000,1666.000000,90.000000,3703.000000
2756.000000,3441.000000,2839.000000,3577.000000
3365.000000,3056.000000,3261.000000,3129.000000
3266.000000,5100.000000,2677.000000,5331.000000
2305.000000,4863.000000,2622.000000,4946.000000
414.000000,109.000000,587.000000,464.000000
4163.000000,5244.000000,3953.000000,5464.000000
2389.000000,766.000000,2287.000000,1056.000000
1615.000000,5089.000000,1565.000000,5416.000000
1222.000000,1301.000000,1038.000000,1810.000000
1773.000000,2774.000000,1820.000000,2825.000000
4318.000000,4955.000000,4076.000000,5030.000000
4831.000000,4027.000000,4854.000000,4143.000000
624.000000,534.000000,782.000000,543.000000
414.000000,109.000000,478.000000,476.000000
4423.000000,3380.000000,4418.000000,3564.000000
1954.000000,2335.000000,2103.000000,2481.000000
2419.000000,518.000000,2389.000000,766.000000
841.000000,4488.000000,521.000000,4864.000000
2555.000000,3372.000000,2691.000000,3383.000000
3200.000000,3437.000000,3293.000000,3515.000000
5281.000000,4296.000000,5228.000000,4300.000000
2239.000000,2171.000000,2622.000000,2345.000000
610.000000,876.000000,802.000000,1056.000000
4813.000000,119.000000,5393.000000,421.000000
3189.000000,2572.000000,3772.000000,2860.000000
1767.000000,1483.000000,1776.000000,1631.000000
397.000000,1548.000000,338.000000,1770.000000
3058.000000,2319.000000,3089.000000,2518.000000
1786.000000,4757.000000,1777.000000,4807.000000
