POINTS
4032.000000,4.000000
3623.000000,11.000000
1632.000000,29.000000
2741.000000,29.000000
2416.000000,33.000000
250.000000,34.000000
670.000000,40.000000
1424.000000,40.000000
2939.000000,47.000000
514.000000,48.000000
1306.000000,98.000000
2751.000000,102.000000
3413.000000,115.000000
2881.000000,124.000000
896.000000,138.000000
1109.000000,188.000000
2086.000000,188.000000
2788.000000,188.000000
106.000000,209.000000
5421.000000,229.000000
725.000000,240.000000
4563.000000,247.000000
447.000000,252.000000
5024.000000,254.000000
770.000000,258.000000
4488.000000,262.000000
2544.000000,275.000000
544.000000,285.000000
4267.000000,289.000000
87.000000,303.000000
917.000000,309.000000
570.000000,332.000000
3041.000000,336.000000
2594.000000,353.000000
1351.000000,367.000000
4456.000000,380.000000
1432.000000,387.000000
4789.000000,387.000000
4824.000000,421.000000
2807.000000,438.000000
5236.000000,457.000000
2790.000000,463.000000
5231.000000,484.000000
1961.000000,486.000000
5209.000000,491.000000
3937.000000,500.000000
1464.000000,503.000000
4449.000000,543.000000
2026.000000,560.000000
2964.000000,565.000000
1768.000000,566.000000
3279.000000,609.000000
162.000000,634.000000
2678.000000,634.000000
1250.000000,639.000000
5434.000000,641.000000
5093.000000,642.000000
2932.000000,643.000000
1662.000000,665.000000
2676.000000,678.000000
3679.000000,684.000000
456.000000,710.000000
578.000000,714.000000
1223.000000,719.000000
2983.000000,725.000000
4623.000000,734.000000
353.000000,750.000000
3230.000000,771.000000
4578.000000,774.000000
3153.000000,777.000000
1474.000000,806.000000
3368.000000,820.000000
4256.000000,821.000000
4678.000000,852.000000
1633.000000,874.000000
1289.000000,879.000000
618.000000,884.000000
4135.000000,888.000000
3339.000000,892.000000
3288.000000,893.000000
1296.000000,901.000000
2363.000000,906.000000
3992.000000,919.000000
4075.000000,920.000000
3869.000000,921.000000
2633.000000,926.000000
3617.000000,965.000000
1156.000000,969.000000
2606.000000,1041.000000
4067.000000,1048.000000
1164.000000,1049.000000
3317.000000,1075.000000
2945.000000,1084.000000
4196.000000,1085.000000
4559.000000,1093.000000
2899.000000,1095.000000
3692.000000,1102.000000
1780.000000,1114.000000
761.000000,1160.000000
5648.000000,1175.000000
4431.000000,1179.000000
4745.000000,1181.000000
4102.000000,1188.000000
4013.000000,1216.000000
4368.000000,1216.000000
837.000000,1295.000000
4472.000000,1295.000000
1470.000000,1299.000000
3091.000000,1307.000000
2298.000000,1321.000000
944.000000,1327.000000
4104.000000,1347.000000
1070.000000,1390.000000
3178.000000,1395.000000
4240.000000,1413.000000
4882.000000,1419.000000
4289.000000,1424.000000
3153.000000,1440.000000
4136.000000,1443.000000
3047.000000,1468.000000
640.000000,1474.000000
465.000000,1488.000000
1548.000000,1493.000000
1384.000000,1502.000000
2284.000000,1502.000000
2447.000000,1506.000000
4914.000000,1508.000000
68.000000,1520.000000
1179.000000,1524.000000
1438.000000,1537.000000
4894.000000,1544.000000
2337.000000,1550.000000
4009.000000,1564.000000
1239.000000,1577.000000
678.000000,1579.000000
5018.000000,1585.000000
2861.000000,1594.000000
3118.000000,1603.000000
5472.000000,1623.000000
627.000000,1626.000000
2001.000000,1632.000000
3035.000000,1634.000000
4214.000000,1634.000000
686.000000,1641.000000
5241.000000,1648.000000
3192.000000,1650.000000
491.000000,1657.000000
542.000000,1657.000000
3752.000000,1668.000000
5365.000000,1674.000000
3050.000000,1681.000000
776.000000,1691.000000
4013.000000,1693.000000
867.000000,1695.000000
332.000000,1696.000000
3315.000000,1699.000000
5270.000000,1709.000000
4686.000000,1710.000000
1833.000000,1725.000000
3712.000000,1725.000000
5323.000000,1731.000000
5432.000000,1733.000000
419.000000,1742.000000
5662.000000,1760.000000
3520.000000,1765.000000
1955.000000,1772.000000
3447.000000,1775.000000
507.000000,1796.000000
5138.000000,1811.000000
3285.000000,1828.000000
2799.000000,1832.000000
4881.000000,1834.000000
1867.000000,1835.000000
5601.000000,1841.000000
1560.000000,1844.000000
4311.000000,1859.000000
2289.000000,1874.000000
3440.000000,1886.000000
2447.000000,1890.000000
689.000000,1909.000000
915.000000,1945.000000
953.000000,1959.000000
2979.000000,1987.000000
686.000000,1999.000000
4482.000000,1999.000000
1416.000000,2003.000000
5582.000000,2007.000000
1521.000000,2010.000000
5524.000000,2010.000000
3419.000000,2017.000000
1883.000000,2041.000000
4159.000000,2059.000000
2313.000000,2061.000000
4173.000000,2062.000000
5373.000000,2103.000000
829.000000,2104.000000
2737.000000,2115.000000
26.000000,2116.000000
4965.000000,2128.000000
213.000000,2135.000000
815.000000,2146.000000
93.000000,2164.000000
4151.000000,2166.000000
4239.000000,2174.000000
149.000000,2176.000000
83.000000,2177.000000
5053.000000,2177.000000
1745.000000,2195.000000
3994.000000,2209.000000
5179.000000,2216.000000
4341.000000,2226.000000
4042.000000,2231.000000
1384.000000,2244.000000
5118.000000,2244.000000
4138.000000,2248.000000
4734.000000,2261.000000
2954.000000,2265.000000
2014.000000,2277.000000
4644.000000,2311.000000
1693.000000,2322.000000
3001.000000,2351.000000
1627.000000,2353.000000
5006.000000,2361.000000
3862.000000,2366.000000
315.000000,2367.000000
1734.000000,2369.000000
3165.000000,2373.000000
1475.000000,2377.000000
2825.000000,2385.000000
4858.000000,2385.000000
820.000000,2401.000000
5567.000000,2403.000000
1192.000000,2404.000000
2072.000000,2425.000000
3756.000000,2431.000000
2606.000000,2436.000000
2682.000000,2438.000000
3002.000000,2444.000000
285.000000,2446.000000
4481.000000,2448.000000
3082.000000,2454.000000
1540.000000,2458.000000
3314.000000,2466.000000
3737.000000,2466.000000
3467.000000,2469.000000
197.000000,2475.000000
3451.000000,2483.000000
2215.000000,2503.000000
4253.000000,2503.000000
5023.000000,2513.000000
2731.000000,2520.000000
3153.000000,2528.000000
2902.000000,2529.000000
4247.000000,2534.000000
2747.000000,2535.000000
3455.000000,2565.000000
2941.000000,2570.000000
700.000000,2578.000000
4419.000000,2578.000000
4705.000000,2589.000000
2558.000000,2602.000000
4763.000000,2602.000000
720.000000,2634.000000
1262.000000,2636.000000
812.000000,2637.000000
4040.000000,2641.000000
4153.000000,2642.000000
1893.000000,2644.000000
4692.000000,2647.000000
1163.000000,2651.000000
1829.000000,2651.000000
5270.000000,2669.000000
897.000000,2698.000000
1697.000000,2700.000000
2482.000000,2708.000000
193.000000,2716.000000
921.000000,2731.000000
3765.000000,2751.000000
928.000000,2793.000000
393.000000,2803.000000
2135.000000,2807.000000
3342.000000,2810.000000
2214.000000,2816.000000
4058.000000,2817.000000
1394.000000,2831.000000
1166.000000,2840.000000
560.000000,2873.000000
2606.000000,2896.000000
1773.000000,2901.000000
1779.000000,2911.000000
98.000000,2912.000000
442.000000,2917.000000
1207.000000,2919.000000
41.000000,2931.000000
1717.000000,2952.000000
181.000000,2954.000000
3576.000000,2970.000000
3215.000000,2975.000000
1274.000000,2982.000000
4382.000000,2985.000000
5416.000000,2986.000000
5276.000000,2987.000000
1272.000000,3064.000000
1577.000000,3079.000000
4757.000000,3085.000000
1235.000000,3087.000000
4160.000000,3095.000000
586.000000,3104.000000
1488.000000,3111.000000
3433.000000,3116.000000
4817.000000,3129.000000
5601.000000,3140.000000
2846.000000,3141.000000
2396.000000,3146.000000
818.000000,3170.000000
1553.000000,3173.000000
4474.000000,3179.000000
1494.000000,3184.000000
2264.000000,3188.000000
593.000000,3199.000000
1176.000000,3208.000000
1873.000000,3208.000000
1588.000000,3211.000000
2440.000000,3234.000000
3628.000000,3249.000000
3782.000000,3249.000000
2152.000000,3251.000000
3306.000000,3261.000000
4075.000000,3270.000000
5250.000000,3271.000000
1643.000000,3285.000000
2966.000000,3297.000000
3746.000000,3304.000000
5521.000000,3308.000000
251.000000,3319.000000
111.000000,3320.000000
4962.000000,3344.000000
5485.000000,3344.000000
3803.000000,3355.000000
4878.000000,3355.000000
5027.000000,3369.000000
2080.000000,3372.000000
2156.000000,3376.000000
1927.000000,3380.000000
5092.000000,3387.000000
2806.000000,3406.000000
2204.000000,3415.000000
3968.000000,3424.000000
1788.000000,3433.000000
526.000000,3435.000000
190.000000,3438.000000
2068.000000,3440.000000
3151.000000,3441.000000
3986.000000,3442.000000
1102.000000,3443.000000
3451.000000,3445.000000
304.000000,3448.000000
4245.000000,3488.000000
102.000000,3489.000000
669.000000,3499.000000
2635.000000,3499.000000
3650.000000,3502.000000
5029.000000,3520.000000
1751.000000,3539.000000
4507.000000,3545.000000
5475.000000,3548.000000
285.000000,3578.000000
3200.000000,3585.000000
2767.000000,3587.000000
3545.000000,3595.000000
3169.000000,3616.000000
3309.000000,3641.000000
3792.000000,3670.000000
4842.000000,3671.000000
3984.000000,3690.000000
1363.000000,3691.000000
5048.000000,3693.000000
321.000000,3699.000000
2024.000000,3701.000000
3106.000000,3713.000000
1396.000000,3725.000000
3237.000000,3734.000000
4912.000000,3747.000000
2758.000000,3770.000000
5492.000000,3786.000000
2919.000000,3787.000000
5486.000000,3794.000000
2565.000000,3799.000000
3152.000000,3810.000000
2221.000000,3823.000000
4957.000000,3828.000000
635.000000,3853.000000
3167.000000,3861.000000
5265.000000,3884.000000
972.000000,3890.000000
1248.000000,3909.000000
5022.000000,3916.000000
1685.000000,3949.000000
397.000000,3952.000000
4603.000000,3955.000000
4381.000000,3957.000000
933.000000,3960.000000
2651.000000,4014.000000
3632.000000,4043.000000
30.000000,4062.000000
3831.000000,4071.000000
2552.000000,4113.000000
725.000000,4133.000000
1347.000000,4139.000000
576.000000,4145.000000
3241.000000,4160.000000
4157.000000,4162.000000
4526.000000,4179.000000
2544.000000,4185.000000
995.000000,4191.000000
286.000000,4219.000000
311.000000,4229.000000
3866.000000,4229.000000
4139.000000,4243.000000
2822.000000,4253.000000
781.000000,4255.000000
14.000000,4282.000000
2424.000000,4290.000000
5137.000000,4291.000000
4729.000000,4296.000000
756.000000,4306.000000
1175.000000,4317.000000
128.000000,4320.000000
3401.000000,4333.000000
1996.000000,4342.000000
3067.000000,4348.000000
3923.000000,4365.000000
1844.000000,4367.000000
3764.000000,4371.000000
3023.000000,4375.000000
2730.000000,4383.000000
3224.000000,4384.000000
4353.000000,4384.000000
2274.000000,4414.000000
1738.000000,4416.000000
1538.000000,4422.000000
3506.000000,4423.000000
695.000000,4431.000000
5326.000000,4432.000000
1561.000000,4445.000000
628.000000,4448.000000
2202.000000,4453.000000
387.000000,4455.000000
84.000000,4467.000000
1880.000000,4493.000000
4766.000000,4496.000000
2237.000000,4500.000000
5530.000000,4502.000000
1679.000000,4509.000000
1828.000000,4510.000000
1959.000000,4512.000000
4711.000000,4512.000000
879.000000,4516.000000
191.000000,4517.000000
5250.000000,4525.000000
2532.000000,4547.000000
3123.000000,4558.000000
5259.000000,4569.000000
2815.000000,4570.000000
4295.000000,4572.000000
3429.000000,4576.000000
5619.000000,4585.000000
270.000000,4586.000000
1696.000000,4587.000000
833.000000,4608.000000
4413.000000,4612.000000
14.000000,4634.000000
366.000000,4638.000000
5408.000000,4652.000000
2496.000000,4664.000000
2204.000000,4676.000000
2478.000000,4679.000000
483.000000,4680.000000
5449.000000,4684.000000
3368.000000,4685.000000
4385.000000,4694.000000
4385.000000,4700.000000
5598.000000,4725.000000
3101.000000,4756.000000
2614.000000,4779.000000
4131.000000,4781.000000
4883.000000,4794.000000
476.000000,4811.000000
58.000000,4839.000000
4452.000000,4844.000000
33.000000,4850.000000
2453.000000,4857.000000
1760.000000,4897.000000
4183.000000,4925.000000
3899.000000,4927.000000
4315.000000,4928.000000
3802.000000,4934.000000
3469.000000,4945.000000
1977.000000,4949.000000
2323.000000,4966.000000
190.000000,4970.000000
2412.000000,4975.000000
3778.000000,4989.000000
5251.000000,5008.000000
3812.000000,5011.000000
345.000000,5026.000000
3480.000000,5028.000000
1857.000000,5030.000000
372.000000,5066.000000
3212.000000,5069.000000
3712.000000,5079.000000
1258.000000,5087.000000
5493.000000,5104.000000
721.000000,5113.000000
1125.000000,5113.000000
4168.000000,5116.000000
1274.000000,5121.000000
2900.000000,5123.000000
2798.000000,5126.000000
3764.000000,5127.000000
60.000000,5133.000000
206.000000,5137.000000
1720.000000,5166.000000
1925.000000,5169.000000
3252.000000,5214.000000
5099.000000,5225.000000
4482.000000,5260.000000
908.000000,5261.000000
1224.000000,5262.000000
2640.000000,5265.000000
4216.000000,5265.000000
4768.000000,5266.000000
4298.000000,5267.000000
592.000000,5280.000000
5022.000000,5302.000000
269.000000,5330.000000
3494.000000,5331.000000
2186.000000,5337.000000
3363.000000,5340.000000
2282.000000,5382.000000
2362.000000,5392.000000
3961.000000,5396.000000
2841.000000,5403.000000
2876.000000,5407.000000
586.000000,5408.000000
2822.000000,5435.000000
2760.000000,5478.000000
541.000000,5492.000000
1572.000000,5492.000000
4128.000000,5493.000000
699.000000,5494.000000
1247.000000,5495.000000
4992.000000,5495.000000
33.000000,5509.000000
3166.000000,5524.000000
656.000000,5529.000000
2093.000000,5541.000000
958.000000,5542.000000
2259.000000,5551.000000
1685.000000,5552.000000
4023.000000,5592.000000
4394.000000,5599.000000
235.000000,5601.000000
51.000000,5637.000000
5412.000000,5638.000000
4963.000000,5658.000000
5377.000000,5668.000000
LINES
4196.000000,1085.000000,4240.000000,1413.000000
4341.000000,2226.000000,4644.000000,2311.000000
206.000000,5137.000000,33.000000,5509.000000
4992.000000,5495.000000,4963.000000,5658.000000
4138.000000,2248.000000,3862.000000,2366.000000
2614.000000,4779.000000,2412.000000,4975.000000
2806.000000,3406.000000,2758.000000,3770.000000
5018.000000,1585.000000,5241.000000,1648.000000
2861.000000,1594.000000,2447.000000,1890.000000
4482.000000,1999.000000,4239.000000,2174.000000
761.000000,1160.000000,678.000000,1579.000000
5530.000000,4502.000000,5250.000000,4525.000000
5024.000000,254.000000,5209.000000,491.000000
921.000000,2731.000000,1166.000000,2840.000000
4102.000000,1188.000000,4240.000000,1413.000000
1424.000000,40.000000,1109.000000,188.000000
3632.000000,4043.000000,3401.000000,4333.000000
68.000000,1520.000000,542.000000,1657.000000
4067.000000,1048.000000,4196.000000,1085.000000
1833.000000,1725.000000,1955.000000,1772.000000
1760.000000,4897.000000,1977.000000,4949.000000
2214.000000,2816.000000,1779.000000,2911.000000
5270.000000,2669.000000,5601.000000,3140.000000
4394.000000,5599.000000,4963.000000,5658.000000
4157.000000,4162.000000,3923.000000,4365.000000
2284.000000,1502.000000,2001.000000,1632.000000
84.000000,4467.000000,33.000000,4850.000000
1560.000000,1844.000000,1521.000000,2010.000000
456.000000,710.000000,578.000000,714.000000
2284.000000,1502.000000,2337.000000,1550.000000
3679.000000,684.000000,3339.000000,892.000000
1384.000000,1502.000000,1438.000000,1537.000000
3440.000000,1886.000000,3994.000000,2209.000000
1955.000000,1772.000000,2289.000000,1874.000000
3317.000000,1075.000000,3692.000000,1102.000000
4353.000000,4384.000000,4385.000000,4694.000000
5475.000000,3548.000000,5492.000000,3786.000000
3679.000000,684.000000,3869.000000,921.000000
1561.000000,4445.000000,1696.000000,4587.000000
917.000000,309.000000,1156.000000,969.000000
695.000000,4431.000000,366.000000,4638.000000
5029.000000,3520.000000,5048.000000,3693.000000
5648.000000,1175.000000,5241.000000,1648.000000
1416.000000,2003.000000,815.000000,2146.000000
4385.000000,4700.000000,4131.000000,4781.000000
5365.000000,1674.000000,5323.000000,1731.000000
2633.000000,926.000000,2606.000000,1041.000000
285.000000,2446.000000,197.000000,2475.000000
2799.000000,1832.000000,2447.000000,1890.000000
111.000000,3320.000000,102.000000,3489.000000
2447.000000,1506.000000,2447.000000,1890.000000
3692.000000,1102.000000,4009.000000,1564.000000
576.000000,4145.000000,286.000000,4219.000000
4040.000000,2641.000000,4153.000000,2642.000000
2363.000000,906.000000,2606.000000,1041.000000
686.000000,1641.000000,776.000000,1691.000000
3545.000000,3595.000000,3309.000000,3641.000000
4729.000000,4296.000000,4766.000000,4496.000000
756.000000,4306.000000,628.000000,4448.000000
102.000000,3489.000000,30.000000,4062.000000
1561.000000,4445.000000,1760.000000,4897.000000
4032.000000,4.000000,4563.000000,247.000000
3023.000000,4375.000000,3101.000000,4756.000000
3778.000000,4989.000000,3494.000000,5331.000000
3506.000000,4423.000000,3429.000000,4576.000000
1274.000000,5121.000000,1224.000000,5262.000000
3433.000000,3116.000000,3628.000000,3249.000000
3241.000000,4160.000000,3023.000000,4375.000000
5326.000000,4432.000000,5530.000000,4502.000000
5027.000000,3369.000000,5029.000000,3520.000000
1996.000000,4342.000000,2204.000000,4676.000000
84.000000,4467.000000,191.000000,4517.000000
699.000000,5494.000000,958.000000,5542.000000
1844.000000,4367.000000,1880.000000,4493.000000
2606.000000,1041.000000,2945.000000,1084.000000
4914.000000,1508.000000,4894.000000,1544.000000
4315.000000,4928.000000,4482.000000,5260.000000
5027.000000,3369.000000,5092.000000,3387.000000
2396.000000,3146.000000,2440.000000,3234.000000
2337.000000,1550.000000,2289.000000,1874.000000
1833.000000,1725.000000,1560.000000,1844.000000
4382.000000,2985.000000,4160.000000,3095.000000
3494.000000,5331.000000,3961.000000,5396.000000
2902.000000,2529.000000,2941.000000,2570.000000
3001.000000,2351.000000,2747.000000,2535.000000
5209.000000,491.000000,4623.000000,734.000000
1258.000000,5087.000000,1125.000000,5113.000000
2363.000000,906.000000,2633.000000,926.000000
353.000000,750.000000,618.000000,884.000000
4413.000000,4612.000000,4385.000000,4694.000000
1873.000000,3208.000000,1588.000000,3211.000000
4559.000000,1093.000000,4472.000000,1295.000000
3765.000000,2751.000000,4058.000000,2817.000000
1880.000000,4493.000000,1828.000000,4510.000000
332.000000,1696.000000,93.000000,2164.000000
3230.000000,771.000000,3288.000000,893.000000
812.000000,2637.000000,1163.000000,2651.000000
2026.000000,560.000000,1768.000000,566.000000
1274.000000,5121.000000,1247.000000,5495.000000
250.000000,34.000000,1424.000000,40.000000
285.000000,3578.000000,321.000000,3699.000000
1488.000000,3111.000000,1494.000000,3184.000000
1697.000000,2700.000000,1717.000000,2952.000000
867.000000,1695.000000,1416.000000,2003.000000
4912.000000,3747.000000,4957.000000,3828.000000
2453.000000,4857.000000,2412.000000,4975.000000
285.000000,2446.000000,720.000000,2634.000000
1384.000000,1502.000000,1179.000000,1524.000000
5276.000000,2987.000000,5250.000000,3271.000000
2558.000000,2602.000000,2482.000000,2708.000000
593.000000,3199.000000,526.000000,3435.000000
1561.000000,4445.000000,1258.000000,5087.000000
3623.000000,11.000000,1632.000000,29.000000
4196.000000,1085.000000,4102.000000,1188.000000
4253.000000,2503.000000,4040.000000,2641.000000
4135.000000,888.000000,3992.000000,919.000000
3984.000000,3690.000000,4381.000000,3957.000000
721.000000,5113.000000,1125.000000,5113.000000
2730.000000,4383.000000,2532.000000,4547.000000
699.000000,5494.000000,656.000000,5529.000000
2979.000000,1987.000000,2954.000000,2265.000000
725.000000,4133.000000,576.000000,4145.000000
3737.000000,2466.000000,4058.000000,2817.000000
3451.000000,2483.000000,3455.000000,2565.000000
2747.000000,2535.000000,2941.000000,2570.000000
2876.000000,5407.000000,3166.000000,5524.000000
5493.000000,5104.000000,5412.000000,5638.000000
1693.000000,2322.000000,1734.000000,2369.000000
2412.000000,4975.000000,2640.000000,5265.000000
2024.000000,3701.000000,2552.000000,4113.000000
1720.000000,5166.000000,1925.000000,5169.000000
1561.000000,4445.000000,1679.000000,4509.000000
1396.000000,3725.000000,1685.000000,3949.000000
770.000000,258.000000,570.000000,332.000000
4914.000000,1508.000000,5241.000000,1648.000000
1394.000000,2831.000000,1166.000000,2840.000000
1474.000000,806.000000,1633.000000,874.000000
576.000000,4145.000000,756.000000,4306.000000
3617.000000,965.000000,3692.000000,1102.000000
2214.000000,2816.000000,2606.000000,2896.000000
3241.000000,4160.000000,3067.000000,4348.000000
1416.000000,2003.000000,1384.000000,2244.000000
3869.000000,921.000000,3692.000000,1102.000000
4168.000000,5116.000000,3764.000000,5127.000000
1235.000000,3087.000000,1488.000000,3111.000000
1258.000000,5087.000000,1720.000000,5166.000000
3764.000000,4371.000000,4295.000000,4572.000000
928.000000,2793.000000,1166.000000,2840.000000
761.000000,1160.000000,944.000000,1327.000000
4135.000000,888.000000,4067.000000,1048.000000
1438.000000,1537.000000,1560.000000,1844.000000
456.000000,710.000000,353.000000,750.000000
1306.000000,98.000000,1109.000000,188.000000
2152.000000,3251.000000,2204.000000,3415.000000
2737.000000,2115.000000,2606.000000,2436.000000
5276.000000,2987.000000,4962.000000,3344.000000
190.000000,3438.000000,102.000000,3489.000000
2135.000000,2807.000000,1779.000000,2911.000000
2966.000000,3297.000000,3151.000000,3441.000000
1239.000000,1577.000000,867.000000,1695.000000
2289.000000,1874.000000,1883.000000,2041.000000
3764.000000,5127.000000,3961.000000,5396.000000
1883.000000,2041.000000,1745.000000,2195.000000
442.000000,2917.000000,593.000000,3199.000000
4481.000000,2448.000000,4253.000000,2503.000000
2606.000000,2896.000000,3215.000000,2975.000000
4136.000000,1443.000000,4009.000000,1564.000000
5137.000000,4291.000000,5250.000000,4525.000000
2412.000000,4975.000000,2362.000000,5392.000000
3451.000000,3445.000000,3545.000000,3595.000000
5265.000000,3884.000000,5619.000000,4585.000000
5137.000000,4291.000000,4729.000000,4296.000000
3314.000000,2466.000000,3467.000000,2469.000000
5270.000000,2669.000000,4817.000000,3129.000000
721.000000,5113.000000,656.000000,5529.000000
2741.000000,29.000000,2939.000000,47.000000
4157.000000,4162.000000,4139.000000,4243.000000
3165.000000,2373.000000,3082.000000,2454.000000
2298.000000,1321.000000,2284.000000,1502.000000
285.000000,2446.000000,393.000000,2803.000000
815.000000,2146.000000,820.000000,2401.000000
2737.000000,2115.000000,2954.000000,2265.000000
2606.000000,2436.000000,2558.000000,2602.000000
1475.000000,2377.000000,1192.000000,2404.000000
2024.000000,3701.000000,1685.000000,3949.000000
33.000000,5509.000000,656.000000,5529.000000
618.000000,884.000000,68.000000,1520.000000
372.000000,5066.000000,721.000000,5113.000000
250.000000,34.000000,106.000000,209.000000
4578.000000,774.000000,4559.000000,1093.000000
2945.000000,1084.000000,2899.000000,1095.000000
5138.000000,1811.000000,4881.000000,1834.000000
1893.000000,2644.000000,1779.000000,2911.000000
3968.000000,3424.000000,3986.000000,3442.000000
2532.000000,4547.000000,2815.000000,4570.000000
3091.000000,1307.000000,3047.000000,1468.000000
2202.000000,4453.000000,2204.000000,4676.000000
2024.000000,3701.000000,1996.000000,4342.000000
928.000000,2793.000000,560.000000,2873.000000
4153.000000,2642.000000,4382.000000,2985.000000
4766.000000,4496.000000,5250.000000,4525.000000
2861.000000,1594.000000,3285.000000,1828.000000
5416.000000,2986.000000,5475.000000,3548.000000
87.000000,303.000000,68.000000,1520.000000
4256.000000,821.000000,3992.000000,919.000000
3986.000000,3442.000000,3984.000000,3690.000000
917.000000,309.000000,1250.000000,639.000000
3002.000000,2444.000000,2902.000000,2529.000000
2767.000000,3587.000000,2565.000000,3799.000000
4256.000000,821.000000,4196.000000,1085.000000
4817.000000,3129.000000,4962.000000,3344.000000
1424.000000,40.000000,1306.000000,98.000000
3279.000000,609.000000,3368.000000,820.000000
1274.000000,2982.000000,1577.000000,3079.000000
3169.000000,3616.000000,3237.000000,3734.000000
5472.000000,1623.000000,5323.000000,1731.000000
1632.000000,29.000000,1432.000000,387.000000
2807.000000,438.000000,2790.000000,463.000000
5521.000000,3308.000000,5475.000000,3548.000000
2806.000000,3406.000000,3151.000000,3441.000000
2214.000000,2816.000000,2080.000000,3372.000000
700.000000,2578.000000,720.000000,2634.000000
3782.000000,3249.000000,3803.000000,3355.000000
397.000000,3952.000000,286.000000,4219.000000
4482.000000,5260.000000,4298.000000,5267.000000
269.000000,5330.000000,541.000000,5492.000000
5270.000000,1709.000000,5524.000000,2010.000000
2214.000000,2816.000000,2396.000000,3146.000000
3992.000000,919.000000,4102.000000,1188.000000
4013.000000,1216.000000,4009.000000,1564.000000
4623.000000,734.000000,4678.000000,852.000000
2979.000000,1987.000000,3419.000000,2017.000000
3153.000000,2528.000000,2941.000000,2570.000000
190.000000,4970.000000,206.000000,5137.000000
5408.000000,4652.000000,5449.000000,4684.000000
193.000000,2716.000000,41.000000,2931.000000
2086.000000,188.000000,1961.000000,486.000000
106.000000,209.000000,570.000000,332.000000
2080.000000,3372.000000,2156.000000,3376.000000
4368.000000,1216.000000,4472.000000,1295.000000
4644.000000,2311.000000,4858.000000,2385.000000
3756.000000,2431.000000,3467.000000,2469.000000
2594.000000,353.000000,2678.000000,634.000000
3106.000000,3713.000000,3237.000000,3734.000000
3118.000000,1603.000000,3035.000000,1634.000000
586.000000,5408.000000,541.000000,5492.000000
1289.000000,879.000000,1156.000000,969.000000
2478.000000,4679.000000,2614.000000,4779.000000
442.000000,2917.000000,251.000000,3319.000000
2731.000000,2520.000000,2558.000000,2602.000000
3986.000000,3442.000000,4245.000000,3488.000000
1632.000000,29.000000,2416.000000,33.000000
1873.000000,3208.000000,1643.000000,3285.000000
586.000000,5408.000000,656.000000,5529.000000
820.000000,2401.000000,1192.000000,2404.000000
4032.000000,4.000000,3623.000000,11.000000
14.000000,4282.000000,84.000000,4467.000000
2204.000000,3415.000000,2024.000000,3701.000000
5365.000000,1674.000000,5270.000000,1709.000000
1164.000000,1049.000000,1470.000000,1299.000000
1893.000000,2644.000000,2135.000000,2807.000000
419.000000,1742.000000,686.000000,1999.000000
1548.000000,1493.000000,1384.000000,1502.000000
3764.000000,4371.000000,3506.000000,4423.000000
4382.000000,2985.000000,4757.000000,3085.000000
3192.000000,1650.000000,3285.000000,1828.000000
4040.000000,2641.000000,4058.000000,2817.000000
1163.000000,2651.000000,1166.000000,2840.000000
3756.000000,2431.000000,3737.000000,2466.000000
286.000000,4219.000000,311.000000,4229.000000
3101.000000,4756.000000,3469.000000,4945.000000
4686.000000,1710.000000,4482.000000,1999.000000
311.000000,4229.000000,756.000000,4306.000000
4240.000000,1413.000000,4289.000000,1424.000000
3419.000000,2017.000000,3756.000000,2431.000000
1696.000000,4587.000000,1760.000000,4897.000000
2822.000000,4253.000000,2730.000000,4383.000000
2606.000000,2436.000000,2682.000000,2438.000000
3023.000000,4375.000000,2815.000000,4570.000000
456.000000,710.000000,618.000000,884.000000
1494.000000,3184.000000,1588.000000,3211.000000
5449.000000,4684.000000,5251.000000,5008.000000
442.000000,2917.000000,181.000000,2954.000000
128.000000,4320.000000,387.000000,4455.000000
933.000000,3960.000000,725.000000,4133.000000
4912.000000,3747.000000,5137.000000,4291.000000
5137.000000,4291.000000,5530.000000,4502.000000
4139.000000,4243.000000,3923.000000,4365.000000
2204.000000,4676.000000,1977.000000,4949.000000
2822.000000,4253.000000,3023.000000,4375.000000
68.000000,1520.000000,332.000000,1696.000000
5241.000000,1648.000000,5270.000000,1709.000000
4474.000000,3179.000000,4245.000000,3488.000000
84.000000,4467.000000,345.000000,5026.000000
250.000000,34.000000,514.000000,48.000000
1464.000000,503.000000,1768.000000,566.000000
3429.000000,4576.000000,3802.000000,4934.000000
5099.000000,5225.000000,5412.000000,5638.000000
2876.000000,5407.000000,2822.000000,5435.000000
1548.000000,1493.000000,1833.000000,1725.000000
3413.000000,115.000000,4488.000000,262.000000
1235.000000,3087.000000,1176.000000,3208.000000
5648.000000,1175.000000,5662.000000,1760.000000
1494.000000,3184.000000,1396.000000,3725.000000
4757.000000,3085.000000,4878.000000,3355.000000
3862.000000,2366.000000,3756.000000,2431.000000
4472.000000,1295.000000,4289.000000,1424.000000
5250.000000,3271.000000,5092.000000,3387.000000
213.000000,2135.000000,93.000000,2164.000000
4603.000000,3955.000000,4381.000000,3957.000000
2264.000000,3188.000000,2440.000000,3234.000000
4075.000000,3270.000000,3986.000000,3442.000000
695.000000,4431.000000,628.000000,4448.000000
2798.000000,5126.000000,2841.000000,5403.000000
4240.000000,1413.000000,4136.000000,1443.000000
3429.000000,4576.000000,3368.000000,4685.000000
3746.000000,3304.000000,3803.000000,3355.000000
4381.000000,3957.000000,4157.000000,4162.000000
1662.000000,665.000000,1780.000000,1114.000000
953.000000,1959.000000,1416.000000,2003.000000
3937.000000,500.000000,3339.000000,892.000000
3401.000000,4333.000000,3368.000000,4685.000000
3752.000000,1668.000000,4013.000000,1693.000000
670.000000,40.000000,896.000000,138.000000
3118.000000,1603.000000,3050.000000,1681.000000
2815.000000,4570.000000,3101.000000,4756.000000
3792.000000,3670.000000,3632.000000,4043.000000
4559.000000,1093.000000,4745.000000,1181.000000
4157.000000,4162.000000,4526.000000,4179.000000
1347.000000,4139.000000,995.000000,4191.000000
3712.000000,1725.000000,3440.000000,1886.000000
87.000000,303.000000,162.000000,634.000000
4075.000000,3270.000000,3968.000000,3424.000000
3467.000000,2469.000000,3451.000000,2483.000000
3440.000000,1886.000000,4173.000000,2062.000000
1175.000000,4317.000000,1258.000000,5087.000000
4678.000000,852.000000,4882.000000,1419.000000
4603.000000,3955.000000,4729.000000,4296.000000
4385.000000,4694.000000,4385.000000,4700.000000
1306.000000,98.000000,1351.000000,367.000000
3339.000000,892.000000,3869.000000,921.000000
393.000000,2803.000000,560.000000,2873.000000
3285.000000,1828.000000,3419.000000,2017.000000
162.000000,634.000000,68.000000,1520.000000
4842.000000,3671.000000,4603.000000,3955.000000
2186.000000,5337.000000,2259.000000,5551.000000
345.000000,5026.000000,206.000000,5137.000000
84.000000,4467.000000,476.000000,4811.000000
3899.000000,4927.000000,3802.000000,4934.000000
2204.000000,4676.000000,2323.000000,4966.000000
670.000000,40.000000,725.000000,240.000000
2788.000000,188.000000,2807.000000,438.000000
635.000000,3853.000000,933.000000,3960.000000
1685.000000,3949.000000,1347.000000,4139.000000
2758.000000,3770.000000,2919.000000,3787.000000
2363.000000,906.000000,1780.000000,1114.000000
1247.000000,5495.000000,958.000000,5542.000000
3866.000000,4229.000000,3764.000000,4371.000000
1070.000000,1390.000000,1179.000000,1524.000000
3623.000000,11.000000,4488.000000,262.000000
1717.000000,2952.000000,1577.000000,3079.000000
669.000000,3499.000000,321.000000,3699.000000
26.000000,2116.000000,197.000000,2475.000000
2799.000000,1832.000000,2737.000000,2115.000000
820.000000,2401.000000,1163.000000,2651.000000
5416.000000,2986.000000,5048.000000,3693.000000
491.000000,1657.000000,507.000000,1796.000000
4526.000000,4179.000000,4729.000000,4296.000000
2939.000000,47.000000,2881.000000,124.000000
2447.000000,1506.000000,2337.000000,1550.000000
5432.000000,1733.000000,5601.000000,1841.000000
5006.000000,2361.000000,5023.000000,2513.000000
1632.000000,29.000000,1306.000000,98.000000
1734.000000,2369.000000,1540.000000,2458.000000
686.000000,1641.000000,867.000000,1695.000000
1163.000000,2651.000000,897.000000,2698.000000
2363.000000,906.000000,2298.000000,1321.000000
1779.000000,2911.000000,1577.000000,3079.000000
3923.000000,4365.000000,3764.000000,4371.000000
84.000000,4467.000000,270.000000,4586.000000
2424.000000,4290.000000,2274.000000,4414.000000
897.000000,2698.000000,921.000000,2731.000000
3623.000000,11.000000,2416.000000,33.000000
818.000000,3170.000000,1176.000000,3208.000000
3363.000000,5340.000000,2876.000000,5407.000000
4456.000000,380.000000,4789.000000,387.000000
776.000000,1691.000000,507.000000,1796.000000
3279.000000,609.000000,3153.000000,777.000000
837.000000,1295.000000,1070.000000,1390.000000
1961.000000,486.000000,1464.000000,503.000000
84.000000,4467.000000,190.000000,4970.000000
4128.000000,5493.000000,4394.000000,5599.000000
2080.000000,3372.000000,1751.000000,3539.000000
2676.000000,678.000000,2633.000000,926.000000
2416.000000,33.000000,2544.000000,275.000000
896.000000,138.000000,917.000000,309.000000
4267.000000,289.000000,4456.000000,380.000000
2337.000000,1550.000000,2447.000000,1890.000000
1662.000000,665.000000,1633.000000,874.000000
2798.000000,5126.000000,2640.000000,5265.000000
1262.000000,2636.000000,1163.000000,2651.000000
3165.000000,2373.000000,3002.000000,2444.000000
1643.000000,3285.000000,1396.000000,3725.000000
3455.000000,2565.000000,3576.000000,2970.000000
2807.000000,438.000000,2964.000000,565.000000
5416.000000,2986.000000,5521.000000,3308.000000
627.000000,1626.000000,686.000000,1641.000000
1464.000000,503.000000,1662.000000,665.000000
5251.000000,5008.000000,5099.000000,5225.000000
3151.000000,3441.000000,3200.000000,3585.000000
1494.000000,3184.000000,1102.000000,3443.000000
4962.000000,3344.000000,5029.000000,3520.000000
4757.000000,3085.000000,4474.000000,3179.000000
3440.000000,1886.000000,3756.000000,2431.000000
3002.000000,2444.000000,3153.000000,2528.000000
3764.000000,4371.000000,3802.000000,4934.000000
193.000000,2716.000000,181.000000,2954.000000
3413.000000,115.000000,3041.000000,336.000000
2014.000000,2277.000000,2482.000000,2708.000000
419.000000,1742.000000,507.000000,1796.000000
3632.000000,4043.000000,3866.000000,4229.000000
818.000000,3170.000000,1102.000000,3443.000000
720.000000,2634.000000,928.000000,2793.000000
1697.000000,2700.000000,1394.000000,2831.000000
2741.000000,29.000000,2881.000000,124.000000
2024.000000,3701.000000,2221.000000,3823.000000
1577.000000,3079.000000,1494.000000,3184.000000
5567.000000,2403.000000,5270.000000,2669.000000
235.000000,5601.000000,51.000000,5637.000000
2396.000000,3146.000000,2264.000000,3188.000000
781.000000,4255.000000,756.000000,4306.000000
4151.000000,2166.000000,4138.000000,2248.000000
1363.000000,3691.000000,1248.000000,3909.000000
695.000000,4431.000000,721.000000,5113.000000
5265.000000,3884.000000,5022.000000,3916.000000
321.000000,3699.000000,397.000000,3952.000000
2264.000000,3188.000000,2152.000000,3251.000000
3899.000000,4927.000000,3764.000000,5127.000000
4253.000000,2503.000000,4247.000000,2534.000000
1679.000000,4509.000000,1828.000000,4510.000000
1572.000000,5492.000000,1247.000000,5495.000000
1176.000000,3208.000000,1102.000000,3443.000000
3123.000000,4558.000000,3368.000000,4685.000000
3215.000000,2975.000000,2846.000000,3141.000000
4559.000000,1093.000000,4368.000000,1216.000000
3401.000000,4333.000000,3224.000000,4384.000000
1627.000000,2353.000000,1540.000000,2458.000000
366.000000,4638.000000,476.000000,4811.000000
2737.000000,2115.000000,2482.000000,2708.000000
781.000000,4255.000000,879.000000,4516.000000
770.000000,258.000000,917.000000,309.000000
3440.000000,1886.000000,4159.000000,2059.000000
345.000000,5026.000000,721.000000,5113.000000
1164.000000,1049.000000,1070.000000,1390.000000
640.000000,1474.000000,678.000000,1579.000000
1475.000000,2377.000000,1262.000000,2636.000000
5231.000000,484.000000,5648.000000,1175.000000
4023.000000,5592.000000,4394.000000,5599.000000
2424.000000,4290.000000,2202.000000,4453.000000
3166.000000,5524.000000,4023.000000,5592.000000
2979.000000,1987.000000,2737.000000,2115.000000
4183.000000,4925.000000,3899.000000,4927.000000
2086.000000,188.000000,2026.000000,560.000000
5018.000000,1585.000000,5138.000000,1811.000000
2846.000000,3141.000000,2806.000000,3406.000000
928.000000,2793.000000,586.000000,3104.000000
829.000000,2104.000000,815.000000,2146.000000
5449.000000,4684.000000,5493.000000,5104.000000
26.000000,2116.000000,83.000000,2177.000000
686.000000,1999.000000,213.000000,2135.000000
4102.000000,1188.000000,4104.000000,1347.000000
2846.000000,3141.000000,2635.000000,3499.000000
2447.000000,1890.000000,2737.000000,2115.000000
507.000000,1796.000000,689.000000,1909.000000
5024.000000,254.000000,4789.000000,387.000000
3576.000000,2970.000000,4075.000000,3270.000000
3792.000000,3670.000000,4157.000000,4162.000000
3237.000000,3734.000000,3152.000000,3810.000000
2412.000000,4975.000000,2760.000000,5478.000000
4160.000000,3095.000000,4075.000000,3270.000000
5093.000000,642.000000,4678.000000,852.000000
181.000000,2954.000000,111.000000,3320.000000
387.000000,4455.000000,270.000000,4586.000000
5006.000000,2361.000000,4858.000000,2385.000000
4157.000000,4162.000000,3866.000000,4229.000000
2932.000000,643.000000,2983.000000,725.000000
1643.000000,3285.000000,1788.000000,3433.000000
917.000000,309.000000,578.000000,714.000000
2606.000000,1041.000000,2298.000000,1321.000000
915.000000,1945.000000,815.000000,2146.000000
1883.000000,2041.000000,2014.000000,2277.000000
5029.000000,3520.000000,4507.000000,3545.000000
1274.000000,5121.000000,1572.000000,5492.000000
1351.000000,367.000000,1432.000000,387.000000
2682.000000,2438.000000,2731.000000,2520.000000
3165.000000,2373.000000,3153.000000,2528.000000
720.000000,2634.000000,560.000000,2873.000000
1250.000000,639.000000,1474.000000,806.000000
442.000000,2917.000000,586.000000,3104.000000
1577.000000,3079.000000,1553.000000,3173.000000
5598.000000,4725.000000,5412.000000,5638.000000
4603.000000,3955.000000,4526.000000,4179.000000
695.000000,4431.000000,833.000000,4608.000000
2767.000000,3587.000000,2758.000000,3770.000000
1572.000000,5492.000000,1685.000000,5552.000000
4912.000000,3747.000000,4603.000000,3955.000000
4842.000000,3671.000000,5048.000000,3693.000000
3317.000000,1075.000000,2945.000000,1084.000000
4578.000000,774.000000,4368.000000,1216.000000
5022.000000,5302.000000,4963.000000,5658.000000
5475.000000,3548.000000,5048.000000,3693.000000
678.000000,1579.000000,867.000000,1695.000000
3712.000000,5079.000000,3961.000000,5396.000000
3002.000000,2444.000000,2941.000000,2570.000000
2614.000000,4779.000000,2900.000000,5123.000000
1696.000000,4587.000000,1977.000000,4949.000000
4013.000000,1693.000000,4173.000000,2062.000000
2416.000000,33.000000,2086.000000,188.000000
4705.000000,2589.000000,4153.000000,2642.000000
2014.000000,2277.000000,1734.000000,2369.000000
3237.000000,3734.000000,3167.000000,3861.000000
1258.000000,5087.000000,1274.000000,5121.000000
1262.000000,2636.000000,1166.000000,2840.000000
640.000000,1474.000000,465.000000,1488.000000
1734.000000,2369.000000,1829.000000,2651.000000
1394.000000,2831.000000,1577.000000,3079.000000
5582.000000,2007.000000,5601.000000,3140.000000
4965.000000,2128.000000,5118.000000,2244.000000
640.000000,1474.000000,68.000000,1520.000000
4883.000000,4794.000000,4768.000000,5266.000000
1296.000000,901.000000,1164.000000,1049.000000
51.000000,5637.000000,5377.000000,5668.000000
635.000000,3853.000000,972.000000,3890.000000
2080.000000,3372.000000,1927.000000,3380.000000
4138.000000,2248.000000,4253.000000,2503.000000
2532.000000,4547.000000,2496.000000,4664.000000
4858.000000,2385.000000,5023.000000,2513.000000
776.000000,1691.000000,867.000000,1695.000000
491.000000,1657.000000,542.000000,1657.000000
2440.000000,3234.000000,2152.000000,3251.000000
1384.000000,2244.000000,1192.000000,2404.000000
4381.000000,3957.000000,4526.000000,4179.000000
2919.000000,3787.000000,3152.000000,3810.000000
5259.000000,4569.000000,5449.000000,4684.000000
3792.000000,3670.000000,3831.000000,4071.000000
1258.000000,5087.000000,721.000000,5113.000000
1577.000000,3079.000000,1588.000000,3211.000000
2412.000000,4975.000000,2798.000000,5126.000000
3106.000000,3713.000000,2919.000000,3787.000000
2939.000000,47.000000,3041.000000,336.000000
5138.000000,1811.000000,4734.000000,2261.000000
4311.000000,1859.000000,4173.000000,2062.000000
3413.000000,115.000000,3937.000000,500.000000
1632.000000,29.000000,1424.000000,40.000000
3802.000000,4934.000000,3469.000000,4945.000000
4289.000000,1424.000000,4136.000000,1443.000000
3192.000000,1650.000000,3315.000000,1699.000000
3765.000000,2751.000000,3576.000000,2970.000000
4763.000000,2602.000000,4757.000000,3085.000000
5022.000000,3916.000000,5137.000000,4291.000000
2758.000000,3770.000000,2565.000000,3799.000000
5416.000000,2986.000000,5250.000000,3271.000000
1521.000000,2010.000000,1384.000000,2244.000000
4705.000000,2589.000000,4692.000000,2647.000000
5421.000000,229.000000,4563.000000,247.000000
4768.000000,5266.000000,4394.000000,5599.000000
4196.000000,1085.000000,4368.000000,1216.000000
3252.000000,5214.000000,3494.000000,5331.000000
2072.000000,2425.000000,2215.000000,2503.000000
3241.000000,4160.000000,3224.000000,4384.000000
4267.000000,289.000000,3992.000000,919.000000
149.000000,2176.000000,83.000000,2177.000000
837.000000,1295.000000,678.000000,1579.000000
3118.000000,1603.000000,3315.000000,1699.000000
345.000000,5026.000000,372.000000,5066.000000
1697.000000,2700.000000,1773.000000,2901.000000
2758.000000,3770.000000,2651.000000,4014.000000
725.000000,4133.000000,781.000000,4255.000000
1977.000000,4949.000000,2323.000000,4966.000000
235.000000,5601.000000,5377.000000,5668.000000
2215.000000,2503.000000,2482.000000,2708.000000
4159.000000,2059.000000,4138.000000,2248.000000
526.000000,3435.000000,304.000000,3448.000000
2846.000000,3141.000000,2396.000000,3146.000000
1494.000000,3184.000000,1363.000000,3691.000000
4507.000000,3545.000000,4381.000000,3957.000000
1857.000000,5030.000000,1925.000000,5169.000000
928.000000,2793.000000,818.000000,3170.000000
4882.000000,1419.000000,4686.000000,1710.000000
3764.000000,4371.000000,3429.000000,4576.000000
3317.000000,1075.000000,3315.000000,1699.000000
526.000000,3435.000000,669.000000,3499.000000
1540.000000,2458.000000,1394.000000,2831.000000
3153.000000,1440.000000,3047.000000,1468.000000
2900.000000,5123.000000,2798.000000,5126.000000
1164.000000,1049.000000,1179.000000,1524.000000
2544.000000,275.000000,2594.000000,353.000000
3215.000000,2975.000000,3306.000000,3261.000000
2825.000000,2385.000000,2606.000000,2436.000000
4183.000000,4925.000000,4168.000000,5116.000000
3041.000000,336.000000,2964.000000,565.000000
4578.000000,774.000000,4256.000000,821.000000
2899.000000,1095.000000,2861.000000,1594.000000
60.000000,5133.000000,206.000000,5137.000000
4559.000000,1093.000000,4431.000000,1179.000000
570.000000,332.000000,578.000000,714.000000
896.000000,138.000000,1109.000000,188.000000
1560.000000,1844.000000,1416.000000,2003.000000
83.000000,2177.000000,197.000000,2475.000000
5099.000000,5225.000000,5022.000000,5302.000000
4159.000000,2059.000000,4151.000000,2166.000000
4482.000000,1999.000000,4173.000000,2062.000000
1289.000000,879.000000,1296.000000,901.000000
4315.000000,4928.000000,4168.000000,5116.000000
2876.000000,5407.000000,2760.000000,5478.000000
1548.000000,1493.000000,1438.000000,1537.000000
1779.000000,2911.000000,1873.000000,3208.000000
2552.000000,4113.000000,2544.000000,4185.000000
3992.000000,919.000000,3869.000000,921.000000
2741.000000,29.000000,2788.000000,188.000000
3151.000000,3441.000000,3169.000000,3616.000000
1693.000000,2322.000000,1627.000000,2353.000000
3123.000000,4558.000000,3101.000000,4756.000000
867.000000,1695.000000,915.000000,1945.000000
181.000000,2954.000000,251.000000,3319.000000
4353.000000,4384.000000,4711.000000,4512.000000
1207.000000,2919.000000,1176.000000,3208.000000
5250.000000,3271.000000,5048.000000,3693.000000
102.000000,3489.000000,285.000000,3578.000000
1867.000000,1835.000000,1883.000000,2041.000000
2080.000000,3372.000000,2204.000000,3415.000000
2072.000000,2425.000000,1893.000000,2644.000000
4481.000000,2448.000000,4419.000000,2578.000000
1416.000000,2003.000000,1521.000000,2010.000000
1760.000000,4897.000000,1720.000000,5166.000000
2966.000000,3297.000000,2806.000000,3406.000000
5662.000000,1760.000000,5582.000000,2007.000000
5270.000000,2669.000000,4757.000000,3085.000000
4858.000000,2385.000000,4763.000000,2602.000000
353.000000,750.000000,68.000000,1520.000000
2215.000000,2503.000000,2135.000000,2807.000000
4644.000000,2311.000000,4705.000000,2589.000000
4311.000000,1859.000000,4482.000000,1999.000000
5092.000000,3387.000000,5048.000000,3693.000000
2080.000000,3372.000000,2068.000000,3440.000000
3737.000000,2466.000000,3455.000000,2565.000000
1760.000000,4897.000000,1857.000000,5030.000000
2478.000000,4679.000000,2453.000000,4857.000000
1262.000000,2636.000000,1394.000000,2831.000000
286.000000,4219.000000,128.000000,4320.000000
419.000000,1742.000000,213.000000,2135.000000
1780.000000,1114.000000,2298.000000,1321.000000
3469.000000,4945.000000,3778.000000,4989.000000
269.000000,5330.000000,33.000000,5509.000000
483.000000,4680.000000,721.000000,5113.000000
111.000000,3320.000000,190.000000,3438.000000
2001.000000,1632.000000,1833.000000,1725.000000
4878.000000,3355.000000,5029.000000,3520.000000
102.000000,3489.000000,397.000000,3952.000000
1224.000000,5262.000000,1247.000000,5495.000000
332.000000,1696.000000,419.000000,1742.000000
686.000000,1999.000000,149.000000,2176.000000
656.000000,5529.000000,958.000000,5542.000000
149.000000,2176.000000,285.000000,2446.000000
1745.000000,2195.000000,1627.000000,2353.000000
2640.000000,5265.000000,2841.000000,5403.000000
2496.000000,4664.000000,2478.000000,4679.000000
3866.000000,4229.000000,3923.000000,4365.000000
2807.000000,438.000000,2932.000000,643.000000
4247.000000,2534.000000,4419.000000,2578.000000
1745.000000,2195.000000,1384.000000,2244.000000
2678.000000,634.000000,2676.000000,678.000000
1779.000000,2911.000000,2080.000000,3372.000000
1773.000000,2901.000000,1717.000000,2952.000000
3401.000000,4333.000000,3506.000000,4423.000000
315.000000,2367.000000,700.000000,2578.000000
2496.000000,4664.000000,2614.000000,4779.000000
2954.000000,2265.000000,2825.000000,2385.000000
1745.000000,2195.000000,1734.000000,2369.000000
3429.000000,4576.000000,3469.000000,4945.000000
2861.000000,1594.000000,2979.000000,1987.000000
2954.000000,2265.000000,3001.000000,2351.000000
3224.000000,4384.000000,3123.000000,4558.000000
3961.000000,5396.000000,3166.000000,5524.000000
1632.000000,29.000000,1961.000000,486.000000
4042.000000,2231.000000,4138.000000,2248.000000
4385.000000,4694.000000,4131.000000,4781.000000
3002.000000,2444.000000,3082.000000,2454.000000
3623.000000,11.000000,2939.000000,47.000000
921.000000,2731.000000,928.000000,2793.000000
2204.000000,3415.000000,2565.000000,3799.000000
628.000000,4448.000000,387.000000,4455.000000
5416.000000,2986.000000,5485.000000,3344.000000
3632.000000,4043.000000,3241.000000,4160.000000
2799.000000,1832.000000,2979.000000,1987.000000
3315.000000,1699.000000,3285.000000,1828.000000
4160.000000,3095.000000,4474.000000,3179.000000
447.000000,252.000000,544.000000,285.000000
3992.000000,919.000000,4075.000000,920.000000
3752.000000,1668.000000,3520.000000,1765.000000
3866.000000,4229.000000,3506.000000,4423.000000
193.000000,2716.000000,98.000000,2912.000000
41.000000,2931.000000,111.000000,3320.000000
4104.000000,1347.000000,4009.000000,1564.000000
14.000000,4282.000000,14.000000,4634.000000
4153.000000,2642.000000,4757.000000,3085.000000
4481.000000,2448.000000,4705.000000,2589.000000
670.000000,40.000000,1109.000000,188.000000
106.000000,209.000000,456.000000,710.000000
5408.000000,4652.000000,5598.000000,4725.000000
1494.000000,3184.000000,1643.000000,3285.000000
4023.000000,5592.000000,235.000000,5601.000000
5118.000000,2244.000000,4734.000000,2261.000000
592.000000,5280.000000,586.000000,5408.000000
1247.000000,5495.000000,1685.000000,5552.000000
3023.000000,4375.000000,3123.000000,4558.000000
4032.000000,4.000000,5421.000000,229.000000
3545.000000,3595.000000,3632.000000,4043.000000
1470.000000,1299.000000,1179.000000,1524.000000
720.000000,2634.000000,812.000000,2637.000000
190.000000,4970.000000,345.000000,5026.000000
2751.000000,102.000000,2788.000000,188.000000
2939.000000,47.000000,3413.000000,115.000000
4138.000000,2248.000000,4481.000000,2448.000000
3215.000000,2975.000000,3433.000000,3116.000000
2453.000000,4857.000000,2323.000000,4966.000000
5118.000000,2244.000000,4858.000000,2385.000000
3469.000000,4945.000000,3480.000000,5028.000000
3001.000000,2351.000000,3002.000000,2444.000000
820.000000,2401.000000,812.000000,2637.000000
1961.000000,486.000000,1768.000000,566.000000
1720.000000,5166.000000,1572.000000,5492.000000
720.000000,2634.000000,393.000000,2803.000000
1833.000000,1725.000000,1867.000000,1835.000000
3494.000000,5331.000000,3166.000000,5524.000000
686.000000,1999.000000,829.000000,2104.000000
2841.000000,5403.000000,2876.000000,5407.000000
5209.000000,491.000000,4678.000000,852.000000
4256.000000,821.000000,4135.000000,888.000000
4157.000000,4162.000000,4353.000000,4384.000000
833.000000,4608.000000,721.000000,5113.000000
3545.000000,3595.000000,3792.000000,3670.000000
372.000000,5066.000000,541.000000,5492.000000
2298.000000,1321.000000,2447.000000,1506.000000
5601.000000,3140.000000,5521.000000,3308.000000
3455.000000,2565.000000,3765.000000,2751.000000
1235.000000,3087.000000,1102.000000,3443.000000
2215.000000,2503.000000,2214.000000,2816.000000
2323.000000,4966.000000,1925.000000,5169.000000
5270.000000,1709.000000,5323.000000,1731.000000
1179.000000,1524.000000,1239.000000,1577.000000
41.000000,2931.000000,14.000000,4282.000000
1873.000000,3208.000000,2080.000000,3372.000000
3067.000000,4348.000000,3224.000000,4384.000000
1977.000000,4949.000000,1857.000000,5030.000000
3628.000000,3249.000000,3782.000000,3249.000000
3151.000000,3441.000000,2758.000000,3770.000000
2651.000000,4014.000000,2730.000000,4383.000000
5472.000000,1623.000000,5432.000000,1733.000000
1632.000000,29.000000,250.000000,34.000000
4136.000000,1443.000000,4214.000000,1634.000000
2614.000000,4779.000000,3212.000000,5069.000000
4058.000000,2817.000000,4075.000000,3270.000000
1416.000000,2003.000000,1192.000000,2404.000000
4131.000000,4781.000000,3802.000000,4934.000000
915.000000,1945.000000,953.000000,1959.000000
1272.000000,3064.000000,1235.000000,3087.000000
4449.000000,543.000000,4256.000000,821.000000
251.000000,3319.000000,111.000000,3320.000000
2440.000000,3234.000000,2565.000000,3799.000000
5118.000000,2244.000000,5567.000000,2403.000000
3576.000000,2970.000000,3782.000000,3249.000000
4692.000000,2647.000000,4757.000000,3085.000000
2932.000000,643.000000,2676.000000,678.000000
3447.000000,1775.000000,3285.000000,1828.000000
1164.000000,1049.000000,944.000000,1327.000000
4452.000000,4844.000000,4482.000000,5260.000000
2983.000000,725.000000,3153.000000,777.000000
818.000000,3170.000000,669.000000,3499.000000
917.000000,309.000000,1223.000000,719.000000
3782.000000,3249.000000,3746.000000,3304.000000
3778.000000,4989.000000,3712.000000,5079.000000
2682.000000,2438.000000,2558.000000,2602.000000
1207.000000,2919.000000,1235.000000,3087.000000
3692.000000,1102.000000,4013.000000,1216.000000
3869.000000,921.000000,4102.000000,1188.000000
761.000000,1160.000000,837.000000,1295.000000
5259.000000,4569.000000,5408.000000,4652.000000
2919.000000,3787.000000,3167.000000,3861.000000
4962.000000,3344.000000,4878.000000,3355.000000
815.000000,2146.000000,1192.000000,2404.000000
514.000000,48.000000,725.000000,240.000000
3778.000000,4989.000000,3480.000000,5028.000000
1760.000000,4897.000000,1258.000000,5087.000000
5421.000000,229.000000,5648.000000,1175.000000
4678.000000,852.000000,4745.000000,1181.000000
4295.000000,4572.000000,4385.000000,4694.000000
4894.000000,1544.000000,5018.000000,1585.000000
4507.000000,3545.000000,4842.000000,3671.000000
833.000000,4608.000000,1258.000000,5087.000000
4474.000000,3179.000000,4507.000000,3545.000000
2730.000000,4383.000000,2815.000000,4570.000000
5270.000000,1709.000000,5179.000000,2216.000000
4705.000000,2589.000000,4763.000000,2602.000000
1540.000000,2458.000000,1697.000000,2700.000000
3899.000000,4927.000000,4168.000000,5116.000000
2186.000000,5337.000000,2362.000000,5392.000000
5421.000000,229.000000,5236.000000,457.000000
3165.000000,2373.000000,3467.000000,2469.000000
695.000000,4431.000000,879.000000,4516.000000
514.000000,48.000000,447.000000,252.000000
4992.000000,5495.000000,5412.000000,5638.000000
5434.000000,641.000000,5648.000000,1175.000000
3869.000000,921.000000,4013.000000,1216.000000
4474.000000,3179.000000,4075.000000,3270.000000
5138.000000,1811.000000,5179.000000,2216.000000
3306.000000,3261.000000,3451.000000,3445.000000
1925.000000,5169.000000,2093.000000,5541.000000
26.000000,2116.000000,93.000000,2164.000000
2214.000000,2816.000000,2264.000000,3188.000000
1633.000000,874.000000,1164.000000,1049.000000
1175.000000,4317.000000,1538.000000,4422.000000
5236.000000,457.000000,5231.000000,484.000000
3339.000000,892.000000,3317.000000,1075.000000
3628.000000,3249.000000,3746.000000,3304.000000
1464.000000,503.000000,1250.000000,639.000000
1553.000000,3173.000000,1494.000000,3184.000000
5416.000000,2986.000000,5276.000000,2987.000000
3178.000000,1395.000000,3315.000000,1699.000000
3937.000000,500.000000,3368.000000,820.000000
190.000000,3438.000000,285.000000,3578.000000
2861.000000,1594.000000,3035.000000,1634.000000
58.000000,4839.000000,33.000000,4850.000000
372.000000,5066.000000,206.000000,5137.000000
3737.000000,2466.000000,3765.000000,2751.000000
2841.000000,5403.000000,2822.000000,5435.000000
393.000000,2803.000000,442.000000,2917.000000
2026.000000,560.000000,2363.000000,906.000000
3628.000000,3249.000000,3803.000000,3355.000000
1627.000000,2353.000000,1734.000000,2369.000000
2760.000000,5478.000000,3166.000000,5524.000000
2651.000000,4014.000000,2544.000000,4185.000000
1679.000000,4509.000000,1696.000000,4587.000000
4289.000000,1424.000000,4214.000000,1634.000000
4216.000000,5265.000000,4128.000000,5493.000000
5619.000000,4585.000000,5598.000000,4725.000000
628.000000,4448.000000,366.000000,4638.000000
5662.000000,1760.000000,5601.000000,3140.000000
190.000000,4970.000000,60.000000,5133.000000
2741.000000,29.000000,2416.000000,33.000000
4912.000000,3747.000000,5022.000000,3916.000000
2001.000000,1632.000000,1955.000000,1772.000000
2186.000000,5337.000000,2093.000000,5541.000000
2323.000000,4966.000000,2186.000000,5337.000000
2558.000000,2602.000000,2606.000000,2896.000000
721.000000,5113.000000,592.000000,5280.000000
5421.000000,229.000000,5024.000000,254.000000
197.000000,2475.000000,193.000000,2716.000000
5048.000000,3693.000000,4912.000000,3747.000000
2737.000000,2115.000000,2014.000000,2277.000000
1347.000000,4139.000000,1175.000000,4317.000000
1927.000000,3380.000000,1751.000000,3539.000000
4135.000000,888.000000,4075.000000,920.000000
5236.000000,457.000000,5434.000000,641.000000
4482.000000,1999.000000,4734.000000,2261.000000
2651.000000,4014.000000,2552.000000,4113.000000
5265.000000,3884.000000,5137.000000,4291.000000
1927.000000,3380.000000,1788.000000,3433.000000
2932.000000,643.000000,2633.000000,926.000000
4858.000000,2385.000000,4705.000000,2589.000000
3937.000000,500.000000,3279.000000,609.000000
3165.000000,2373.000000,3314.000000,2466.000000
1394.000000,2831.000000,1274.000000,2982.000000
5023.000000,2513.000000,4763.000000,2602.000000
1738.000000,4416.000000,1679.000000,4509.000000
3632.000000,4043.000000,3831.000000,4071.000000
770.000000,258.000000,578.000000,714.000000
3792.000000,3670.000000,3984.000000,3690.000000
5567.000000,2403.000000,5601.000000,3140.000000
2751.000000,102.000000,2594.000000,353.000000
2289.000000,1874.000000,2447.000000,1890.000000
3101.000000,4756.000000,3212.000000,5069.000000
3752.000000,1668.000000,3315.000000,1699.000000
1521.000000,2010.000000,1883.000000,2041.000000
4214.000000,1634.000000,4686.000000,1710.000000
2424.000000,4290.000000,2532.000000,4547.000000
41.000000,2931.000000,30.000000,4062.000000
4173.000000,2062.000000,4239.000000,2174.000000
5053.000000,2177.000000,5179.000000,2216.000000
1738.000000,4416.000000,1828.000000,4510.000000
4578.000000,774.000000,4678.000000,852.000000
250.000000,34.000000,447.000000,252.000000
465.000000,1488.000000,68.000000,1520.000000
958.000000,5542.000000,235.000000,5601.000000
4153.000000,2642.000000,4692.000000,2647.000000
4678.000000,852.000000,4559.000000,1093.000000
3001.000000,2351.000000,2682.000000,2438.000000
5662.000000,1760.000000,5524.000000,2010.000000
128.000000,4320.000000,84.000000,4467.000000
4267.000000,289.000000,4256.000000,821.000000
3091.000000,1307.000000,3178.000000,1395.000000
776.000000,1691.000000,689.000000,1909.000000
4247.000000,2534.000000,4153.000000,2642.000000
2983.000000,725.000000,2945.000000,1084.000000
3455.000000,2565.000000,3342.000000,2810.000000
635.000000,3853.000000,725.000000,4133.000000
908.000000,5261.000000,656.000000,5529.000000
1844.000000,4367.000000,1959.000000,4512.000000
3862.000000,2366.000000,3737.000000,2466.000000
592.000000,5280.000000,656.000000,5529.000000
5530.000000,4502.000000,5408.000000,4652.000000
578.000000,714.000000,1156.000000,969.000000
4058.000000,2817.000000,4382.000000,2985.000000
5449.000000,4684.000000,5099.000000,5225.000000
1102.000000,3443.000000,635.000000,3853.000000
5236.000000,457.000000,5209.000000,491.000000
3937.000000,500.000000,3679.000000,684.000000
5250.000000,4525.000000,5259.000000,4569.000000
33.000000,4850.000000,60.000000,5133.000000
4882.000000,1419.000000,4894.000000,1544.000000
1955.000000,1772.000000,1883.000000,2041.000000
4526.000000,4179.000000,4353.000000,4384.000000
3803.000000,3355.000000,3986.000000,3442.000000
162.000000,634.000000,456.000000,710.000000
1274.000000,2982.000000,1488.000000,3111.000000
5093.000000,642.000000,5648.000000,1175.000000
4009.000000,1564.000000,4214.000000,1634.000000
1438.000000,1537.000000,1239.000000,1577.000000
4474.000000,3179.000000,5029.000000,3520.000000
5662.000000,1760.000000,5619.000000,4585.000000
1996.000000,4342.000000,1844.000000,4367.000000
933.000000,3960.000000,995.000000,4191.000000
1751.000000,3539.000000,1396.000000,3725.000000
2881.000000,124.000000,2788.000000,188.000000
193.000000,2716.000000,393.000000,2803.000000
721.000000,5113.000000,908.000000,5261.000000
2440.000000,3234.000000,2635.000000,3499.000000
315.000000,2367.000000,285.000000,2446.000000
5048.000000,3693.000000,5492.000000,3786.000000
285.000000,2446.000000,700.000000,2578.000000
2152.000000,3251.000000,2156.000000,3376.000000
4168.000000,5116.000000,4128.000000,5493.000000
2544.000000,4185.000000,2532.000000,4547.000000
3961.000000,5396.000000,4128.000000,5493.000000
1633.000000,874.000000,1470.000000,1299.000000
4239.000000,2174.000000,4341.000000,2226.000000
689.000000,1909.000000,686.000000,1999.000000
3309.000000,3641.000000,3237.000000,3734.000000
2899.000000,1095.000000,3047.000000,1468.000000
3153.000000,2528.000000,3455.000000,2565.000000
3241.000000,4160.000000,3401.000000,4333.000000
3368.000000,4685.000000,3469.000000,4945.000000
2651.000000,4014.000000,2822.000000,4253.000000
4104.000000,1347.000000,4240.000000,1413.000000
2396.000000,3146.000000,2635.000000,3499.000000
670.000000,40.000000,1424.000000,40.000000
4883.000000,4794.000000,5099.000000,5225.000000
1685.000000,3949.000000,1738.000000,4416.000000
5472.000000,1623.000000,5662.000000,1760.000000
149.000000,2176.000000,700.000000,2578.000000
781.000000,4255.000000,695.000000,4431.000000
3237.000000,3734.000000,3241.000000,4160.000000
5250.000000,4525.000000,5408.000000,4652.000000
2751.000000,102.000000,2544.000000,275.000000
917.000000,309.000000,1351.000000,367.000000
3342.000000,2810.000000,3433.000000,3116.000000
2900.000000,5123.000000,3252.000000,5214.000000
2815.000000,4570.000000,2614.000000,4779.000000
2881.000000,124.000000,2964.000000,565.000000
3961.000000,5396.000000,4023.000000,5592.000000
3401.000000,4333.000000,3429.000000,4576.000000
4912.000000,3747.000000,4729.000000,4296.000000
5323.000000,1731.000000,5524.000000,2010.000000
3285.000000,1828.000000,2979.000000,1987.000000
627.000000,1626.000000,542.000000,1657.000000
3628.000000,3249.000000,3306.000000,3261.000000
3212.000000,5069.000000,3252.000000,5214.000000
2014.000000,2277.000000,2215.000000,2503.000000
5373.000000,2103.000000,5179.000000,2216.000000
4842.000000,3671.000000,4912.000000,3747.000000
206.000000,5137.000000,269.000000,5330.000000
33.000000,5509.000000,235.000000,5601.000000
2822.000000,4253.000000,2815.000000,4570.000000
2822.000000,5435.000000,2760.000000,5478.000000
3994.000000,2209.000000,4042.000000,2231.000000
3737.000000,2466.000000,4040.000000,2641.000000
5251.000000,5008.000000,5493.000000,5104.000000
3153.000000,2528.000000,2606.000000,2896.000000
2416.000000,33.000000,2678.000000,634.000000
311.000000,4229.000000,128.000000,4320.000000
4368.000000,1216.000000,4289.000000,1424.000000
3866.000000,4229.000000,3401.000000,4333.000000
30.000000,4062.000000,14.000000,4282.000000
2900.000000,5123.000000,2876.000000,5407.000000
3212.000000,5069.000000,2900.000000,5123.000000
4267.000000,289.000000,4449.000000,543.000000
618.000000,884.000000,944.000000,1327.000000
2093.000000,5541.000000,1685.000000,5552.000000
3041.000000,336.000000,3279.000000,609.000000
4456.000000,380.000000,4449.000000,543.000000
4153.000000,2642.000000,4058.000000,2817.000000
4711.000000,4512.000000,4883.000000,4794.000000
3106.000000,3713.000000,2758.000000,3770.000000
2932.000000,643.000000,3153.000000,777.000000
1109.000000,188.000000,917.000000,309.000000
3001.000000,2351.000000,2825.000000,2385.000000
4353.000000,4384.000000,4413.000000,4612.000000
4104.000000,1347.000000,4136.000000,1443.000000
1125.000000,5113.000000,958.000000,5542.000000
3802.000000,4934.000000,3778.000000,4989.000000
1828.000000,4510.000000,1959.000000,4512.000000
560.000000,2873.000000,442.000000,2917.000000
4766.000000,4496.000000,4711.000000,4512.000000
3306.000000,3261.000000,2966.000000,3297.000000
3368.000000,4685.000000,3101.000000,4756.000000
4456.000000,380.000000,4623.000000,734.000000
700.000000,2578.000000,812.000000,2637.000000
1588.000000,3211.000000,1643.000000,3285.000000
5492.000000,3786.000000,5265.000000,3884.000000
1679.000000,4509.000000,1959.000000,4512.000000
1192.000000,2404.000000,1262.000000,2636.000000
1572.000000,5492.000000,2093.000000,5541.000000
720.000000,2634.000000,897.000000,2698.000000
2274.000000,4414.000000,2237.000000,4500.000000
3153.000000,1440.000000,3118.000000,1603.000000
33.000000,4850.000000,33.000000,5509.000000
1175.000000,4317.000000,1561.000000,4445.000000
270.000000,4586.000000,366.000000,4638.000000
4962.000000,3344.000000,5092.000000,3387.000000
1223.000000,719.000000,1289.000000,879.000000
1347.000000,4139.000000,1679.000000,4509.000000
2861.000000,1594.000000,2799.000000,1832.000000
928.000000,2793.000000,1176.000000,3208.000000
3480.000000,5028.000000,3252.000000,5214.000000
1125.000000,5113.000000,1274.000000,5121.000000
4267.000000,289.000000,3937.000000,500.000000
1560.000000,1844.000000,1883.000000,2041.000000
68.000000,1520.000000,93.000000,2164.000000
4131.000000,4781.000000,4315.000000,4928.000000
725.000000,240.000000,544.000000,285.000000
670.000000,40.000000,514.000000,48.000000
1679.000000,4509.000000,2204.000000,4676.000000
1474.000000,806.000000,1289.000000,879.000000
190.000000,3438.000000,304.000000,3448.000000
1685.000000,5552.000000,235.000000,5601.000000
251.000000,3319.000000,526.000000,3435.000000
812.000000,2637.000000,897.000000,2698.000000
725.000000,240.000000,447.000000,252.000000
1633.000000,874.000000,1780.000000,1114.000000
5416.000000,2986.000000,5601.000000,3140.000000
4763.000000,2602.000000,5270.000000,2669.000000
1235.000000,3087.000000,1494.000000,3184.000000
14.000000,4282.000000,128.000000,4320.000000
3315.000000,1699.000000,3447.000000,1775.000000
2964.000000,565.000000,3279.000000,609.000000
586.000000,3104.000000,593.000000,3199.000000
640.000000,1474.000000,542.000000,1657.000000
593.000000,3199.000000,251.000000,3319.000000
4789.000000,387.000000,4824.000000,421.000000
3153.000000,2528.000000,3215.000000,2975.000000
4474.000000,3179.000000,4878.000000,3355.000000
3314.000000,2466.000000,3455.000000,2565.000000
4452.000000,4844.000000,4768.000000,5266.000000
2532.000000,4547.000000,2614.000000,4779.000000
2001.000000,1632.000000,2289.000000,1874.000000
3712.000000,1725.000000,4173.000000,2062.000000
1248.000000,3909.000000,1347.000000,4139.000000
3712.000000,5079.000000,3764.000000,5127.000000
1738.000000,4416.000000,1880.000000,4493.000000
3451.000000,3445.000000,3200.000000,3585.000000
1384.000000,1502.000000,1239.000000,1577.000000
1474.000000,806.000000,1296.000000,901.000000
2440.000000,3234.000000,2204.000000,3415.000000
5472.000000,1623.000000,5241.000000,1648.000000
4135.000000,888.000000,4196.000000,1085.000000
4965.000000,2128.000000,5053.000000,2177.000000
1893.000000,2644.000000,1697.000000,2700.000000
4013.000000,1693.000000,4311.000000,1859.000000
2259.000000,5551.000000,235.000000,5601.000000
972.000000,3890.000000,933.000000,3960.000000
2274.000000,4414.000000,2532.000000,4547.000000
4341.000000,2226.000000,4481.000000,2448.000000
2014.000000,2277.000000,2072.000000,2425.000000
2635.000000,3499.000000,2565.000000,3799.000000
5412.000000,5638.000000,5377.000000,5668.000000
3494.000000,5331.000000,3363.000000,5340.000000
1125.000000,5113.000000,1224.000000,5262.000000
3782.000000,3249.000000,4075.000000,3270.000000
4789.000000,387.000000,4623.000000,734.000000
4482.000000,1999.000000,4644.000000,2311.000000
2274.000000,4414.000000,2478.000000,4679.000000
4009.000000,1564.000000,4013.000000,1693.000000
5265.000000,3884.000000,5530.000000,4502.000000
896.000000,138.000000,725.000000,240.000000
4151.000000,2166.000000,4239.000000,2174.000000
1734.000000,2369.000000,1697.000000,2700.000000
4042.000000,2231.000000,3862.000000,2366.000000
2651.000000,4014.000000,2532.000000,4547.000000
1166.000000,2840.000000,1207.000000,2919.000000
915.000000,1945.000000,829.000000,2104.000000
3831.000000,4071.000000,4157.000000,4162.000000
5486.000000,3794.000000,5265.000000,3884.000000
5241.000000,1648.000000,5179.000000,2216.000000
972.000000,3890.000000,1248.000000,3909.000000
1175.000000,4317.000000,833.000000,4608.000000
4138.000000,2248.000000,4040.000000,2641.000000
5241.000000,1648.000000,5138.000000,1811.000000
3451.000000,3445.000000,3309.000000,3641.000000
4058.000000,2817.000000,3576.000000,2970.000000
756.000000,4306.000000,387.000000,4455.000000
2482.000000,2708.000000,2606.000000,2896.000000
387.000000,4455.000000,366.000000,4638.000000
2152.000000,3251.000000,2080.000000,3372.000000
896.000000,138.000000,770.000000,258.000000
1474.000000,806.000000,1164.000000,1049.000000
3401.000000,4333.000000,3123.000000,4558.000000
5582.000000,2007.000000,5524.000000,2010.000000
2954.000000,2265.000000,3165.000000,2373.000000
720.000000,2634.000000,921.000000,2731.000000
3756.000000,2431.000000,3451.000000,2483.000000
3314.000000,2466.000000,3451.000000,2483.000000
98.000000,2912.000000,181.000000,2954.000000
476.000000,4811.000000,721.000000,5113.000000
2606.000000,2436.000000,2482.000000,2708.000000
2313.000000,2061.000000,2014.000000,2277.000000
5486.000000,3794.000000,5619.000000,4585.000000
4734.000000,2261.000000,4644.000000,2311.000000
5018.000000,1585.000000,4881.000000,1834.000000
2544.000000,275.000000,2678.000000,634.000000
3752.000000,1668.000000,3712.000000,1725.000000
84.000000,4467.000000,14.000000,4634.000000
1996.000000,4342.000000,2202.000000,4453.000000
4472.000000,1295.000000,4686.000000,1710.000000
4965.000000,2128.000000,4734.000000,2261.000000
3752.000000,1668.000000,3447.000000,1775.000000
3169.000000,3616.000000,2758.000000,3770.000000
1925.000000,5169.000000,2186.000000,5337.000000
4881.000000,1834.000000,4734.000000,2261.000000
5092.000000,3387.000000,5029.000000,3520.000000
4214.000000,1634.000000,4013.000000,1693.000000
1873.000000,3208.000000,1788.000000,3433.000000
4253.000000,2503.000000,4419.000000,2578.000000
2790.000000,463.000000,2932.000000,643.000000
2204.000000,4676.000000,2453.000000,4857.000000
1102.000000,3443.000000,669.000000,3499.000000
1432.000000,387.000000,1464.000000,503.000000
1296.000000,901.000000,1156.000000,969.000000
3368.000000,820.000000,3339.000000,892.000000
2552.000000,4113.000000,1996.000000,4342.000000
879.000000,4516.000000,833.000000,4608.000000
3082.000000,2454.000000,3153.000000,2528.000000
5648.000000,1175.000000,5472.000000,1623.000000
1751.000000,3539.000000,2024.000000,3701.000000
2412.000000,4975.000000,2186.000000,5337.000000
4578.000000,774.000000,4196.000000,1085.000000
776.000000,1691.000000,915.000000,1945.000000
4009.000000,1564.000000,3752.000000,1668.000000
1125.000000,5113.000000,908.000000,5261.000000
14.000000,4634.000000,33.000000,4850.000000
2068.000000,3440.000000,1751.000000,3539.000000
686.000000,1999.000000,820.000000,2401.000000
5118.000000,2244.000000,5023.000000,2513.000000
3339.000000,892.000000,3692.000000,1102.000000
1780.000000,1114.000000,1470.000000,1299.000000
4482.000000,5260.000000,4768.000000,5266.000000
1745.000000,2195.000000,1693.000000,2322.000000
2298.000000,1321.000000,2001.000000,1632.000000
2941.000000,2570.000000,2558.000000,2602.000000
3764.000000,5127.000000,4128.000000,5493.000000
5029.000000,3520.000000,4842.000000,3671.000000
1540.000000,2458.000000,1262.000000,2636.000000
2447.000000,1506.000000,2861.000000,1594.000000
2237.000000,4500.000000,2204.000000,4676.000000
2202.000000,4453.000000,2237.000000,4500.000000
4757.000000,3085.000000,4817.000000,3129.000000
3986.000000,3442.000000,3650.000000,3502.000000
2482.000000,2708.000000,2214.000000,2816.000000
387.000000,4455.000000,191.000000,4517.000000
4214.000000,1634.000000,4311.000000,1859.000000
1192.000000,2404.000000,1163.000000,2651.000000
4431.000000,1179.000000,4368.000000,1216.000000
541.000000,5492.000000,33.000000,5509.000000
1734.000000,2369.000000,1893.000000,2644.000000
4075.000000,920.000000,4067.000000,1048.000000
372.000000,5066.000000,269.000000,5330.000000
3480.000000,5028.000000,3494.000000,5331.000000
2093.000000,5541.000000,2259.000000,5551.000000
4216.000000,5265.000000,4298.000000,5267.000000
5270.000000,2669.000000,5416.000000,2986.000000
3165.000000,2373.000000,3756.000000,2431.000000
781.000000,4255.000000,1175.000000,4317.000000
5492.000000,3786.000000,5486.000000,3794.000000
4075.000000,3270.000000,4245.000000,3488.000000
3317.000000,1075.000000,3091.000000,1307.000000
1829.000000,2651.000000,1697.000000,2700.000000
2983.000000,725.000000,3288.000000,893.000000
4341.000000,2226.000000,4138.000000,2248.000000
4482.000000,5260.000000,4216.000000,5265.000000
1179.000000,1524.000000,867.000000,1695.000000
33.000000,5509.000000,51.000000,5637.000000
3869.000000,921.000000,3617.000000,965.000000
4138.000000,2248.000000,3737.000000,2466.000000
2798.000000,5126.000000,2876.000000,5407.000000
366.000000,4638.000000,483.000000,4680.000000
2282.000000,5382.000000,2259.000000,5551.000000
4413.000000,4612.000000,4385.000000,4700.000000
2737.000000,2115.000000,2825.000000,2385.000000
4711.000000,4512.000000,4768.000000,5266.000000
2640.000000,5265.000000,2760.000000,5478.000000
820.000000,2401.000000,700.000000,2578.000000
5449.000000,4684.000000,4883.000000,4794.000000
1662.000000,665.000000,1474.000000,806.000000
3215.000000,2975.000000,2966.000000,3297.000000
2941.000000,2570.000000,2606.000000,2896.000000
1394.000000,2831.000000,1207.000000,2919.000000
5530.000000,4502.000000,5619.000000,4585.000000
98.000000,2912.000000,41.000000,2931.000000
867.000000,1695.000000,953.000000,1959.000000
4563.000000,247.000000,5024.000000,254.000000
3628.000000,3249.000000,3451.000000,3445.000000
686.000000,1999.000000,700.000000,2578.000000
1274.000000,2982.000000,1272.000000,3064.000000
162.000000,634.000000,353.000000,750.000000
593.000000,3199.000000,669.000000,3499.000000
5118.000000,2244.000000,5006.000000,2361.000000
2751.000000,102.000000,2807.000000,438.000000
3803.000000,3355.000000,3968.000000,3424.000000
3451.000000,3445.000000,3650.000000,3502.000000
4686.000000,1710.000000,4881.000000,1834.000000
1347.000000,4139.000000,1738.000000,4416.000000
2298.000000,1321.000000,1548.000000,1493.000000
3984.000000,3690.000000,4157.000000,4162.000000
2760.000000,5478.000000,2259.000000,5551.000000
149.000000,2176.000000,197.000000,2475.000000
5270.000000,2669.000000,5276.000000,2987.000000
4824.000000,421.000000,5209.000000,491.000000
1959.000000,4512.000000,2204.000000,4676.000000
2313.000000,2061.000000,2737.000000,2115.000000
1239.000000,1577.000000,1560.000000,1844.000000
304.000000,3448.000000,669.000000,3499.000000
2881.000000,124.000000,2807.000000,438.000000
3339.000000,892.000000,3288.000000,893.000000
3153.000000,2528.000000,3342.000000,2810.000000
1627.000000,2353.000000,1475.000000,2377.000000
3339.000000,892.000000,3617.000000,965.000000
5099.000000,5225.000000,4992.000000,5495.000000
4385.000000,4700.000000,4315.000000,4928.000000
542.000000,1657.000000,776.000000,1691.000000
2900.000000,5123.000000,3363.000000,5340.000000
1760.000000,4897.000000,1925.000000,5169.000000
2899.000000,1095.000000,2447.000000,1506.000000
526.000000,3435.000000,190.000000,3438.000000
2841.000000,5403.000000,2760.000000,5478.000000
756.000000,4306.000000,695.000000,4431.000000
2899.000000,1095.000000,3091.000000,1307.000000
1109.000000,188.000000,1351.000000,367.000000
4563.000000,247.000000,4488.000000,262.000000
4882.000000,1419.000000,4914.000000,1508.000000
5118.000000,2244.000000,5270.000000,2669.000000
2323.000000,4966.000000,2412.000000,4975.000000
4881.000000,1834.000000,4482.000000,1999.000000
250.000000,34.000000,670.000000,40.000000
332.000000,1696.000000,213.000000,2135.000000
1685.000000,3949.000000,1996.000000,4342.000000
1780.000000,1114.000000,1548.000000,1493.000000
4413.000000,4612.000000,4768.000000,5266.000000
2215.000000,2503.000000,1893.000000,2644.000000
5323.000000,1731.000000,5432.000000,1733.000000
366.000000,4638.000000,721.000000,5113.000000
1156.000000,969.000000,944.000000,1327.000000
4488.000000,262.000000,4456.000000,380.000000
3001.000000,2351.000000,3165.000000,2373.000000
235.000000,5601.000000,4963.000000,5658.000000
1248.000000,3909.000000,1685.000000,3949.000000
3623.000000,11.000000,3413.000000,115.000000
3692.000000,1102.000000,3315.000000,1699.000000
3167.000000,3861.000000,3023.000000,4375.000000
5048.000000,3693.000000,5022.000000,3916.000000
3628.000000,3249.000000,3650.000000,3502.000000
2237.000000,4500.000000,2478.000000,4679.000000
304.000000,3448.000000,285.000000,3578.000000
2758.000000,3770.000000,2552.000000,4113.000000
285.000000,2446.000000,193.000000,2716.000000
4768.000000,5266.000000,5022.000000,5302.000000
4413.000000,4612.000000,4452.000000,4844.000000
618.000000,884.000000,465.000000,1488.000000
915.000000,1945.000000,686.000000,1999.000000
2026.000000,560.000000,1662.000000,665.000000
3279.000000,609.000000,2932.000000,643.000000
3480.000000,5028.000000,3212.000000,5069.000000
4128.000000,5493.000000,4023.000000,5592.000000
270.000000,4586.000000,476.000000,4811.000000
1248.000000,3909.000000,995.000000,4191.000000
1883.000000,2041.000000,2313.000000,2061.000000
3151.000000,3441.000000,3451.000000,3445.000000
2156.000000,3376.000000,2204.000000,3415.000000
5053.000000,2177.000000,5118.000000,2244.000000
2964.000000,565.000000,2932.000000,643.000000
3317.000000,1075.000000,3178.000000,1395.000000
4032.000000,4.000000,4488.000000,262.000000
1577.000000,3079.000000,1873.000000,3208.000000
4159.000000,2059.000000,3994.000000,2209.000000
761.000000,1160.000000,640.000000,1474.000000
58.000000,4839.000000,190.000000,4970.000000
4023.000000,5592.000000,4963.000000,5658.000000
3469.000000,4945.000000,3212.000000,5069.000000
4183.000000,4925.000000,4315.000000,4928.000000
1961.000000,486.000000,2026.000000,560.000000
4962.000000,3344.000000,5027.000000,3369.000000
5022.000000,5302.000000,4992.000000,5495.000000
5485.000000,3344.000000,5475.000000,3548.000000
4245.000000,3488.000000,3984.000000,3690.000000
4353.000000,4384.000000,4295.000000,4572.000000
669.000000,3499.000000,635.000000,3853.000000
2651.000000,4014.000000,3023.000000,4375.000000
4563.000000,247.000000,4456.000000,380.000000
725.000000,240.000000,570.000000,332.000000
686.000000,1999.000000,815.000000,2146.000000
3035.000000,1634.000000,3050.000000,1681.000000
4734.000000,2261.000000,4858.000000,2385.000000
3433.000000,3116.000000,3306.000000,3261.000000
2806.000000,3406.000000,2635.000000,3499.000000
5472.000000,1623.000000,5270.000000,1709.000000
1632.000000,29.000000,1351.000000,367.000000
4058.000000,2817.000000,4160.000000,3095.000000
4963.000000,5658.000000,5377.000000,5668.000000
4766.000000,4496.000000,5449.000000,4684.000000
106.000000,209.000000,87.000000,303.000000
4745.000000,1181.000000,4686.000000,1710.000000
5493.000000,5104.000000,5099.000000,5225.000000
542.000000,1657.000000,507.000000,1796.000000
4151.000000,2166.000000,4341.000000,2226.000000
1258.000000,5087.000000,1572.000000,5492.000000
5524.000000,2010.000000,5179.000000,2216.000000
3712.000000,5079.000000,3494.000000,5331.000000
5048.000000,3693.000000,5265.000000,3884.000000
1745.000000,2195.000000,2014.000000,2277.000000
5662.000000,1760.000000,5601.000000,1841.000000
1685.000000,3949.000000,1844.000000,4367.000000
1538.000000,4422.000000,1679.000000,4509.000000
1125.000000,5113.000000,656.000000,5529.000000
3440.000000,1886.000000,3419.000000,2017.000000
2274.000000,4414.000000,2202.000000,4453.000000
4472.000000,1295.000000,4214.000000,1634.000000
1788.000000,3433.000000,1751.000000,3539.000000
618.000000,884.000000,761.000000,1160.000000
1239.000000,1577.000000,1416.000000,2003.000000
1697.000000,2700.000000,1779.000000,2911.000000
26.000000,2116.000000,41.000000,2931.000000
995.000000,4191.000000,1175.000000,4317.000000
678.000000,1579.000000,686.000000,1641.000000
570.000000,332.000000,456.000000,710.000000
3047.000000,1468.000000,3118.000000,1603.000000
2825.000000,2385.000000,2682.000000,2438.000000
193.000000,2716.000000,442.000000,2917.000000
1464.000000,503.000000,1474.000000,806.000000
2362.000000,5392.000000,2760.000000,5478.000000
4482.000000,1999.000000,4341.000000,2226.000000
586.000000,3104.000000,818.000000,3170.000000
695.000000,4431.000000,483.000000,4680.000000
1363.000000,3691.000000,635.000000,3853.000000
93.000000,2164.000000,149.000000,2176.000000
1207.000000,2919.000000,1274.000000,2982.000000
2919.000000,3787.000000,2651.000000,4014.000000
68.000000,1520.000000,491.000000,1657.000000
4644.000000,2311.000000,4481.000000,2448.000000
2606.000000,2896.000000,2396.000000,3146.000000
1867.000000,1835.000000,1560.000000,1844.000000
958.000000,5542.000000,1685.000000,5552.000000
4449.000000,543.000000,4578.000000,774.000000
4013.000000,1693.000000,3712.000000,1725.000000
1223.000000,719.000000,1474.000000,806.000000
2362.000000,5392.000000,2259.000000,5551.000000
4563.000000,247.000000,4789.000000,387.000000
87.000000,303.000000,26.000000,2116.000000
3937.000000,500.000000,3992.000000,919.000000
3576.000000,2970.000000,3433.000000,3116.000000
3067.000000,4348.000000,3023.000000,4375.000000
2614.000000,4779.000000,2453.000000,4857.000000
3200.000000,3585.000000,3309.000000,3641.000000
4298.000000,5267.000000,4394.000000,5599.000000
1070.000000,1390.000000,867.000000,1695.000000
3650.000000,3502.000000,3792.000000,3670.000000
1538.000000,4422.000000,1561.000000,4445.000000
953.000000,1959.000000,815.000000,2146.000000
2186.000000,5337.000000,2282.000000,5382.000000
686.000000,1641.000000,542.000000,1657.000000
5421.000000,229.000000,5434.000000,641.000000
1274.000000,2982.000000,1235.000000,3087.000000
4452.000000,4844.000000,4315.000000,4928.000000
3812.000000,5011.000000,3764.000000,5127.000000
4766.000000,4496.000000,5259.000000,4569.000000
2945.000000,1084.000000,3091.000000,1307.000000
5138.000000,1811.000000,4965.000000,2128.000000
3650.000000,3502.000000,3545.000000,3595.000000
3413.000000,115.000000,4267.000000,289.000000
3994.000000,2209.000000,3756.000000,2431.000000
3413.000000,115.000000,3279.000000,609.000000
1347.000000,4139.000000,1538.000000,4422.000000
3230.000000,771.000000,3153.000000,777.000000
491.000000,1657.000000,419.000000,1742.000000
58.000000,4839.000000,60.000000,5133.000000
3545.000000,3595.000000,3241.000000,4160.000000
4315.000000,4928.000000,4216.000000,5265.000000
1977.000000,4949.000000,1925.000000,5169.000000
1432.000000,387.000000,1250.000000,639.000000
3692.000000,1102.000000,3752.000000,1668.000000
2682.000000,2438.000000,2747.000000,2535.000000
640.000000,1474.000000,627.000000,1626.000000
4449.000000,543.000000,4623.000000,734.000000
4159.000000,2059.000000,4173.000000,2062.000000
4139.000000,4243.000000,4295.000000,4572.000000
725.000000,240.000000,770.000000,258.000000
1577.000000,3079.000000,1488.000000,3111.000000
2298.000000,1321.000000,2337.000000,1550.000000
2204.000000,3415.000000,2068.000000,3440.000000
5137.000000,4291.000000,5326.000000,4432.000000
2790.000000,463.000000,2678.000000,634.000000
3101.000000,4756.000000,2614.000000,4779.000000
106.000000,209.000000,162.000000,634.000000
1745.000000,2195.000000,1475.000000,2377.000000
3778.000000,4989.000000,3812.000000,5011.000000
4882.000000,1419.000000,5241.000000,1648.000000
5231.000000,484.000000,5434.000000,641.000000
3831.000000,4071.000000,3866.000000,4229.000000
635.000000,3853.000000,286.000000,4219.000000
4067.000000,1048.000000,4102.000000,1188.000000
3802.000000,4934.000000,3812.000000,5011.000000
93.000000,2164.000000,83.000000,2177.000000
60.000000,5133.000000,33.000000,5509.000000
3368.000000,820.000000,3288.000000,893.000000
4102.000000,1188.000000,4013.000000,1216.000000
3167.000000,3861.000000,2651.000000,4014.000000
3169.000000,3616.000000,3106.000000,3713.000000
3200.000000,3585.000000,3169.000000,3616.000000
5276.000000,2987.000000,5092.000000,3387.000000
5099.000000,5225.000000,4768.000000,5266.000000
1363.000000,3691.000000,972.000000,3890.000000
2806.000000,3406.000000,2767.000000,3587.000000
1521.000000,2010.000000,1745.000000,2195.000000
5179.000000,2216.000000,5567.000000,2403.000000
5601.000000,3140.000000,5619.000000,4585.000000
2135.000000,2807.000000,2214.000000,2816.000000
1475.000000,2377.000000,1540.000000,2458.000000
5521.000000,3308.000000,5492.000000,3786.000000
3937.000000,500.000000,3869.000000,921.000000
1643.000000,3285.000000,1751.000000,3539.000000
4894.000000,1544.000000,4686.000000,1710.000000
3288.000000,893.000000,3317.000000,1075.000000
3050.000000,1681.000000,3285.000000,1828.000000
4729.000000,4296.000000,4711.000000,4512.000000
4032.000000,4.000000,250.000000,34.000000
41.000000,2931.000000,181.000000,2954.000000
818.000000,3170.000000,593.000000,3199.000000
4247.000000,2534.000000,4040.000000,2641.000000
1779.000000,2911.000000,1717.000000,2952.000000
1470.000000,1299.000000,1548.000000,1493.000000
3994.000000,2209.000000,3862.000000,2366.000000
3545.000000,3595.000000,3237.000000,3734.000000
2204.000000,3415.000000,2221.000000,3823.000000
725.000000,4133.000000,995.000000,4191.000000
106.000000,209.000000,447.000000,252.000000
4914.000000,1508.000000,5018.000000,1585.000000
30.000000,4062.000000,128.000000,4320.000000
3306.000000,3261.000000,3151.000000,3441.000000
635.000000,3853.000000,397.000000,3952.000000
4368.000000,1216.000000,4240.000000,1413.000000
1102.000000,3443.000000,1363.000000,3691.000000
3520.000000,1765.000000,3440.000000,1886.000000
2068.000000,3440.000000,2024.000000,3701.000000
2447.000000,1890.000000,2313.000000,2061.000000
68.000000,1520.000000,26.000000,2116.000000
4757.000000,3085.000000,4962.000000,3344.000000
3419.000000,2017.000000,3165.000000,2373.000000
4894.000000,1544.000000,4881.000000,1834.000000
3778.000000,4989.000000,3764.000000,5127.000000
1156.000000,969.000000,1164.000000,1049.000000
5472.000000,1623.000000,5365.000000,1674.000000
1125.000000,5113.000000,1247.000000,5495.000000
1880.000000,4493.000000,1959.000000,4512.000000
2790.000000,463.000000,2676.000000,678.000000
3023.000000,4375.000000,3224.000000,4384.000000
14.000000,4634.000000,33.000000,5509.000000
5521.000000,3308.000000,5485.000000,3344.000000
1248.000000,3909.000000,933.000000,3960.000000
311.000000,4229.000000,387.000000,4455.000000
2614.000000,4779.000000,2798.000000,5126.000000
1632.000000,29.000000,2086.000000,188.000000
2606.000000,1041.000000,2447.000000,1506.000000
2259.000000,5551.000000,1685.000000,5552.000000
4686.000000,1710.000000,4311.000000,1859.000000
2544.000000,4185.000000,2424.000000,4290.000000
1553.000000,3173.000000,1588.000000,3211.000000
592.000000,5280.000000,541.000000,5492.000000
2902.000000,2529.000000,2747.000000,2535.000000
1768.000000,566.000000,1662.000000,665.000000
2204.000000,4676.000000,2478.000000,4679.000000
4168.000000,5116.000000,4216.000000,5265.000000
1893.000000,2644.000000,1829.000000,2651.000000
4385.000000,4700.000000,4452.000000,4844.000000
213.000000,2135.000000,149.000000,2176.000000
656.000000,5529.000000,235.000000,5601.000000
3342.000000,2810.000000,3576.000000,2970.000000
2678.000000,634.000000,2363.000000,906.000000
2983.000000,725.000000,2633.000000,926.000000
5530.000000,4502.000000,5598.000000,4725.000000
2635.000000,3499.000000,2767.000000,3587.000000
3712.000000,1725.000000,3520.000000,1765.000000
1548.000000,1493.000000,2001.000000,1632.000000
3992.000000,919.000000,4067.000000,1048.000000
2594.000000,353.000000,2807.000000,438.000000
4431.000000,1179.000000,4472.000000,1295.000000
678.000000,1579.000000,627.000000,1626.000000
4295.000000,4572.000000,4131.000000,4781.000000
1166.000000,2840.000000,1176.000000,3208.000000
3001.000000,2351.000000,2902.000000,2529.000000
4245.000000,3488.000000,4507.000000,3545.000000
3200.000000,3585.000000,3237.000000,3734.000000
2846.000000,3141.000000,2966.000000,3297.000000
5582.000000,2007.000000,5373.000000,2103.000000
4507.000000,3545.000000,4603.000000,3955.000000
4766.000000,4496.000000,4883.000000,4794.000000
2221.000000,3823.000000,2552.000000,4113.000000
541.000000,5492.000000,656.000000,5529.000000
2606.000000,1041.000000,2899.000000,1095.000000
5432.000000,1733.000000,5524.000000,2010.000000
4729.000000,4296.000000,4353.000000,4384.000000
3165.000000,2373.000000,3455.000000,2565.000000
3285.000000,1828.000000,3440.000000,1886.000000
3923.000000,4365.000000,4295.000000,4572.000000
5138.000000,1811.000000,5053.000000,2177.000000
4013.000000,1216.000000,4104.000000,1347.000000
2881.000000,124.000000,3041.000000,336.000000
2979.000000,1987.000000,3165.000000,2373.000000
102.000000,3489.000000,321.000000,3699.000000
2606.000000,2896.000000,2846.000000,3141.000000
3623.000000,11.000000,250.000000,34.000000
387.000000,4455.000000,84.000000,4467.000000
5231.000000,484.000000,5093.000000,642.000000
1844.000000,4367.000000,1738.000000,4416.000000
4763.000000,2602.000000,4692.000000,2647.000000
995.000000,4191.000000,781.000000,4255.000000
3153.000000,1440.000000,3315.000000,1699.000000
191.000000,4517.000000,270.000000,4586.000000
3342.000000,2810.000000,3215.000000,2975.000000
3047.000000,1468.000000,3035.000000,1634.000000
3803.000000,3355.000000,3650.000000,3502.000000
5023.000000,2513.000000,5270.000000,2669.000000
5209.000000,491.000000,5093.000000,642.000000
1679.000000,4509.000000,1977.000000,4949.000000
2532.000000,4547.000000,2478.000000,4679.000000
149.000000,2176.000000,315.000000,2367.000000
5449.000000,4684.000000,5598.000000,4725.000000
3152.000000,3810.000000,3167.000000,3861.000000
5270.000000,2669.000000,4962.000000,3344.000000
5137.000000,4291.000000,4766.000000,4496.000000
41.000000,2931.000000,102.000000,3489.000000
2747.000000,2535.000000,2558.000000,2602.000000
1925.000000,5169.000000,1572.000000,5492.000000
3252.000000,5214.000000,3363.000000,5340.000000
1070.000000,1390.000000,678.000000,1579.000000
3623.000000,11.000000,2741.000000,29.000000
2899.000000,1095.000000,3035.000000,1634.000000
1734.000000,2369.000000,2072.000000,2425.000000
3447.000000,1775.000000,3440.000000,1886.000000
1773.000000,2901.000000,1779.000000,2911.000000
2026.000000,560.000000,2678.000000,634.000000
944.000000,1327.000000,1070.000000,1390.000000
2565.000000,3799.000000,2221.000000,3823.000000
5472.000000,1623.000000,5601.000000,1841.000000
837.000000,1295.000000,944.000000,1327.000000
2565.000000,3799.000000,2552.000000,4113.000000
1175.000000,4317.000000,879.000000,4516.000000
1363.000000,3691.000000,1396.000000,3725.000000
4745.000000,1181.000000,4472.000000,1295.000000
3576.000000,2970.000000,3628.000000,3249.000000
3178.000000,1395.000000,3047.000000,1468.000000
3192.000000,1650.000000,3050.000000,1681.000000
3230.000000,771.000000,3368.000000,820.000000
3153.000000,777.000000,3288.000000,893.000000
618.000000,884.000000,1156.000000,969.000000
578.000000,714.000000,618.000000,884.000000
1250.000000,639.000000,1223.000000,719.000000
635.000000,3853.000000,576.000000,4145.000000
618.000000,884.000000,640.000000,1474.000000
304.000000,3448.000000,321.000000,3699.000000
4768.000000,5266.000000,4963.000000,5658.000000
1223.000000,719.000000,1156.000000,969.000000
2676.000000,678.000000,2363.000000,906.000000
26.000000,2116.000000,14.000000,4282.000000
3279.000000,609.000000,3230.000000,771.000000
1396.000000,3725.000000,1248.000000,3909.000000
4768.000000,5266.000000,4298.000000,5267.000000
68.000000,1520.000000,419.000000,1742.000000
3737.000000,2466.000000,3451.000000,2483.000000
1873.000000,3208.000000,1927.000000,3380.000000
576.000000,4145.000000,311.000000,4229.000000
1432.000000,387.000000,1961.000000,486.000000
1662.000000,665.000000,2363.000000,906.000000
447.000000,252.000000,570.000000,332.000000
4419.000000,2578.000000,4153.000000,2642.000000
3106.000000,3713.000000,3152.000000,3810.000000
3899.000000,4927.000000,3812.000000,5011.000000
4488.000000,262.000000,4267.000000,289.000000
4173.000000,2062.000000,4151.000000,2166.000000
560.000000,2873.000000,586.000000,3104.000000
5231.000000,484.000000,5209.000000,491.000000
3118.000000,1603.000000,3192.000000,1650.000000
3986.000000,3442.000000,3792.000000,3670.000000
4623.000000,734.000000,4578.000000,774.000000
3166.000000,5524.000000,2259.000000,5551.000000
1351.000000,367.000000,1250.000000,639.000000
419.000000,1742.000000,689.000000,1909.000000
4678.000000,852.000000,5648.000000,1175.000000
4824.000000,421.000000,4623.000000,734.000000
251.000000,3319.000000,190.000000,3438.000000
84.000000,4467.000000,58.000000,4839.000000
5598.000000,4725.000000,5493.000000,5104.000000
3288.000000,893.000000,2945.000000,1084.000000
544.000000,285.000000,570.000000,332.000000
197.000000,2475.000000,41.000000,2931.000000
3363.000000,5340.000000,3166.000000,5524.000000
1548.000000,1493.000000,1560.000000,1844.000000
2552.000000,4113.000000,2424.000000,4290.000000
1384.000000,2244.000000,1475.000000,2377.000000
2861.000000,1594.000000,3050.000000,1681.000000
4419.000000,2578.000000,4705.000000,2589.000000
2214.000000,2816.000000,2152.000000,3251.000000
5492.000000,3786.000000,5619.000000,4585.000000
2416.000000,33.000000,2026.000000,560.000000
1394.000000,2831.000000,1717.000000,2952.000000
1163.000000,2651.000000,921.000000,2731.000000
4131.000000,4781.000000,4183.000000,4925.000000
3994.000000,2209.000000,4138.000000,2248.000000
2282.000000,5382.000000,2362.000000,5392.000000
5521.000000,3308.000000,5619.000000,4585.000000
30.000000,4062.000000,286.000000,4219.000000
5024.000000,254.000000,4824.000000,421.000000
2424.000000,4290.000000,1996.000000,4342.000000
5179.000000,2216.000000,5118.000000,2244.000000
4075.000000,3270.000000,3803.000000,3355.000000
2633.000000,926.000000,2945.000000,1084.000000
1955.000000,1772.000000,1867.000000,1835.000000
2024.000000,3701.000000,1396.000000,3725.000000
4382.000000,2985.000000,4474.000000,3179.000000
5601.000000,1841.000000,5524.000000,2010.000000
4245.000000,3488.000000,4381.000000,3957.000000
4139.000000,4243.000000,4353.000000,4384.000000
2731.000000,2520.000000,2747.000000,2535.000000
4745.000000,1181.000000,4882.000000,1419.000000
5373.000000,2103.000000,5567.000000,2403.000000
2741.000000,29.000000,2544.000000,275.000000
4131.000000,4781.000000,3899.000000,4927.000000
4957.000000,3828.000000,5022.000000,3916.000000
2741.000000,29.000000,2751.000000,102.000000
5326.000000,4432.000000,5250.000000,4525.000000
1125.000000,5113.000000,699.000000,5494.000000
4678.000000,852.000000,5241.000000,1648.000000
4957.000000,3828.000000,5137.000000,4291.000000
5024.000000,254.000000,5236.000000,457.000000
397.000000,3952.000000,30.000000,4062.000000
1996.000000,4342.000000,1959.000000,4512.000000
4298.000000,5267.000000,4128.000000,5493.000000
5524.000000,2010.000000,5373.000000,2103.000000
3520.000000,1765.000000,3447.000000,1775.000000
372.000000,5066.000000,592.000000,5280.000000
776.000000,1691.000000,686.000000,1999.000000
476.000000,4811.000000,345.000000,5026.000000
1470.000000,1299.000000,1384.000000,1502.000000
4992.000000,5495.000000,5377.000000,5668.000000
4295.000000,4572.000000,3802.000000,4934.000000
2289.000000,1874.000000,2313.000000,2061.000000
1272.000000,3064.000000,1488.000000,3111.000000
725.000000,4133.000000,756.000000,4306.000000
2594.000000,353.000000,2790.000000,463.000000
2259.000000,5551.000000,4023.000000,5592.000000
321.000000,3699.000000,635.000000,3853.000000
2284.000000,1502.000000,2289.000000,1874.000000
3178.000000,1395.000000,3153.000000,1440.000000
5582.000000,2007.000000,5567.000000,2403.000000
4711.000000,4512.000000,4413.000000,4612.000000
3167.000000,3861.000000,3241.000000,4160.000000
