POINTS
32.000000,12.000000
2233.000000,13.000000
5378.000000,30.000000
1781.000000,31.000000
1280.000000,62.000000
2025.000000,75.000000
3627.000000,82.000000
1003.000000,85.000000
2643.000000,91.000000
1610.000000,96.000000
3231.000000,112.000000
3710.000000,132.000000
3042.000000,141.000000
1517.000000,144.000000
4464.000000,146.000000
2336.000000,149.000000
4791.000000,156.000000
2872.000000,163.000000
4947.000000,176.000000
838.000000,179.000000
5616.000000,187.000000
1508.000000,218.000000
4112.000000,238.000000
220.000000,242.000000
1542.000000,245.000000
4154.000000,247.000000
1113.000000,294.000000
895.000000,309.000000
4635.000000,318.000000
964.000000,323.000000
3172.000000,327.000000
4124.000000,332.000000
4071.000000,333.000000
535.000000,344.000000
3186.000000,396.000000
4954.000000,426.000000
178.000000,430.000000
2986.000000,435.000000
69.000000,438.000000
1880.000000,438.000000
8.000000,446.000000
484.000000,467.000000
3961.000000,471.000000
3202.000000,477.000000
4520.000000,480.000000
1827.000000,498.000000
1881.000000,505.000000
2672.000000,513.000000
1323.000000,524.000000
2653.000000,524.000000
2455.000000,541.000000
4472.000000,542.000000
1807.000000,548.000000
4817.000000,556.000000
4596.000000,567.000000
4176.000000,579.000000
1234.000000,606.000000
4479.000000,619.000000
4283.000000,621.000000
3412.000000,634.000000
471.000000,635.000000
3944.000000,664.000000
3623.000000,670.000000
3536.000000,673.000000
4403.000000,692.000000
1766.000000,700.000000
1726.000000,710.000000
1358.000000,717.000000
2120.000000,725.000000
2091.000000,727.000000
69.000000,737.000000
5428.000000,740.000000
3357.000000,743.000000
587.000000,757.000000
4141.000000,761.000000
536.000000,765.000000
3560.000000,772.000000
1674.000000,782.000000
4270.000000,797.000000
4202.000000,809.000000
2845.000000,822.000000
3967.000000,826.000000
5645.000000,838.000000
1533.000000,839.000000
947.000000,856.000000
2341.000000,872.000000
5054.000000,875.000000
2336.000000,886.000000
2375.000000,886.000000
2448.000000,899.000000
1920.000000,905.000000
3188.000000,915.000000
151.000000,928.000000
352.000000,936.000000
576.000000,937.000000
1788.000000,943.000000
176.000000,945.000000
1131.000000,958.000000
4389.000000,959.000000
5106.000000,961.000000
4600.000000,964.000000
2081.000000,971.000000
5341.000000,974.000000
313.000000,989.000000
3862.000000,996.000000
5408.000000,1001.000000
954.000000,1008.000000
3475.000000,1010.000000
4470.000000,1055.000000
2798.000000,1060.000000
398.000000,1079.000000
735.000000,1088.000000
4542.000000,1141.000000
5147.000000,1163.000000
3430.000000,1165.000000
1697.000000,1167.000000
657.000000,1181.000000
458.000000,1198.000000
954.000000,1225.000000
3142.000000,1228.000000
5005.000000,1243.000000
3136.000000,1247.000000
4214.000000,1247.000000
2570.000000,1258.000000
1164.000000,1275.000000
3850.000000,1308.000000
89.000000,1311.000000
2710.000000,1312.000000
1929.000000,1331.000000
5486.000000,1334.000000
1941.000000,1337.000000
2022.000000,1338.000000
5304.000000,1343.000000
4498.000000,1371.000000
2096.000000,1375.000000
2998.000000,1378.000000
2977.000000,1399.000000
4624.000000,1417.000000
1145.000000,1441.000000
1983.000000,1441.000000
568.000000,1455.000000
4897.000000,1457.000000
222.000000,1465.000000
3845.000000,1487.000000
1252.000000,1500.000000
2784.000000,1503.000000
855.000000,1518.000000
4357.000000,1519.000000
3160.000000,1537.000000
2372.000000,1541.000000
4981.000000,1549.000000
4247.000000,1559.000000
5336.000000,1588.000000
4879.000000,1589.000000
2517.000000,1597.000000
4537.000000,1599.000000
4440.000000,1612.000000
3283.000000,1619.000000
3731.000000,1621.000000
2555.000000,1633.000000
4905.000000,1633.000000
2679.000000,1635.000000
3003.000000,1673.000000
2688.000000,1683.000000
4541.000000,1703.000000
4878.000000,1718.000000
3672.000000,1720.000000
4608.000000,1723.000000
1389.000000,1725.000000
3934.000000,1728.000000
704.000000,1737.000000
4868.000000,1740.000000
247.000000,1749.000000
5372.000000,1769.000000
5345.000000,1771.000000
2203.000000,1773.000000
2764.000000,1774.000000
5378.000000,1782.000000
133.000000,1791.000000
3085.000000,1814.000000
3454.000000,1820.000000
4004.000000,1829.000000
3795.000000,1863.000000
3749.000000,1866.000000
1775.000000,1875.000000
1920.000000,1886.000000
155.000000,1894.000000
2638.000000,1895.000000
4102.000000,1905.000000
3446.000000,1908.000000
111.000000,1910.000000
2954.000000,1927.000000
4130.000000,1941.000000
4663.000000,1948.000000
2384.000000,1961.000000
2686.000000,1968.000000
1946.000000,1969.000000
5605.000000,1982.000000
944.000000,2009.000000
3034.000000,2041.000000
837.000000,2045.000000
897.000000,2076.000000
3690.000000,2110.000000
1944.000000,2135.000000
996.000000,2144.000000
2122.000000,2146.000000
4017.000000,2149.000000
2857.000000,2172.000000
3589.000000,2178.000000
243.000000,2180.000000
106.000000,2181.000000
2403.000000,2185.000000
5178.000000,2196.000000
4771.000000,2224.000000
4257.000000,2229.000000
5347.000000,2229.000000
5410.000000,2232.000000
2269.000000,2234.000000
495.000000,2237.000000
547.000000,2248.000000
377.000000,2258.000000
5576.000000,2258.000000
2524.000000,2259.000000
2682.000000,2284.000000
3226.000000,2284.000000
3690.000000,2299.000000
4396.000000,2311.000000
4319.000000,2315.000000
340.000000,2344.000000
2021.000000,2350.000000
3302.000000,2350.000000
1839.000000,2357.000000
3591.000000,2361.000000
4493.000000,2370.000000
4745.000000,2371.000000
2075.000000,2372.000000
4148.000000,2376.000000
1184.000000,2388.000000
4081.000000,2431.000000
4861.000000,2431.000000
1216.000000,2448.000000
4814.000000,2455.000000
2587.000000,2473.000000
2955.000000,2485.000000
2428.000000,2511.000000
2598.000000,2523.000000
4697.000000,2532.000000
2969.000000,2555.000000
3790.000000,2556.000000
764.000000,2564.000000
4402.000000,2575.000000
3238.000000,2576.000000
1175.000000,2607.000000
1759.000000,2611.000000
4679.000000,2628.000000
5530.000000,2631.000000
3353.000000,2643.000000
4128.000000,2643.000000
4816.000000,2648.000000
1096.000000,2660.000000
474.000000,2669.000000
3561.000000,2678.000000
2073.000000,2702.000000
4259.000000,2703.000000
4079.000000,2719.000000
4249.000000,2744.000000
124.000000,2751.000000
1894.000000,2784.000000
3386.000000,2821.000000
1756.000000,2842.000000
207.000000,2851.000000
3043.000000,2857.000000
3026.000000,2866.000000
5640.000000,2879.000000
3893.000000,2881.000000
4366.000000,2900.000000
4937.000000,2901.000000
5346.000000,2903.000000
4788.000000,2919.000000
3546.000000,2923.000000
1392.000000,2935.000000
3401.000000,2951.000000
3873.000000,2957.000000
2072.000000,2996.000000
225.000000,2997.000000
402.000000,3009.000000
2252.000000,3017.000000
3612.000000,3029.000000
3498.000000,3036.000000
3831.000000,3056.000000
3058.000000,3091.000000
4525.000000,3094.000000
1308.000000,3101.000000
738.000000,3102.000000
2260.000000,3104.000000
2966.000000,3107.000000
1840.000000,3114.000000
5245.000000,3119.000000
5312.000000,3121.000000
1941.000000,3122.000000
4408.000000,3138.000000
2375.000000,3155.000000
113.000000,3164.000000
2661.000000,3170.000000
2699.000000,3175.000000
1533.000000,3177.000000
4945.000000,3178.000000
5487.000000,3184.000000
866.000000,3185.000000
1309.000000,3188.000000
3069.000000,3191.000000
5458.000000,3214.000000
3140.000000,3217.000000
3757.000000,3231.000000
2696.000000,3259.000000
4951.000000,3261.000000
1475.000000,3289.000000
56.000000,3296.000000
1773.000000,3305.000000
4954.000000,3322.000000
4334.000000,3337.000000
183.000000,3338.000000
5571.000000,3351.000000
697.000000,3355.000000
0.000000,3359.000000
5649.000000,3365.000000
5019.000000,3368.000000
114.000000,3377.000000
4156.000000,3378.000000
1447.000000,3392.000000
1151.000000,3401.000000
2205.000000,3409.000000
2163.000000,3413.000000
1.000000,3418.000000
1837.000000,3424.000000
3438.000000,3431.000000
2920.000000,3439.000000
2416.000000,3457.000000
5020.000000,3459.000000
4963.000000,3470.000000
5298.000000,3495.000000
3726.000000,3524.000000
1489.000000,3531.000000
2172.000000,3541.000000
2062.000000,3546.000000
1239.000000,3548.000000
5474.000000,3548.000000
1216.000000,3549.000000
4504.000000,3564.000000
2658.000000,3573.000000
666.000000,3580.000000
1737.000000,3604.000000
1754.000000,3625.000000
2062.000000,3652.000000
2576.000000,3654.000000
714.000000,3665.000000
1405.000000,3678.000000
3228.000000,3682.000000
5623.000000,3690.000000
3847.000000,3725.000000
2700.000000,3731.000000
5310.000000,3731.000000
5317.000000,3755.000000
4374.000000,3760.000000
3256.000000,3769.000000
2488.000000,3787.000000
3366.000000,3789.000000
4100.000000,3800.000000
5114.000000,3800.000000
2985.000000,3813.000000
4564.000000,3819.000000
2428.000000,3824.000000
5562.000000,3839.000000
1078.000000,3857.000000
2082.000000,3865.000000
5380.000000,3870.000000
3459.000000,3904.000000
5596.000000,3904.000000
3495.000000,3926.000000
5295.000000,3930.000000
2786.000000,3933.000000
723.000000,3952.000000
524.000000,3957.000000
1628.000000,3959.000000
841.000000,3972.000000
5138.000000,3979.000000
1269.000000,3988.000000
4358.000000,4023.000000
3358.000000,4028.000000
2805.000000,4063.000000
5630.000000,4101.000000
4909.000000,4120.000000
4303.000000,4135.000000
1937.000000,4151.000000
2295.000000,4152.000000
1795.000000,4162.000000
2596.000000,4165.000000
65.000000,4167.000000
254.000000,4174.000000
3220.000000,4177.000000
5610.000000,4178.000000
380.000000,4188.000000
800.000000,4198.000000
5627.000000,4211.000000
1104.000000,4231.000000
3792.000000,4238.000000
3909.000000,4255.000000
5150.000000,4353.000000
551.000000,4357.000000
2002.000000,4369.000000
1902.000000,4375.000000
2355.000000,4377.000000
1184.000000,4380.000000
2300.000000,4390.000000
2718.000000,4402.000000
1634.000000,4406.000000
5530.000000,4414.000000
3696.000000,4422.000000
4058.000000,4436.000000
498.000000,4437.000000
1196.000000,4448.000000
3841.000000,4462.000000
4248.000000,4471.000000
1720.000000,4473.000000
904.000000,4482.000000
1342.000000,4484.000000
2520.000000,4490.000000
4860.000000,4496.000000
842.000000,4501.000000
1315.000000,4501.000000
4472.000000,4518.000000
3092.000000,4526.000000
1434.000000,4548.000000
5187.000000,4549.000000
4440.000000,4555.000000
823.000000,4562.000000
5595.000000,4574.000000
2202.000000,4576.000000
4286.000000,4578.000000
3587.000000,4586.000000
778.000000,4592.000000
4107.000000,4605.000000
4495.000000,4611.000000
3170.000000,4635.000000
2655.000000,4653.000000
5278.000000,4658.000000
2499.000000,4662.000000
4038.000000,4684.000000
840.000000,4686.000000
4359.000000,4735.000000
3848.000000,4736.000000
3278.000000,4752.000000
753.000000,4761.000000
2812.000000,4761.000000
2630.000000,4763.000000
84.000000,4766.000000
5088.000000,4767.000000
2865.000000,4769.000000
4332.000000,4778.000000
4894.000000,4783.000000
1149.000000,4799.000000
1280.000000,4812.000000
10.000000,4816.000000
2737.000000,4829.000000
691.000000,4840.000000
4856.000000,4849.000000
759.000000,4851.000000
90.000000,4856.000000
3440.000000,4861.000000
654.000000,4867.000000
3701.000000,4878.000000
462.000000,4884.000000
624.000000,4884.000000
1882.000000,4886.000000
4595.000000,4894.000000
5489.000000,4921.000000
996.000000,4927.000000
4162.000000,4933.000000
4402.000000,4939.000000
1223.000000,4940.000000
1407.000000,4940.000000
4353.000000,4942.000000
5548.000000,4944.000000
520.000000,4949.000000
909.000000,4960.000000
4598.000000,4964.000000
208.000000,4970.000000
4157.000000,4971.000000
5227.000000,4980.000000
5579.000000,4998.000000
1485.000000,5005.000000
4534.000000,5020.000000
880.000000,5023.000000
727.000000,5034.000000
1110.000000,5039.000000
1712.000000,5076.000000
4958.000000,5076.000000
5061.000000,5078.000000
1485.000000,5089.000000
3412.000000,5098.000000
3671.000000,5100.000000
1677.000000,5106.000000
2020.000000,5112.000000
5620.000000,5116.000000
5260.000000,5145.000000
528.000000,5149.000000
5033.000000,5154.000000
543.000000,5171.000000
2657.000000,5179.000000
5618.000000,5182.000000
4815.000000,5183.000000
3015.000000,5199.000000
4564.000000,5199.000000
1960.000000,5206.000000
4407.000000,5209.000000
3396.000000,5213.000000
2137.000000,5221.000000
3617.000000,5227.000000
4057.000000,5246.000000
4276.000000,5258.000000
2027.000000,5265.000000
220.000000,5275.000000
2447.000000,5280.000000
5374.000000,5282.000000
3693.000000,5283.000000
2212.000000,5287.000000
3301.000000,5291.000000
1554.000000,5296.000000
4691.000000,5296.000000
2158.000000,5298.000000
4952.000000,5313.000000
4754.000000,5322.000000
4682.000000,5359.000000
5026.000000,5362.000000
5406.000000,5416.000000
2589.000000,5420.000000
3540.000000,5424.000000
4347.000000,5442.000000
4550.000000,5446.000000
4264.000000,5449.000000
5661.000000,5456.000000
2393.000000,5462.000000
3861.000000,5492.000000
3401.000000,5515.000000
311.000000,5518.000000
2469.000000,5535.000000
4453.000000,5535.000000
4435.000000,5536.000000
4990.000000,5561.000000
2029.000000,5565.000000
5639.000000,5565.000000
4061.000000,5596.000000
2997.000000,5610.000000
3458.000000,5614.000000
4551.000000,5614.000000
3095.000000,5618.000000
5386.000000,5626.000000
5681.000000,5629.000000
40.000000,5630.000000
3858.000000,5633.000000
5269.000000,5634.000000
1296.000000,5668.000000
109.000000,5678.000000
5681.000000,5678.000000
3619.000000,5679.000000
2555.000000,5681.000000
329.000000,5687.000000
4666.000000,5693.000000
1208.000000,5698.000000
2324.000000,5699.000000
LINES
1881.000000,505.000000,1920.000000,905.000000
3790.000000,2556.000000,3561.000000,2678.000000
1447.000000,3392.000000,1489.000000,3531.000000
3231.000000,112.000000,3172.000000,327.000000
2096.000000,1375.000000,1983.000000,1441.000000
2163.000000,3413.000000,2062.000000,3546.000000
1151.000000,3401.000000,1216.000000,3549.000000
4464.000000,146.000000,4635.000000,318.000000
84.000000,4766.000000,208.000000,4970.000000
1096.000000,2660.000000,1308.000000,3101.000000
3498.000000,3036.000000,3140.000000,3217.000000
568.000000,1455.000000,247.000000,1749.000000
4038.000000,4684.000000,3848.000000,4736.000000
3560.000000,772.000000,3475.000000,1010.000000
753.000000,4761.000000,909.000000,4960.000000
5020.000000,3459.000000,5114.000000,3800.000000
176.000000,945.000000,458.000000,1198.000000
1920.000000,905.000000,1697.000000,1167.000000
1754.000000,3625.000000,1628.000000,3959.000000
5114.000000,3800.000000,5138.000000,3979.000000
4374.000000,3760.000000,4358.000000,4023.000000
2062.000000,3546.000000,2082.000000,3865.000000
1269.000000,3988.000000,1104.000000,4231.000000
5033.000000,5154.000000,5026.000000,5362.000000
4347.000000,5442.000000,4435.000000,5536.000000
311.000000,5518.000000,329.000000,5687.000000
1078.000000,3857.000000,723.000000,3952.000000
4319.000000,2315.000000,4081.000000,2431.000000
2172.000000,3541.000000,2576.000000,3654.000000
3042.000000,141.000000,2872.000000,163.000000
1096.000000,2660.000000,1392.000000,2935.000000
8.000000,446.000000,69.000000,737.000000
5310.000000,3731.000000,5317.000000,3755.000000
4176.000000,579.000000,4283.000000,621.000000
2798.000000,1060.000000,3142.000000,1228.000000
1712.000000,5076.000000,1296.000000,5668.000000
4856.000000,4849.000000,4958.000000,5076.000000
2233.000000,13.000000,2025.000000,75.000000
528.000000,5149.000000,329.000000,5687.000000
4958.000000,5076.000000,5033.000000,5154.000000
5380.000000,3870.000000,5630.000000,4101.000000
2865.000000,4769.000000,2737.000000,4829.000000
5378.000000,30.000000,4947.000000,176.000000
1902.000000,4375.000000,1882.000000,4886.000000
5020.000000,3459.000000,5298.000000,3495.000000
2158.000000,5298.000000,2469.000000,5535.000000
5645.000000,838.000000,5649.000000,3365.000000
2062.000000,3546.000000,1754.000000,3625.000000
4537.000000,1599.000000,4608.000000,1723.000000
8.000000,446.000000,0.000000,3359.000000
1216.000000,3549.000000,1405.000000,3678.000000
3731.000000,1621.000000,3454.000000,1820.000000
1308.000000,3101.000000,1309.000000,3188.000000
4635.000000,318.000000,4817.000000,556.000000
3401.000000,2951.000000,3140.000000,3217.000000
3909.000000,4255.000000,3696.000000,4422.000000
5372.000000,1769.000000,5378.000000,1782.000000
4389.000000,959.000000,4214.000000,1247.000000
1485.000000,5089.000000,1296.000000,5668.000000
4176.000000,579.000000,4141.000000,761.000000
3454.000000,1820.000000,3446.000000,1908.000000
3034.000000,2041.000000,2857.000000,2172.000000
1839.000000,2357.000000,1759.000000,2611.000000
183.000000,3338.000000,114.000000,3377.000000
2679.000000,1635.000000,2764.000000,1774.000000
1837.000000,3424.000000,1737.000000,3604.000000
5378.000000,30.000000,4464.000000,146.000000
1358.000000,717.000000,947.000000,856.000000
4357.000000,1519.000000,4440.000000,1612.000000
5341.000000,974.000000,5147.000000,1163.000000
1315.000000,4501.000000,1434.000000,4548.000000
535.000000,344.000000,484.000000,467.000000
2062.000000,3652.000000,2082.000000,3865.000000
2966.000000,3107.000000,2920.000000,3439.000000
3058.000000,3091.000000,2966.000000,3107.000000
2096.000000,1375.000000,2372.000000,1541.000000
3848.000000,4736.000000,3701.000000,4878.000000
4464.000000,146.000000,4176.000000,579.000000
841.000000,3972.000000,1196.000000,4448.000000
5278.000000,4658.000000,5227.000000,4980.000000
723.000000,3952.000000,524.000000,3957.000000
3536.000000,673.000000,3560.000000,772.000000
547.000000,2248.000000,764.000000,2564.000000
4894.000000,4783.000000,4856.000000,4849.000000
3140.000000,3217.000000,2920.000000,3439.000000
3944.000000,664.000000,4141.000000,761.000000
1726.000000,710.000000,1674.000000,782.000000
4754.000000,5322.000000,4682.000000,5359.000000
5474.000000,3548.000000,5310.000000,3731.000000
5295.000000,3930.000000,5630.000000,4101.000000
5026.000000,5362.000000,4990.000000,5561.000000
4479.000000,619.000000,4403.000000,692.000000
568.000000,1455.000000,222.000000,1465.000000
2653.000000,524.000000,2798.000000,1060.000000
3256.000000,3769.000000,2985.000000,3813.000000
5595.000000,4574.000000,5620.000000,5116.000000
5245.000000,3119.000000,5019.000000,3368.000000
1407.000000,4940.000000,1485.000000,5005.000000
2524.000000,2259.000000,2428.000000,2511.000000
3701.000000,4878.000000,3693.000000,5283.000000
2672.000000,513.000000,2845.000000,822.000000
5260.000000,5145.000000,5374.000000,5282.000000
1145.000000,1441.000000,944.000000,2009.000000
841.000000,3972.000000,904.000000,4482.000000
1775.000000,1875.000000,1944.000000,2135.000000
1489.000000,3531.000000,1754.000000,3625.000000
2252.000000,3017.000000,2163.000000,3413.000000
1941.000000,3122.000000,2163.000000,3413.000000
352.000000,936.000000,313.000000,989.000000
697.000000,3355.000000,1.000000,3418.000000
1196.000000,4448.000000,840.000000,4686.000000
4564.000000,3819.000000,4358.000000,4023.000000
4248.000000,4471.000000,4107.000000,4605.000000
2448.000000,899.000000,2798.000000,1060.000000
1756.000000,2842.000000,1773.000000,3305.000000
247.000000,1749.000000,155.000000,1894.000000
3140.000000,3217.000000,3228.000000,3682.000000
1003.000000,85.000000,220.000000,242.000000
1920.000000,1886.000000,1944.000000,2135.000000
3412.000000,634.000000,3357.000000,743.000000
4663.000000,1948.000000,4745.000000,2371.000000
5345.000000,1771.000000,5378.000000,1782.000000
3401.000000,5515.000000,3458.000000,5614.000000
3366.000000,3789.000000,3459.000000,3904.000000
2764.000000,1774.000000,2686.000000,1968.000000
5571.000000,3351.000000,5298.000000,3495.000000
124.000000,2751.000000,113.000000,3164.000000
3003.000000,1673.000000,2764.000000,1774.000000
2073.000000,2702.000000,2375.000000,3155.000000
65.000000,4167.000000,254.000000,4174.000000
4319.000000,2315.000000,4697.000000,2532.000000
1407.000000,4940.000000,1485.000000,5089.000000
4635.000000,318.000000,4596.000000,567.000000
3858.000000,5633.000000,3619.000000,5679.000000
4156.000000,3378.000000,4374.000000,3760.000000
3092.000000,4526.000000,2865.000000,4769.000000
4868.000000,1740.000000,5605.000000,1982.000000
1308.000000,3101.000000,1475.000000,3289.000000
5627.000000,4211.000000,5595.000000,4574.000000
5378.000000,30.000000,5616.000000,187.000000
1.000000,3418.000000,10.000000,4816.000000
759.000000,4851.000000,909.000000,4960.000000
2120.000000,725.000000,2341.000000,872.000000
1773.000000,3305.000000,1837.000000,3424.000000
5649.000000,3365.000000,5681.000000,5629.000000
568.000000,1455.000000,855.000000,1518.000000
2233.000000,13.000000,1880.000000,438.000000
4402.000000,2575.000000,4259.000000,2703.000000
2341.000000,872.000000,2448.000000,899.000000
178.000000,430.000000,471.000000,635.000000
5681.000000,5678.000000,4666.000000,5693.000000
2643.000000,91.000000,2672.000000,513.000000
5033.000000,5154.000000,4754.000000,5322.000000
5310.000000,3731.000000,5380.000000,3870.000000
3934.000000,1728.000000,4102.000000,1905.000000
1280.000000,62.000000,1610.000000,96.000000
3690.000000,2110.000000,3690.000000,2299.000000
2655.000000,4653.000000,2630.000000,4763.000000
176.000000,945.000000,222.000000,1465.000000
2589.000000,5420.000000,2555.000000,5681.000000
380.000000,4188.000000,498.000000,4437.000000
3446.000000,1908.000000,3589.000000,2178.000000
1628.000000,3959.000000,1937.000000,4151.000000
176.000000,945.000000,89.000000,1311.000000
764.000000,2564.000000,1096.000000,2660.000000
4079.000000,2719.000000,3831.000000,3056.000000
3170.000000,4635.000000,2865.000000,4769.000000
866.000000,3185.000000,1151.000000,3401.000000
1315.000000,4501.000000,1280.000000,4812.000000
2137.000000,5221.000000,2158.000000,5298.000000
5310.000000,3731.000000,5114.000000,3800.000000
495.000000,2237.000000,547.000000,2248.000000
1164.000000,1275.000000,1145.000000,1441.000000
4691.000000,5296.000000,4435.000000,5536.000000
4550.000000,5446.000000,4551.000000,5614.000000
5623.000000,3690.000000,5681.000000,5629.000000
2025.000000,75.000000,1880.000000,438.000000
0.000000,3359.000000,114.000000,3377.000000
4470.000000,1055.000000,4542.000000,1141.000000
3672.000000,1720.000000,3749.000000,1866.000000
340.000000,2344.000000,124.000000,2751.000000
5178.000000,2196.000000,4816.000000,2648.000000
4745.000000,2371.000000,4697.000000,2532.000000
1175.000000,2607.000000,1759.000000,2611.000000
1839.000000,2357.000000,2075.000000,2372.000000
311.000000,5518.000000,109.000000,5678.000000
2643.000000,91.000000,2872.000000,163.000000
1104.000000,4231.000000,1315.000000,4501.000000
587.000000,757.000000,536.000000,765.000000
1113.000000,294.000000,1323.000000,524.000000
4472.000000,542.000000,4283.000000,621.000000
2986.000000,435.000000,3202.000000,477.000000
3757.000000,3231.000000,4156.000000,3378.000000
151.000000,928.000000,352.000000,936.000000
1677.000000,5106.000000,1554.000000,5296.000000
3042.000000,141.000000,3172.000000,327.000000
3186.000000,396.000000,3202.000000,477.000000
535.000000,344.000000,587.000000,757.000000
106.000000,2181.000000,377.000000,2258.000000
5623.000000,3690.000000,5596.000000,3904.000000
5312.000000,3121.000000,5458.000000,3214.000000
69.000000,737.000000,151.000000,928.000000
1407.000000,4940.000000,1677.000000,5106.000000
4464.000000,146.000000,4791.000000,156.000000
2576.000000,3654.000000,2786.000000,3933.000000
4635.000000,318.000000,4520.000000,480.000000
2021.000000,2350.000000,2075.000000,2372.000000
996.000000,4927.000000,1223.000000,4940.000000
2375.000000,3155.000000,2416.000000,3457.000000
840.000000,4686.000000,1280.000000,4812.000000
4958.000000,5076.000000,4754.000000,5322.000000
4156.000000,3378.000000,3847.000000,3725.000000
2598.000000,2523.000000,3026.000000,2866.000000
1726.000000,710.000000,1533.000000,839.000000
996.000000,4927.000000,1110.000000,5039.000000
2158.000000,5298.000000,2029.000000,5565.000000
495.000000,2237.000000,377.000000,2258.000000
2786.000000,3933.000000,2805.000000,4063.000000
1920.000000,905.000000,2081.000000,971.000000
954.000000,1008.000000,735.000000,1088.000000
4856.000000,4849.000000,4598.000000,4964.000000
2372.000000,1541.000000,2203.000000,1773.000000
2638.000000,1895.000000,2686.000000,1968.000000
3726.000000,3524.000000,3847.000000,3725.000000
3612.000000,3029.000000,3757.000000,3231.000000
1788.000000,943.000000,1697.000000,1167.000000
3847.000000,3725.000000,3495.000000,3926.000000
3095.000000,5618.000000,2555.000000,5681.000000
5645.000000,838.000000,5640.000000,2879.000000
1434.000000,4548.000000,1280.000000,4812.000000
498.000000,4437.000000,84.000000,4766.000000
1920.000000,1886.000000,1946.000000,1969.000000
1533.000000,839.000000,1697.000000,1167.000000
5178.000000,2196.000000,4771.000000,2224.000000
1196.000000,4448.000000,1280.000000,4812.000000
247.000000,1749.000000,837.000000,2045.000000
3302.000000,2350.000000,3353.000000,2643.000000
3792.000000,4238.000000,3696.000000,4422.000000
2022.000000,1338.000000,2096.000000,1375.000000
5618.000000,5182.000000,5374.000000,5282.000000
89.000000,1311.000000,133.000000,1791.000000
5269.000000,5634.000000,5681.000000,5678.000000
5428.000000,740.000000,5408.000000,1001.000000
4771.000000,2224.000000,4745.000000,2371.000000
2269.000000,2234.000000,2428.000000,2511.000000
3172.000000,327.000000,2986.000000,435.000000
5138.000000,3979.000000,4909.000000,4120.000000
3967.000000,826.000000,4389.000000,959.000000
4879.000000,1589.000000,4608.000000,1723.000000
714.000000,3665.000000,723.000000,3952.000000
5605.000000,1982.000000,5576.000000,2258.000000
2455.000000,541.000000,2448.000000,899.000000
2062.000000,3652.000000,1937.000000,4151.000000
4247.000000,1559.000000,4440.000000,1612.000000
4897.000000,1457.000000,4608.000000,1723.000000
4472.000000,4518.000000,4286.000000,4578.000000
4124.000000,332.000000,4176.000000,579.000000
2122.000000,2146.000000,2075.000000,2372.000000
2845.000000,822.000000,2798.000000,1060.000000
3438.000000,3431.000000,3228.000000,3682.000000
4141.000000,761.000000,4270.000000,797.000000
243.000000,2180.000000,106.000000,2181.000000
311.000000,5518.000000,40.000000,5630.000000
4598.000000,4964.000000,4815.000000,5183.000000
3934.000000,1728.000000,4004.000000,1829.000000
5187.000000,4549.000000,5088.000000,4767.000000
4564.000000,5199.000000,4407.000000,5209.000000
1941.000000,1337.000000,2022.000000,1338.000000
4537.000000,1599.000000,4440.000000,1612.000000
5579.000000,4998.000000,5618.000000,5182.000000
4635.000000,318.000000,4176.000000,579.000000
4124.000000,332.000000,4071.000000,333.000000
5576.000000,2258.000000,5640.000000,2879.000000
5458.000000,3214.000000,5020.000000,3459.000000
5020.000000,3459.000000,5138.000000,3979.000000
178.000000,430.000000,69.000000,737.000000
4130.000000,1941.000000,4017.000000,2149.000000
4130.000000,1941.000000,4396.000000,2311.000000
3944.000000,664.000000,3862.000000,996.000000
2403.000000,2185.000000,2428.000000,2511.000000
2955.000000,2485.000000,2598.000000,2523.000000
823.000000,4562.000000,778.000000,4592.000000
2920.000000,3439.000000,2658.000000,3573.000000
3095.000000,5618.000000,3619.000000,5679.000000
5298.000000,3495.000000,5310.000000,3731.000000
2969.000000,2555.000000,3238.000000,2576.000000
1929.000000,1331.000000,1252.000000,1500.000000
2570.000000,1258.000000,2679.000000,1635.000000
4534.000000,5020.000000,4407.000000,5209.000000
4366.000000,2900.000000,4525.000000,3094.000000
111.000000,1910.000000,0.000000,3359.000000
4945.000000,3178.000000,4954.000000,3322.000000
3498.000000,3036.000000,3438.000000,3431.000000
3749.000000,1866.000000,3446.000000,1908.000000
2428.000000,3824.000000,2786.000000,3933.000000
3847.000000,3725.000000,4100.000000,3800.000000
1110.000000,5039.000000,1296.000000,5668.000000
5374.000000,5282.000000,5406.000000,5416.000000
56.000000,3296.000000,0.000000,3359.000000
4004.000000,1829.000000,4102.000000,1905.000000
3058.000000,3091.000000,3069.000000,3191.000000
247.000000,1749.000000,133.000000,1791.000000
2375.000000,3155.000000,2661.000000,3170.000000
3944.000000,664.000000,3967.000000,826.000000
2300.000000,4390.000000,2202.000000,4576.000000
5347.000000,2229.000000,5410.000000,2232.000000
4525.000000,3094.000000,4504.000000,3564.000000
5640.000000,2879.000000,5312.000000,3121.000000
3612.000000,3029.000000,3498.000000,3036.000000
1475.000000,3289.000000,1737.000000,3604.000000
2966.000000,3107.000000,2661.000000,3170.000000
2233.000000,13.000000,3042.000000,141.000000
1184.000000,4380.000000,1196.000000,4448.000000
3696.000000,4422.000000,3701.000000,4878.000000
1149.000000,4799.000000,1223.000000,4940.000000
4403.000000,692.000000,4600.000000,964.000000
3757.000000,3231.000000,3438.000000,3431.000000
3841.000000,4462.000000,3848.000000,4736.000000
4214.000000,1247.000000,4247.000000,1559.000000
1756.000000,2842.000000,1941.000000,3122.000000
944.000000,2009.000000,897.000000,2076.000000
778.000000,4592.000000,840.000000,4686.000000
947.000000,856.000000,954.000000,1008.000000
4856.000000,4849.000000,4595.000000,4894.000000
2977.000000,1399.000000,3160.000000,1537.000000
3430.000000,1165.000000,3454.000000,1820.000000
4257.000000,2229.000000,4396.000000,2311.000000
2985.000000,3813.000000,3220.000000,4177.000000
4860.000000,4496.000000,4472.000000,4518.000000
4435.000000,5536.000000,4061.000000,5596.000000
723.000000,3952.000000,800.000000,4198.000000
4157.000000,4971.000000,4057.000000,5246.000000
2520.000000,4490.000000,2865.000000,4769.000000
3850.000000,1308.000000,3454.000000,1820.000000
5304.000000,1343.000000,5336.000000,1588.000000
2555.000000,5681.000000,2324.000000,5699.000000
2252.000000,3017.000000,2205.000000,3409.000000
2517.000000,1597.000000,2555.000000,1633.000000
4596.000000,567.000000,4479.000000,619.000000
2205.000000,3409.000000,2062.000000,3546.000000
1358.000000,717.000000,1697.000000,1167.000000
2700.000000,3731.000000,2786.000000,3933.000000
753.000000,4761.000000,759.000000,4851.000000
4868.000000,1740.000000,5345.000000,1771.000000
4909.000000,4120.000000,4860.000000,4496.000000
3790.000000,2556.000000,3893.000000,2881.000000
759.000000,4851.000000,880.000000,5023.000000
1929.000000,1331.000000,1389.000000,1725.000000
5605.000000,1982.000000,5410.000000,2232.000000
3238.000000,2576.000000,3353.000000,2643.000000
225.000000,2997.000000,113.000000,3164.000000
2375.000000,3155.000000,2696.000000,3259.000000
666.000000,3580.000000,723.000000,3952.000000
1239.000000,3548.000000,1216.000000,3549.000000
2655.000000,4653.000000,2865.000000,4769.000000
4154.000000,247.000000,4124.000000,332.000000
4366.000000,2900.000000,4788.000000,2919.000000
1164.000000,1275.000000,1252.000000,1500.000000
5486.000000,1334.000000,5605.000000,1982.000000
4359.000000,4735.000000,4332.000000,4778.000000
4945.000000,3178.000000,5019.000000,3368.000000
5150.000000,4353.000000,5187.000000,4549.000000
2120.000000,725.000000,2448.000000,899.000000
471.000000,635.000000,587.000000,757.000000
2260.000000,3104.000000,2416.000000,3457.000000
2710.000000,1312.000000,2977.000000,1399.000000
1944.000000,2135.000000,1839.000000,2357.000000
3710.000000,132.000000,3961.000000,471.000000
5630.000000,4101.000000,5610.000000,4178.000000
4958.000000,5076.000000,4815.000000,5183.000000
3136.000000,1247.000000,2998.000000,1378.000000
3873.000000,2957.000000,3612.000000,3029.000000
1489.000000,3531.000000,1737.000000,3604.000000
697.000000,3355.000000,1151.000000,3401.000000
1610.000000,96.000000,1517.000000,144.000000
5610.000000,4178.000000,5627.000000,4211.000000
5005.000000,1243.000000,4981.000000,1549.000000
3967.000000,826.000000,4214.000000,1247.000000
947.000000,856.000000,1131.000000,958.000000
2954.000000,1927.000000,3034.000000,2041.000000
4666.000000,5693.000000,2324.000000,5699.000000
800.000000,4198.000000,551.000000,4357.000000
3043.000000,2857.000000,3026.000000,2866.000000
1756.000000,2842.000000,1840.000000,3114.000000
5530.000000,2631.000000,5640.000000,2879.000000
4679.000000,2628.000000,4788.000000,2919.000000
3302.000000,2350.000000,3238.000000,2576.000000
4879.000000,1589.000000,4905.000000,1633.000000
2075.000000,2372.000000,1759.000000,2611.000000
3228.000000,3682.000000,2985.000000,3813.000000
3142.000000,1228.000000,2998.000000,1378.000000
2598.000000,2523.000000,2661.000000,3170.000000
4542.000000,1141.000000,5005.000000,1243.000000
3440.000000,4861.000000,3701.000000,4878.000000
220.000000,242.000000,178.000000,430.000000
4472.000000,542.000000,4596.000000,567.000000
380.000000,4188.000000,800.000000,4198.000000
5372.000000,1769.000000,5605.000000,1982.000000
1296.000000,5668.000000,329.000000,5687.000000
1880.000000,438.000000,1881.000000,505.000000
462.000000,4884.000000,624.000000,4884.000000
1104.000000,4231.000000,1184.000000,4380.000000
32.000000,12.000000,220.000000,242.000000
2954.000000,1927.000000,2857.000000,2172.000000
4453.000000,5535.000000,4435.000000,5536.000000
4697.000000,2532.000000,4402.000000,2575.000000
5380.000000,3870.000000,5295.000000,3930.000000
2985.000000,3813.000000,2786.000000,3933.000000
4128.000000,2643.000000,4249.000000,2744.000000
3026.000000,2866.000000,2661.000000,3170.000000
2710.000000,1312.000000,2784.000000,1503.000000
3862.000000,996.000000,3850.000000,1308.000000
838.000000,179.000000,895.000000,309.000000
759.000000,4851.000000,727.000000,5034.000000
3591.000000,2361.000000,3790.000000,2556.000000
4102.000000,1905.000000,4130.000000,1941.000000
2416.000000,3457.000000,2576.000000,3654.000000
5487.000000,3184.000000,5649.000000,3365.000000
4498.000000,1371.000000,4608.000000,1723.000000
5640.000000,2879.000000,5346.000000,2903.000000
4081.000000,2431.000000,3893.000000,2881.000000
1937.000000,4151.000000,1902.000000,4375.000000
176.000000,945.000000,568.000000,1455.000000
3627.000000,82.000000,4112.000000,238.000000
1882.000000,4886.000000,2212.000000,5287.000000
2798.000000,1060.000000,2570.000000,1258.000000
2955.000000,2485.000000,2969.000000,2555.000000
800.000000,4198.000000,842.000000,4501.000000
3587.000000,4586.000000,3278.000000,4752.000000
5616.000000,187.000000,5645.000000,838.000000
4247.000000,1559.000000,4130.000000,1941.000000
4520.000000,480.000000,4472.000000,542.000000
1920.000000,905.000000,1788.000000,943.000000
3256.000000,3769.000000,3459.000000,3904.000000
0.000000,3359.000000,1.000000,3418.000000
4495.000000,4611.000000,4595.000000,4894.000000
954.000000,1008.000000,1164.000000,1275.000000
738.000000,3102.000000,697.000000,3355.000000
5681.000000,5629.000000,5681.000000,5678.000000
895.000000,309.000000,964.000000,323.000000
3961.000000,471.000000,3623.000000,670.000000
2269.000000,2234.000000,2073.000000,2702.000000
5649.000000,3365.000000,5623.000000,3690.000000
4358.000000,4023.000000,4472.000000,4518.000000
2555.000000,5681.000000,4666.000000,5693.000000
2384.000000,1961.000000,2122.000000,2146.000000
2524.000000,2259.000000,2587.000000,2473.000000
3861.000000,5492.000000,4061.000000,5596.000000
568.000000,1455.000000,704.000000,1737.000000
1389.000000,1725.000000,944.000000,2009.000000
738.000000,3102.000000,1151.000000,3401.000000
1196.000000,4448.000000,1315.000000,4501.000000
2517.000000,1597.000000,2679.000000,1635.000000
4389.000000,959.000000,4600.000000,964.000000
220.000000,5275.000000,311.000000,5518.000000
3627.000000,82.000000,3231.000000,112.000000
1827.000000,498.000000,1533.000000,839.000000
3850.000000,1308.000000,3731.000000,1621.000000
4472.000000,542.000000,4176.000000,579.000000
4435.000000,5536.000000,3619.000000,5679.000000
2805.000000,4063.000000,3220.000000,4177.000000
2341.000000,872.000000,2336.000000,886.000000
735.000000,1088.000000,657.000000,1181.000000
5605.000000,1982.000000,5347.000000,2229.000000
944.000000,2009.000000,996.000000,2144.000000
5054.000000,875.000000,5106.000000,961.000000
3617.000000,5227.000000,3301.000000,5291.000000
840.000000,4686.000000,753.000000,4761.000000
543.000000,5171.000000,329.000000,5687.000000
1104.000000,4231.000000,1196.000000,4448.000000
1773.000000,3305.000000,1737.000000,3604.000000
1781.000000,31.000000,2025.000000,75.000000
536.000000,765.000000,151.000000,928.000000
4815.000000,5183.000000,4754.000000,5322.000000
2082.000000,3865.000000,2295.000000,4152.000000
2655.000000,4653.000000,2499.000000,4662.000000
1113.000000,294.000000,964.000000,323.000000
5054.000000,875.000000,5341.000000,974.000000
178.000000,430.000000,536.000000,765.000000
2986.000000,435.000000,2672.000000,513.000000
4498.000000,1371.000000,4624.000000,1417.000000
4897.000000,1457.000000,4879.000000,1589.000000
2638.000000,1895.000000,2384.000000,1961.000000
2596.000000,4165.000000,2355.000000,4377.000000
1839.000000,2357.000000,1216.000000,2448.000000
880.000000,5023.000000,1296.000000,5668.000000
4154.000000,247.000000,4176.000000,579.000000
5227.000000,4980.000000,5260.000000,5145.000000
4332.000000,4778.000000,4162.000000,4933.000000
1216.000000,2448.000000,1759.000000,2611.000000
5378.000000,30.000000,4791.000000,156.000000
1554.000000,5296.000000,1296.000000,5668.000000
4248.000000,4471.000000,4286.000000,4578.000000
474.000000,2669.000000,124.000000,2751.000000
4057.000000,5246.000000,3861.000000,5492.000000
4534.000000,5020.000000,4564.000000,5199.000000
4981.000000,1549.000000,4868.000000,1740.000000
4347.000000,5442.000000,4264.000000,5449.000000
3459.000000,3904.000000,3358.000000,4028.000000
111.000000,1910.000000,106.000000,2181.000000
697.000000,3355.000000,114.000000,3377.000000
56.000000,3296.000000,183.000000,3338.000000
3850.000000,1308.000000,3845.000000,1487.000000
4879.000000,1589.000000,4868.000000,1740.000000
3587.000000,4586.000000,3701.000000,4878.000000
4334.000000,3337.000000,4156.000000,3378.000000
1941.000000,3122.000000,1837.000000,3424.000000
5605.000000,1982.000000,5178.000000,2196.000000
576.000000,937.000000,657.000000,1181.000000
753.000000,4761.000000,996.000000,4927.000000
520.000000,4949.000000,208.000000,4970.000000
1882.000000,4886.000000,2137.000000,5221.000000
996.000000,2144.000000,106.000000,2181.000000
3731.000000,1621.000000,3934.000000,1728.000000
1389.000000,1725.000000,1216.000000,2448.000000
5346.000000,2903.000000,5312.000000,3121.000000
4156.000000,3378.000000,3726.000000,3524.000000
1078.000000,3857.000000,1104.000000,4231.000000
4357.000000,1519.000000,4537.000000,1599.000000
3795.000000,1863.000000,4017.000000,2149.000000
3561.000000,2678.000000,3546.000000,2923.000000
4541.000000,1703.000000,4130.000000,1941.000000
2679.000000,1635.000000,2688.000000,1683.000000
3619.000000,5679.000000,4666.000000,5693.000000
32.000000,12.000000,1280.000000,62.000000
243.000000,2180.000000,377.000000,2258.000000
3396.000000,5213.000000,3301.000000,5291.000000
5595.000000,4574.000000,5489.000000,4921.000000
5410.000000,2232.000000,5576.000000,2258.000000
2686.000000,1968.000000,2682.000000,2284.000000
4691.000000,5296.000000,4754.000000,5322.000000
3357.000000,743.000000,3188.000000,915.000000
3672.000000,1720.000000,3454.000000,1820.000000
398.000000,1079.000000,458.000000,1198.000000
4453.000000,5535.000000,4551.000000,5614.000000
624.000000,4884.000000,520.000000,4949.000000
3696.000000,4422.000000,3587.000000,4586.000000
1937.000000,4151.000000,2002.000000,4369.000000
3278.000000,4752.000000,3440.000000,4861.000000
536.000000,765.000000,458.000000,1198.000000
1781.000000,31.000000,1542.000000,245.000000
657.000000,1181.000000,855.000000,1518.000000
106.000000,2181.000000,0.000000,3359.000000
4071.000000,333.000000,3961.000000,471.000000
3873.000000,2957.000000,3831.000000,3056.000000
3353.000000,2643.000000,3386.000000,2821.000000
1807.000000,548.000000,1726.000000,710.000000
4663.000000,1948.000000,4771.000000,2224.000000
2091.000000,727.000000,2081.000000,971.000000
4079.000000,2719.000000,3893.000000,2881.000000
4100.000000,3800.000000,4058.000000,4436.000000
1104.000000,4231.000000,1434.000000,4548.000000
3015.000000,5199.000000,2555.000000,5681.000000
2955.000000,2485.000000,3026.000000,2866.000000
738.000000,3102.000000,183.000000,3338.000000
3862.000000,996.000000,4214.000000,1247.000000
3136.000000,1247.000000,3160.000000,1537.000000
2341.000000,872.000000,2081.000000,971.000000
2657.000000,5179.000000,2555.000000,5681.000000
3693.000000,5283.000000,3540.000000,5424.000000
4286.000000,4578.000000,4359.000000,4735.000000
2447.000000,5280.000000,2393.000000,5462.000000
5595.000000,4574.000000,5278.000000,4658.000000
4353.000000,4942.000000,4534.000000,5020.000000
3302.000000,2350.000000,3591.000000,2361.000000
1754.000000,3625.000000,2062.000000,3652.000000
2163.000000,3413.000000,1837.000000,3424.000000
84.000000,4766.000000,462.000000,4884.000000
5562.000000,3839.000000,5380.000000,3870.000000
4058.000000,4436.000000,3841.000000,4462.000000
3792.000000,4238.000000,3909.000000,4255.000000
5061.000000,5078.000000,5033.000000,5154.000000
474.000000,2669.000000,402.000000,3009.000000
5428.000000,740.000000,5054.000000,875.000000
5345.000000,1771.000000,5605.000000,1982.000000
5138.000000,3979.000000,5150.000000,4353.000000
1145.000000,1441.000000,704.000000,1737.000000
536.000000,765.000000,576.000000,937.000000
2403.000000,2185.000000,2269.000000,2234.000000
5530.000000,4414.000000,5595.000000,4574.000000
89.000000,1311.000000,247.000000,1749.000000
3967.000000,826.000000,3862.000000,996.000000
4408.000000,3138.000000,4156.000000,3378.000000
3845.000000,1487.000000,3731.000000,1621.000000
4358.000000,4023.000000,4303.000000,4135.000000
2658.000000,3573.000000,2700.000000,3731.000000
624.000000,4884.000000,543.000000,5171.000000
704.000000,1737.000000,837.000000,2045.000000
1308.000000,3101.000000,1533.000000,3177.000000
3228.000000,3682.000000,3366.000000,3789.000000
5489.000000,4921.000000,5227.000000,4980.000000
2686.000000,1968.000000,2857.000000,2172.000000
5245.000000,3119.000000,5312.000000,3121.000000
2966.000000,3107.000000,2696.000000,3259.000000
2872.000000,163.000000,2672.000000,513.000000
657.000000,1181.000000,954.000000,1225.000000
4525.000000,3094.000000,4334.000000,3337.000000
4816.000000,2648.000000,5346.000000,2903.000000
1720.000000,4473.000000,1407.000000,4940.000000
3412.000000,634.000000,3560.000000,772.000000
4358.000000,4023.000000,4248.000000,4471.000000
3034.000000,2041.000000,2955.000000,2485.000000
3283.000000,1619.000000,3446.000000,1908.000000
3353.000000,2643.000000,3561.000000,2678.000000
5562.000000,3839.000000,5596.000000,3904.000000
5005.000000,1243.000000,4624.000000,1417.000000
3188.000000,915.000000,2798.000000,1060.000000
3848.000000,4736.000000,4057.000000,5246.000000
840.000000,4686.000000,1149.000000,4799.000000
587.000000,757.000000,576.000000,937.000000
1309.000000,3188.000000,1151.000000,3401.000000
2865.000000,4769.000000,3015.000000,5199.000000
2786.000000,3933.000000,2596.000000,4165.000000
4663.000000,1948.000000,4493.000000,2370.000000
3401.000000,2951.000000,3498.000000,3036.000000
4493.000000,2370.000000,4745.000000,2371.000000
2020.000000,5112.000000,2137.000000,5221.000000
5317.000000,3755.000000,5114.000000,3800.000000
113.000000,3164.000000,56.000000,3296.000000
3536.000000,673.000000,3862.000000,996.000000
5530.000000,2631.000000,4816.000000,2648.000000
220.000000,5275.000000,40.000000,5630.000000
1712.000000,5076.000000,2027.000000,5265.000000
3283.000000,1619.000000,3085.000000,1814.000000
2081.000000,971.000000,2022.000000,1338.000000
3438.000000,3431.000000,3459.000000,3904.000000
3561.000000,2678.000000,3386.000000,2821.000000
4107.000000,4605.000000,4162.000000,4933.000000
2027.000000,5265.000000,2158.000000,5298.000000
5386.000000,5626.000000,5681.000000,5678.000000
4396.000000,2311.000000,4319.000000,2315.000000
2598.000000,2523.000000,2073.000000,2702.000000
2596.000000,4165.000000,2718.000000,4402.000000
3142.000000,1228.000000,3136.000000,1247.000000
964.000000,323.000000,1323.000000,524.000000
4259.000000,2703.000000,4366.000000,2900.000000
3228.000000,3682.000000,3256.000000,3769.000000
1542.000000,245.000000,1880.000000,438.000000
2524.000000,2259.000000,2682.000000,2284.000000
5347.000000,2229.000000,5530.000000,2631.000000
4402.000000,2575.000000,4366.000000,2900.000000
352.000000,936.000000,458.000000,1198.000000
4407.000000,5209.000000,4691.000000,5296.000000
1358.000000,717.000000,1131.000000,958.000000
5147.000000,1163.000000,5304.000000,1343.000000
4264.000000,5449.000000,4061.000000,5596.000000
3690.000000,2299.000000,3591.000000,2361.000000
1216.000000,3549.000000,1269.000000,3988.000000
4945.000000,3178.000000,4951.000000,3261.000000
3944.000000,664.000000,3623.000000,670.000000
4359.000000,4735.000000,4402.000000,4939.000000
528.000000,5149.000000,220.000000,5275.000000
4600.000000,964.000000,4542.000000,1141.000000
1902.000000,4375.000000,1712.000000,5076.000000
3790.000000,2556.000000,3612.000000,3029.000000
657.000000,1181.000000,568.000000,1455.000000
2375.000000,886.000000,2448.000000,899.000000
1837.000000,3424.000000,2062.000000,3546.000000
3757.000000,3231.000000,3726.000000,3524.000000
3795.000000,1863.000000,3690.000000,2110.000000
2977.000000,1399.000000,2784.000000,1503.000000
4283.000000,621.000000,4403.000000,692.000000
4860.000000,4496.000000,4495.000000,4611.000000
2653.000000,524.000000,2448.000000,899.000000
498.000000,4437.000000,823.000000,4562.000000
2587.000000,2473.000000,2428.000000,2511.000000
4816.000000,2648.000000,4937.000000,2901.000000
3226.000000,2284.000000,3302.000000,2350.000000
2020.000000,5112.000000,2027.000000,5265.000000
2428.000000,3824.000000,2596.000000,4165.000000
1164.000000,1275.000000,1929.000000,1331.000000
1946.000000,1969.000000,1944.000000,2135.000000
4525.000000,3094.000000,4945.000000,3178.000000
1781.000000,31.000000,1880.000000,438.000000
2576.000000,3654.000000,2488.000000,3787.000000
2403.000000,2185.000000,2524.000000,2259.000000
183.000000,3338.000000,0.000000,3359.000000
4148.000000,2376.000000,4081.000000,2431.000000
3440.000000,4861.000000,3412.000000,5098.000000
3401.000000,5515.000000,3095.000000,5618.000000
4270.000000,797.000000,4202.000000,809.000000
10.000000,4816.000000,40.000000,5630.000000
5298.000000,3495.000000,5474.000000,3548.000000
2718.000000,4402.000000,2865.000000,4769.000000
3498.000000,3036.000000,3757.000000,3231.000000
880.000000,5023.000000,727.000000,5034.000000
3458.000000,5614.000000,3095.000000,5618.000000
735.000000,1088.000000,954.000000,1225.000000
2372.000000,1541.000000,2555.000000,1633.000000
3170.000000,4635.000000,3015.000000,5199.000000
4359.000000,4735.000000,4595.000000,4894.000000
2966.000000,3107.000000,2699.000000,3175.000000
133.000000,1791.000000,111.000000,1910.000000
4981.000000,1549.000000,5336.000000,1588.000000
880.000000,5023.000000,329.000000,5687.000000
1720.000000,4473.000000,1434.000000,4548.000000
5260.000000,5145.000000,5406.000000,5416.000000
1882.000000,4886.000000,2020.000000,5112.000000
2336.000000,886.000000,2375.000000,886.000000
5630.000000,4101.000000,5150.000000,4353.000000
1946.000000,1969.000000,2122.000000,2146.000000
842.000000,4501.000000,823.000000,4562.000000
2764.000000,1774.000000,2638.000000,1895.000000
4038.000000,4684.000000,4162.000000,4933.000000
4408.000000,3138.000000,4334.000000,3337.000000
2630.000000,4763.000000,2212.000000,5287.000000
69.000000,737.000000,89.000000,1311.000000
1184.000000,2388.000000,764.000000,2564.000000
2428.000000,3824.000000,2082.000000,3865.000000
704.000000,1737.000000,944.000000,2009.000000
1756.000000,2842.000000,1392.000000,2935.000000
4366.000000,2900.000000,4156.000000,3378.000000
4981.000000,1549.000000,4878.000000,1718.000000
5278.000000,4658.000000,5088.000000,4767.000000
880.000000,5023.000000,1110.000000,5039.000000
2081.000000,971.000000,1697.000000,1167.000000
2805.000000,4063.000000,2596.000000,4165.000000
1533.000000,3177.000000,1737.000000,3604.000000
947.000000,856.000000,735.000000,1088.000000
2718.000000,4402.000000,2520.000000,4490.000000
2966.000000,3107.000000,3069.000000,3191.000000
4815.000000,5183.000000,4691.000000,5296.000000
1078.000000,3857.000000,1269.000000,3988.000000
4963.000000,3470.000000,4504.000000,3564.000000
4472.000000,4518.000000,4495.000000,4611.000000
909.000000,4960.000000,880.000000,5023.000000
2029.000000,5565.000000,2324.000000,5699.000000
3693.000000,5283.000000,3858.000000,5633.000000
1960.000000,5206.000000,2027.000000,5265.000000
1533.000000,3177.000000,1475.000000,3289.000000
4081.000000,2431.000000,3790.000000,2556.000000
5114.000000,3800.000000,5295.000000,3930.000000
855.000000,1518.000000,704.000000,1737.000000
2969.000000,2555.000000,3026.000000,2866.000000
5406.000000,5416.000000,5661.000000,5456.000000
2122.000000,2146.000000,2269.000000,2234.000000
4542.000000,1141.000000,4624.000000,1417.000000
2955.000000,2485.000000,3238.000000,2576.000000
753.000000,4761.000000,691.000000,4840.000000
5548.000000,4944.000000,5579.000000,4998.000000
4353.000000,4942.000000,4598.000000,4964.000000
4937.000000,2901.000000,4945.000000,3178.000000
3701.000000,4878.000000,4057.000000,5246.000000
3589.000000,2178.000000,3591.000000,2361.000000
5406.000000,5416.000000,5386.000000,5626.000000
3256.000000,3769.000000,3366.000000,3789.000000
5317.000000,3755.000000,5295.000000,3930.000000
3301.000000,5291.000000,2997.000000,5610.000000
2073.000000,2702.000000,2252.000000,3017.000000
3495.000000,3926.000000,3358.000000,4028.000000
996.000000,2144.000000,243.000000,2180.000000
1151.000000,3401.000000,1239.000000,3548.000000
4358.000000,4023.000000,4909.000000,4120.000000
2447.000000,5280.000000,2212.000000,5287.000000
109.000000,5678.000000,329.000000,5687.000000
3847.000000,3725.000000,3909.000000,4255.000000
3672.000000,1720.000000,3934.000000,1728.000000
5054.000000,875.000000,4600.000000,964.000000
691.000000,4840.000000,624.000000,4884.000000
1937.000000,4151.000000,2355.000000,4377.000000
996.000000,2144.000000,1184.000000,2388.000000
1881.000000,505.000000,1766.000000,700.000000
5054.000000,875.000000,4542.000000,1141.000000
5260.000000,5145.000000,5033.000000,5154.000000
5317.000000,3755.000000,5380.000000,3870.000000
3438.000000,3431.000000,3726.000000,3524.000000
3540.000000,5424.000000,3619.000000,5679.000000
2455.000000,541.000000,2120.000000,725.000000
4909.000000,4120.000000,4472.000000,4518.000000
2686.000000,1968.000000,2403.000000,2185.000000
4479.000000,619.000000,4600.000000,964.000000
4564.000000,5199.000000,4691.000000,5296.000000
5489.000000,4921.000000,5260.000000,5145.000000
5005.000000,1243.000000,4897.000000,1457.000000
4860.000000,4496.000000,4856.000000,4849.000000
32.000000,12.000000,1781.000000,31.000000
4817.000000,556.000000,4479.000000,619.000000
4107.000000,4605.000000,3848.000000,4736.000000
3238.000000,2576.000000,3386.000000,2821.000000
4754.000000,5322.000000,4990.000000,5561.000000
5150.000000,4353.000000,5595.000000,4574.000000
151.000000,928.000000,89.000000,1311.000000
5474.000000,3548.000000,5623.000000,3690.000000
4081.000000,2431.000000,4128.000000,2643.000000
714.000000,3665.000000,1078.000000,3857.000000
4788.000000,2919.000000,4945.000000,3178.000000
2997.000000,5610.000000,2555.000000,5681.000000
576.000000,937.000000,458.000000,1198.000000
3358.000000,4028.000000,3587.000000,4586.000000
2355.000000,4377.000000,2499.000000,4662.000000
587.000000,757.000000,735.000000,1088.000000
484.000000,467.000000,587.000000,757.000000
4682.000000,5359.000000,4550.000000,5446.000000
1309.000000,3188.000000,1475.000000,3289.000000
4286.000000,4578.000000,4332.000000,4778.000000
2682.000000,2284.000000,2587.000000,2473.000000
5428.000000,740.000000,5645.000000,838.000000
225.000000,2997.000000,402.000000,3009.000000
2205.000000,3409.000000,2416.000000,3457.000000
1781.000000,31.000000,1517.000000,144.000000
2784.000000,1503.000000,3003.000000,1673.000000
402.000000,3009.000000,113.000000,3164.000000
4202.000000,809.000000,4389.000000,959.000000
3238.000000,2576.000000,3026.000000,2866.000000
2643.000000,91.000000,3042.000000,141.000000
352.000000,936.000000,398.000000,1079.000000
4954.000000,3322.000000,5019.000000,3368.000000
1880.000000,438.000000,2120.000000,725.000000
402.000000,3009.000000,738.000000,3102.000000
5106.000000,961.000000,5341.000000,974.000000
4464.000000,146.000000,4112.000000,238.000000
5372.000000,1769.000000,5345.000000,1771.000000
2520.000000,4490.000000,2655.000000,4653.000000
2657.000000,5179.000000,3015.000000,5199.000000
2596.000000,4165.000000,2520.000000,4490.000000
1712.000000,5076.000000,1677.000000,5106.000000
2212.000000,5287.000000,2393.000000,5462.000000
2920.000000,3439.000000,3228.000000,3682.000000
5645.000000,838.000000,5408.000000,1001.000000
1737.000000,3604.000000,1754.000000,3625.000000
5562.000000,3839.000000,5630.000000,4101.000000
32.000000,12.000000,8.000000,446.000000
1151.000000,3401.000000,1078.000000,3857.000000
3560.000000,772.000000,3862.000000,996.000000
4017.000000,2149.000000,4257.000000,2229.000000
3831.000000,3056.000000,3757.000000,3231.000000
2172.000000,3541.000000,2062.000000,3546.000000
1269.000000,3988.000000,1795.000000,4162.000000
4128.000000,2643.000000,4259.000000,2703.000000
1280.000000,62.000000,1113.000000,294.000000
4525.000000,3094.000000,4408.000000,3138.000000
2469.000000,5535.000000,2324.000000,5699.000000
2295.000000,4152.000000,2596.000000,4165.000000
1.000000,3418.000000,65.000000,4167.000000
838.000000,179.000000,587.000000,757.000000
4319.000000,2315.000000,4493.000000,2370.000000
1342.000000,4484.000000,1434.000000,4548.000000
4319.000000,2315.000000,4402.000000,2575.000000
2336.000000,149.000000,2455.000000,541.000000
4112.000000,238.000000,4154.000000,247.000000
3944.000000,664.000000,3536.000000,673.000000
4176.000000,579.000000,4270.000000,797.000000
4868.000000,1740.000000,5178.000000,2196.000000
3003.000000,1673.000000,3085.000000,1814.000000
4366.000000,2900.000000,3831.000000,3056.000000
2384.000000,1961.000000,2686.000000,1968.000000
4952.000000,5313.000000,4754.000000,5322.000000
1096.000000,2660.000000,738.000000,3102.000000
5474.000000,3548.000000,5380.000000,3870.000000
3671.000000,5100.000000,3693.000000,5283.000000
2428.000000,2511.000000,2073.000000,2702.000000
954.000000,1008.000000,954.000000,1225.000000
2696.000000,3259.000000,2416.000000,3457.000000
5458.000000,3214.000000,5571.000000,3351.000000
764.000000,2564.000000,474.000000,2669.000000
4564.000000,3819.000000,4909.000000,4120.000000
1239.000000,3548.000000,1405.000000,3678.000000
3749.000000,1866.000000,3690.000000,2110.000000
3026.000000,2866.000000,2966.000000,3107.000000
5487.000000,3184.000000,5458.000000,3214.000000
3231.000000,112.000000,3042.000000,141.000000
4214.000000,1247.000000,4498.000000,1371.000000
3847.000000,3725.000000,3459.000000,3904.000000
4897.000000,1457.000000,4981.000000,1549.000000
2696.000000,3259.000000,2920.000000,3439.000000
1880.000000,438.000000,2455.000000,541.000000
5019.000000,3368.000000,5020.000000,3459.000000
551.000000,4357.000000,498.000000,4437.000000
2205.000000,3409.000000,2172.000000,3541.000000
3069.000000,3191.000000,3140.000000,3217.000000
4954.000000,3322.000000,4963.000000,3470.000000
2233.000000,13.000000,3231.000000,112.000000
4817.000000,556.000000,5054.000000,875.000000
5187.000000,4549.000000,4894.000000,4783.000000
3015.000000,5199.000000,3301.000000,5291.000000
2784.000000,1503.000000,3160.000000,1537.000000
3440.000000,4861.000000,3671.000000,5100.000000
5620.000000,5116.000000,5661.000000,5456.000000
536.000000,765.000000,352.000000,936.000000
3231.000000,112.000000,3186.000000,396.000000
904.000000,4482.000000,823.000000,4562.000000
3302.000000,2350.000000,3561.000000,2678.000000
3034.000000,2041.000000,3589.000000,2178.000000
5639.000000,5565.000000,5681.000000,5629.000000
3386.000000,2821.000000,3058.000000,3091.000000
657.000000,1181.000000,458.000000,1198.000000
5378.000000,30.000000,4954.000000,426.000000
4100.000000,3800.000000,4303.000000,4135.000000
4479.000000,619.000000,5054.000000,875.000000
4495.000000,4611.000000,4359.000000,4735.000000
1003.000000,85.000000,838.000000,179.000000
3003.000000,1673.000000,2954.000000,1927.000000
2812.000000,4761.000000,2737.000000,4829.000000
1674.000000,782.000000,1788.000000,943.000000
2576.000000,3654.000000,2700.000000,3731.000000
3671.000000,5100.000000,3617.000000,5227.000000
2920.000000,3439.000000,2985.000000,3813.000000
178.000000,430.000000,69.000000,438.000000
528.000000,5149.000000,543.000000,5171.000000
5178.000000,2196.000000,5347.000000,2229.000000
5020.000000,3459.000000,4963.000000,3470.000000
954.000000,1225.000000,1164.000000,1275.000000
5260.000000,5145.000000,5026.000000,5362.000000
1759.000000,2611.000000,1392.000000,2935.000000
4202.000000,809.000000,4600.000000,964.000000
4156.000000,3378.000000,4100.000000,3800.000000
837.000000,2045.000000,897.000000,2076.000000
691.000000,4840.000000,759.000000,4851.000000
3140.000000,3217.000000,3438.000000,3431.000000
2260.000000,3104.000000,2205.000000,3409.000000
2865.000000,4769.000000,2657.000000,5179.000000
2027.000000,5265.000000,2029.000000,5565.000000
220.000000,242.000000,535.000000,344.000000
4541.000000,1703.000000,4608.000000,1723.000000
778.000000,4592.000000,691.000000,4840.000000
1.000000,3418.000000,723.000000,3952.000000
5147.000000,1163.000000,5005.000000,1243.000000
3160.000000,1537.000000,3003.000000,1673.000000
738.000000,3102.000000,866.000000,3185.000000
2081.000000,971.000000,1941.000000,1337.000000
5610.000000,4178.000000,5530.000000,4414.000000
5639.000000,5565.000000,5386.000000,5626.000000
4817.000000,556.000000,5428.000000,740.000000
5487.000000,3184.000000,5571.000000,3351.000000
2469.000000,5535.000000,2555.000000,5681.000000
3690.000000,2299.000000,4081.000000,2431.000000
3278.000000,4752.000000,3412.000000,5098.000000
3136.000000,1247.000000,3283.000000,1619.000000
3226.000000,2284.000000,2955.000000,2485.000000
3701.000000,4878.000000,3671.000000,5100.000000
3092.000000,4526.000000,3170.000000,4635.000000
1720.000000,4473.000000,1280.000000,4812.000000
3862.000000,996.000000,3475.000000,1010.000000
723.000000,3952.000000,841.000000,3972.000000
84.000000,4766.000000,90.000000,4856.000000
5020.000000,3459.000000,4504.000000,3564.000000
1781.000000,31.000000,1280.000000,62.000000
5616.000000,187.000000,5428.000000,740.000000
838.000000,179.000000,535.000000,344.000000
4247.000000,1559.000000,4102.000000,1905.000000
727.000000,5034.000000,329.000000,5687.000000
2203.000000,1773.000000,1920.000000,1886.000000
1.000000,3418.000000,524.000000,3957.000000
2657.000000,5179.000000,2447.000000,5280.000000
4057.000000,5246.000000,4061.000000,5596.000000
4791.000000,156.000000,4954.000000,426.000000
4470.000000,1055.000000,4214.000000,1247.000000
3172.000000,327.000000,3202.000000,477.000000
1216.000000,2448.000000,1175.000000,2607.000000
4472.000000,542.000000,4403.000000,692.000000
4017.000000,2149.000000,3690.000000,2299.000000
5530.000000,2631.000000,5346.000000,2903.000000
1795.000000,4162.000000,1434.000000,4548.000000
2630.000000,4763.000000,2657.000000,5179.000000
4353.000000,4942.000000,4407.000000,5209.000000
1766.000000,700.000000,1674.000000,782.000000
5245.000000,3119.000000,5458.000000,3214.000000
1078.000000,3857.000000,841.000000,3972.000000
2954.000000,1927.000000,2686.000000,1968.000000
1807.000000,548.000000,1766.000000,700.000000
3283.000000,1619.000000,3454.000000,1820.000000
3092.000000,4526.000000,3278.000000,4752.000000
1937.000000,4151.000000,1795.000000,4162.000000
3617.000000,5227.000000,3540.000000,5424.000000
2002.000000,4369.000000,2300.000000,4390.000000
2020.000000,5112.000000,1960.000000,5206.000000
89.000000,1311.000000,222.000000,1465.000000
895.000000,309.000000,1358.000000,717.000000
1280.000000,62.000000,1542.000000,245.000000
4396.000000,2311.000000,4493.000000,2370.000000
2416.000000,3457.000000,2658.000000,3573.000000
2091.000000,727.000000,1920.000000,905.000000
329.000000,5687.000000,1208.000000,5698.000000
3202.000000,477.000000,2672.000000,513.000000
4407.000000,5209.000000,4435.000000,5536.000000
3446.000000,1908.000000,3034.000000,2041.000000
3696.000000,4422.000000,3848.000000,4736.000000
4357.000000,1519.000000,4247.000000,1559.000000
3034.000000,2041.000000,2598.000000,2523.000000
3850.000000,1308.000000,3934.000000,1728.000000
3893.000000,2881.000000,3612.000000,3029.000000
547.000000,2248.000000,377.000000,2258.000000
2661.000000,3170.000000,2696.000000,3259.000000
5623.000000,3690.000000,5562.000000,3839.000000
1475.000000,3289.000000,1447.000000,3392.000000
895.000000,309.000000,587.000000,757.000000
4598.000000,4964.000000,4958.000000,5076.000000
2002.000000,4369.000000,2355.000000,4377.000000
2137.000000,5221.000000,2212.000000,5287.000000
2336.000000,886.000000,2798.000000,1060.000000
3220.000000,4177.000000,3092.000000,4526.000000
3412.000000,634.000000,3536.000000,673.000000
996.000000,2144.000000,764.000000,2564.000000
1308.000000,3101.000000,738.000000,3102.000000
90.000000,4856.000000,208.000000,4970.000000
2336.000000,886.000000,2448.000000,899.000000
2202.000000,4576.000000,1882.000000,4886.000000
2517.000000,1597.000000,2688.000000,1683.000000
2688.000000,1683.000000,2764.000000,1774.000000
106.000000,2181.000000,124.000000,2751.000000
207.000000,2851.000000,402.000000,3009.000000
2672.000000,513.000000,2455.000000,541.000000
2062.000000,3546.000000,2062.000000,3652.000000
462.000000,4884.000000,520.000000,4949.000000
4697.000000,2532.000000,4816.000000,2648.000000
3847.000000,3725.000000,4058.000000,4436.000000
520.000000,4949.000000,543.000000,5171.000000
4440.000000,4555.000000,4495.000000,4611.000000
4937.000000,2901.000000,5245.000000,3119.000000
4162.000000,4933.000000,4157.000000,4971.000000
243.000000,2180.000000,547.000000,2248.000000
727.000000,5034.000000,543.000000,5171.000000
2022.000000,1338.000000,1983.000000,1441.000000
1517.000000,144.000000,1508.000000,218.000000
2499.000000,4662.000000,2630.000000,4763.000000
243.000000,2180.000000,495.000000,2237.000000
3186.000000,396.000000,3412.000000,634.000000
3172.000000,327.000000,3186.000000,396.000000
3540.000000,5424.000000,3858.000000,5633.000000
2384.000000,1961.000000,1946.000000,1969.000000
1674.000000,782.000000,1533.000000,839.000000
4990.000000,5561.000000,4666.000000,5693.000000
3961.000000,471.000000,3944.000000,664.000000
1280.000000,4812.000000,1407.000000,4940.000000
4861.000000,2431.000000,4814.000000,2455.000000
1296.000000,5668.000000,1208.000000,5698.000000
2082.000000,3865.000000,1937.000000,4151.000000
1929.000000,1331.000000,1983.000000,1441.000000
1280.000000,4812.000000,1223.000000,4940.000000
2002.000000,4369.000000,1902.000000,4375.000000
4861.000000,2431.000000,4816.000000,2648.000000
4058.000000,4436.000000,4248.000000,4471.000000
904.000000,4482.000000,842.000000,4501.000000
1358.000000,717.000000,1533.000000,839.000000
3186.000000,396.000000,3623.000000,670.000000
1697.000000,1167.000000,1929.000000,1331.000000
1131.000000,958.000000,1697.000000,1167.000000
1392.000000,2935.000000,1533.000000,3177.000000
3015.000000,5199.000000,2997.000000,5610.000000
1485.000000,5089.000000,1677.000000,5106.000000
3850.000000,1308.000000,4247.000000,1559.000000
2872.000000,163.000000,3172.000000,327.000000
1447.000000,3392.000000,1405.000000,3678.000000
4130.000000,1941.000000,4257.000000,2229.000000
2122.000000,2146.000000,2021.000000,2350.000000
3186.000000,396.000000,3357.000000,743.000000
2998.000000,1378.000000,3160.000000,1537.000000
4905.000000,1633.000000,4878.000000,1718.000000
576.000000,937.000000,735.000000,1088.000000
1196.000000,4448.000000,904.000000,4482.000000
3612.000000,3029.000000,3831.000000,3056.000000
1840.000000,3114.000000,1941.000000,3122.000000
3546.000000,2923.000000,3498.000000,3036.000000
2203.000000,1773.000000,2384.000000,1961.000000
1175.000000,2607.000000,1096.000000,2660.000000
2555.000000,1633.000000,2384.000000,1961.000000
2355.000000,4377.000000,2202.000000,4576.000000
1003.000000,85.000000,1113.000000,294.000000
1234.000000,606.000000,1358.000000,717.000000
1894.000000,2784.000000,2072.000000,2996.000000
4100.000000,3800.000000,4358.000000,4023.000000
4407.000000,5209.000000,4347.000000,5442.000000
1712.000000,5076.000000,1960.000000,5206.000000
587.000000,757.000000,947.000000,856.000000
1389.000000,1725.000000,1775.000000,1875.000000
4374.000000,3760.000000,4564.000000,3819.000000
2029.000000,5565.000000,1296.000000,5668.000000
2658.000000,3573.000000,2786.000000,3933.000000
4814.000000,2455.000000,4697.000000,2532.000000
4389.000000,959.000000,4470.000000,1055.000000
3475.000000,1010.000000,3850.000000,1308.000000
4981.000000,1549.000000,5345.000000,1771.000000
697.000000,3355.000000,714.000000,3665.000000
1280.000000,62.000000,1003.000000,85.000000
4525.000000,3094.000000,4963.000000,3470.000000
691.000000,4840.000000,462.000000,4884.000000
1485.000000,5005.000000,1485.000000,5089.000000
1634.000000,4406.000000,1434.000000,4548.000000
1944.000000,2135.000000,1216.000000,2448.000000
1280.000000,62.000000,1323.000000,524.000000
1184.000000,2388.000000,1175.000000,2607.000000
3619.000000,5679.000000,2555.000000,5681.000000
5406.000000,5416.000000,5639.000000,5565.000000
1827.000000,498.000000,1807.000000,548.000000
1542.000000,245.000000,1827.000000,498.000000
2997.000000,5610.000000,3095.000000,5618.000000
800.000000,4198.000000,498.000000,4437.000000
3092.000000,4526.000000,3587.000000,4586.000000
3845.000000,1487.000000,3934.000000,1728.000000
954.000000,1225.000000,1145.000000,1441.000000
2576.000000,3654.000000,2428.000000,3824.000000
2393.000000,5462.000000,2469.000000,5535.000000
547.000000,2248.000000,474.000000,2669.000000
113.000000,3164.000000,183.000000,3338.000000
4990.000000,5561.000000,5269.000000,5634.000000
4635.000000,318.000000,4472.000000,542.000000
3188.000000,915.000000,3475.000000,1010.000000
5227.000000,4980.000000,4958.000000,5076.000000
3386.000000,2821.000000,3498.000000,3036.000000
2520.000000,4490.000000,2499.000000,4662.000000
954.000000,1225.000000,855.000000,1518.000000
2655.000000,4653.000000,2737.000000,4829.000000
1882.000000,4886.000000,1960.000000,5206.000000
2661.000000,3170.000000,2699.000000,3175.000000
133.000000,1791.000000,155.000000,1894.000000
4600.000000,964.000000,4470.000000,1055.000000
5489.000000,4921.000000,5579.000000,4998.000000
1674.000000,782.000000,1920.000000,905.000000
4303.000000,4135.000000,4058.000000,4436.000000
0.000000,3359.000000,10.000000,4816.000000
4130.000000,1941.000000,4493.000000,2370.000000
3412.000000,5098.000000,3015.000000,5199.000000
2657.000000,5179.000000,2212.000000,5287.000000
3238.000000,2576.000000,3043.000000,2857.000000
5346.000000,2903.000000,5245.000000,3119.000000
4493.000000,2370.000000,4697.000000,2532.000000
313.000000,989.000000,458.000000,1198.000000
5150.000000,4353.000000,4860.000000,4496.000000
155.000000,1894.000000,106.000000,2181.000000
5605.000000,1982.000000,5640.000000,2879.000000
4520.000000,480.000000,4596.000000,567.000000
1184.000000,2388.000000,1096.000000,2660.000000
4112.000000,238.000000,4124.000000,332.000000
3226.000000,2284.000000,3591.000000,2361.000000
3495.000000,3926.000000,3909.000000,4255.000000
1756.000000,2842.000000,1533.000000,3177.000000
178.000000,430.000000,484.000000,467.000000
208.000000,4970.000000,528.000000,5149.000000
2784.000000,1503.000000,2764.000000,1774.000000
2570.000000,1258.000000,2096.000000,1375.000000
4276.000000,5258.000000,4347.000000,5442.000000
3627.000000,82.000000,3710.000000,132.000000
3961.000000,471.000000,4141.000000,761.000000
838.000000,179.000000,1113.000000,294.000000
5088.000000,4767.000000,4856.000000,4849.000000
2021.000000,2350.000000,1839.000000,2357.000000
2985.000000,3813.000000,2805.000000,4063.000000
4954.000000,426.000000,5428.000000,740.000000
837.000000,2045.000000,996.000000,2144.000000
4061.000000,5596.000000,3858.000000,5633.000000
2269.000000,2234.000000,2075.000000,2372.000000
32.000000,12.000000,2233.000000,13.000000
106.000000,2181.000000,340.000000,2344.000000
3396.000000,5213.000000,3617.000000,5227.000000
4286.000000,4578.000000,4107.000000,4605.000000
5661.000000,5456.000000,5639.000000,5565.000000
2205.000000,3409.000000,2163.000000,3413.000000
3026.000000,2866.000000,3058.000000,3091.000000
3792.000000,4238.000000,3587.000000,4586.000000
2447.000000,5280.000000,2469.000000,5535.000000
3085.000000,1814.000000,3034.000000,2041.000000
4947.000000,176.000000,4954.000000,426.000000
3160.000000,1537.000000,3283.000000,1619.000000
4551.000000,5614.000000,4666.000000,5693.000000
4860.000000,4496.000000,4894.000000,4783.000000
2872.000000,163.000000,2986.000000,435.000000
5378.000000,30.000000,5428.000000,740.000000
4283.000000,621.000000,4270.000000,797.000000
528.000000,5149.000000,311.000000,5518.000000
4624.000000,1417.000000,4897.000000,1457.000000
183.000000,3338.000000,697.000000,3355.000000
474.000000,2669.000000,207.000000,2851.000000
4057.000000,5246.000000,3693.000000,5283.000000
3458.000000,5614.000000,3619.000000,5679.000000
800.000000,4198.000000,904.000000,4482.000000
1759.000000,2611.000000,1096.000000,2660.000000
3136.000000,1247.000000,3454.000000,1820.000000
498.000000,4437.000000,691.000000,4840.000000
4214.000000,1247.000000,3850.000000,1308.000000
5645.000000,838.000000,5486.000000,1334.000000
524.000000,3957.000000,380.000000,4188.000000
4860.000000,4496.000000,4595.000000,4894.000000
5630.000000,4101.000000,5681.000000,5629.000000
4679.000000,2628.000000,4366.000000,2900.000000
5378.000000,30.000000,3627.000000,82.000000
838.000000,179.000000,964.000000,323.000000
1894.000000,2784.000000,1941.000000,3122.000000
866.000000,3185.000000,1309.000000,3188.000000
5336.000000,1588.000000,5372.000000,1769.000000
3142.000000,1228.000000,2977.000000,1399.000000
2158.000000,5298.000000,2324.000000,5699.000000
2587.000000,2473.000000,2598.000000,2523.000000
458.000000,1198.000000,568.000000,1455.000000
3438.000000,3431.000000,3366.000000,3789.000000
1983.000000,1441.000000,1920.000000,1886.000000
90.000000,4856.000000,40.000000,5630.000000
5088.000000,4767.000000,4894.000000,4783.000000
4541.000000,1703.000000,4663.000000,1948.000000
2233.000000,13.000000,2643.000000,91.000000
471.000000,635.000000,536.000000,765.000000
2630.000000,4763.000000,2737.000000,4829.000000
1131.000000,958.000000,954.000000,1008.000000
2658.000000,3573.000000,2576.000000,3654.000000
5645.000000,838.000000,5681.000000,5629.000000
1628.000000,3959.000000,1795.000000,4162.000000
4141.000000,761.000000,4202.000000,809.000000
3034.000000,2041.000000,3226.000000,2284.000000
944.000000,2009.000000,837.000000,2045.000000
2428.000000,3824.000000,2295.000000,4152.000000
2295.000000,4152.000000,2355.000000,4377.000000
4259.000000,2703.000000,4249.000000,2744.000000
759.000000,4851.000000,654.000000,4867.000000
10.000000,4816.000000,90.000000,4856.000000
3278.000000,4752.000000,3701.000000,4878.000000
3831.000000,3056.000000,4156.000000,3378.000000
178.000000,430.000000,8.000000,446.000000
1929.000000,1331.000000,1941.000000,1337.000000
8.000000,446.000000,133.000000,1791.000000
3795.000000,1863.000000,3749.000000,1866.000000
5147.000000,1163.000000,5486.000000,1334.000000
69.000000,737.000000,536.000000,765.000000
8.000000,446.000000,111.000000,1910.000000
2062.000000,3652.000000,1628.000000,3959.000000
474.000000,2669.000000,738.000000,3102.000000
5630.000000,4101.000000,5530.000000,4414.000000
1096.000000,2660.000000,474.000000,2669.000000
222.000000,1465.000000,247.000000,1749.000000
2091.000000,727.000000,2341.000000,872.000000
4107.000000,4605.000000,4038.000000,4684.000000
5054.000000,875.000000,5147.000000,1163.000000
1485.000000,5089.000000,1554.000000,5296.000000
4303.000000,4135.000000,4248.000000,4471.000000
1216.000000,3549.000000,1795.000000,4162.000000
5295.000000,3930.000000,5138.000000,3979.000000
69.000000,438.000000,8.000000,446.000000
4550.000000,5446.000000,4435.000000,5536.000000
4061.000000,5596.000000,3619.000000,5679.000000
1323.000000,524.000000,1533.000000,839.000000
704.000000,1737.000000,247.000000,1749.000000
3401.000000,2951.000000,3058.000000,3091.000000
4816.000000,2648.000000,5245.000000,3119.000000
4624.000000,1417.000000,4608.000000,1723.000000
1880.000000,438.000000,1827.000000,498.000000
4945.000000,3178.000000,4963.000000,3470.000000
1756.000000,2842.000000,1737.000000,3604.000000
2812.000000,4761.000000,2865.000000,4769.000000
2336.000000,886.000000,2570.000000,1258.000000
3186.000000,396.000000,3961.000000,471.000000
4598.000000,4964.000000,4534.000000,5020.000000
4878.000000,1718.000000,4868.000000,1740.000000
4079.000000,2719.000000,4366.000000,2900.000000
4595.000000,4894.000000,4598.000000,4964.000000
1983.000000,1441.000000,2372.000000,1541.000000
1447.000000,3392.000000,1737.000000,3604.000000
2643.000000,91.000000,2336.000000,149.000000
2073.000000,2702.000000,2072.000000,2996.000000
2120.000000,725.000000,2091.000000,727.000000
1941.000000,1337.000000,1983.000000,1441.000000
4081.000000,2431.000000,4259.000000,2703.000000
5054.000000,875.000000,5005.000000,1243.000000
4754.000000,5322.000000,4666.000000,5693.000000
3430.000000,1165.000000,3142.000000,1228.000000
838.000000,179.000000,220.000000,242.000000
2372.000000,1541.000000,1920.000000,1886.000000
996.000000,4927.000000,909.000000,4960.000000
778.000000,4592.000000,753.000000,4761.000000
3226.000000,2284.000000,3238.000000,2576.000000
1151.000000,3401.000000,714.000000,3665.000000
4791.000000,156.000000,4635.000000,318.000000
1280.000000,62.000000,1508.000000,218.000000
1309.000000,3188.000000,1447.000000,3392.000000
1145.000000,1441.000000,1389.000000,1725.000000
498.000000,4437.000000,10.000000,4816.000000
3672.000000,1720.000000,3446.000000,1908.000000
1754.000000,3625.000000,1405.000000,3678.000000
2252.000000,3017.000000,1941.000000,3122.000000
4817.000000,556.000000,4596.000000,567.000000
4691.000000,5296.000000,4550.000000,5446.000000
402.000000,3009.000000,183.000000,3338.000000
1766.000000,700.000000,1920.000000,905.000000
4905.000000,1633.000000,4868.000000,1740.000000
4608.000000,1723.000000,4663.000000,1948.000000
4162.000000,4933.000000,4057.000000,5246.000000
4004.000000,1829.000000,4017.000000,2149.000000
4058.000000,4436.000000,4107.000000,4605.000000
4791.000000,156.000000,4947.000000,176.000000
1941.000000,3122.000000,1773.000000,3305.000000
4112.000000,238.000000,3961.000000,471.000000
1795.000000,4162.000000,1902.000000,4375.000000
1149.000000,4799.000000,996.000000,4927.000000
1407.000000,4940.000000,1712.000000,5076.000000
5640.000000,2879.000000,5649.000000,3365.000000
944.000000,2009.000000,1184.000000,2388.000000
4057.000000,5246.000000,4276.000000,5258.000000
4954.000000,426.000000,4817.000000,556.000000
4815.000000,5183.000000,4564.000000,5199.000000
1894.000000,2784.000000,1756.000000,2842.000000
5630.000000,4101.000000,5627.000000,4211.000000
3202.000000,477.000000,3357.000000,743.000000
4771.000000,2224.000000,4861.000000,2431.000000
5639.000000,5565.000000,5681.000000,5678.000000
5596.000000,3904.000000,5630.000000,4101.000000
90.000000,4856.000000,220.000000,5275.000000
3540.000000,5424.000000,3458.000000,5614.000000
5458.000000,3214.000000,5298.000000,3495.000000
1759.000000,2611.000000,1756.000000,2842.000000
2784.000000,1503.000000,2679.000000,1635.000000
3696.000000,4422.000000,3841.000000,4462.000000
3069.000000,3191.000000,2920.000000,3439.000000
1145.000000,1441.000000,855.000000,1518.000000
2688.000000,1683.000000,2384.000000,1961.000000
4366.000000,2900.000000,4408.000000,3138.000000
996.000000,4927.000000,880.000000,5023.000000
4359.000000,4735.000000,4598.000000,4964.000000
4608.000000,1723.000000,4868.000000,1740.000000
3085.000000,1814.000000,2954.000000,1927.000000
5595.000000,4574.000000,5548.000000,4944.000000
4745.000000,2371.000000,4861.000000,2431.000000
3850.000000,1308.000000,4102.000000,1905.000000
3058.000000,3091.000000,3140.000000,3217.000000
5645.000000,838.000000,5605.000000,1982.000000
4402.000000,4939.000000,4353.000000,4942.000000
3623.000000,670.000000,3536.000000,673.000000
5595.000000,4574.000000,5661.000000,5456.000000
3170.000000,4635.000000,3412.000000,5098.000000
5019.000000,3368.000000,4963.000000,3470.000000
4498.000000,1371.000000,4537.000000,1599.000000
1902.000000,4375.000000,2202.000000,4576.000000
2372.000000,1541.000000,2679.000000,1635.000000
5245.000000,3119.000000,5020.000000,3459.000000
2428.000000,2511.000000,2598.000000,2523.000000
5595.000000,4574.000000,5681.000000,5629.000000
2672.000000,513.000000,3357.000000,743.000000
1104.000000,4231.000000,1342.000000,4484.000000
40.000000,5630.000000,109.000000,5678.000000
4440.000000,1612.000000,4541.000000,1703.000000
823.000000,4562.000000,840.000000,4686.000000
3459.000000,3904.000000,3495.000000,3926.000000
1447.000000,3392.000000,1239.000000,3548.000000
3188.000000,915.000000,3430.000000,1165.000000
3085.000000,1814.000000,3446.000000,1908.000000
4112.000000,238.000000,4071.000000,333.000000
3591.000000,2361.000000,3561.000000,2678.000000
5378.000000,1782.000000,5605.000000,1982.000000
4537.000000,1599.000000,4541.000000,1703.000000
4691.000000,5296.000000,4682.000000,5359.000000
3386.000000,2821.000000,3546.000000,2923.000000
3861.000000,5492.000000,3858.000000,5633.000000
2384.000000,1961.000000,2403.000000,2185.000000
151.000000,928.000000,176.000000,945.000000
3726.000000,3524.000000,3459.000000,3904.000000
4402.000000,4939.000000,4598.000000,4964.000000
3386.000000,2821.000000,3401.000000,2951.000000
1882.000000,4886.000000,1712.000000,5076.000000
1392.000000,2935.000000,1308.000000,3101.000000
1920.000000,1886.000000,2384.000000,1961.000000
1296.000000,5668.000000,2324.000000,5699.000000
1508.000000,218.000000,1542.000000,245.000000
5347.000000,2229.000000,5576.000000,2258.000000
4791.000000,156.000000,4817.000000,556.000000
3589.000000,2178.000000,3690.000000,2299.000000
2570.000000,1258.000000,2372.000000,1541.000000
2355.000000,4377.000000,2300.000000,4390.000000
220.000000,242.000000,484.000000,467.000000
254.000000,4174.000000,380.000000,4188.000000
624.000000,4884.000000,727.000000,5034.000000
207.000000,2851.000000,225.000000,2997.000000
1902.000000,4375.000000,1720.000000,4473.000000
1775.000000,1875.000000,1920.000000,1886.000000
4276.000000,5258.000000,4264.000000,5449.000000
904.000000,4482.000000,840.000000,4686.000000
4440.000000,4555.000000,4359.000000,4735.000000
1342.000000,4484.000000,1315.000000,4501.000000
1216.000000,3549.000000,1628.000000,3959.000000
3944.000000,664.000000,4202.000000,809.000000
5026.000000,5362.000000,5406.000000,5416.000000
1447.000000,3392.000000,1151.000000,3401.000000
5269.000000,5634.000000,4666.000000,5693.000000
1795.000000,4162.000000,1720.000000,4473.000000
5649.000000,3365.000000,5474.000000,3548.000000
5312.000000,3121.000000,5487.000000,3184.000000
2845.000000,822.000000,3188.000000,915.000000
2655.000000,4653.000000,2812.000000,4761.000000
1880.000000,438.000000,2091.000000,727.000000
841.000000,3972.000000,800.000000,4198.000000
254.000000,4174.000000,498.000000,4437.000000
841.000000,3972.000000,1104.000000,4231.000000
4951.000000,3261.000000,5019.000000,3368.000000
5304.000000,1343.000000,4981.000000,1549.000000
4248.000000,4471.000000,4472.000000,4518.000000
691.000000,4840.000000,654.000000,4867.000000
3412.000000,5098.000000,3301.000000,5291.000000
2798.000000,1060.000000,2710.000000,1312.000000
124.000000,2751.000000,225.000000,2997.000000
5020.000000,3459.000000,5310.000000,3731.000000
4504.000000,3564.000000,4374.000000,3760.000000
4334.000000,3337.000000,4504.000000,3564.000000
4157.000000,4971.000000,4276.000000,5258.000000
3672.000000,1720.000000,3795.000000,1863.000000
1389.000000,1725.000000,1944.000000,2135.000000
3690.000000,2299.000000,4148.000000,2376.000000
1795.000000,4162.000000,1634.000000,4406.000000
1485.000000,5005.000000,1677.000000,5106.000000
5187.000000,4549.000000,5278.000000,4658.000000
3627.000000,82.000000,3186.000000,396.000000
4334.000000,3337.000000,4374.000000,3760.000000
1837.000000,3424.000000,1754.000000,3625.000000
3142.000000,1228.000000,2710.000000,1312.000000
3934.000000,1728.000000,3795.000000,1863.000000
2202.000000,4576.000000,2212.000000,5287.000000
4247.000000,1559.000000,4541.000000,1703.000000
2764.000000,1774.000000,2954.000000,1927.000000
1131.000000,958.000000,1164.000000,1275.000000
2555.000000,1633.000000,2688.000000,1683.000000
5033.000000,5154.000000,4952.000000,5313.000000
352.000000,936.000000,176.000000,945.000000
2233.000000,13.000000,1781.000000,31.000000
4952.000000,5313.000000,4990.000000,5561.000000
377.000000,2258.000000,474.000000,2669.000000
3430.000000,1165.000000,3850.000000,1308.000000
3909.000000,4255.000000,4058.000000,4436.000000
5227.000000,4980.000000,5061.000000,5078.000000
5618.000000,5182.000000,5661.000000,5456.000000
4257.000000,2229.000000,4148.000000,2376.000000
2355.000000,4377.000000,2520.000000,4490.000000
114.000000,3377.000000,1.000000,3418.000000
5138.000000,3979.000000,5630.000000,4101.000000
5489.000000,4921.000000,5548.000000,4944.000000
4981.000000,1549.000000,4905.000000,1633.000000
2252.000000,3017.000000,2260.000000,3104.000000
5408.000000,1001.000000,5486.000000,1334.000000
4868.000000,1740.000000,4771.000000,2224.000000
1840.000000,3114.000000,1773.000000,3305.000000
4071.000000,333.000000,4176.000000,579.000000
2202.000000,4576.000000,2630.000000,4763.000000
1.000000,3418.000000,666.000000,3580.000000
2062.000000,3546.000000,2576.000000,3654.000000
1149.000000,4799.000000,1280.000000,4812.000000
4981.000000,1549.000000,4879.000000,1589.000000
2688.000000,1683.000000,2638.000000,1895.000000
484.000000,467.000000,471.000000,635.000000
5623.000000,3690.000000,5630.000000,4101.000000
254.000000,4174.000000,10.000000,4816.000000
1766.000000,700.000000,1726.000000,710.000000
5088.000000,4767.000000,5227.000000,4980.000000
5178.000000,2196.000000,5530.000000,2631.000000
247.000000,1749.000000,106.000000,2181.000000
1323.000000,524.000000,1358.000000,717.000000
5571.000000,3351.000000,5649.000000,3365.000000
2073.000000,2702.000000,2661.000000,3170.000000
2672.000000,513.000000,3188.000000,915.000000
520.000000,4949.000000,528.000000,5149.000000
5428.000000,740.000000,5341.000000,974.000000
1145.000000,1441.000000,1252.000000,1500.000000
32.000000,12.000000,1003.000000,85.000000
2857.000000,2172.000000,2598.000000,2523.000000
3617.000000,5227.000000,3693.000000,5283.000000
4257.000000,2229.000000,3690.000000,2299.000000
3412.000000,5098.000000,3671.000000,5100.000000
4682.000000,5359.000000,4666.000000,5693.000000
4598.000000,4964.000000,4564.000000,5199.000000
2372.000000,1541.000000,2517.000000,1597.000000
4435.000000,5536.000000,4551.000000,5614.000000
5571.000000,3351.000000,5474.000000,3548.000000
3256.000000,3769.000000,3358.000000,4028.000000
4951.000000,3261.000000,4954.000000,3322.000000
524.000000,3957.000000,800.000000,4198.000000
5406.000000,5416.000000,5269.000000,5634.000000
4004.000000,1829.000000,3795.000000,1863.000000
3357.000000,743.000000,3560.000000,772.000000
1323.000000,524.000000,1234.000000,606.000000
3710.000000,132.000000,4112.000000,238.000000
1110.000000,5039.000000,1485.000000,5089.000000
5336.000000,1588.000000,5345.000000,1771.000000
5374.000000,5282.000000,5661.000000,5456.000000
5623.000000,3690.000000,5380.000000,3870.000000
2672.000000,513.000000,2653.000000,524.000000
124.000000,2751.000000,207.000000,2851.000000
65.000000,4167.000000,10.000000,4816.000000
897.000000,2076.000000,996.000000,2144.000000
313.000000,989.000000,398.000000,1079.000000
2260.000000,3104.000000,2375.000000,3155.000000
5245.000000,3119.000000,4945.000000,3178.000000
176.000000,945.000000,313.000000,989.000000
1902.000000,4375.000000,1407.000000,4940.000000
4332.000000,4778.000000,4353.000000,4942.000000
2233.000000,13.000000,2336.000000,149.000000
2589.000000,5420.000000,2469.000000,5535.000000
5408.000000,1001.000000,5147.000000,1163.000000
5150.000000,4353.000000,5530.000000,4414.000000
5486.000000,1334.000000,5372.000000,1769.000000
2403.000000,2185.000000,2682.000000,2284.000000
3301.000000,5291.000000,3540.000000,5424.000000
2372.000000,1541.000000,2384.000000,1961.000000
3160.000000,1537.000000,3085.000000,1814.000000
4564.000000,3819.000000,5138.000000,3979.000000
2137.000000,5221.000000,2027.000000,5265.000000
2072.000000,2996.000000,1941.000000,3122.000000
3589.000000,2178.000000,3226.000000,2284.000000
1489.000000,3531.000000,1405.000000,3678.000000
3188.000000,915.000000,3142.000000,1228.000000
1944.000000,2135.000000,2122.000000,2146.000000
1881.000000,505.000000,1807.000000,548.000000
4860.000000,4496.000000,5187.000000,4549.000000
2233.000000,13.000000,5378.000000,30.000000
3909.000000,4255.000000,3841.000000,4462.000000
5106.000000,961.000000,5147.000000,1163.000000
5005.000000,1243.000000,5304.000000,1343.000000
1280.000000,62.000000,1517.000000,144.000000
2158.000000,5298.000000,2393.000000,5462.000000
1184.000000,2388.000000,1216.000000,2448.000000
5576.000000,2258.000000,5530.000000,2631.000000
4504.000000,3564.000000,4564.000000,3819.000000
4128.000000,2643.000000,4079.000000,2719.000000
3043.000000,2857.000000,3058.000000,3091.000000
3256.000000,3769.000000,3220.000000,4177.000000
5020.000000,3459.000000,4564.000000,3819.000000
2202.000000,4576.000000,2499.000000,4662.000000
124.000000,2751.000000,56.000000,3296.000000
498.000000,4437.000000,778.000000,4592.000000
1269.000000,3988.000000,1434.000000,4548.000000
4470.000000,1055.000000,4498.000000,1371.000000
4868.000000,1740.000000,4663.000000,1948.000000
4257.000000,2229.000000,4319.000000,2315.000000
4130.000000,1941.000000,4663.000000,1948.000000
2699.000000,3175.000000,2696.000000,3259.000000
2653.000000,524.000000,2845.000000,822.000000
4353.000000,4942.000000,4157.000000,4971.000000
654.000000,4867.000000,727.000000,5034.000000
4550.000000,5446.000000,4453.000000,5535.000000
2657.000000,5179.000000,2589.000000,5420.000000
1216.000000,3549.000000,1078.000000,3857.000000
1542.000000,245.000000,1323.000000,524.000000
3301.000000,5291.000000,3095.000000,5618.000000
155.000000,1894.000000,111.000000,1910.000000
4909.000000,4120.000000,5150.000000,4353.000000
4079.000000,2719.000000,3873.000000,2957.000000
3690.000000,2299.000000,3790.000000,2556.000000
5489.000000,4921.000000,5374.000000,5282.000000
4407.000000,5209.000000,4276.000000,5258.000000
654.000000,4867.000000,624.000000,4884.000000
1517.000000,144.000000,1542.000000,245.000000
2002.000000,4369.000000,2202.000000,4576.000000
3749.000000,1866.000000,3589.000000,2178.000000
895.000000,309.000000,1234.000000,606.000000
4353.000000,4942.000000,4276.000000,5258.000000
498.000000,4437.000000,842.000000,4501.000000
2341.000000,872.000000,2375.000000,886.000000
3412.000000,5098.000000,3617.000000,5227.000000
1131.000000,958.000000,1929.000000,1331.000000
4214.000000,1247.000000,4357.000000,1519.000000
3546.000000,2923.000000,3612.000000,3029.000000
1223.000000,4940.000000,1110.000000,5039.000000
4472.000000,4518.000000,4440.000000,4555.000000
2081.000000,971.000000,2096.000000,1375.000000
2653.000000,524.000000,2455.000000,541.000000
2122.000000,2146.000000,2403.000000,2185.000000
2447.000000,5280.000000,2589.000000,5420.000000
4952.000000,5313.000000,5026.000000,5362.000000
4249.000000,2744.000000,4366.000000,2900.000000
4107.000000,4605.000000,4332.000000,4778.000000
2570.000000,1258.000000,2784.000000,1503.000000
4202.000000,809.000000,3967.000000,826.000000
4079.000000,2719.000000,4249.000000,2744.000000
1.000000,3418.000000,254.000000,4174.000000
5088.000000,4767.000000,4958.000000,5076.000000
4058.000000,4436.000000,3848.000000,4736.000000
1759.000000,2611.000000,2073.000000,2702.000000
3495.000000,3926.000000,3792.000000,4238.000000
1759.000000,2611.000000,1894.000000,2784.000000
247.000000,1749.000000,996.000000,2144.000000
5278.000000,4658.000000,5489.000000,4921.000000
8.000000,446.000000,89.000000,1311.000000
1881.000000,505.000000,2091.000000,727.000000
2857.000000,2172.000000,2682.000000,2284.000000
3731.000000,1621.000000,3672.000000,1720.000000
5595.000000,4574.000000,5579.000000,4998.000000
4464.000000,146.000000,4154.000000,247.000000
2075.000000,2372.000000,2073.000000,2702.000000
208.000000,4970.000000,220.000000,5275.000000
1944.000000,2135.000000,2021.000000,2350.000000
2233.000000,13.000000,2455.000000,541.000000
1542.000000,245.000000,1533.000000,839.000000
2252.000000,3017.000000,2375.000000,3155.000000
697.000000,3355.000000,666.000000,3580.000000
3358.000000,4028.000000,3792.000000,4238.000000
2570.000000,1258.000000,2710.000000,1312.000000
2336.000000,886.000000,2081.000000,971.000000
4697.000000,2532.000000,4679.000000,2628.000000
3693.000000,5283.000000,3861.000000,5492.000000
2488.000000,3787.000000,2786.000000,3933.000000
4402.000000,2575.000000,4679.000000,2628.000000
5627.000000,4211.000000,5681.000000,5629.000000
2488.000000,3787.000000,2428.000000,3824.000000
3358.000000,4028.000000,3220.000000,4177.000000
377.000000,2258.000000,340.000000,2344.000000
5640.000000,2879.000000,5487.000000,3184.000000
5386.000000,5626.000000,5269.000000,5634.000000
5061.000000,5078.000000,5260.000000,5145.000000
4679.000000,2628.000000,4816.000000,2648.000000
1223.000000,4940.000000,1407.000000,4940.000000
2737.000000,4829.000000,2657.000000,5179.000000
2212.000000,5287.000000,2158.000000,5298.000000
462.000000,4884.000000,208.000000,4970.000000
1389.000000,1725.000000,1184.000000,2388.000000
5341.000000,974.000000,5408.000000,1001.000000
3710.000000,132.000000,3186.000000,396.000000
2682.000000,2284.000000,2598.000000,2523.000000
2998.000000,1378.000000,2977.000000,1399.000000
1184.000000,4380.000000,1315.000000,4501.000000
2805.000000,4063.000000,3092.000000,4526.000000
5579.000000,4998.000000,5620.000000,5116.000000
1712.000000,5076.000000,1554.000000,5296.000000
3170.000000,4635.000000,3278.000000,4752.000000
4057.000000,5246.000000,4264.000000,5449.000000
1407.000000,4940.000000,1110.000000,5039.000000
4332.000000,4778.000000,4402.000000,4939.000000
3412.000000,5098.000000,3396.000000,5213.000000
1937.000000,4151.000000,2295.000000,4152.000000
996.000000,2144.000000,547.000000,2248.000000
4816.000000,2648.000000,4788.000000,2919.000000
1781.000000,31.000000,1610.000000,96.000000
1697.000000,1167.000000,1941.000000,1337.000000
2336.000000,149.000000,2672.000000,513.000000
32.000000,12.000000,69.000000,438.000000
4937.000000,2901.000000,4788.000000,2919.000000
666.000000,3580.000000,714.000000,3665.000000
4440.000000,4555.000000,4286.000000,4578.000000
2073.000000,2702.000000,1894.000000,2784.000000
1308.000000,3101.000000,866.000000,3185.000000
5489.000000,4921.000000,5618.000000,5182.000000
124.000000,2751.000000,0.000000,3359.000000
3893.000000,2881.000000,3873.000000,2957.000000
3561.000000,2678.000000,3612.000000,3029.000000
4498.000000,1371.000000,4357.000000,1519.000000
4682.000000,5359.000000,4551.000000,5614.000000
4403.000000,692.000000,4270.000000,797.000000
1674.000000,782.000000,1697.000000,1167.000000
1208.000000,5698.000000,2324.000000,5699.000000
2233.000000,13.000000,3627.000000,82.000000
1252.000000,1500.000000,1389.000000,1725.000000
5150.000000,4353.000000,5278.000000,4658.000000
4542.000000,1141.000000,4498.000000,1371.000000
524.000000,3957.000000,254.000000,4174.000000
5486.000000,1334.000000,5304.000000,1343.000000
4319.000000,2315.000000,4148.000000,2376.000000
5620.000000,5116.000000,5618.000000,5182.000000
4319.000000,2315.000000,4259.000000,2703.000000
2027.000000,5265.000000,1296.000000,5668.000000
3357.000000,743.000000,3475.000000,1010.000000
3540.000000,5424.000000,3401.000000,5515.000000
3627.000000,82.000000,4464.000000,146.000000
1827.000000,498.000000,1726.000000,710.000000
3301.000000,5291.000000,3401.000000,5515.000000
3690.000000,2110.000000,4017.000000,2149.000000
964.000000,323.000000,1234.000000,606.000000
4128.000000,2643.000000,3893.000000,2881.000000
895.000000,309.000000,947.000000,856.000000
2416.000000,3457.000000,2172.000000,3541.000000
5661.000000,5456.000000,5681.000000,5629.000000
1827.000000,498.000000,1881.000000,505.000000
840.000000,4686.000000,996.000000,4927.000000
5627.000000,4211.000000,5530.000000,4414.000000
3386.000000,2821.000000,3043.000000,2857.000000
1929.000000,1331.000000,1775.000000,1875.000000
3848.000000,4736.000000,4162.000000,4933.000000
2062.000000,3546.000000,2428.000000,3824.000000
84.000000,4766.000000,691.000000,4840.000000
84.000000,4766.000000,10.000000,4816.000000
4374.000000,3760.000000,4100.000000,3800.000000
1929.000000,1331.000000,1920.000000,1886.000000
380.000000,4188.000000,551.000000,4357.000000
5406.000000,5416.000000,4990.000000,5561.000000
3475.000000,1010.000000,3430.000000,1165.000000
2718.000000,4402.000000,3092.000000,4526.000000
4264.000000,5449.000000,4435.000000,5536.000000
4745.000000,2371.000000,4814.000000,2455.000000
4788.000000,2919.000000,4525.000000,3094.000000
2336.000000,886.000000,2096.000000,1375.000000
4472.000000,542.000000,4479.000000,619.000000
4004.000000,1829.000000,4130.000000,1941.000000
340.000000,2344.000000,474.000000,2669.000000
4162.000000,4933.000000,4353.000000,4942.000000
2658.000000,3573.000000,2985.000000,3813.000000
5178.000000,2196.000000,4861.000000,2431.000000
4958.000000,5076.000000,5061.000000,5078.000000
3961.000000,471.000000,4176.000000,579.000000
2805.000000,4063.000000,2718.000000,4402.000000
4270.000000,797.000000,4600.000000,964.000000
4435.000000,5536.000000,4666.000000,5693.000000
220.000000,242.000000,69.000000,438.000000
1405.000000,3678.000000,1628.000000,3959.000000
2072.000000,2996.000000,2252.000000,3017.000000
3412.000000,634.000000,3623.000000,670.000000
3690.000000,2110.000000,3589.000000,2178.000000
1634.000000,4406.000000,1720.000000,4473.000000
2696.000000,3259.000000,2658.000000,3573.000000
4814.000000,2455.000000,4816.000000,2648.000000
3430.000000,1165.000000,3136.000000,1247.000000
3358.000000,4028.000000,3092.000000,4526.000000
5486.000000,1334.000000,5336.000000,1588.000000
