POINTS
2598.000000,0.000000
4180.000000,4.000000
1577.000000,5.000000
3922.000000,7.000000
5742.000000,19.000000
2586.000000,37.000000
2342.000000,44.000000
4779.000000,47.000000
1990.000000,51.000000
3217.000000,51.000000
392.000000,54.000000
2393.000000,57.000000
38.000000,59.000000
892.000000,69.000000
407.000000,90.000000
31.000000,94.000000
875.000000,102.000000
724.000000,104.000000
5676.000000,108.000000
1356.000000,131.000000
2329.000000,137.000000
872.000000,145.000000
4839.000000,158.000000
3624.000000,160.000000
3780.000000,171.000000
193.000000,182.000000
2303.000000,194.000000
4045.000000,227.000000
358.000000,264.000000
3337.000000,265.000000
4545.000000,277.000000
4490.000000,291.000000
4984.000000,309.000000
5670.000000,341.000000
126.000000,345.000000
5615.000000,350.000000
2025.000000,358.000000
4499.000000,359.000000
2121.000000,361.000000
4645.000000,371.000000
5197.000000,372.000000
2424.000000,397.000000
5213.000000,414.000000
1422.000000,417.000000
3984.000000,424.000000
4882.000000,440.000000
4671.000000,448.000000
615.000000,468.000000
3135.000000,471.000000
5402.000000,480.000000
3337.000000,486.000000
3190.000000,490.000000
6.000000,506.000000
5507.000000,512.000000
5011.000000,513.000000
4684.000000,527.000000
645.000000,539.000000
5584.000000,540.000000
5593.000000,543.000000
682.000000,558.000000
5194.000000,569.000000
4431.000000,575.000000
763.000000,579.000000
4177.000000,589.000000
4678.000000,599.000000
3876.000000,600.000000
3370.000000,611.000000
1569.000000,618.000000
2578.000000,623.000000
5637.000000,642.000000
1646.000000,650.000000
2050.000000,671.000000
850.000000,678.000000
1122.000000,688.000000
4176.000000,694.000000
1092.000000,699.000000
1188.000000,702.000000
3005.000000,723.000000
4299.000000,728.000000
2016.000000,734.000000
4166.000000,736.000000
160.000000,739.000000
4109.000000,745.000000
4572.000000,757.000000
5717.000000,761.000000
3025.000000,762.000000
4541.000000,773.000000
609.000000,775.000000
626.000000,782.000000
3657.000000,796.000000
4197.000000,811.000000
3085.000000,822.000000
182.000000,825.000000
3772.000000,825.000000
694.000000,837.000000
2975.000000,850.000000
3315.000000,853.000000
405.000000,880.000000
2345.000000,889.000000
2197.000000,894.000000
4474.000000,899.000000
2767.000000,900.000000
607.000000,903.000000
3585.000000,913.000000
689.000000,914.000000
1779.000000,920.000000
4780.000000,920.000000
4028.000000,921.000000
4788.000000,923.000000
536.000000,951.000000
433.000000,961.000000
1249.000000,963.000000
1045.000000,969.000000
5567.000000,974.000000
377.000000,975.000000
1742.000000,980.000000
5607.000000,988.000000
5298.000000,1005.000000
1260.000000,1021.000000
4209.000000,1030.000000
3510.000000,1034.000000
3976.000000,1044.000000
5333.000000,1044.000000
5567.000000,1049.000000
446.000000,1070.000000
1161.000000,1075.000000
2171.000000,1087.000000
3802.000000,1101.000000
4957.000000,1123.000000
162.000000,1131.000000
1140.000000,1138.000000
5051.000000,1178.000000
4469.000000,1205.000000
2733.000000,1216.000000
2595.000000,1218.000000
1066.000000,1225.000000
1285.000000,1231.000000
5250.000000,1236.000000
4474.000000,1248.000000
5771.000000,1261.000000
3431.000000,1285.000000
3949.000000,1293.000000
3414.000000,1304.000000
1821.000000,1310.000000
1296.000000,1320.000000
2630.000000,1351.000000
3108.000000,1378.000000
5752.000000,1380.000000
935.000000,1391.000000
1938.000000,1394.000000
4505.000000,1400.000000
514.000000,1415.000000
5262.000000,1418.000000
831.000000,1437.000000
3361.000000,1449.000000
55.000000,1488.000000
2670.000000,1497.000000
1791.000000,1502.000000
4636.000000,1503.000000
1101.000000,1510.000000
4939.000000,1535.000000
2209.000000,1540.000000
2381.000000,1551.000000
2707.000000,1608.000000
3643.000000,1613.000000
4642.000000,1617.000000
1779.000000,1628.000000
3921.000000,1632.000000
4461.000000,1633.000000
1956.000000,1638.000000
3349.000000,1645.000000
692.000000,1653.000000
1431.000000,1667.000000
3262.000000,1668.000000
4368.000000,1681.000000
2189.000000,1687.000000
4382.000000,1690.000000
3480.000000,1693.000000
711.000000,1697.000000
4950.000000,1714.000000
358.000000,1726.000000
1189.000000,1727.000000
3924.000000,1727.000000
3711.000000,1731.000000
1919.000000,1740.000000
4907.000000,1743.000000
1659.000000,1746.000000
5152.000000,1746.000000
5429.000000,1746.000000
1511.000000,1747.000000
2782.000000,1752.000000
3921.000000,1754.000000
3177.000000,1761.000000
3162.000000,1765.000000
4175.000000,1765.000000
4659.000000,1781.000000
3988.000000,1790.000000
3283.000000,1795.000000
5017.000000,1817.000000
911.000000,1838.000000
3986.000000,1861.000000
1415.000000,1867.000000
4168.000000,1881.000000
5199.000000,1888.000000
5666.000000,1931.000000
2139.000000,1932.000000
3470.000000,1942.000000
2170.000000,1949.000000
3871.000000,1972.000000
3821.000000,1973.000000
5624.000000,1976.000000
965.000000,2003.000000
2565.000000,2008.000000
4296.000000,2013.000000
3099.000000,2032.000000
4118.000000,2036.000000
731.000000,2059.000000
1535.000000,2061.000000
2681.000000,2066.000000
628.000000,2067.000000
3215.000000,2067.000000
5040.000000,2067.000000
793.000000,2122.000000
4149.000000,2146.000000
3898.000000,2148.000000
4783.000000,2157.000000
1449.000000,2159.000000
2996.000000,2160.000000
2318.000000,2162.000000
5371.000000,2162.000000
5552.000000,2173.000000
4286.000000,2198.000000
5181.000000,2203.000000
5105.000000,2238.000000
3741.000000,2245.000000
2076.000000,2265.000000
1264.000000,2304.000000
3908.000000,2308.000000
5489.000000,2308.000000
1976.000000,2317.000000
1131.000000,2338.000000
4475.000000,2338.000000
2968.000000,2341.000000
808.000000,2352.000000
715.000000,2362.000000
2021.000000,2362.000000
8.000000,2376.000000
2024.000000,2376.000000
3170.000000,2398.000000
635.000000,2403.000000
5120.000000,2411.000000
4690.000000,2434.000000
2163.000000,2439.000000
1179.000000,2460.000000
2424.000000,2487.000000
238.000000,2492.000000
4263.000000,2524.000000
1237.000000,2525.000000
4122.000000,2527.000000
1422.000000,2532.000000
29.000000,2534.000000
1681.000000,2559.000000
3360.000000,2566.000000
4235.000000,2570.000000
4948.000000,2571.000000
1358.000000,2589.000000
4082.000000,2607.000000
9.000000,2608.000000
468.000000,2618.000000
769.000000,2643.000000
3231.000000,2675.000000
3479.000000,2687.000000
2530.000000,2697.000000
2926.000000,2719.000000
4525.000000,2721.000000
5436.000000,2732.000000
913.000000,2782.000000
3593.000000,2795.000000
2876.000000,2802.000000
670.000000,2808.000000
375.000000,2812.000000
3795.000000,2812.000000
5671.000000,2827.000000
3409.000000,2837.000000
18.000000,2851.000000
1198.000000,2865.000000
2088.000000,2885.000000
3438.000000,2894.000000
5452.000000,2895.000000
1592.000000,2897.000000
4073.000000,2899.000000
2430.000000,2900.000000
2153.000000,2932.000000
2416.000000,2945.000000
706.000000,2953.000000
4379.000000,2963.000000
1638.000000,2984.000000
2381.000000,2987.000000
183.000000,2991.000000
573.000000,2993.000000
3231.000000,3002.000000
4012.000000,3007.000000
5484.000000,3007.000000
4324.000000,3010.000000
1390.000000,3013.000000
38.000000,3020.000000
271.000000,3053.000000
1029.000000,3064.000000
1494.000000,3065.000000
4849.000000,3072.000000
1849.000000,3100.000000
39.000000,3124.000000
5126.000000,3132.000000
3085.000000,3135.000000
512.000000,3155.000000
3616.000000,3160.000000
2524.000000,3162.000000
2135.000000,3163.000000
1488.000000,3166.000000
4655.000000,3173.000000
4149.000000,3199.000000
559.000000,3200.000000
1438.000000,3204.000000
35.000000,3214.000000
1386.000000,3218.000000
629.000000,3221.000000
3492.000000,3245.000000
4241.000000,3247.000000
5375.000000,3249.000000
3148.000000,3260.000000
2678.000000,3261.000000
1610.000000,3275.000000
2147.000000,3279.000000
4403.000000,3291.000000
5111.000000,3294.000000
2287.000000,3301.000000
2899.000000,3307.000000
192.000000,3314.000000
3504.000000,3364.000000
2330.000000,3368.000000
5229.000000,3399.000000
5217.000000,3415.000000
4201.000000,3430.000000
3301.000000,3431.000000
5617.000000,3437.000000
1113.000000,3445.000000
1241.000000,3456.000000
5037.000000,3461.000000
585.000000,3467.000000
2269.000000,3493.000000
1767.000000,3496.000000
5411.000000,3503.000000
5447.000000,3506.000000
4224.000000,3514.000000
5522.000000,3519.000000
27.000000,3524.000000
5702.000000,3557.000000
2498.000000,3570.000000
4680.000000,3570.000000
5605.000000,3571.000000
3890.000000,3573.000000
902.000000,3581.000000
4642.000000,3588.000000
3604.000000,3596.000000
1580.000000,3609.000000
2098.000000,3609.000000
3751.000000,3610.000000
1083.000000,3611.000000
46.000000,3614.000000
1419.000000,3627.000000
2944.000000,3629.000000
115.000000,3634.000000
2705.000000,3647.000000
465.000000,3670.000000
4868.000000,3675.000000
3960.000000,3688.000000
2125.000000,3718.000000
4084.000000,3743.000000
4476.000000,3745.000000
3818.000000,3767.000000
1114.000000,3777.000000
3924.000000,3783.000000
4702.000000,3803.000000
1981.000000,3808.000000
2282.000000,3810.000000
2257.000000,3815.000000
4774.000000,3835.000000
1544.000000,3840.000000
3449.000000,3848.000000
290.000000,3863.000000
3657.000000,3878.000000
5777.000000,3885.000000
597.000000,3901.000000
4624.000000,3902.000000
4170.000000,3924.000000
807.000000,3927.000000
3620.000000,3932.000000
5362.000000,3946.000000
5148.000000,3971.000000
5690.000000,3971.000000
2256.000000,3995.000000
3451.000000,4009.000000
4252.000000,4012.000000
2459.000000,4013.000000
322.000000,4028.000000
5033.000000,4029.000000
4159.000000,4037.000000
4523.000000,4050.000000
301.000000,4061.000000
3051.000000,4062.000000
4541.000000,4063.000000
1738.000000,4069.000000
4722.000000,4089.000000
4110.000000,4090.000000
2818.000000,4106.000000
3462.000000,4109.000000
477.000000,4125.000000
3867.000000,4139.000000
620.000000,4142.000000
5697.000000,4143.000000
4890.000000,4150.000000
5004.000000,4155.000000
3406.000000,4163.000000
5144.000000,4164.000000
3739.000000,4195.000000
5037.000000,4196.000000
2179.000000,4206.000000
843.000000,4209.000000
4637.000000,4218.000000
352.000000,4227.000000
3297.000000,4236.000000
1932.000000,4238.000000
1167.000000,4259.000000
69.000000,4266.000000
2478.000000,4271.000000
3248.000000,4297.000000
3933.000000,4300.000000
1187.000000,4316.000000
1533.000000,4317.000000
2638.000000,4319.000000
4842.000000,4321.000000
424.000000,4331.000000
2512.000000,4333.000000
1999.000000,4335.000000
24.000000,4353.000000
5204.000000,4357.000000
2917.000000,4365.000000
1749.000000,4386.000000
3251.000000,4386.000000
1271.000000,4405.000000
4792.000000,4416.000000
676.000000,4425.000000
4146.000000,4442.000000
3040.000000,4458.000000
312.000000,4470.000000
2381.000000,4473.000000
5316.000000,4474.000000
1666.000000,4479.000000
211.000000,4484.000000
865.000000,4494.000000
301.000000,4514.000000
427.000000,4520.000000
971.000000,4523.000000
5438.000000,4557.000000
3904.000000,4558.000000
4734.000000,4560.000000
4250.000000,4567.000000
920.000000,4573.000000
3955.000000,4589.000000
3759.000000,4590.000000
1503.000000,4602.000000
4375.000000,4625.000000
2173.000000,4627.000000
621.000000,4644.000000
4569.000000,4649.000000
4477.000000,4658.000000
2671.000000,4674.000000
4381.000000,4676.000000
5132.000000,4676.000000
3361.000000,4691.000000
208.000000,4693.000000
3274.000000,4699.000000
750.000000,4711.000000
4462.000000,4729.000000
4660.000000,4738.000000
3877.000000,4750.000000
5479.000000,4781.000000
670.000000,4793.000000
4996.000000,4793.000000
419.000000,4803.000000
175.000000,4806.000000
4435.000000,4813.000000
2220.000000,4825.000000
3543.000000,4827.000000
749.000000,4834.000000
3763.000000,4895.000000
1469.000000,4906.000000
1165.000000,4912.000000
997.000000,4919.000000
794.000000,4929.000000
2841.000000,4936.000000
2906.000000,4948.000000
1822.000000,4950.000000
5366.000000,4956.000000
265.000000,4966.000000
1687.000000,4969.000000
4243.000000,4983.000000
2194.000000,4987.000000
5086.000000,4993.000000
363.000000,4994.000000
2057.000000,4997.000000
257.000000,5009.000000
2733.000000,5017.000000
114.000000,5027.000000
3267.000000,5057.000000
3327.000000,5061.000000
1064.000000,5079.000000
1812.000000,5089.000000
4641.000000,5093.000000
4694.000000,5097.000000
2654.000000,5117.000000
2649.000000,5123.000000
5597.000000,5125.000000
5181.000000,5150.000000
474.000000,5189.000000
5376.000000,5195.000000
151.000000,5209.000000
1578.000000,5209.000000
1715.000000,5238.000000
4995.000000,5239.000000
3179.000000,5278.000000
5444.000000,5293.000000
4035.000000,5299.000000
1016.000000,5312.000000
334.000000,5331.000000
1798.000000,5340.000000
4465.000000,5343.000000
1893.000000,5355.000000
5072.000000,5385.000000
2680.000000,5387.000000
4754.000000,5403.000000
4946.000000,5403.000000
53.000000,5408.000000
5211.000000,5432.000000
1705.000000,5433.000000
612.000000,5447.000000
4057.000000,5487.000000
43.000000,5491.000000
5004.000000,5500.000000
3605.000000,5513.000000
5512.000000,5514.000000
4143.000000,5516.000000
2012.000000,5521.000000
5114.000000,5534.000000
1699.000000,5538.000000
1289.000000,5556.000000
1684.000000,5574.000000
3216.000000,5582.000000
5542.000000,5595.000000
1960.000000,5599.000000
2978.000000,5599.000000
3940.000000,5610.000000
4977.000000,5620.000000
2874.000000,5638.000000
1147.000000,5639.000000
2523.000000,5651.000000
1031.000000,5669.000000
5239.000000,5670.000000
389.000000,5674.000000
2069.000000,5677.000000
3285.000000,5693.000000
4501.000000,5696.000000
3757.000000,5705.000000
2946.000000,5708.000000
1587.000000,5722.000000
5237.000000,5751.000000
1125.000000,5770.000000
5212.000000,5777.000000
LINES
1066.000000,1225.000000,1101.000000,1510.000000
4235.000000,2570.000000,4525.000000,2721.000000
2841.000000,4936.000000,2906.000000,4948.000000
2654.000000,5117.000000,2649.000000,5123.000000
3955.000000,4589.000000,3877.000000,4750.000000
3871.000000,1972.000000,4149.000000,2146.000000
971.000000,4523.000000,997.000000,4919.000000
2179.000000,4206.000000,2512.000000,4333.000000
5411.000000,3503.000000,5447.000000,3506.000000
4474.000000,899.000000,4780.000000,920.000000
5181.000000,5150.000000,5211.000000,5432.000000
4754.000000,5403.000000,5004.000000,5500.000000
3751.000000,3610.000000,3449.000000,3848.000000
3215.000000,2067.000000,3898.000000,2148.000000
4375.000000,4625.000000,4381.000000,4676.000000
9.000000,2608.000000,18.000000,2851.000000
620.000000,4142.000000,843.000000,4209.000000
1592.000000,2897.000000,1638.000000,2984.000000
4045.000000,227.000000,4490.000000,291.000000
4057.000000,5487.000000,3605.000000,5513.000000
694.000000,837.000000,689.000000,914.000000
3504.000000,3364.000000,3449.000000,3848.000000
3543.000000,4827.000000,3216.000000,5582.000000
609.000000,775.000000,607.000000,903.000000
3251.000000,4386.000000,3040.000000,4458.000000
1422.000000,2532.000000,1358.000000,2589.000000
5237.000000,5751.000000,5212.000000,5777.000000
2381.000000,1551.000000,2565.000000,2008.000000
3898.000000,2148.000000,3741.000000,2245.000000
1893.000000,5355.000000,1960.000000,5599.000000
3005.000000,723.000000,3025.000000,762.000000
4645.000000,371.000000,4684.000000,527.000000
2069.000000,5677.000000,1125.000000,5770.000000
24.000000,4353.000000,43.000000,5491.000000
3040.000000,4458.000000,2671.000000,4674.000000
621.000000,4644.000000,670.000000,4793.000000
2179.000000,4206.000000,2478.000000,4271.000000
5152.000000,1746.000000,5199.000000,1888.000000
4296.000000,2013.000000,4118.000000,2036.000000
2021.000000,2362.000000,2163.000000,2439.000000
175.000000,4806.000000,265.000000,4966.000000
5371.000000,2162.000000,5181.000000,2203.000000
2818.000000,4106.000000,2917.000000,4365.000000
24.000000,4353.000000,114.000000,5027.000000
2170.000000,1949.000000,1976.000000,2317.000000
1431.000000,1667.000000,1189.000000,1727.000000
301.000000,4061.000000,69.000000,4266.000000
4057.000000,5487.000000,3757.000000,5705.000000
43.000000,5491.000000,389.000000,5674.000000
3759.000000,4590.000000,3877.000000,4750.000000
352.000000,4227.000000,312.000000,4470.000000
5037.000000,4196.000000,5204.000000,4357.000000
211.000000,4484.000000,301.000000,4514.000000
2269.000000,3493.000000,2705.000000,3647.000000
670.000000,4793.000000,749.000000,4834.000000
4324.000000,3010.000000,4403.000000,3291.000000
4045.000000,227.000000,3984.000000,424.000000
2733.000000,1216.000000,3108.000000,1378.000000
1271.000000,4405.000000,1469.000000,4906.000000
4461.000000,1633.000000,4168.000000,1881.000000
585.000000,3467.000000,465.000000,3670.000000
1438.000000,3204.000000,1386.000000,3218.000000
2671.000000,4674.000000,2194.000000,4987.000000
4523.000000,4050.000000,4541.000000,4063.000000
3871.000000,1972.000000,3898.000000,2148.000000
711.000000,1697.000000,731.000000,2059.000000
192.000000,3314.000000,27.000000,3524.000000
5666.000000,1931.000000,5624.000000,1976.000000
2678.000000,3261.000000,2330.000000,3368.000000
4201.000000,3430.000000,4224.000000,3514.000000
31.000000,94.000000,126.000000,345.000000
4624.000000,3902.000000,4523.000000,4050.000000
997.000000,4919.000000,1064.000000,5079.000000
182.000000,825.000000,162.000000,1131.000000
4461.000000,1633.000000,4382.000000,1690.000000
4368.000000,1681.000000,4382.000000,1690.000000
3148.000000,3260.000000,3301.000000,3431.000000
352.000000,4227.000000,424.000000,4331.000000
2681.000000,2066.000000,2530.000000,2697.000000
689.000000,914.000000,935.000000,1391.000000
2256.000000,3995.000000,1932.000000,4238.000000
1271.000000,4405.000000,997.000000,4919.000000
3741.000000,2245.000000,3360.000000,2566.000000
2088.000000,2885.000000,2135.000000,3163.000000
3337.000000,486.000000,3657.000000,796.000000
3370.000000,611.000000,3657.000000,796.000000
4780.000000,920.000000,4788.000000,923.000000
3772.000000,825.000000,3585.000000,913.000000
1469.000000,4906.000000,1578.000000,5209.000000
9.000000,2608.000000,375.000000,2812.000000
872.000000,145.000000,645.000000,539.000000
935.000000,1391.000000,1101.000000,1510.000000
3327.000000,5061.000000,3216.000000,5582.000000
4159.000000,4037.000000,4110.000000,4090.000000
5199.000000,1888.000000,5040.000000,2067.000000
3585.000000,913.000000,3802.000000,1101.000000
3462.000000,4109.000000,3406.000000,4163.000000
4690.000000,2434.000000,4948.000000,2571.000000
4224.000000,3514.000000,4476.000000,3745.000000
1738.000000,4069.000000,1749.000000,4386.000000
4250.000000,4567.000000,4375.000000,4625.000000
670.000000,2808.000000,706.000000,2953.000000
1610.000000,3275.000000,2287.000000,3301.000000
5507.000000,512.000000,5593.000000,543.000000
2012.000000,5521.000000,2069.000000,5677.000000
5037.000000,3461.000000,4868.000000,3675.000000
301.000000,4514.000000,621.000000,4644.000000
4734.000000,4560.000000,4660.000000,4738.000000
4403.000000,3291.000000,4201.000000,3430.000000
3772.000000,825.000000,3802.000000,1101.000000
2170.000000,1949.000000,2318.000000,2162.000000
4241.000000,3247.000000,4201.000000,3430.000000
1390.000000,3013.000000,1386.000000,3218.000000
363.000000,4994.000000,1016.000000,5312.000000
1715.000000,5238.000000,1798.000000,5340.000000
3876.000000,600.000000,3657.000000,796.000000
3876.000000,600.000000,4166.000000,736.000000
24.000000,4353.000000,53.000000,5408.000000
2381.000000,1551.000000,2139.000000,1932.000000
5607.000000,988.000000,5567.000000,1049.000000
419.000000,4803.000000,363.000000,4994.000000
3215.000000,2067.000000,3360.000000,2566.000000
3751.000000,3610.000000,3818.000000,3767.000000
2598.000000,0.000000,2393.000000,57.000000
4684.000000,527.000000,4678.000000,599.000000
1415.000000,1867.000000,1131.000000,2338.000000
724.000000,104.000000,872.000000,145.000000
2512.000000,4333.000000,1999.000000,4335.000000
2269.000000,3493.000000,2498.000000,3570.000000
3711.000000,1731.000000,3898.000000,2148.000000
3984.000000,424.000000,4177.000000,589.000000
626.000000,782.000000,694.000000,837.000000
3620.000000,3932.000000,3867.000000,4139.000000
1189.000000,1727.000000,1415.000000,1867.000000
3890.000000,3573.000000,4084.000000,3743.000000
1569.000000,618.000000,1122.000000,688.000000
4792.000000,4416.000000,4477.000000,4658.000000
1938.000000,1394.000000,1779.000000,1628.000000
3510.000000,1034.000000,3414.000000,1304.000000
3876.000000,600.000000,4109.000000,745.000000
3739.000000,4195.000000,3904.000000,4558.000000
620.000000,4142.000000,352.000000,4227.000000
3504.000000,3364.000000,3301.000000,3431.000000
2681.000000,2066.000000,2876.000000,2802.000000
3933.000000,4300.000000,4146.000000,4442.000000
2638.000000,4319.000000,2381.000000,4473.000000
1687.000000,4969.000000,1578.000000,5209.000000
4950.000000,1714.000000,4907.000000,1743.000000
645.000000,539.000000,1122.000000,688.000000
711.000000,1697.000000,358.000000,1726.000000
2135.000000,3163.000000,2287.000000,3301.000000
2345.000000,889.000000,2767.000000,900.000000
5666.000000,1931.000000,5671.000000,2827.000000
424.000000,4331.000000,621.000000,4644.000000
392.000000,54.000000,892.000000,69.000000
3821.000000,1973.000000,3898.000000,2148.000000
5316.000000,4474.000000,5438.000000,4557.000000
1092.000000,699.000000,609.000000,775.000000
3867.000000,4139.000000,3739.000000,4195.000000
35.000000,3214.000000,27.000000,3524.000000
238.000000,2492.000000,468.000000,2618.000000
5375.000000,3249.000000,5447.000000,3506.000000
5615.000000,350.000000,5507.000000,512.000000
3924.000000,1727.000000,3988.000000,1790.000000
2782.000000,1752.000000,2996.000000,2160.000000
1569.000000,618.000000,1188.000000,702.000000
2654.000000,5117.000000,2978.000000,5599.000000
2430.000000,2900.000000,2381.000000,2987.000000
2282.000000,3810.000000,2257.000000,3815.000000
3908.000000,2308.000000,3479.000000,2687.000000
5181.000000,5150.000000,4946.000000,5403.000000
27.000000,3524.000000,115.000000,3634.000000
4469.000000,1205.000000,4474.000000,1248.000000
2287.000000,3301.000000,2098.000000,3609.000000
2424.000000,2487.000000,2381.000000,2987.000000
4461.000000,1633.000000,4659.000000,1781.000000
2318.000000,2162.000000,2021.000000,2362.000000
2523.000000,5651.000000,2069.000000,5677.000000
3605.000000,5513.000000,3216.000000,5582.000000
477.000000,4125.000000,352.000000,4227.000000
1358.000000,2589.000000,1198.000000,2865.000000
3741.000000,2245.000000,3479.000000,2687.000000
4197.000000,811.000000,4474.000000,899.000000
971.000000,4523.000000,749.000000,4834.000000
2194.000000,4987.000000,2057.000000,4997.000000
676.000000,4425.000000,865.000000,4494.000000
2197.000000,894.000000,2171.000000,1087.000000
3108.000000,1378.000000,3262.000000,1668.000000
2649.000000,5123.000000,2680.000000,5387.000000
3739.000000,4195.000000,3933.000000,4300.000000
31.000000,94.000000,6.000000,506.000000
2671.000000,4674.000000,3274.000000,4699.000000
2530.000000,2697.000000,2416.000000,2945.000000
1812.000000,5089.000000,1798.000000,5340.000000
3216.000000,5582.000000,2978.000000,5599.000000
4149.000000,3199.000000,3890.000000,3573.000000
1092.000000,699.000000,1045.000000,969.000000
3624.000000,160.000000,3337.000000,486.000000
5617.000000,3437.000000,5702.000000,3557.000000
5111.000000,3294.000000,5229.000000,3399.000000
2638.000000,4319.000000,2671.000000,4674.000000
2256.000000,3995.000000,2459.000000,4013.000000
3904.000000,4558.000000,3759.000000,4590.000000
4073.000000,2899.000000,4012.000000,3007.000000
892.000000,69.000000,1356.000000,131.000000
1092.000000,699.000000,1188.000000,702.000000
2578.000000,623.000000,2345.000000,889.000000
5181.000000,2203.000000,5120.000000,2411.000000
3283.000000,1795.000000,3470.000000,1942.000000
1390.000000,3013.000000,1494.000000,3065.000000
5132.000000,4676.000000,5086.000000,4993.000000
2996.000000,2160.000000,2968.000000,2341.000000
2025.000000,358.000000,1646.000000,650.000000
5194.000000,569.000000,5250.000000,1236.000000
208.000000,4693.000000,175.000000,4806.000000
3349.000000,1645.000000,3480.000000,1693.000000
4012.000000,3007.000000,4324.000000,3010.000000
1260.000000,1021.000000,1140.000000,1138.000000
4035.000000,5299.000000,4057.000000,5487.000000
4957.000000,1123.000000,4636.000000,1503.000000
3327.000000,5061.000000,3179.000000,5278.000000
2671.000000,4674.000000,2733.000000,5017.000000
913.000000,2782.000000,706.000000,2953.000000
3449.000000,3848.000000,3451.000000,4009.000000
3005.000000,723.000000,3085.000000,822.000000
301.000000,4514.000000,419.000000,4803.000000
612.000000,5447.000000,389.000000,5674.000000
2329.000000,137.000000,2303.000000,194.000000
585.000000,3467.000000,597.000000,3901.000000
2874.000000,5638.000000,2946.000000,5708.000000
2595.000000,1218.000000,2381.000000,1551.000000
4250.000000,4567.000000,3955.000000,4589.000000
5429.000000,1746.000000,5624.000000,1976.000000
5438.000000,4557.000000,5132.000000,4676.000000
3051.000000,4062.000000,2917.000000,4365.000000
1189.000000,1727.000000,911.000000,1838.000000
1587.000000,5722.000000,1125.000000,5770.000000
27.000000,3524.000000,465.000000,3670.000000
3025.000000,762.000000,2975.000000,850.000000
1488.000000,3166.000000,1438.000000,3204.000000
5126.000000,3132.000000,5111.000000,3294.000000
911.000000,1838.000000,1415.000000,1867.000000
607.000000,903.000000,689.000000,914.000000
5615.000000,350.000000,5402.000000,480.000000
4149.000000,2146.000000,4286.000000,2198.000000
115.000000,3634.000000,290.000000,3863.000000
5593.000000,543.000000,5637.000000,642.000000
3406.000000,4163.000000,3251.000000,4386.000000
4754.000000,5403.000000,4946.000000,5403.000000
3921.000000,1632.000000,3711.000000,1731.000000
5702.000000,3557.000000,5605.000000,3571.000000
3585.000000,913.000000,3510.000000,1034.000000
621.000000,4644.000000,419.000000,4803.000000
831.000000,1437.000000,692.000000,1653.000000
4109.000000,745.000000,4028.000000,921.000000
1535.000000,2061.000000,1449.000000,2159.000000
4475.000000,2338.000000,4525.000000,2721.000000
3624.000000,160.000000,3780.000000,171.000000
3274.000000,4699.000000,3327.000000,5061.000000
3479.000000,2687.000000,3438.000000,2894.000000
3480.000000,1693.000000,3283.000000,1795.000000
4381.000000,4676.000000,4243.000000,4983.000000
4082.000000,2607.000000,4073.000000,2899.000000
3449.000000,3848.000000,3620.000000,3932.000000
4690.000000,2434.000000,4849.000000,3072.000000
1390.000000,3013.000000,1488.000000,3166.000000
4523.000000,4050.000000,4462.000000,4729.000000
1592.000000,2897.000000,1494.000000,3065.000000
2946.000000,5708.000000,1125.000000,5770.000000
3470.000000,1942.000000,3898.000000,2148.000000
1438.000000,3204.000000,1610.000000,3275.000000
1684.000000,5574.000000,1587.000000,5722.000000
2121.000000,361.000000,2424.000000,397.000000
363.000000,4994.000000,1064.000000,5079.000000
4525.000000,2721.000000,4324.000000,3010.000000
18.000000,2851.000000,27.000000,3524.000000
3924.000000,3783.000000,4170.000000,3924.000000
4792.000000,4416.000000,4734.000000,4560.000000
238.000000,2492.000000,29.000000,2534.000000
5120.000000,2411.000000,5436.000000,2732.000000
2681.000000,2066.000000,2968.000000,2341.000000
3933.000000,4300.000000,3904.000000,4558.000000
706.000000,2953.000000,512.000000,3155.000000
322.000000,4028.000000,301.000000,4061.000000
358.000000,1726.000000,731.000000,2059.000000
3162.000000,1765.000000,3283.000000,1795.000000
2194.000000,4987.000000,1812.000000,5089.000000
4146.000000,4442.000000,4375.000000,4625.000000
1767.000000,3496.000000,2098.000000,3609.000000
5376.000000,5195.000000,5211.000000,5432.000000
5144.000000,4164.000000,5204.000000,4357.000000
1356.000000,131.000000,872.000000,145.000000
5697.000000,4143.000000,5597.000000,5125.000000
2220.000000,4825.000000,2194.000000,4987.000000
3349.000000,1645.000000,3283.000000,1795.000000
477.000000,4125.000000,620.000000,4142.000000
3248.000000,4297.000000,3251.000000,4386.000000
1767.000000,3496.000000,1580.000000,3609.000000
5702.000000,3557.000000,5777.000000,3885.000000
4624.000000,3902.000000,4722.000000,4089.000000
1469.000000,4906.000000,1687.000000,4969.000000
2874.000000,5638.000000,2523.000000,5651.000000
4177.000000,589.000000,4176.000000,694.000000
35.000000,3214.000000,192.000000,3314.000000
358.000000,264.000000,615.000000,468.000000
3215.000000,2067.000000,3170.000000,2398.000000
731.000000,2059.000000,793.000000,2122.000000
763.000000,579.000000,1092.000000,699.000000
872.000000,145.000000,1422.000000,417.000000
3871.000000,1972.000000,3821.000000,1973.000000
3251.000000,4386.000000,3274.000000,4699.000000
4263.000000,2524.000000,4122.000000,2527.000000
3624.000000,160.000000,3337.000000,265.000000
2978.000000,5599.000000,3285.000000,5693.000000
3262.000000,1668.000000,3283.000000,1795.000000
5676.000000,108.000000,5213.000000,414.000000
1260.000000,1021.000000,1161.000000,1075.000000
4950.000000,1714.000000,5017.000000,1817.000000
5607.000000,988.000000,5771.000000,1261.000000
5479.000000,4781.000000,5366.000000,4956.000000
2638.000000,4319.000000,2512.000000,4333.000000
4286.000000,2198.000000,4122.000000,2527.000000
706.000000,2953.000000,1386.000000,3218.000000
4636.000000,1503.000000,4368.000000,1681.000000
2345.000000,889.000000,2381.000000,1551.000000
4849.000000,3072.000000,5037.000000,3461.000000
1742.000000,980.000000,1260.000000,1021.000000
5040.000000,2067.000000,5181.000000,2203.000000
3480.000000,1693.000000,3711.000000,1731.000000
2342.000000,44.000000,1990.000000,51.000000
3231.000000,3002.000000,3085.000000,3135.000000
3190.000000,490.000000,3005.000000,723.000000
5489.000000,2308.000000,5120.000000,2411.000000
4209.000000,1030.000000,4469.000000,1205.000000
4774.000000,3835.000000,5148.000000,3971.000000
18.000000,2851.000000,183.000000,2991.000000
4299.000000,728.000000,4474.000000,899.000000
645.000000,539.000000,763.000000,579.000000
5375.000000,3249.000000,5411.000000,3503.000000
2342.000000,44.000000,2393.000000,57.000000
3301.000000,3431.000000,3449.000000,3848.000000
2680.000000,5387.000000,2978.000000,5599.000000
3780.000000,171.000000,3876.000000,600.000000
3449.000000,3848.000000,3657.000000,3878.000000
424.000000,4331.000000,676.000000,4425.000000
3231.000000,2675.000000,2926.000000,2719.000000
4774.000000,3835.000000,4722.000000,4089.000000
1687.000000,4969.000000,1715.000000,5238.000000
5584.000000,540.000000,5194.000000,569.000000
4655.000000,3173.000000,4403.000000,3291.000000
5670.000000,341.000000,5593.000000,543.000000
1569.000000,618.000000,1249.000000,963.000000
670.000000,4793.000000,794.000000,4929.000000
5777.000000,3885.000000,5542.000000,5595.000000
1083.000000,3611.000000,1114.000000,3777.000000
4431.000000,575.000000,4176.000000,694.000000
4296.000000,2013.000000,4149.000000,2146.000000
3504.000000,3364.000000,3604.000000,3596.000000
5690.000000,3971.000000,5697.000000,4143.000000
3922.000000,7.000000,3624.000000,160.000000
363.000000,4994.000000,334.000000,5331.000000
4166.000000,736.000000,4109.000000,745.000000
536.000000,951.000000,433.000000,961.000000
3451.000000,4009.000000,3462.000000,4109.000000
5671.000000,2827.000000,5777.000000,3885.000000
183.000000,2991.000000,35.000000,3214.000000
4702.000000,3803.000000,4774.000000,3835.000000
5512.000000,5514.000000,5239.000000,5670.000000
4028.000000,921.000000,3976.000000,1044.000000
3414.000000,1304.000000,3361.000000,1449.000000
2630.000000,1351.000000,2670.000000,1497.000000
2416.000000,2945.000000,2678.000000,3261.000000
38.000000,59.000000,126.000000,345.000000
4655.000000,3173.000000,4642.000000,3588.000000
1956.000000,1638.000000,2189.000000,1687.000000
2705.000000,3647.000000,2282.000000,3810.000000
1699.000000,5538.000000,1684.000000,5574.000000
211.000000,4484.000000,208.000000,4693.000000
2841.000000,4936.000000,2733.000000,5017.000000
2381.000000,4473.000000,2671.000000,4674.000000
1849.000000,3100.000000,2147.000000,3279.000000
3940.000000,5610.000000,3757.000000,5705.000000
4641.000000,5093.000000,4035.000000,5299.000000
5037.000000,4196.000000,4842.000000,4321.000000
5011.000000,513.000000,4678.000000,599.000000
1577.000000,5.000000,1356.000000,131.000000
682.000000,558.000000,763.000000,579.000000
5033.000000,4029.000000,4890.000000,4150.000000
4882.000000,440.000000,4671.000000,448.000000
474.000000,5189.000000,334.000000,5331.000000
1122.000000,688.000000,1188.000000,702.000000
5552.000000,2173.000000,5489.000000,2308.000000
4197.000000,811.000000,4209.000000,1030.000000
1610.000000,3275.000000,2147.000000,3279.000000
4839.000000,158.000000,4490.000000,291.000000
1237.000000,2525.000000,1198.000000,2865.000000
4734.000000,4560.000000,5132.000000,4676.000000
2016.000000,734.000000,2197.000000,894.000000
3274.000000,4699.000000,3267.000000,5057.000000
4381.000000,4676.000000,3877.000000,4750.000000
3780.000000,171.000000,3337.000000,486.000000
3616.000000,3160.000000,3492.000000,3245.000000
38.000000,3020.000000,39.000000,3124.000000
4868.000000,3675.000000,5148.000000,3971.000000
363.000000,4994.000000,257.000000,5009.000000
160.000000,739.000000,405.000000,880.000000
4572.000000,757.000000,4474.000000,899.000000
1296.000000,1320.000000,1431.000000,1667.000000
920.000000,4573.000000,749.000000,4834.000000
3818.000000,3767.000000,3657.000000,3878.000000
5072.000000,5385.000000,5004.000000,5500.000000
1358.000000,2589.000000,1592.000000,2897.000000
536.000000,951.000000,935.000000,1391.000000
2069.000000,5677.000000,1587.000000,5722.000000
4149.000000,3199.000000,4241.000000,3247.000000
4637.000000,4218.000000,4477.000000,4658.000000
4299.000000,728.000000,4541.000000,773.000000
3283.000000,1795.000000,3215.000000,2067.000000
1779.000000,1628.000000,1919.000000,1740.000000
843.000000,4209.000000,1187.000000,4316.000000
750.000000,4711.000000,670.000000,4793.000000
4659.000000,1781.000000,4783.000000,2157.000000
5211.000000,5432.000000,5004.000000,5500.000000
3924.000000,1727.000000,3921.000000,1754.000000
2782.000000,1752.000000,2565.000000,2008.000000
468.000000,2618.000000,670.000000,2808.000000
5671.000000,2827.000000,5617.000000,3437.000000
2021.000000,2362.000000,2424.000000,2487.000000
4180.000000,4.000000,4045.000000,227.000000
2424.000000,2487.000000,2088.000000,2885.000000
1198.000000,2865.000000,1390.000000,3013.000000
3285.000000,5693.000000,3757.000000,5705.000000
5436.000000,2732.000000,4849.000000,3072.000000
5676.000000,108.000000,5615.000000,350.000000
182.000000,825.000000,55.000000,1488.000000
468.000000,2618.000000,573.000000,2993.000000
5637.000000,642.000000,5607.000000,988.000000
1533.000000,4317.000000,1503.000000,4602.000000
1419.000000,3627.000000,1114.000000,3777.000000
3409.000000,2837.000000,3085.000000,3135.000000
1131.000000,2338.000000,808.000000,2352.000000
5567.000000,1049.000000,5771.000000,1261.000000
4499.000000,359.000000,4177.000000,589.000000
2135.000000,3163.000000,2147.000000,3279.000000
4839.000000,158.000000,4882.000000,440.000000
5211.000000,5432.000000,5239.000000,5670.000000
5671.000000,2827.000000,5452.000000,2895.000000
3099.000000,2032.000000,2996.000000,2160.000000
585.000000,3467.000000,902.000000,3581.000000
1893.000000,5355.000000,2012.000000,5521.000000
3451.000000,4009.000000,2917.000000,4365.000000
1165.000000,4912.000000,1578.000000,5209.000000
55.000000,1488.000000,8.000000,2376.000000
3406.000000,4163.000000,3248.000000,4297.000000
4839.000000,158.000000,4984.000000,309.000000
1742.000000,980.000000,1296.000000,1320.000000
433.000000,961.000000,377.000000,975.000000
5086.000000,4993.000000,5181.000000,5150.000000
2917.000000,4365.000000,3251.000000,4386.000000
4475.000000,2338.000000,4235.000000,2570.000000
2459.000000,4013.000000,2818.000000,4106.000000
4263.000000,2524.000000,4235.000000,2570.000000
1188.000000,702.000000,1249.000000,963.000000
24.000000,4353.000000,211.000000,4484.000000
4168.000000,1881.000000,4296.000000,2013.000000
1932.000000,4238.000000,1999.000000,4335.000000
5742.000000,19.000000,5615.000000,350.000000
419.000000,4803.000000,794.000000,4929.000000
4170.000000,3924.000000,4159.000000,4037.000000
1494.000000,3065.000000,1488.000000,3166.000000
5452.000000,2895.000000,4849.000000,3072.000000
1791.000000,1502.000000,1779.000000,1628.000000
4381.000000,4676.000000,3763.000000,4895.000000
1488.000000,3166.000000,1610.000000,3275.000000
4028.000000,921.000000,3802.000000,1101.000000
2586.000000,37.000000,2329.000000,137.000000
4252.000000,4012.000000,4159.000000,4037.000000
5624.000000,1976.000000,5552.000000,2173.000000
4660.000000,4738.000000,4996.000000,4793.000000
4572.000000,757.000000,4541.000000,773.000000
3877.000000,4750.000000,3763.000000,4895.000000
514.000000,1415.000000,358.000000,1726.000000
4176.000000,694.000000,4474.000000,899.000000
2782.000000,1752.000000,2681.000000,2066.000000
1289.000000,5556.000000,1147.000000,5639.000000
5777.000000,3885.000000,5597.000000,5125.000000
1569.000000,618.000000,1260.000000,1021.000000
238.000000,2492.000000,9.000000,2608.000000
5567.000000,974.000000,5607.000000,988.000000
5120.000000,2411.000000,4948.000000,2571.000000
612.000000,5447.000000,1031.000000,5669.000000
5452.000000,2895.000000,5126.000000,3132.000000
5597.000000,5125.000000,5542.000000,5595.000000
2016.000000,734.000000,1821.000000,1310.000000
363.000000,4994.000000,474.000000,5189.000000
4381.000000,4676.000000,4035.000000,5299.000000
334.000000,5331.000000,389.000000,5674.000000
4250.000000,4567.000000,4381.000000,4676.000000
468.000000,2618.000000,375.000000,2812.000000
4659.000000,1781.000000,4296.000000,2013.000000
3986.000000,1861.000000,4168.000000,1881.000000
4490.000000,291.000000,4499.000000,359.000000
5444.000000,5293.000000,5512.000000,5514.000000
5204.000000,4357.000000,4792.000000,4416.000000
1198.000000,2865.000000,1029.000000,3064.000000
5194.000000,569.000000,5298.000000,1005.000000
3108.000000,1378.000000,2782.000000,1752.000000
5017.000000,1817.000000,5040.000000,2067.000000
2876.000000,2802.000000,2899.000000,3307.000000
4180.000000,4.000000,4779.000000,47.000000
5114.000000,5534.000000,5239.000000,5670.000000
1449.000000,2159.000000,1422.000000,2532.000000
875.000000,102.000000,724.000000,104.000000
5362.000000,3946.000000,5697.000000,4143.000000
4541.000000,773.000000,4474.000000,899.000000
4180.000000,4.000000,5742.000000,19.000000
5298.000000,1005.000000,5567.000000,1049.000000
2678.000000,3261.000000,2498.000000,3570.000000
913.000000,2782.000000,1029.000000,3064.000000
4469.000000,1205.000000,4505.000000,1400.000000
38.000000,3020.000000,35.000000,3214.000000
2345.000000,889.000000,2595.000000,1218.000000
5411.000000,3503.000000,5605.000000,3571.000000
749.000000,4834.000000,794.000000,4929.000000
724.000000,104.000000,615.000000,468.000000
3251.000000,4386.000000,3361.000000,4691.000000
1821.000000,1310.000000,1296.000000,1320.000000
405.000000,880.000000,536.000000,951.000000
1646.000000,650.000000,2016.000000,734.000000
3795.000000,2812.000000,4012.000000,3007.000000
4474.000000,1248.000000,3921.000000,1632.000000
4684.000000,527.000000,4572.000000,757.000000
3361.000000,4691.000000,3274.000000,4699.000000
4431.000000,575.000000,4541.000000,773.000000
3262.000000,1668.000000,3162.000000,1765.000000
645.000000,539.000000,682.000000,558.000000
4636.000000,1503.000000,4939.000000,1535.000000
1422.000000,417.000000,1569.000000,618.000000
4381.000000,4676.000000,4462.000000,4729.000000
794.000000,4929.000000,363.000000,4994.000000
711.000000,1697.000000,911.000000,1838.000000
5037.000000,4196.000000,4792.000000,4416.000000
4465.000000,5343.000000,4501.000000,5696.000000
4779.000000,47.000000,4839.000000,158.000000
175.000000,4806.000000,257.000000,5009.000000
4642.000000,1617.000000,4659.000000,1781.000000
1415.000000,1867.000000,1449.000000,2159.000000
3620.000000,3932.000000,3451.000000,4009.000000
3479.000000,2687.000000,3795.000000,2812.000000
1113.000000,3445.000000,1083.000000,3611.000000
3179.000000,5278.000000,3216.000000,5582.000000
4849.000000,3072.000000,5126.000000,3132.000000
1415.000000,1867.000000,965.000000,2003.000000
4379.000000,2963.000000,4655.000000,3173.000000
5697.000000,4143.000000,5438.000000,4557.000000
5126.000000,3132.000000,5037.000000,3461.000000
4694.000000,5097.000000,4946.000000,5403.000000
4642.000000,3588.000000,4476.000000,3745.000000
468.000000,2618.000000,769.000000,2643.000000
1140.000000,1138.000000,1285.000000,1231.000000
5181.000000,5150.000000,4995.000000,5239.000000
3479.000000,2687.000000,3409.000000,2837.000000
3924.000000,3783.000000,3657.000000,3878.000000
2303.000000,194.000000,2424.000000,397.000000
1821.000000,1310.000000,1659.000000,1746.000000
2926.000000,2719.000000,2876.000000,2802.000000
3040.000000,4458.000000,3274.000000,4699.000000
2944.000000,3629.000000,2818.000000,4106.000000
1533.000000,4317.000000,1749.000000,4386.000000
392.000000,54.000000,407.000000,90.000000
1932.000000,4238.000000,1749.000000,4386.000000
5671.000000,2827.000000,5375.000000,3249.000000
1798.000000,5340.000000,1705.000000,5433.000000
1822.000000,4950.000000,2057.000000,4997.000000
1092.000000,699.000000,626.000000,782.000000
769.000000,2643.000000,913.000000,2782.000000
4678.000000,599.000000,4572.000000,757.000000
1241.000000,3456.000000,1580.000000,3609.000000
2975.000000,850.000000,2733.000000,1216.000000
4642.000000,1617.000000,4461.000000,1633.000000
5148.000000,3971.000000,5033.000000,4029.000000
965.000000,2003.000000,715.000000,2362.000000
2139.000000,1932.000000,1535.000000,2061.000000
5298.000000,1005.000000,5333.000000,1044.000000
2478.000000,4271.000000,2638.000000,4319.000000
902.000000,3581.000000,1114.000000,3777.000000
2125.000000,3718.000000,2257.000000,3815.000000
4461.000000,1633.000000,4296.000000,2013.000000
4296.000000,2013.000000,4286.000000,2198.000000
2680.000000,5387.000000,2874.000000,5638.000000
843.000000,4209.000000,676.000000,4425.000000
4286.000000,2198.000000,4263.000000,2524.000000
2630.000000,1351.000000,2381.000000,1551.000000
4035.000000,5299.000000,4143.000000,5516.000000
4641.000000,5093.000000,4694.000000,5097.000000
3976.000000,1044.000000,4474.000000,1248.000000
1638.000000,2984.000000,1849.000000,3100.000000
4168.000000,1881.000000,4118.000000,2036.000000
4176.000000,694.000000,4299.000000,728.000000
4541.000000,4063.000000,4637.000000,4218.000000
2125.000000,3718.000000,2282.000000,3810.000000
1045.000000,969.000000,935.000000,1391.000000
1165.000000,4912.000000,1016.000000,5312.000000
3099.000000,2032.000000,3215.000000,2067.000000
4996.000000,4793.000000,5086.000000,4993.000000
2524.000000,3162.000000,2330.000000,3368.000000
1147.000000,5639.000000,1031.000000,5669.000000
2050.000000,671.000000,2016.000000,734.000000
1592.000000,2897.000000,1488.000000,3166.000000
1167.000000,4259.000000,1187.000000,4316.000000
4252.000000,4012.000000,4523.000000,4050.000000
628.000000,2067.000000,8.000000,2376.000000
4995.000000,5239.000000,4946.000000,5403.000000
2269.000000,3493.000000,2282.000000,3810.000000
3924.000000,3783.000000,3867.000000,4139.000000
5615.000000,350.000000,5593.000000,543.000000
3543.000000,4827.000000,3763.000000,4895.000000
875.000000,102.000000,872.000000,145.000000
2121.000000,361.000000,2050.000000,671.000000
609.000000,775.000000,694.000000,837.000000
4702.000000,3803.000000,4624.000000,3902.000000
5197.000000,372.000000,5011.000000,513.000000
1438.000000,3204.000000,1241.000000,3456.000000
4882.000000,440.000000,4684.000000,527.000000
2345.000000,889.000000,2171.000000,1087.000000
3301.000000,3431.000000,3051.000000,4062.000000
1237.000000,2525.000000,1358.000000,2589.000000
2012.000000,5521.000000,1960.000000,5599.000000
4082.000000,2607.000000,4525.000000,2721.000000
2171.000000,1087.000000,1821.000000,1310.000000
4690.000000,2434.000000,4525.000000,2721.000000
1469.000000,4906.000000,1165.000000,4912.000000
1449.000000,2159.000000,1264.000000,2304.000000
2975.000000,850.000000,2767.000000,900.000000
301.000000,4061.000000,352.000000,4227.000000
160.000000,739.000000,609.000000,775.000000
512.000000,3155.000000,629.000000,3221.000000
3593.000000,2795.000000,3438.000000,2894.000000
5617.000000,3437.000000,5605.000000,3571.000000
2578.000000,623.000000,3025.000000,762.000000
3451.000000,4009.000000,3297.000000,4236.000000
3605.000000,5513.000000,3757.000000,5705.000000
4110.000000,4090.000000,3933.000000,4300.000000
1705.000000,5433.000000,1289.000000,5556.000000
5298.000000,1005.000000,5250.000000,1236.000000
1638.000000,2984.000000,1488.000000,3166.000000
3921.000000,1632.000000,3924.000000,1727.000000
892.000000,69.000000,872.000000,145.000000
3217.000000,51.000000,2424.000000,397.000000
2430.000000,2900.000000,2416.000000,2945.000000
5194.000000,569.000000,5567.000000,974.000000
3492.000000,3245.000000,3504.000000,3364.000000
114.000000,5027.000000,53.000000,5408.000000
621.000000,4644.000000,750.000000,4711.000000
682.000000,558.000000,609.000000,775.000000
4678.000000,599.000000,4788.000000,923.000000
3751.000000,3610.000000,3960.000000,3688.000000
1976.000000,2317.000000,2021.000000,2362.000000
407.000000,90.000000,724.000000,104.000000
1260.000000,1021.000000,1296.000000,1320.000000
4645.000000,371.000000,4431.000000,575.000000
2147.000000,3279.000000,2287.000000,3301.000000
4012.000000,3007.000000,3616.000000,3160.000000
407.000000,90.000000,193.000000,182.000000
5624.000000,1976.000000,5181.000000,2203.000000
2565.000000,2008.000000,2681.000000,2066.000000
1681.000000,2559.000000,1358.000000,2589.000000
4572.000000,757.000000,4788.000000,923.000000
4368.000000,1681.000000,4175.000000,1765.000000
3604.000000,3596.000000,3449.000000,3848.000000
911.000000,1838.000000,793.000000,2122.000000
18.000000,2851.000000,38.000000,3020.000000
635.000000,2403.000000,468.000000,2618.000000
2841.000000,4936.000000,2654.000000,5117.000000
808.000000,2352.000000,1179.000000,2460.000000
4146.000000,4442.000000,3904.000000,4558.000000
3802.000000,1101.000000,3949.000000,1293.000000
2598.000000,0.000000,1990.000000,51.000000
843.000000,4209.000000,1167.000000,4259.000000
2598.000000,0.000000,3217.000000,51.000000
2287.000000,3301.000000,1767.000000,3496.000000
3955.000000,4589.000000,3759.000000,4590.000000
1569.000000,618.000000,1646.000000,650.000000
2975.000000,850.000000,3414.000000,1304.000000
3976.000000,1044.000000,3802.000000,1101.000000
4788.000000,923.000000,5250.000000,1236.000000
5742.000000,19.000000,4779.000000,47.000000
5194.000000,569.000000,5637.000000,642.000000
5181.000000,2203.000000,5105.000000,2238.000000
3267.000000,5057.000000,3327.000000,5061.000000
5362.000000,3946.000000,5690.000000,3971.000000
4476.000000,3745.000000,4170.000000,3924.000000
609.000000,775.000000,626.000000,782.000000
5086.000000,4993.000000,4694.000000,5097.000000
4541.000000,4063.000000,4722.000000,4089.000000
4569.000000,4649.000000,4435.000000,4813.000000
2209.000000,1540.000000,2381.000000,1551.000000
3451.000000,4009.000000,3406.000000,4163.000000
4224.000000,3514.000000,4084.000000,3743.000000
2478.000000,4271.000000,2512.000000,4333.000000
4375.000000,4625.000000,4462.000000,4729.000000
4525.000000,2721.000000,4379.000000,2963.000000
2565.000000,2008.000000,2318.000000,2162.000000
1791.000000,1502.000000,1659.000000,1746.000000
1981.000000,3808.000000,1738.000000,4069.000000
5132.000000,4676.000000,5366.000000,4956.000000
4403.000000,3291.000000,4642.000000,3588.000000
3170.000000,2398.000000,3360.000000,2566.000000
4474.000000,1248.000000,4505.000000,1400.000000
2256.000000,3995.000000,2179.000000,4206.000000
2876.000000,2802.000000,3085.000000,3135.000000
3262.000000,1668.000000,3177.000000,1761.000000
808.000000,2352.000000,769.000000,2643.000000
3921.000000,1754.000000,3988.000000,1790.000000
3451.000000,4009.000000,3248.000000,4297.000000
192.000000,3314.000000,585.000000,3467.000000
1264.000000,2304.000000,1422.000000,2532.000000
2012.000000,5521.000000,2523.000000,5651.000000
4783.000000,2157.000000,5120.000000,2411.000000
8.000000,2376.000000,29.000000,2534.000000
2256.000000,3995.000000,2478.000000,4271.000000
115.000000,3634.000000,465.000000,3670.000000
1976.000000,2317.000000,1681.000000,2559.000000
1681.000000,2559.000000,1849.000000,3100.000000
2782.000000,1752.000000,3099.000000,2032.000000
629.000000,3221.000000,192.000000,3314.000000
5250.000000,1236.000000,5262.000000,1418.000000
4475.000000,2338.000000,4263.000000,2524.000000
5584.000000,540.000000,5593.000000,543.000000
405.000000,880.000000,377.000000,975.000000
3620.000000,3932.000000,3739.000000,4195.000000
4525.000000,2721.000000,4849.000000,3072.000000
807.000000,3927.000000,843.000000,4209.000000
5742.000000,19.000000,5670.000000,341.000000
446.000000,1070.000000,55.000000,1488.000000
2179.000000,4206.000000,1999.000000,4335.000000
2638.000000,4319.000000,2917.000000,4365.000000
3890.000000,3573.000000,3960.000000,3688.000000
5371.000000,2162.000000,5489.000000,2308.000000
3976.000000,1044.000000,3949.000000,1293.000000
2057.000000,4997.000000,1812.000000,5089.000000
1198.000000,2865.000000,1592.000000,2897.000000
5033.000000,4029.000000,5004.000000,4155.000000
5213.000000,414.000000,5402.000000,480.000000
46.000000,3614.000000,290.000000,3863.000000
3177.000000,1761.000000,3283.000000,1795.000000
5666.000000,1931.000000,5436.000000,2732.000000
114.000000,5027.000000,151.000000,5209.000000
3177.000000,1761.000000,3162.000000,1765.000000
3657.000000,3878.000000,3867.000000,4139.000000
5211.000000,5432.000000,5512.000000,5514.000000
5217.000000,3415.000000,5037.000000,3461.000000
5752.000000,1380.000000,4939.000000,1535.000000
1503.000000,4602.000000,1469.000000,4906.000000
4175.000000,1765.000000,3988.000000,1790.000000
2578.000000,623.000000,2050.000000,671.000000
3085.000000,822.000000,3315.000000,853.000000
3616.000000,3160.000000,3751.000000,3610.000000
1131.000000,2338.000000,1237.000000,2525.000000
4645.000000,371.000000,4176.000000,694.000000
3780.000000,171.000000,3984.000000,424.000000
4792.000000,4416.000000,5132.000000,4676.000000
1045.000000,969.000000,1066.000000,1225.000000
965.000000,2003.000000,1131.000000,2338.000000
1016.000000,5312.000000,1705.000000,5433.000000
405.000000,880.000000,433.000000,961.000000
2025.000000,358.000000,1422.000000,417.000000
69.000000,4266.000000,211.000000,4484.000000
2125.000000,3718.000000,1981.000000,3808.000000
2381.000000,1551.000000,2707.000000,1608.000000
4499.000000,359.000000,4645.000000,371.000000
1822.000000,4950.000000,1687.000000,4969.000000
46.000000,3614.000000,69.000000,4266.000000
6.000000,506.000000,8.000000,2376.000000
4110.000000,4090.000000,4375.000000,4625.000000
3898.000000,2148.000000,3908.000000,2308.000000
4403.000000,3291.000000,4476.000000,3745.000000
3759.000000,4590.000000,3361.000000,4691.000000
5194.000000,569.000000,5567.000000,1049.000000
676.000000,4425.000000,750.000000,4711.000000
4431.000000,575.000000,4572.000000,757.000000
6.000000,506.000000,182.000000,825.000000
5197.000000,372.000000,5213.000000,414.000000
5144.000000,4164.000000,5037.000000,4196.000000
620.000000,4142.000000,424.000000,4331.000000
3135.000000,471.000000,3337.000000,486.000000
5217.000000,3415.000000,5362.000000,3946.000000
3739.000000,4195.000000,3759.000000,4590.000000
3217.000000,51.000000,3135.000000,471.000000
5522.000000,3519.000000,5605.000000,3571.000000
913.000000,2782.000000,1198.000000,2865.000000
5204.000000,4357.000000,5316.000000,4474.000000
2733.000000,5017.000000,2649.000000,5123.000000
4159.000000,4037.000000,3867.000000,4139.000000
4243.000000,4983.000000,4035.000000,5299.000000
4694.000000,5097.000000,4465.000000,5343.000000
670.000000,2808.000000,573.000000,2993.000000
2968.000000,2341.000000,2926.000000,2719.000000
3267.000000,5057.000000,2978.000000,5599.000000
694.000000,837.000000,607.000000,903.000000
5402.000000,480.000000,5507.000000,512.000000
1999.000000,4335.000000,2173.000000,4627.000000
911.000000,1838.000000,965.000000,2003.000000
38.000000,59.000000,407.000000,90.000000
3361.000000,1449.000000,3349.000000,1645.000000
5199.000000,1888.000000,5624.000000,1976.000000
4296.000000,2013.000000,4783.000000,2157.000000
4082.000000,2607.000000,3795.000000,2812.000000
4476.000000,3745.000000,4252.000000,4012.000000
4754.000000,5403.000000,4501.000000,5696.000000
3988.000000,1790.000000,4168.000000,1881.000000
5637.000000,642.000000,5567.000000,974.000000
5666.000000,1931.000000,5777.000000,3885.000000
3215.000000,2067.000000,3741.000000,2245.000000
3231.000000,2675.000000,3409.000000,2837.000000
3285.000000,5693.000000,2946.000000,5708.000000
18.000000,2851.000000,35.000000,3214.000000
4477.000000,4658.000000,4462.000000,4729.000000
4201.000000,3430.000000,3890.000000,3573.000000
3904.000000,4558.000000,3955.000000,4589.000000
2733.000000,5017.000000,2654.000000,5117.000000
4501.000000,5696.000000,1125.000000,5770.000000
3492.000000,3245.000000,3301.000000,3431.000000
1113.000000,3445.000000,1114.000000,3777.000000
902.000000,3581.000000,843.000000,4209.000000
2678.000000,3261.000000,2705.000000,3647.000000
5676.000000,108.000000,5197.000000,372.000000
5777.000000,3885.000000,5697.000000,4143.000000
1140.000000,1138.000000,1296.000000,1320.000000
559.000000,3200.000000,629.000000,3221.000000
4637.000000,4218.000000,4792.000000,4416.000000
27.000000,3524.000000,46.000000,3614.000000
1821.000000,1310.000000,1938.000000,1394.000000
573.000000,2993.000000,271.000000,3053.000000
3431.000000,1285.000000,3643.000000,1613.000000
4948.000000,2571.000000,4849.000000,3072.000000
3867.000000,4139.000000,3933.000000,4300.000000
850.000000,678.000000,609.000000,775.000000
4734.000000,4560.000000,4996.000000,4793.000000
1798.000000,5340.000000,1893.000000,5355.000000
4774.000000,3835.000000,5033.000000,4029.000000
5033.000000,4029.000000,4722.000000,4089.000000
689.000000,914.000000,536.000000,951.000000
3431.000000,1285.000000,3949.000000,1293.000000
4636.000000,1503.000000,4642.000000,1617.000000
2733.000000,1216.000000,2630.000000,1351.000000
5742.000000,19.000000,5676.000000,108.000000
4057.000000,5487.000000,4143.000000,5516.000000
5011.000000,513.000000,5194.000000,569.000000
4842.000000,4321.000000,4792.000000,4416.000000
2179.000000,4206.000000,1932.000000,4238.000000
706.000000,2953.000000,573.000000,2993.000000
3759.000000,4590.000000,3763.000000,4895.000000
5444.000000,5293.000000,5542.000000,5595.000000
4084.000000,3743.000000,4476.000000,3745.000000
4505.000000,1400.000000,4175.000000,1765.000000
4146.000000,4442.000000,3955.000000,4589.000000
3616.000000,3160.000000,3890.000000,3573.000000
1544.000000,3840.000000,1533.000000,4317.000000
1687.000000,4969.000000,1812.000000,5089.000000
424.000000,4331.000000,427.000000,4520.000000
2016.000000,734.000000,2171.000000,1087.000000
1976.000000,2317.000000,2024.000000,2376.000000
2318.000000,2162.000000,2424.000000,2487.000000
2899.000000,3307.000000,2705.000000,3647.000000
1285.000000,1231.000000,1296.000000,1320.000000
4780.000000,920.000000,4636.000000,1503.000000
183.000000,2991.000000,192.000000,3314.000000
5040.000000,2067.000000,5120.000000,2411.000000
2170.000000,1949.000000,2076.000000,2265.000000
1188.000000,702.000000,1045.000000,969.000000
5584.000000,540.000000,5637.000000,642.000000
4779.000000,47.000000,4984.000000,309.000000
5004.000000,4155.000000,5037.000000,4196.000000
2841.000000,4936.000000,2978.000000,5599.000000
4722.000000,4089.000000,4637.000000,4218.000000
1535.000000,2061.000000,1976.000000,2317.000000
465.000000,3670.000000,290.000000,3863.000000
4984.000000,309.000000,5011.000000,513.000000
3274.000000,4699.000000,3543.000000,4827.000000
5438.000000,4557.000000,5597.000000,5125.000000
1849.000000,3100.000000,2135.000000,3163.000000
1705.000000,5433.000000,1684.000000,5574.000000
1431.000000,1667.000000,1511.000000,1747.000000
1812.000000,5089.000000,1715.000000,5238.000000
3585.000000,913.000000,3949.000000,1293.000000
2050.000000,671.000000,2197.000000,894.000000
4110.000000,4090.000000,4146.000000,4442.000000
2818.000000,4106.000000,2638.000000,4319.000000
2681.000000,2066.000000,2424.000000,2487.000000
3871.000000,1972.000000,4118.000000,2036.000000
5199.000000,1888.000000,5181.000000,2203.000000
5366.000000,4956.000000,5181.000000,5150.000000
5438.000000,4557.000000,5479.000000,4781.000000
808.000000,2352.000000,913.000000,2782.000000
5447.000000,3506.000000,5522.000000,3519.000000
4110.000000,4090.000000,3867.000000,4139.000000
4754.000000,5403.000000,4977.000000,5620.000000
3231.000000,2675.000000,3479.000000,2687.000000
5217.000000,3415.000000,5411.000000,3503.000000
1165.000000,4912.000000,997.000000,4919.000000
2330.000000,3368.000000,2269.000000,3493.000000
4655.000000,3173.000000,4680.000000,3570.000000
2944.000000,3629.000000,2705.000000,3647.000000
609.000000,775.000000,536.000000,951.000000
3984.000000,424.000000,3876.000000,600.000000
2670.000000,1497.000000,2707.000000,1608.000000
5316.000000,4474.000000,5132.000000,4676.000000
2424.000000,397.000000,2578.000000,623.000000
692.000000,1653.000000,711.000000,1697.000000
3409.000000,2837.000000,3231.000000,3002.000000
8.000000,2376.000000,238.000000,2492.000000
865.000000,4494.000000,920.000000,4573.000000
1016.000000,5312.000000,612.000000,5447.000000
2498.000000,3570.000000,2705.000000,3647.000000
1092.000000,699.000000,694.000000,837.000000
1742.000000,980.000000,1821.000000,1310.000000
55.000000,1488.000000,731.000000,2059.000000
1938.000000,1394.000000,1956.000000,1638.000000
183.000000,2991.000000,271.000000,3053.000000
1578.000000,5209.000000,1715.000000,5238.000000
3924.000000,3783.000000,4159.000000,4037.000000
1592.000000,2897.000000,1390.000000,3013.000000
4501.000000,5696.000000,3757.000000,5705.000000
2876.000000,2802.000000,3409.000000,2837.000000
4671.000000,448.000000,4684.000000,527.000000
352.000000,4227.000000,69.000000,4266.000000
2171.000000,1087.000000,1938.000000,1394.000000
3922.000000,7.000000,3217.000000,51.000000
4722.000000,4089.000000,4890.000000,4150.000000
902.000000,3581.000000,1083.000000,3611.000000
615.000000,468.000000,645.000000,539.000000
4474.000000,899.000000,4209.000000,1030.000000
2329.000000,137.000000,2424.000000,397.000000
3510.000000,1034.000000,3431.000000,1285.000000
5366.000000,4956.000000,5376.000000,5195.000000
2530.000000,2697.000000,2381.000000,2987.000000
5148.000000,3971.000000,5144.000000,4164.000000
3162.000000,1765.000000,3099.000000,2032.000000
4977.000000,5620.000000,5239.000000,5670.000000
3085.000000,3135.000000,3148.000000,3260.000000
1715.000000,5238.000000,1705.000000,5433.000000
3657.000000,3878.000000,3620.000000,3932.000000
1271.000000,4405.000000,971.000000,4523.000000
4523.000000,4050.000000,4110.000000,4090.000000
4624.000000,3902.000000,4541.000000,4063.000000
615.000000,468.000000,160.000000,739.000000
3757.000000,5705.000000,2946.000000,5708.000000
1422.000000,417.000000,1646.000000,650.000000
5742.000000,19.000000,5197.000000,372.000000
1165.000000,4912.000000,1705.000000,5433.000000
5051.000000,1178.000000,4939.000000,1535.000000
5037.000000,3461.000000,4680.000000,3570.000000
5040.000000,2067.000000,5105.000000,2238.000000
4957.000000,1123.000000,5250.000000,1236.000000
1016.000000,5312.000000,1289.000000,5556.000000
5152.000000,1746.000000,5017.000000,1817.000000
3643.000000,1613.000000,3480.000000,1693.000000
5752.000000,1380.000000,5429.000000,1746.000000
4645.000000,371.000000,4882.000000,440.000000
407.000000,90.000000,358.000000,264.000000
3924.000000,1727.000000,4175.000000,1765.000000
1029.000000,3064.000000,1386.000000,3218.000000
2287.000000,3301.000000,2125.000000,3718.000000
1125.000000,5770.000000,5212.000000,5777.000000
514.000000,1415.000000,692.000000,1653.000000
5637.000000,642.000000,5717.000000,761.000000
4569.000000,4649.000000,4462.000000,4729.000000
965.000000,2003.000000,808.000000,2352.000000
749.000000,4834.000000,1064.000000,5079.000000
2975.000000,850.000000,3108.000000,1378.000000
4939.000000,1535.000000,4950.000000,1714.000000
902.000000,3581.000000,807.000000,3927.000000
5742.000000,19.000000,4984.000000,309.000000
3984.000000,424.000000,4166.000000,736.000000
4476.000000,3745.000000,4624.000000,3902.000000
193.000000,182.000000,126.000000,345.000000
4012.000000,3007.000000,4149.000000,3199.000000
1666.000000,4479.000000,2057.000000,4997.000000
4012.000000,3007.000000,3890.000000,3573.000000
4783.000000,2157.000000,4690.000000,2434.000000
1066.000000,1225.000000,935.000000,1391.000000
872.000000,145.000000,615.000000,468.000000
2598.000000,0.000000,4180.000000,4.000000
5507.000000,512.000000,5584.000000,540.000000
635.000000,2403.000000,769.000000,2643.000000
1981.000000,3808.000000,2257.000000,3815.000000
8.000000,2376.000000,635.000000,2403.000000
4035.000000,5299.000000,3216.000000,5582.000000
724.000000,104.000000,358.000000,264.000000
1681.000000,2559.000000,1592.000000,2897.000000
2424.000000,2487.000000,2153.000000,2932.000000
3190.000000,490.000000,3370.000000,611.000000
3818.000000,3767.000000,3924.000000,3783.000000
3135.000000,471.000000,2578.000000,623.000000
3315.000000,853.000000,3585.000000,913.000000
3297.000000,4236.000000,3248.000000,4297.000000
5411.000000,3503.000000,5362.000000,3946.000000
1960.000000,5599.000000,2069.000000,5677.000000
5376.000000,5195.000000,5444.000000,5293.000000
4890.000000,4150.000000,4637.000000,4218.000000
1147.000000,5639.000000,1125.000000,5770.000000
4028.000000,921.000000,4209.000000,1030.000000
271.000000,3053.000000,192.000000,3314.000000
4209.000000,1030.000000,3976.000000,1044.000000
301.000000,4514.000000,208.000000,4693.000000
151.000000,5209.000000,334.000000,5331.000000
4505.000000,1400.000000,4636.000000,1503.000000
1419.000000,3627.000000,1544.000000,3840.000000
5567.000000,974.000000,5567.000000,1049.000000
1131.000000,2338.000000,1179.000000,2460.000000
3170.000000,2398.000000,3231.000000,2675.000000
5004.000000,5500.000000,5114.000000,5534.000000
4379.000000,2963.000000,4849.000000,3072.000000
4572.000000,757.000000,4780.000000,920.000000
2530.000000,2697.000000,2876.000000,2802.000000
1659.000000,1746.000000,1535.000000,2061.000000
2523.000000,5651.000000,2946.000000,5708.000000
4462.000000,4729.000000,4435.000000,4813.000000
1544.000000,3840.000000,1738.000000,4069.000000
2767.000000,900.000000,2595.000000,1218.000000
1705.000000,5433.000000,1587.000000,5722.000000
183.000000,2991.000000,39.000000,3124.000000
358.000000,264.000000,126.000000,345.000000
4474.000000,1248.000000,4175.000000,1765.000000
4109.000000,745.000000,3772.000000,825.000000
2025.000000,358.000000,2050.000000,671.000000
1296.000000,1320.000000,1101.000000,1510.000000
2649.000000,5123.000000,2978.000000,5599.000000
3148.000000,3260.000000,2899.000000,3307.000000
4501.000000,5696.000000,5212.000000,5777.000000
4475.000000,2338.000000,4690.000000,2434.000000
3179.000000,5278.000000,2978.000000,5599.000000
629.000000,3221.000000,585.000000,3467.000000
5126.000000,3132.000000,5375.000000,3249.000000
2733.000000,1216.000000,2595.000000,1218.000000
5671.000000,2827.000000,5484.000000,3007.000000
2024.000000,2376.000000,1681.000000,2559.000000
3337.000000,486.000000,3876.000000,600.000000
3908.000000,2308.000000,3795.000000,2812.000000
2649.000000,5123.000000,1893.000000,5355.000000
3361.000000,1449.000000,3262.000000,1668.000000
615.000000,468.000000,609.000000,775.000000
322.000000,4028.000000,352.000000,4227.000000
1569.000000,618.000000,1742.000000,980.000000
5375.000000,3249.000000,5522.000000,3519.000000
1237.000000,2525.000000,1422.000000,2532.000000
5484.000000,3007.000000,5375.000000,3249.000000
2024.000000,2376.000000,2088.000000,2885.000000
2282.000000,3810.000000,2459.000000,4013.000000
3231.000000,3002.000000,3148.000000,3260.000000
2586.000000,37.000000,2424.000000,397.000000
2076.000000,2265.000000,1976.000000,2317.000000
4525.000000,2721.000000,4073.000000,2899.000000
3248.000000,4297.000000,2917.000000,4365.000000
4839.000000,158.000000,4545.000000,277.000000
5402.000000,480.000000,5584.000000,540.000000
706.000000,2953.000000,1029.000000,3064.000000
2841.000000,4936.000000,3267.000000,5057.000000
4939.000000,1535.000000,5017.000000,1817.000000
769.000000,2643.000000,670.000000,2808.000000
3908.000000,2308.000000,4082.000000,2607.000000
536.000000,951.000000,692.000000,1653.000000
46.000000,3614.000000,24.000000,4353.000000
1016.000000,5312.000000,1147.000000,5639.000000
4868.000000,3675.000000,4774.000000,3835.000000
5436.000000,2732.000000,5452.000000,2895.000000
3409.000000,2837.000000,3438.000000,2894.000000
5624.000000,1976.000000,5371.000000,2162.000000
427.000000,4520.000000,621.000000,4644.000000
4465.000000,5343.000000,4754.000000,5403.000000
5051.000000,1178.000000,4636.000000,1503.000000
3337.000000,486.000000,3190.000000,490.000000
1580.000000,3609.000000,1419.000000,3627.000000
1092.000000,699.000000,689.000000,914.000000
2257.000000,3815.000000,1932.000000,4238.000000
375.000000,2812.000000,271.000000,3053.000000
2025.000000,358.000000,2121.000000,361.000000
4110.000000,4090.000000,4462.000000,4729.000000
114.000000,5027.000000,43.000000,5491.000000
4177.000000,589.000000,4166.000000,736.000000
446.000000,1070.000000,514.000000,1415.000000
3438.000000,2894.000000,3492.000000,3245.000000
913.000000,2782.000000,670.000000,2808.000000
4984.000000,309.000000,4882.000000,440.000000
514.000000,1415.000000,711.000000,1697.000000
419.000000,4803.000000,175.000000,4806.000000
4118.000000,2036.000000,4149.000000,2146.000000
5040.000000,2067.000000,4783.000000,2157.000000
4180.000000,4.000000,3922.000000,7.000000
1779.000000,920.000000,1742.000000,980.000000
4035.000000,5299.000000,4465.000000,5343.000000
4788.000000,923.000000,4957.000000,1123.000000
3620.000000,3932.000000,3462.000000,4109.000000
1999.000000,4335.000000,1749.000000,4386.000000
1488.000000,3166.000000,1386.000000,3218.000000
4636.000000,1503.000000,4461.000000,1633.000000
1386.000000,3218.000000,629.000000,3221.000000
5126.000000,3132.000000,5229.000000,3399.000000
9.000000,2608.000000,27.000000,3524.000000
1289.000000,5556.000000,1125.000000,5770.000000
1422.000000,2532.000000,1681.000000,2559.000000
238.000000,2492.000000,375.000000,2812.000000
1161.000000,1075.000000,1140.000000,1138.000000
512.000000,3155.000000,192.000000,3314.000000
4734.000000,4560.000000,4569.000000,4649.000000
257.000000,5009.000000,114.000000,5027.000000
1919.000000,1740.000000,2139.000000,1932.000000
3988.000000,1790.000000,3986.000000,1861.000000
4149.000000,2146.000000,3898.000000,2148.000000
1533.000000,4317.000000,1271.000000,4405.000000
628.000000,2067.000000,715.000000,2362.000000
1659.000000,1746.000000,1511.000000,1747.000000
1113.000000,3445.000000,902.000000,3581.000000
5742.000000,19.000000,5771.000000,1261.000000
2424.000000,397.000000,2050.000000,671.000000
971.000000,4523.000000,920.000000,4573.000000
4381.000000,4676.000000,4435.000000,4813.000000
192.000000,3314.000000,465.000000,3670.000000
5211.000000,5432.000000,5114.000000,5534.000000
2975.000000,850.000000,3315.000000,853.000000
193.000000,182.000000,358.000000,264.000000
446.000000,1070.000000,692.000000,1653.000000
5333.000000,1044.000000,5752.000000,1380.000000
5213.000000,414.000000,5194.000000,569.000000
911.000000,1838.000000,715.000000,2362.000000
5229.000000,3399.000000,5037.000000,3461.000000
4680.000000,3570.000000,4868.000000,3675.000000
182.000000,825.000000,377.000000,975.000000
69.000000,4266.000000,24.000000,4353.000000
18.000000,2851.000000,271.000000,3053.000000
5204.000000,4357.000000,5132.000000,4676.000000
4176.000000,694.000000,4166.000000,736.000000
1241.000000,3456.000000,1419.000000,3627.000000
2088.000000,2885.000000,1849.000000,3100.000000
4660.000000,4738.000000,4641.000000,5093.000000
2598.000000,0.000000,1577.000000,5.000000
5366.000000,4956.000000,5444.000000,5293.000000
2512.000000,4333.000000,2381.000000,4473.000000
1990.000000,51.000000,2025.000000,358.000000
1610.000000,3275.000000,1767.000000,3496.000000
3449.000000,3848.000000,3051.000000,4062.000000
2139.000000,1932.000000,2170.000000,1949.000000
4774.000000,3835.000000,4624.000000,3902.000000
4324.000000,3010.000000,4655.000000,3173.000000
808.000000,2352.000000,1237.000000,2525.000000
1798.000000,5340.000000,1684.000000,5574.000000
5366.000000,4956.000000,5086.000000,4993.000000
3480.000000,1693.000000,3470.000000,1942.000000
4694.000000,5097.000000,4754.000000,5403.000000
2649.000000,5123.000000,2523.000000,5651.000000
831.000000,1437.000000,711.000000,1697.000000
5004.000000,5500.000000,5239.000000,5670.000000
4849.000000,3072.000000,4655.000000,3173.000000
1356.000000,131.000000,1422.000000,417.000000
290.000000,3863.000000,322.000000,4028.000000
2424.000000,2487.000000,2530.000000,2697.000000
3085.000000,3135.000000,2899.000000,3307.000000
29.000000,2534.000000,9.000000,2608.000000
607.000000,903.000000,536.000000,951.000000
635.000000,2403.000000,238.000000,2492.000000
5017.000000,1817.000000,4783.000000,2157.000000
5181.000000,5150.000000,5072.000000,5385.000000
4545.000000,277.000000,4490.000000,291.000000
4057.000000,5487.000000,3940.000000,5610.000000
2393.000000,57.000000,2329.000000,137.000000
424.000000,4331.000000,750.000000,4711.000000
5072.000000,5385.000000,5211.000000,5432.000000
1438.000000,3204.000000,1580.000000,3609.000000
4939.000000,1535.000000,5152.000000,1746.000000
4660.000000,4738.000000,4435.000000,4813.000000
2586.000000,37.000000,3217.000000,51.000000
4977.000000,5620.000000,4501.000000,5696.000000
151.000000,5209.000000,43.000000,5491.000000
2024.000000,2376.000000,2163.000000,2439.000000
290.000000,3863.000000,477.000000,4125.000000
2194.000000,4987.000000,2649.000000,5123.000000
5670.000000,341.000000,5717.000000,761.000000
4073.000000,2899.000000,4324.000000,3010.000000
375.000000,2812.000000,573.000000,2993.000000
2189.000000,1687.000000,2139.000000,1932.000000
3922.000000,7.000000,3984.000000,424.000000
5567.000000,1049.000000,5752.000000,1380.000000
5512.000000,5514.000000,5542.000000,5595.000000
5771.000000,1261.000000,5752.000000,1380.000000
114.000000,5027.000000,334.000000,5331.000000
4149.000000,2146.000000,4122.000000,2527.000000
514.000000,1415.000000,55.000000,1488.000000
3492.000000,3245.000000,3148.000000,3260.000000
2424.000000,397.000000,3135.000000,471.000000
3795.000000,2812.000000,3616.000000,3160.000000
5542.000000,5595.000000,5239.000000,5670.000000
1580.000000,3609.000000,1544.000000,3840.000000
24.000000,4353.000000,208.000000,4693.000000
389.000000,5674.000000,1125.000000,5770.000000
1577.000000,5.000000,892.000000,69.000000
4839.000000,158.000000,4645.000000,371.000000
5004.000000,5500.000000,4977.000000,5620.000000
3349.000000,1645.000000,3262.000000,1668.000000
1577.000000,5.000000,1422.000000,417.000000
5239.000000,5670.000000,5237.000000,5751.000000
2170.000000,1949.000000,2565.000000,2008.000000
3757.000000,5705.000000,1125.000000,5770.000000
5132.000000,4676.000000,4996.000000,4793.000000
1798.000000,5340.000000,1699.000000,5538.000000
2381.000000,4473.000000,2173.000000,4627.000000
3711.000000,1731.000000,3986.000000,1861.000000
2282.000000,3810.000000,2256.000000,3995.000000
2767.000000,900.000000,2733.000000,1216.000000
670.000000,4793.000000,419.000000,4803.000000
5033.000000,4029.000000,5037.000000,4196.000000
4780.000000,920.000000,4957.000000,1123.000000
3504.000000,3364.000000,3751.000000,3610.000000
5752.000000,1380.000000,5152.000000,1746.000000
5148.000000,3971.000000,5037.000000,4196.000000
3876.000000,600.000000,3772.000000,825.000000
2899.000000,3307.000000,2944.000000,3629.000000
1821.000000,1310.000000,1791.000000,1502.000000
2076.000000,2265.000000,2021.000000,2362.000000
4569.000000,4649.000000,4477.000000,4658.000000
2782.000000,1752.000000,3162.000000,1765.000000
4957.000000,1123.000000,5051.000000,1178.000000
609.000000,775.000000,405.000000,880.000000
3431.000000,1285.000000,3414.000000,1304.000000
3135.000000,471.000000,3190.000000,490.000000
1999.000000,4335.000000,1666.000000,4479.000000
46.000000,3614.000000,301.000000,4061.000000
322.000000,4028.000000,477.000000,4125.000000
4243.000000,4983.000000,4641.000000,5093.000000
4939.000000,1535.000000,4907.000000,1743.000000
1705.000000,5433.000000,1699.000000,5538.000000
1114.000000,3777.000000,843.000000,4209.000000
3543.000000,4827.000000,3327.000000,5061.000000
597.000000,3901.000000,620.000000,4142.000000
902.000000,3581.000000,597.000000,3901.000000
4469.000000,1205.000000,4636.000000,1503.000000
3267.000000,5057.000000,3179.000000,5278.000000
1289.000000,5556.000000,1587.000000,5722.000000
1249.000000,963.000000,1260.000000,1021.000000
5479.000000,4781.000000,5597.000000,5125.000000
1511.000000,1747.000000,1535.000000,2061.000000
2098.000000,3609.000000,1544.000000,3840.000000
4783.000000,2157.000000,4475.000000,2338.000000
1249.000000,963.000000,1161.000000,1075.000000
2598.000000,0.000000,2586.000000,37.000000
3921.000000,1754.000000,3986.000000,1861.000000
2578.000000,623.000000,3005.000000,723.000000
2163.000000,2439.000000,2424.000000,2487.000000
3960.000000,3688.000000,4084.000000,3743.000000
1738.000000,4069.000000,1533.000000,4317.000000
3274.000000,4699.000000,2906.000000,4948.000000
24.000000,4353.000000,175.000000,4806.000000
2173.000000,4627.000000,2194.000000,4987.000000
763.000000,579.000000,850.000000,678.000000
1849.000000,3100.000000,1488.000000,3166.000000
4146.000000,4442.000000,4250.000000,4567.000000
377.000000,975.000000,162.000000,1131.000000
1738.000000,4069.000000,1932.000000,4238.000000
865.000000,4494.000000,971.000000,4523.000000
5542.000000,5595.000000,5237.000000,5751.000000
4890.000000,4150.000000,4842.000000,4321.000000
3643.000000,1613.000000,3921.000000,1632.000000
2876.000000,2802.000000,2678.000000,3261.000000
4655.000000,3173.000000,5037.000000,3461.000000
2733.000000,1216.000000,2782.000000,1752.000000
5670.000000,341.000000,5615.000000,350.000000
3657.000000,796.000000,3772.000000,825.000000
2681.000000,2066.000000,2996.000000,2160.000000
2671.000000,4674.000000,2220.000000,4825.000000
4476.000000,3745.000000,4702.000000,3803.000000
865.000000,4494.000000,750.000000,4711.000000
1066.000000,1225.000000,1296.000000,1320.000000
3949.000000,1293.000000,3643.000000,1613.000000
5051.000000,1178.000000,5250.000000,1236.000000
2257.000000,3815.000000,2256.000000,3995.000000
1113.000000,3445.000000,1241.000000,3456.000000
4296.000000,2013.000000,4475.000000,2338.000000
3759.000000,4590.000000,3543.000000,4827.000000
573.000000,2993.000000,512.000000,3155.000000
4109.000000,745.000000,4209.000000,1030.000000
3480.000000,1693.000000,3898.000000,2148.000000
5148.000000,3971.000000,5204.000000,4357.000000
3818.000000,3767.000000,3449.000000,3848.000000
3462.000000,4109.000000,3251.000000,4386.000000
892.000000,69.000000,724.000000,104.000000
5051.000000,1178.000000,5262.000000,1418.000000
3051.000000,4062.000000,2818.000000,4106.000000
5217.000000,3415.000000,4868.000000,3675.000000
1431.000000,1667.000000,1659.000000,1746.000000
2329.000000,137.000000,2121.000000,361.000000
5371.000000,2162.000000,5552.000000,2173.000000
4541.000000,4063.000000,4462.000000,4729.000000
1749.000000,4386.000000,1503.000000,4602.000000
4035.000000,5299.000000,3605.000000,5513.000000
597.000000,3901.000000,807.000000,3927.000000
715.000000,2362.000000,635.000000,2403.000000
5742.000000,19.000000,5717.000000,761.000000
3890.000000,3573.000000,3751.000000,3610.000000
53.000000,5408.000000,43.000000,5491.000000
5086.000000,4993.000000,4995.000000,5239.000000
1064.000000,5079.000000,1016.000000,5312.000000
5444.000000,5293.000000,5211.000000,5432.000000
4168.000000,1881.000000,3871.000000,1972.000000
763.000000,579.000000,1122.000000,688.000000
3940.000000,5610.000000,4501.000000,5696.000000
3438.000000,2894.000000,3616.000000,3160.000000
4201.000000,3430.000000,4084.000000,3743.000000
1386.000000,3218.000000,585.000000,3467.000000
2512.000000,4333.000000,2173.000000,4627.000000
2016.000000,734.000000,1779.000000,920.000000
3135.000000,471.000000,3005.000000,723.000000
3085.000000,822.000000,2975.000000,850.000000
4109.000000,745.000000,4197.000000,811.000000
843.000000,4209.000000,865.000000,4494.000000
38.000000,59.000000,31.000000,94.000000
3795.000000,2812.000000,4073.000000,2899.000000
2524.000000,3162.000000,2678.000000,3261.000000
2978.000000,5599.000000,2946.000000,5708.000000
2416.000000,2945.000000,2524.000000,3162.000000
1681.000000,2559.000000,1638.000000,2984.000000
265.000000,4966.000000,257.000000,5009.000000
1577.000000,5.000000,38.000000,59.000000
3337.000000,486.000000,3370.000000,611.000000
6.000000,506.000000,160.000000,739.000000
2163.000000,2439.000000,2088.000000,2885.000000
2345.000000,889.000000,2197.000000,894.000000
4084.000000,3743.000000,3924.000000,3783.000000
5262.000000,1418.000000,4939.000000,1535.000000
1610.000000,3275.000000,1580.000000,3609.000000
1101.000000,1510.000000,1189.000000,1727.000000
1045.000000,969.000000,1161.000000,1075.000000
5452.000000,2895.000000,5375.000000,3249.000000
4890.000000,4150.000000,5004.000000,4155.000000
5752.000000,1380.000000,5262.000000,1418.000000
4170.000000,3924.000000,4252.000000,4012.000000
1449.000000,2159.000000,1131.000000,2338.000000
2153.000000,2932.000000,2381.000000,2987.000000
1578.000000,5209.000000,1705.000000,5433.000000
4252.000000,4012.000000,4110.000000,4090.000000
1165.000000,4912.000000,1064.000000,5079.000000
1577.000000,5.000000,2025.000000,358.000000
1577.000000,5.000000,1990.000000,51.000000
3217.000000,51.000000,3624.000000,160.000000
4780.000000,920.000000,4469.000000,1205.000000
208.000000,4693.000000,419.000000,4803.000000
4461.000000,1633.000000,4368.000000,1681.000000
4235.000000,2570.000000,4082.000000,2607.000000
1919.000000,1740.000000,1659.000000,1746.000000
6.000000,506.000000,55.000000,1488.000000
3370.000000,611.000000,3315.000000,853.000000
1822.000000,4950.000000,1812.000000,5089.000000
8.000000,2376.000000,9.000000,2608.000000
2050.000000,671.000000,2345.000000,889.000000
706.000000,2953.000000,629.000000,3221.000000
3479.000000,2687.000000,3593.000000,2795.000000
4734.000000,4560.000000,4477.000000,4658.000000
3361.000000,4691.000000,3543.000000,4827.000000
2586.000000,37.000000,2393.000000,57.000000
4435.000000,4813.000000,4641.000000,5093.000000
1779.000000,1628.000000,1659.000000,1746.000000
151.000000,5209.000000,389.000000,5674.000000
3216.000000,5582.000000,3285.000000,5693.000000
3217.000000,51.000000,3337.000000,486.000000
1131.000000,2338.000000,1422.000000,2532.000000
290.000000,3863.000000,597.000000,3901.000000
4541.000000,4063.000000,4477.000000,4658.000000
126.000000,345.000000,6.000000,506.000000
3643.000000,1613.000000,3349.000000,1645.000000
2917.000000,4365.000000,3040.000000,4458.000000
2330.000000,3368.000000,2498.000000,3570.000000
465.000000,3670.000000,597.000000,3901.000000
2906.000000,4948.000000,3267.000000,5057.000000
5011.000000,513.000000,5250.000000,1236.000000
5436.000000,2732.000000,5671.000000,2827.000000
3711.000000,1731.000000,3921.000000,1754.000000
5771.000000,1261.000000,5666.000000,1931.000000
3360.000000,2566.000000,3479.000000,2687.000000
69.000000,4266.000000,312.000000,4470.000000
271.000000,3053.000000,512.000000,3155.000000
2459.000000,4013.000000,2478.000000,4271.000000
3283.000000,1795.000000,3099.000000,2032.000000
1812.000000,5089.000000,1893.000000,5355.000000
474.000000,5189.000000,389.000000,5674.000000
3795.000000,2812.000000,3438.000000,2894.000000
4642.000000,3588.000000,4868.000000,3675.000000
4176.000000,694.000000,4197.000000,811.000000
1666.000000,4479.000000,1503.000000,4602.000000
2088.000000,2885.000000,2153.000000,2932.000000
3438.000000,2894.000000,3148.000000,3260.000000
4368.000000,1681.000000,4168.000000,1881.000000
512.000000,3155.000000,559.000000,3200.000000
2705.000000,3647.000000,2459.000000,4013.000000
1779.000000,920.000000,1821.000000,1310.000000
2671.000000,4674.000000,2906.000000,4948.000000
5371.000000,2162.000000,5120.000000,2411.000000
2968.000000,2341.000000,3170.000000,2398.000000
5402.000000,480.000000,5194.000000,569.000000
5771.000000,1261.000000,5777.000000,3885.000000
4642.000000,3588.000000,4702.000000,3803.000000
1960.000000,5599.000000,1587.000000,5722.000000
5375.000000,3249.000000,5217.000000,3415.000000
9.000000,2608.000000,271.000000,3053.000000
4645.000000,371.000000,4572.000000,757.000000
843.000000,4209.000000,424.000000,4331.000000
1938.000000,1394.000000,2381.000000,1551.000000
1503.000000,4602.000000,1687.000000,4969.000000
4180.000000,4.000000,4490.000000,291.000000
3108.000000,1378.000000,3361.000000,1449.000000
433.000000,961.000000,446.000000,1070.000000
2681.000000,2066.000000,2318.000000,2162.000000
5671.000000,2827.000000,5702.000000,3557.000000
597.000000,3901.000000,477.000000,4125.000000
4403.000000,3291.000000,4224.000000,3514.000000
3986.000000,1861.000000,3821.000000,1973.000000
5666.000000,1931.000000,5552.000000,2173.000000
682.000000,558.000000,850.000000,678.000000
3643.000000,1613.000000,3711.000000,1731.000000
2303.000000,194.000000,2121.000000,361.000000
4175.000000,1765.000000,4168.000000,1881.000000
2189.000000,1687.000000,1919.000000,1740.000000
3585.000000,913.000000,3431.000000,1285.000000
2069.000000,5677.000000,2946.000000,5708.000000
5239.000000,5670.000000,5212.000000,5777.000000
3741.000000,2245.000000,3908.000000,2308.000000
2287.000000,3301.000000,2269.000000,3493.000000
5615.000000,350.000000,5213.000000,414.000000
2707.000000,1608.000000,2565.000000,2008.000000
2530.000000,2697.000000,2430.000000,2900.000000
2173.000000,4627.000000,2220.000000,4825.000000
446.000000,1070.000000,162.000000,1131.000000
2638.000000,4319.000000,3040.000000,4458.000000
3921.000000,1632.000000,3921.000000,1754.000000
2194.000000,4987.000000,1893.000000,5355.000000
3921.000000,1632.000000,4175.000000,1765.000000
793.000000,2122.000000,715.000000,2362.000000
4680.000000,3570.000000,4642.000000,3588.000000
5204.000000,4357.000000,5438.000000,4557.000000
5148.000000,3971.000000,5697.000000,4143.000000
807.000000,3927.000000,620.000000,4142.000000
4149.000000,2146.000000,3908.000000,2308.000000
265.000000,4966.000000,363.000000,4994.000000
4474.000000,899.000000,4469.000000,1205.000000
2670.000000,1497.000000,2381.000000,1551.000000
4122.000000,2527.000000,4082.000000,2607.000000
3360.000000,2566.000000,3231.000000,2675.000000
2733.000000,1216.000000,2707.000000,1608.000000
4882.000000,440.000000,5011.000000,513.000000
46.000000,3614.000000,115.000000,3634.000000
1114.000000,3777.000000,1167.000000,4259.000000
808.000000,2352.000000,635.000000,2403.000000
55.000000,1488.000000,628.000000,2067.000000
2209.000000,1540.000000,1956.000000,1638.000000
39.000000,3124.000000,35.000000,3214.000000
750.000000,4711.000000,749.000000,4834.000000
1045.000000,969.000000,1140.000000,1138.000000
5671.000000,2827.000000,5522.000000,3519.000000
5229.000000,3399.000000,5217.000000,3415.000000
1271.000000,4405.000000,1503.000000,4602.000000
1386.000000,3218.000000,902.000000,3581.000000
2269.000000,3493.000000,2125.000000,3718.000000
1938.000000,1394.000000,2209.000000,1540.000000
5447.000000,3506.000000,5605.000000,3571.000000
1264.000000,2304.000000,1131.000000,2338.000000
559.000000,3200.000000,192.000000,3314.000000
1666.000000,4479.000000,2173.000000,4627.000000
4057.000000,5487.000000,4501.000000,5696.000000
1666.000000,4479.000000,1687.000000,4969.000000
911.000000,1838.000000,731.000000,2059.000000
3108.000000,1378.000000,3162.000000,1765.000000
312.000000,4470.000000,427.000000,4520.000000
358.000000,264.000000,6.000000,506.000000
2876.000000,2802.000000,2416.000000,2945.000000
5411.000000,3503.000000,5777.000000,3885.000000
2153.000000,2932.000000,2135.000000,3163.000000
4907.000000,1743.000000,5017.000000,1817.000000
749.000000,4834.000000,997.000000,4919.000000
1296.000000,1320.000000,1659.000000,1746.000000
2381.000000,2987.000000,2135.000000,3163.000000
1938.000000,1394.000000,1791.000000,1502.000000
162.000000,1131.000000,55.000000,1488.000000
1122.000000,688.000000,1092.000000,699.000000
358.000000,264.000000,160.000000,739.000000
5666.000000,1931.000000,5489.000000,2308.000000
2707.000000,1608.000000,2782.000000,1752.000000
1260.000000,1021.000000,1285.000000,1231.000000
4545.000000,277.000000,4645.000000,371.000000
5752.000000,1380.000000,5666.000000,1931.000000
4868.000000,3675.000000,5362.000000,3946.000000
5777.000000,3885.000000,5690.000000,3971.000000
1431.000000,1667.000000,1415.000000,1867.000000
1798.000000,5340.000000,1960.000000,5599.000000
808.000000,2352.000000,715.000000,2362.000000
46.000000,3614.000000,322.000000,4028.000000
1577.000000,5.000000,392.000000,54.000000
4779.000000,47.000000,4490.000000,291.000000
1237.000000,2525.000000,913.000000,2782.000000
4474.000000,1248.000000,3949.000000,1293.000000
2968.000000,2341.000000,2876.000000,2802.000000
3170.000000,2398.000000,2926.000000,2719.000000
160.000000,739.000000,377.000000,975.000000
5429.000000,1746.000000,5199.000000,1888.000000
5111.000000,3294.000000,5037.000000,3461.000000
4939.000000,1535.000000,4642.000000,1617.000000
1016.000000,5312.000000,1031.000000,5669.000000
4882.000000,440.000000,4678.000000,599.000000
1684.000000,5574.000000,1960.000000,5599.000000
4465.000000,5343.000000,4143.000000,5516.000000
3616.000000,3160.000000,3504.000000,3364.000000
3215.000000,2067.000000,2996.000000,2160.000000
1092.000000,699.000000,935.000000,1391.000000
5752.000000,1380.000000,5624.000000,1976.000000
175.000000,4806.000000,114.000000,5027.000000
5181.000000,5150.000000,5376.000000,5195.000000
4569.000000,4649.000000,4660.000000,4738.000000
1187.000000,4316.000000,971.000000,4523.000000
5105.000000,2238.000000,5120.000000,2411.000000
1535.000000,2061.000000,1681.000000,2559.000000
5333.000000,1044.000000,5250.000000,1236.000000
27.000000,3524.000000,24.000000,4353.000000
4890.000000,4150.000000,4792.000000,4416.000000
2978.000000,5599.000000,2874.000000,5638.000000
5120.000000,2411.000000,4690.000000,2434.000000
2139.000000,1932.000000,2565.000000,2008.000000
2342.000000,44.000000,2121.000000,361.000000
4045.000000,227.000000,4177.000000,589.000000
4499.000000,359.000000,4176.000000,694.000000
2021.000000,2362.000000,2024.000000,2376.000000
38.000000,59.000000,193.000000,182.000000
628.000000,2067.000000,635.000000,2403.000000
4890.000000,4150.000000,5037.000000,4196.000000
1386.000000,3218.000000,1113.000000,3445.000000
3960.000000,3688.000000,3924.000000,3783.000000
4642.000000,1617.000000,4907.000000,1743.000000
536.000000,951.000000,831.000000,1437.000000
55.000000,1488.000000,358.000000,1726.000000
1849.000000,3100.000000,1610.000000,3275.000000
4907.000000,1743.000000,4783.000000,2157.000000
4624.000000,3902.000000,4252.000000,4012.000000
257.000000,5009.000000,334.000000,5331.000000
474.000000,5189.000000,1016.000000,5312.000000
3922.000000,7.000000,3780.000000,171.000000
4250.000000,4567.000000,3877.000000,4750.000000
1422.000000,417.000000,1122.000000,688.000000
3657.000000,796.000000,3585.000000,913.000000
1167.000000,4259.000000,1533.000000,4317.000000
2671.000000,4674.000000,2649.000000,5123.000000
3908.000000,2308.000000,4122.000000,2527.000000
3005.000000,723.000000,3315.000000,853.000000
4382.000000,1690.000000,4168.000000,1881.000000
4948.000000,2571.000000,5436.000000,2732.000000
2287.000000,3301.000000,2330.000000,3368.000000
1681.000000,2559.000000,2088.000000,2885.000000
2598.000000,0.000000,3922.000000,7.000000
5362.000000,3946.000000,5148.000000,3971.000000
3251.000000,4386.000000,3759.000000,4590.000000
3217.000000,51.000000,3337.000000,265.000000
392.000000,54.000000,724.000000,104.000000
5011.000000,513.000000,4788.000000,923.000000
3406.000000,4163.000000,3297.000000,4236.000000
2381.000000,4473.000000,2220.000000,4825.000000
612.000000,5447.000000,1125.000000,5770.000000
4149.000000,3199.000000,4403.000000,3291.000000
3370.000000,611.000000,3585.000000,913.000000
3438.000000,2894.000000,3231.000000,3002.000000
3361.000000,1449.000000,3643.000000,1613.000000
4209.000000,1030.000000,4474.000000,1248.000000
2671.000000,4674.000000,2841.000000,4936.000000
628.000000,2067.000000,793.000000,2122.000000
2318.000000,2162.000000,2076.000000,2265.000000
3986.000000,1861.000000,3871.000000,1972.000000
1893.000000,5355.000000,2523.000000,5651.000000
5542.000000,5595.000000,5212.000000,5777.000000
892.000000,69.000000,875.000000,102.000000
3763.000000,4895.000000,3216.000000,5582.000000
474.000000,5189.000000,612.000000,5447.000000
850.000000,678.000000,1092.000000,699.000000
160.000000,739.000000,182.000000,825.000000
2025.000000,358.000000,2016.000000,734.000000
1198.000000,2865.000000,1386.000000,3218.000000
312.000000,4470.000000,211.000000,4484.000000
4431.000000,575.000000,4299.000000,728.000000
5366.000000,4956.000000,5597.000000,5125.000000
1981.000000,3808.000000,1932.000000,4238.000000
4946.000000,5403.000000,5004.000000,5500.000000
4241.000000,3247.000000,4403.000000,3291.000000
183.000000,2991.000000,38.000000,3020.000000
4505.000000,1400.000000,4368.000000,1681.000000
2098.000000,3609.000000,2125.000000,3718.000000
731.000000,2059.000000,628.000000,2067.000000
4996.000000,4793.000000,4694.000000,5097.000000
5411.000000,3503.000000,5690.000000,3971.000000
2381.000000,1551.000000,2189.000000,1687.000000
1749.000000,4386.000000,1666.000000,4479.000000
5697.000000,4143.000000,5204.000000,4357.000000
2818.000000,4106.000000,2478.000000,4271.000000
1666.000000,4479.000000,1822.000000,4950.000000
3593.000000,2795.000000,3795.000000,2812.000000
4324.000000,3010.000000,4149.000000,3199.000000
3922.000000,7.000000,4045.000000,227.000000
2524.000000,3162.000000,2135.000000,3163.000000
312.000000,4470.000000,301.000000,4514.000000
5250.000000,1236.000000,5752.000000,1380.000000
3949.000000,1293.000000,3921.000000,1632.000000
872.000000,145.000000,1122.000000,688.000000
4490.000000,291.000000,4177.000000,589.000000
4166.000000,736.000000,4197.000000,811.000000
1187.000000,4316.000000,1271.000000,4405.000000
3620.000000,3932.000000,3759.000000,4590.000000
5593.000000,543.000000,5717.000000,761.000000
2416.000000,2945.000000,2381.000000,2987.000000
5152.000000,1746.000000,5429.000000,1746.000000
5375.000000,3249.000000,5229.000000,3399.000000
1535.000000,2061.000000,1422.000000,2532.000000
3315.000000,853.000000,3414.000000,1304.000000
4435.000000,4813.000000,4243.000000,4983.000000
4084.000000,3743.000000,4170.000000,3924.000000
1386.000000,3218.000000,1241.000000,3456.000000
5072.000000,5385.000000,4946.000000,5403.000000
5717.000000,761.000000,5607.000000,988.000000
4545.000000,277.000000,4499.000000,359.000000
3315.000000,853.000000,3510.000000,1034.000000
2139.000000,1932.000000,1976.000000,2317.000000
4977.000000,5620.000000,5212.000000,5777.000000
3605.000000,5513.000000,3285.000000,5693.000000
1938.000000,1394.000000,1919.000000,1740.000000
2342.000000,44.000000,2329.000000,137.000000
3148.000000,3260.000000,2944.000000,3629.000000
4109.000000,745.000000,3802.000000,1101.000000
1646.000000,650.000000,1779.000000,920.000000
9.000000,2608.000000,24.000000,4353.000000
5489.000000,2308.000000,5436.000000,2732.000000
2678.000000,3261.000000,2899.000000,3307.000000
4868.000000,3675.000000,4702.000000,3803.000000
3620.000000,3932.000000,3251.000000,4386.000000
1419.000000,3627.000000,1533.000000,4317.000000
424.000000,4331.000000,312.000000,4470.000000
1187.000000,4316.000000,865.000000,4494.000000
1101.000000,1510.000000,711.000000,1697.000000
5452.000000,2895.000000,5484.000000,3007.000000
3431.000000,1285.000000,3361.000000,1449.000000
1140.000000,1138.000000,1066.000000,1225.000000
2944.000000,3629.000000,3051.000000,4062.000000
2578.000000,623.000000,2767.000000,900.000000
3711.000000,1731.000000,3821.000000,1973.000000
1113.000000,3445.000000,1419.000000,3627.000000
1919.000000,1740.000000,1535.000000,2061.000000
301.000000,4514.000000,427.000000,4520.000000
2098.000000,3609.000000,1738.000000,4069.000000
2098.000000,3609.000000,1981.000000,3808.000000
5152.000000,1746.000000,5040.000000,2067.000000
2381.000000,2987.000000,2524.000000,3162.000000
5597.000000,5125.000000,5444.000000,5293.000000
3960.000000,3688.000000,3818.000000,3767.000000
3604.000000,3596.000000,3751.000000,3610.000000
3025.000000,762.000000,2767.000000,900.000000
392.000000,54.000000,38.000000,59.000000
1415.000000,1867.000000,1535.000000,2061.000000
3451.000000,4009.000000,3051.000000,4062.000000
1167.000000,4259.000000,1271.000000,4405.000000
4907.000000,1743.000000,4659.000000,1781.000000
4381.000000,4676.000000,3216.000000,5582.000000
1419.000000,3627.000000,1167.000000,4259.000000
2595.000000,1218.000000,2630.000000,1351.000000
3301.000000,3431.000000,2944.000000,3629.000000
1511.000000,1747.000000,1415.000000,1867.000000
4984.000000,309.000000,5197.000000,372.000000
5197.000000,372.000000,5194.000000,569.000000
4641.000000,5093.000000,4465.000000,5343.000000
1179.000000,2460.000000,1237.000000,2525.000000
2996.000000,2160.000000,3170.000000,2398.000000
5717.000000,761.000000,5771.000000,1261.000000
419.000000,4803.000000,265.000000,4966.000000
4263.000000,2524.000000,4082.000000,2607.000000
4379.000000,2963.000000,4324.000000,3010.000000
536.000000,951.000000,446.000000,1070.000000
645.000000,539.000000,609.000000,775.000000
3231.000000,2675.000000,2876.000000,2802.000000
3414.000000,1304.000000,3108.000000,1378.000000
794.000000,4929.000000,1064.000000,5079.000000
2630.000000,1351.000000,2707.000000,1608.000000
1990.000000,51.000000,2121.000000,361.000000
2705.000000,3647.000000,2818.000000,4106.000000
2598.000000,0.000000,2342.000000,44.000000
2171.000000,1087.000000,2381.000000,1551.000000
4660.000000,4738.000000,4694.000000,5097.000000
3470.000000,1942.000000,3215.000000,2067.000000
5132.000000,4676.000000,5479.000000,4781.000000
4645.000000,371.000000,4671.000000,448.000000
711.000000,1697.000000,1189.000000,1727.000000
3370.000000,611.000000,3005.000000,723.000000
831.000000,1437.000000,1101.000000,1510.000000
1569.000000,618.000000,1779.000000,920.000000
2209.000000,1540.000000,2189.000000,1687.000000
1249.000000,963.000000,1045.000000,969.000000
1767.000000,3496.000000,1544.000000,3840.000000
1031.000000,5669.000000,1125.000000,5770.000000
2524.000000,3162.000000,2287.000000,3301.000000
2173.000000,4627.000000,2057.000000,4997.000000
377.000000,975.000000,446.000000,1070.000000
4149.000000,3199.000000,4201.000000,3430.000000
920.000000,4573.000000,750.000000,4711.000000
3337.000000,265.000000,3337.000000,486.000000
1956.000000,1638.000000,1919.000000,1740.000000
3025.000000,762.000000,3085.000000,822.000000
935.000000,1391.000000,831.000000,1437.000000
4143.000000,5516.000000,4501.000000,5696.000000
5617.000000,3437.000000,5522.000000,3519.000000
1271.000000,4405.000000,1165.000000,4912.000000
5605.000000,3571.000000,5777.000000,3885.000000
1296.000000,1320.000000,1189.000000,1727.000000
4286.000000,2198.000000,4475.000000,2338.000000
2680.000000,5387.000000,2523.000000,5651.000000
4694.000000,5097.000000,4995.000000,5239.000000
5333.000000,1044.000000,5567.000000,1049.000000
