POINTS
619.000000,1.000000
4519.000000,11.000000
2457.000000,18.000000
2322.000000,40.000000
3749.000000,47.000000
120.000000,49.000000
4132.000000,51.000000
1164.000000,52.000000
3430.000000,64.000000
5360.000000,65.000000
4915.000000,67.000000
3928.000000,69.000000
227.000000,87.000000
3712.000000,94.000000
4342.000000,102.000000
5077.000000,105.000000
4092.000000,113.000000
3325.000000,126.000000
2941.000000,133.000000
4353.000000,149.000000
5047.000000,149.000000
3243.000000,160.000000
3801.000000,163.000000
2672.000000,183.000000
4879.000000,188.000000
4214.000000,194.000000
135.000000,195.000000
2288.000000,200.000000
4604.000000,229.000000
1348.000000,234.000000
4418.000000,253.000000
2829.000000,254.000000
1019.000000,256.000000
4932.000000,261.000000
4245.000000,278.000000
1724.000000,280.000000
5816.000000,284.000000
919.000000,290.000000
3100.000000,301.000000
3447.000000,303.000000
90.000000,312.000000
2994.000000,314.000000
932.000000,320.000000
985.000000,329.000000
2042.000000,340.000000
4110.000000,340.000000
1816.000000,354.000000
1290.000000,355.000000
333.000000,369.000000
5563.000000,369.000000
399.000000,390.000000
1251.000000,391.000000
900.000000,402.000000
401.000000,407.000000
2913.000000,429.000000
3510.000000,436.000000
4994.000000,442.000000
2685.000000,479.000000
1240.000000,496.000000
3742.000000,547.000000
320.000000,550.000000
1050.000000,581.000000
4236.000000,601.000000
3771.000000,639.000000
4950.000000,645.000000
5702.000000,672.000000
5392.000000,685.000000
2933.000000,688.000000
5094.000000,704.000000
3845.000000,715.000000
3638.000000,719.000000
4418.000000,727.000000
5024.000000,727.000000
211.000000,736.000000
4066.000000,748.000000
1530.000000,764.000000
4070.000000,766.000000
3797.000000,795.000000
3319.000000,835.000000
3329.000000,846.000000
2029.000000,851.000000
1530.000000,857.000000
2058.000000,919.000000
3422.000000,930.000000
818.000000,942.000000
2794.000000,943.000000
3993.000000,946.000000
1255.000000,961.000000
1051.000000,966.000000
535.000000,971.000000
5485.000000,981.000000
2697.000000,988.000000
1823.000000,992.000000
1088.000000,1017.000000
5039.000000,1021.000000
2215.000000,1033.000000
2420.000000,1035.000000
5397.000000,1039.000000
5551.000000,1050.000000
3388.000000,1069.000000
223.000000,1083.000000
2156.000000,1104.000000
5623.000000,1166.000000
5323.000000,1188.000000
2931.000000,1191.000000
359.000000,1200.000000
3912.000000,1220.000000
1346.000000,1225.000000
573.000000,1233.000000
2312.000000,1233.000000
1457.000000,1235.000000
2874.000000,1236.000000
5361.000000,1242.000000
3467.000000,1284.000000
2308.000000,1291.000000
297.000000,1316.000000
1530.000000,1325.000000
1627.000000,1325.000000
2888.000000,1329.000000
750.000000,1372.000000
5195.000000,1378.000000
612.000000,1382.000000
190.000000,1383.000000
3046.000000,1384.000000
714.000000,1400.000000
3746.000000,1402.000000
1241.000000,1404.000000
2202.000000,1404.000000
5239.000000,1407.000000
843.000000,1428.000000
4596.000000,1432.000000
1331.000000,1436.000000
2144.000000,1437.000000
1845.000000,1450.000000
3611.000000,1484.000000
243.000000,1490.000000
990.000000,1505.000000
3647.000000,1516.000000
4696.000000,1528.000000
3591.000000,1533.000000
502.000000,1536.000000
2792.000000,1544.000000
4734.000000,1548.000000
1615.000000,1567.000000
4060.000000,1599.000000
2867.000000,1600.000000
5725.000000,1622.000000
4218.000000,1635.000000
1094.000000,1636.000000
1666.000000,1645.000000
5240.000000,1658.000000
4267.000000,1662.000000
5239.000000,1695.000000
5503.000000,1701.000000
857.000000,1715.000000
4589.000000,1749.000000
1022.000000,1752.000000
183.000000,1785.000000
4083.000000,1788.000000
3542.000000,1793.000000
1209.000000,1803.000000
3441.000000,1814.000000
5729.000000,1825.000000
944.000000,1847.000000
2593.000000,1858.000000
816.000000,1867.000000
5203.000000,1867.000000
2547.000000,1868.000000
3341.000000,1873.000000
5101.000000,1882.000000
4554.000000,1886.000000
1308.000000,1889.000000
4147.000000,1890.000000
2231.000000,1895.000000
5007.000000,1907.000000
4686.000000,1939.000000
4800.000000,1951.000000
3610.000000,1966.000000
5735.000000,1984.000000
1925.000000,1985.000000
1419.000000,2007.000000
5528.000000,2041.000000
2060.000000,2048.000000
154.000000,2049.000000
654.000000,2051.000000
5567.000000,2051.000000
5532.000000,2067.000000
4655.000000,2078.000000
5796.000000,2078.000000
2829.000000,2093.000000
5335.000000,2110.000000
5681.000000,2111.000000
3273.000000,2152.000000
4175.000000,2162.000000
5113.000000,2164.000000
1879.000000,2167.000000
3752.000000,2167.000000
5817.000000,2205.000000
5827.000000,2228.000000
670.000000,2237.000000
477.000000,2253.000000
4634.000000,2254.000000
1347.000000,2280.000000
3999.000000,2292.000000
3922.000000,2307.000000
1538.000000,2310.000000
1034.000000,2325.000000
2774.000000,2331.000000
2171.000000,2338.000000
5308.000000,2343.000000
447.000000,2360.000000
3873.000000,2366.000000
4885.000000,2380.000000
1105.000000,2465.000000
1293.000000,2478.000000
233.000000,2480.000000
1161.000000,2501.000000
2556.000000,2501.000000
4249.000000,2539.000000
23.000000,2561.000000
5831.000000,2575.000000
633.000000,2578.000000
5145.000000,2585.000000
964.000000,2596.000000
4510.000000,2597.000000
2183.000000,2607.000000
1495.000000,2620.000000
5375.000000,2624.000000
3320.000000,2628.000000
4894.000000,2633.000000
4110.000000,2637.000000
5206.000000,2645.000000
436.000000,2658.000000
3319.000000,2671.000000
1539.000000,2676.000000
2120.000000,2677.000000
5650.000000,2680.000000
480.000000,2700.000000
4441.000000,2724.000000
2683.000000,2725.000000
5305.000000,2731.000000
52.000000,2741.000000
4979.000000,2741.000000
2693.000000,2774.000000
2020.000000,2777.000000
5527.000000,2785.000000
3791.000000,2786.000000
4164.000000,2786.000000
3921.000000,2788.000000
416.000000,2794.000000
3005.000000,2797.000000
1758.000000,2800.000000
1122.000000,2805.000000
687.000000,2844.000000
2904.000000,2848.000000
387.000000,2850.000000
2021.000000,2850.000000
4216.000000,2855.000000
63.000000,2863.000000
1.000000,2868.000000
2090.000000,2870.000000
4257.000000,2891.000000
5849.000000,2892.000000
4490.000000,2895.000000
225.000000,2910.000000
1974.000000,2912.000000
4430.000000,2914.000000
881.000000,2930.000000
960.000000,2950.000000
3952.000000,2951.000000
4562.000000,2951.000000
2907.000000,2952.000000
5685.000000,2955.000000
5836.000000,2959.000000
5579.000000,2974.000000
3456.000000,2975.000000
4874.000000,2999.000000
5012.000000,2999.000000
3925.000000,3001.000000
1790.000000,3038.000000
5645.000000,3051.000000
1219.000000,3055.000000
2554.000000,3055.000000
3874.000000,3062.000000
5825.000000,3065.000000
4205.000000,3095.000000
3760.000000,3099.000000
3803.000000,3099.000000
5375.000000,3102.000000
1335.000000,3110.000000
359.000000,3116.000000
424.000000,3119.000000
3493.000000,3140.000000
2538.000000,3145.000000
5002.000000,3156.000000
1269.000000,3160.000000
4935.000000,3175.000000
1546.000000,3190.000000
4353.000000,3193.000000
619.000000,3194.000000
665.000000,3196.000000
2155.000000,3204.000000
2885.000000,3214.000000
1606.000000,3237.000000
4669.000000,3238.000000
879.000000,3241.000000
3437.000000,3243.000000
5379.000000,3249.000000
3370.000000,3262.000000
4205.000000,3264.000000
101.000000,3303.000000
1267.000000,3306.000000
2890.000000,3311.000000
2872.000000,3356.000000
5374.000000,3358.000000
1367.000000,3371.000000
4208.000000,3389.000000
42.000000,3392.000000
2870.000000,3392.000000
814.000000,3409.000000
3426.000000,3413.000000
4050.000000,3417.000000
1863.000000,3421.000000
3089.000000,3441.000000
409.000000,3452.000000
849.000000,3454.000000
2499.000000,3457.000000
5816.000000,3459.000000
1158.000000,3472.000000
4949.000000,3492.000000
2032.000000,3503.000000
4449.000000,3510.000000
759.000000,3511.000000
4981.000000,3525.000000
548.000000,3560.000000
2030.000000,3571.000000
2329.000000,3581.000000
961.000000,3584.000000
5776.000000,3587.000000
3686.000000,3588.000000
464.000000,3594.000000
4815.000000,3604.000000
721.000000,3614.000000
3825.000000,3615.000000
953.000000,3643.000000
5506.000000,3664.000000
1357.000000,3665.000000
2365.000000,3673.000000
5099.000000,3676.000000
5543.000000,3678.000000
5672.000000,3682.000000
2272.000000,3684.000000
5631.000000,3703.000000
1339.000000,3706.000000
5461.000000,3709.000000
388.000000,3716.000000
1618.000000,3729.000000
1149.000000,3734.000000
1914.000000,3742.000000
3401.000000,3764.000000
4136.000000,3765.000000
5816.000000,3776.000000
2370.000000,3785.000000
2764.000000,3790.000000
1445.000000,3804.000000
907.000000,3820.000000
5729.000000,3830.000000
3807.000000,3838.000000
3741.000000,3841.000000
4861.000000,3849.000000
1696.000000,3866.000000
1699.000000,3872.000000
1234.000000,3877.000000
343.000000,3888.000000
976.000000,3895.000000
4024.000000,3900.000000
3481.000000,3905.000000
5403.000000,3916.000000
1147.000000,3925.000000
5600.000000,3932.000000
4960.000000,3945.000000
1982.000000,3947.000000
4080.000000,3978.000000
1121.000000,3979.000000
2072.000000,3981.000000
3458.000000,3987.000000
2445.000000,3988.000000
5508.000000,4025.000000
2494.000000,4030.000000
795.000000,4033.000000
1484.000000,4035.000000
3417.000000,4045.000000
1753.000000,4046.000000
5248.000000,4063.000000
5774.000000,4081.000000
2665.000000,4082.000000
3050.000000,4086.000000
3209.000000,4118.000000
4057.000000,4118.000000
2538.000000,4121.000000
1474.000000,4128.000000
1487.000000,4138.000000
5675.000000,4146.000000
713.000000,4150.000000
1583.000000,4150.000000
5806.000000,4169.000000
2296.000000,4187.000000
146.000000,4189.000000
2679.000000,4221.000000
2471.000000,4226.000000
1438.000000,4234.000000
1096.000000,4237.000000
3134.000000,4237.000000
5661.000000,4250.000000
4439.000000,4266.000000
5634.000000,4304.000000
4758.000000,4365.000000
75.000000,4368.000000
5774.000000,4374.000000
5316.000000,4375.000000
147.000000,4382.000000
3710.000000,4390.000000
1979.000000,4394.000000
3297.000000,4399.000000
1046.000000,4400.000000
4720.000000,4405.000000
3310.000000,4407.000000
1670.000000,4408.000000
208.000000,4409.000000
387.000000,4415.000000
5256.000000,4422.000000
4784.000000,4430.000000
4787.000000,4432.000000
4345.000000,4434.000000
748.000000,4451.000000
3064.000000,4456.000000
381.000000,4457.000000
5313.000000,4462.000000
3554.000000,4475.000000
2036.000000,4487.000000
1068.000000,4493.000000
1846.000000,4494.000000
5636.000000,4495.000000
2656.000000,4507.000000
5685.000000,4523.000000
1126.000000,4542.000000
2980.000000,4551.000000
9.000000,4554.000000
4953.000000,4561.000000
5408.000000,4569.000000
2109.000000,4570.000000
3264.000000,4579.000000
5752.000000,4586.000000
1382.000000,4605.000000
4241.000000,4609.000000
4863.000000,4624.000000
1114.000000,4626.000000
4426.000000,4631.000000
3774.000000,4636.000000
1529.000000,4645.000000
1565.000000,4658.000000
2156.000000,4682.000000
2822.000000,4684.000000
3512.000000,4703.000000
3645.000000,4711.000000
3971.000000,4723.000000
441.000000,4728.000000
4461.000000,4729.000000
1511.000000,4734.000000
727.000000,4738.000000
5275.000000,4739.000000
405.000000,4745.000000
1637.000000,4754.000000
3772.000000,4755.000000
3703.000000,4758.000000
3698.000000,4760.000000
338.000000,4765.000000
5353.000000,4775.000000
5706.000000,4781.000000
4507.000000,4785.000000
3143.000000,4793.000000
117.000000,4799.000000
2518.000000,4845.000000
4552.000000,4856.000000
3700.000000,4868.000000
4672.000000,4873.000000
314.000000,4884.000000
2402.000000,4884.000000
1771.000000,4891.000000
3882.000000,4892.000000
5450.000000,4907.000000
3510.000000,4913.000000
4134.000000,4922.000000
2961.000000,4943.000000
5704.000000,4943.000000
863.000000,4945.000000
4008.000000,4983.000000
4339.000000,4994.000000
4057.000000,5003.000000
4665.000000,5024.000000
3876.000000,5037.000000
5071.000000,5038.000000
4432.000000,5043.000000
3817.000000,5047.000000
578.000000,5073.000000
2478.000000,5103.000000
901.000000,5147.000000
3247.000000,5148.000000
5549.000000,5172.000000
3983.000000,5180.000000
2959.000000,5191.000000
4074.000000,5192.000000
1201.000000,5195.000000
1725.000000,5195.000000
20.000000,5207.000000
4277.000000,5208.000000
4523.000000,5212.000000
1874.000000,5214.000000
1581.000000,5221.000000
2402.000000,5234.000000
3208.000000,5240.000000
3841.000000,5245.000000
1910.000000,5267.000000
4551.000000,5278.000000
2482.000000,5287.000000
2097.000000,5311.000000
4213.000000,5313.000000
695.000000,5316.000000
1436.000000,5334.000000
12.000000,5347.000000
3863.000000,5351.000000
5528.000000,5352.000000
3322.000000,5357.000000
4816.000000,5377.000000
1504.000000,5378.000000
4289.000000,5384.000000
3348.000000,5387.000000
1900.000000,5398.000000
5816.000000,5403.000000
424.000000,5414.000000
5130.000000,5437.000000
2590.000000,5443.000000
3099.000000,5453.000000
4274.000000,5458.000000
1526.000000,5468.000000
113.000000,5470.000000
999.000000,5473.000000
5702.000000,5481.000000
2634.000000,5505.000000
2563.000000,5518.000000
2194.000000,5526.000000
4842.000000,5544.000000
3183.000000,5555.000000
218.000000,5566.000000
1472.000000,5578.000000
2989.000000,5578.000000
5760.000000,5592.000000
5253.000000,5595.000000
4493.000000,5617.000000
1095.000000,5622.000000
2015.000000,5625.000000
4059.000000,5634.000000
4990.000000,5634.000000
2642.000000,5642.000000
88.000000,5663.000000
1419.000000,5665.000000
4870.000000,5667.000000
1934.000000,5668.000000
3658.000000,5670.000000
3171.000000,5679.000000
4476.000000,5690.000000
3883.000000,5699.000000
4627.000000,5722.000000
445.000000,5738.000000
4110.000000,5746.000000
1769.000000,5759.000000
4537.000000,5766.000000
4099.000000,5782.000000
3287.000000,5793.000000
4142.000000,5797.000000
3351.000000,5798.000000
1956.000000,5806.000000
1229.000000,5840.000000
4046.000000,5841.000000
3542.000000,5847.000000
LINES
4175.000000,2162.000000,3999.000000,2292.000000
3741.000000,3841.000000,3481.000000,3905.000000
2685.000000,479.000000,2794.000000,943.000000
4665.000000,5024.000000,4523.000000,5212.000000
5275.000000,4739.000000,4672.000000,4873.000000
445.000000,5738.000000,1229.000000,5840.000000
381.000000,4457.000000,338.000000,4765.000000
3791.000000,2786.000000,3952.000000,2951.000000
146.000000,4189.000000,147.000000,4382.000000
2020.000000,2777.000000,1974.000000,2912.000000
1164.000000,52.000000,932.000000,320.000000
4784.000000,4430.000000,4787.000000,4432.000000
2329.000000,3581.000000,2365.000000,3673.000000
5360.000000,65.000000,4915.000000,67.000000
5203.000000,1867.000000,5528.000000,2041.000000
5101.000000,1882.000000,5007.000000,1907.000000
5563.000000,369.000000,5702.000000,672.000000
1367.000000,3371.000000,1357.000000,3665.000000
4432.000000,5043.000000,4551.000000,5278.000000
1863.000000,3421.000000,2032.000000,3503.000000
748.000000,4451.000000,1068.000000,4493.000000
4418.000000,727.000000,4596.000000,1432.000000
907.000000,3820.000000,795.000000,4033.000000
2058.000000,919.000000,2215.000000,1033.000000
818.000000,942.000000,535.000000,971.000000
3510.000000,436.000000,3319.000000,835.000000
1487.000000,4138.000000,1438.000000,4234.000000
1615.000000,1567.000000,1666.000000,1645.000000
4551.000000,5278.000000,4289.000000,5384.000000
5675.000000,4146.000000,5634.000000,4304.000000
3686.000000,3588.000000,3481.000000,3905.000000
5450.000000,4907.000000,5071.000000,5038.000000
619.000000,3194.000000,665.000000,3196.000000
5374.000000,3358.000000,4981.000000,3525.000000
961.000000,3584.000000,953.000000,3643.000000
233.000000,2480.000000,52.000000,2741.000000
5360.000000,65.000000,5047.000000,149.000000
3401.000000,3764.000000,2764.000000,3790.000000
1019.000000,256.000000,985.000000,329.000000
5849.000000,2892.000000,5806.000000,4169.000000
4874.000000,2999.000000,5002.000000,3156.000000
5796.000000,2078.000000,5817.000000,2205.000000
3638.000000,719.000000,3993.000000,946.000000
1241.000000,1404.000000,1308.000000,1889.000000
1511.000000,4734.000000,863.000000,4945.000000
4686.000000,1939.000000,4800.000000,1951.000000
1526.000000,5468.000000,1472.000000,5578.000000
863.000000,4945.000000,1201.000000,5195.000000
1419.000000,2007.000000,1538.000000,2310.000000
4430.000000,2914.000000,4562.000000,2951.000000
1845.000000,1450.000000,1666.000000,1645.000000
1241.000000,1404.000000,1094.000000,1636.000000
3741.000000,3841.000000,4024.000000,3900.000000
4554.000000,1886.000000,4634.000000,2254.000000
5816.000000,3459.000000,5672.000000,3682.000000
1445.000000,3804.000000,1234.000000,3877.000000
1472.000000,5578.000000,1419.000000,5665.000000
2288.000000,200.000000,2685.000000,479.000000
5002.000000,3156.000000,4949.000000,3492.000000
5729.000000,3830.000000,5600.000000,3932.000000
4245.000000,278.000000,4236.000000,601.000000
4870.000000,5667.000000,4537.000000,5766.000000
5313.000000,4462.000000,5408.000000,4569.000000
5827.000000,2228.000000,5831.000000,2575.000000
2155.000000,3204.000000,2032.000000,3503.000000
5849.000000,2892.000000,5685.000000,2955.000000
1096.000000,4237.000000,1068.000000,4493.000000
2144.000000,1437.000000,2231.000000,1895.000000
4110.000000,2637.000000,3791.000000,2786.000000
2634.000000,5505.000000,2642.000000,5642.000000
208.000000,4409.000000,9.000000,4554.000000
5650.000000,2680.000000,5849.000000,2892.000000
233.000000,2480.000000,387.000000,2850.000000
1339.000000,3706.000000,1445.000000,3804.000000
3921.000000,2788.000000,4216.000000,2855.000000
4552.000000,4856.000000,4432.000000,5043.000000
1725.000000,5195.000000,1910.000000,5267.000000
5836.000000,2959.000000,5645.000000,3051.000000
5702.000000,5481.000000,5760.000000,5592.000000
612.000000,1382.000000,714.000000,1400.000000
1846.000000,4494.000000,1637.000000,4754.000000
619.000000,3194.000000,759.000000,3511.000000
5461.000000,3709.000000,5600.000000,3932.000000
3456.000000,2975.000000,3760.000000,3099.000000
1095.000000,5622.000000,1419.000000,5665.000000
4008.000000,4983.000000,4074.000000,5192.000000
1910.000000,5267.000000,2097.000000,5311.000000
314.000000,4884.000000,578.000000,5073.000000
4554.000000,1886.000000,4147.000000,1890.000000
381.000000,4457.000000,9.000000,4554.000000
2231.000000,1895.000000,2060.000000,2048.000000
399.000000,390.000000,401.000000,407.000000
2058.000000,919.000000,2420.000000,1035.000000
1696.000000,3866.000000,1699.000000,3872.000000
2867.000000,1600.000000,2829.000000,2093.000000
3710.000000,4390.000000,3772.000000,4755.000000
5375.000000,2624.000000,5527.000000,2785.000000
1050.000000,581.000000,1051.000000,966.000000
2021.000000,2850.000000,2090.000000,2870.000000
3774.000000,4636.000000,3772.000000,4755.000000
3370.000000,3262.000000,3426.000000,3413.000000
5816.000000,3776.000000,5774.000000,4081.000000
619.000000,1.000000,1164.000000,52.000000
1504.000000,5378.000000,1526.000000,5468.000000
3430.000000,64.000000,3712.000000,94.000000
901.000000,5147.000000,1201.000000,5195.000000
3817.000000,5047.000000,3983.000000,5180.000000
2183.000000,2607.000000,2683.000000,2725.000000
5796.000000,2078.000000,5827.000000,2228.000000
4627.000000,5722.000000,4537.000000,5766.000000
1565.000000,4658.000000,1511.000000,4734.000000
233.000000,2480.000000,633.000000,2578.000000
4596.000000,1432.000000,4734.000000,1548.000000
4758.000000,4365.000000,4720.000000,4405.000000
3426.000000,3413.000000,3401.000000,3764.000000
748.000000,4451.000000,727.000000,4738.000000
2656.000000,4507.000000,2961.000000,4943.000000
1816.000000,354.000000,1530.000000,764.000000
5849.000000,2892.000000,5836.000000,2959.000000
2872.000000,3356.000000,3089.000000,3441.000000
2482.000000,5287.000000,2194.000000,5526.000000
4218.000000,1635.000000,4267.000000,1662.000000
3645.000000,4711.000000,3208.000000,5240.000000
3874.000000,3062.000000,3760.000000,3099.000000
4634.000000,2254.000000,4885.000000,2380.000000
2029.000000,851.000000,2420.000000,1035.000000
633.000000,2578.000000,964.000000,2596.000000
3825.000000,3615.000000,4136.000000,3765.000000
5735.000000,1984.000000,5796.000000,2078.000000
5816.000000,284.000000,5725.000000,1622.000000
5195.000000,1378.000000,5239.000000,1407.000000
818.000000,942.000000,990.000000,1505.000000
233.000000,2480.000000,436.000000,2658.000000
4960.000000,3945.000000,4439.000000,4266.000000
4519.000000,11.000000,4132.000000,51.000000
3510.000000,4913.000000,3817.000000,5047.000000
4134.000000,4922.000000,4339.000000,4994.000000
4815.000000,3604.000000,4861.000000,3849.000000
4267.000000,1662.000000,4083.000000,1788.000000
5685.000000,4523.000000,5752.000000,4586.000000
5353.000000,4775.000000,5450.000000,4907.000000
4960.000000,3945.000000,5248.000000,4063.000000
4339.000000,4994.000000,4432.000000,5043.000000
4164.000000,2786.000000,3921.000000,2788.000000
5796.000000,2078.000000,5681.000000,2111.000000
3046.000000,1384.000000,2867.000000,1600.000000
4245.000000,278.000000,4418.000000,727.000000
1484.000000,4035.000000,1487.000000,4138.000000
3554.000000,4475.000000,3512.000000,4703.000000
5774.000000,4374.000000,5752.000000,4586.000000
727.000000,4738.000000,578.000000,5073.000000
4066.000000,748.000000,3797.000000,795.000000
183.000000,1785.000000,654.000000,2051.000000
4059.000000,5634.000000,4110.000000,5746.000000
3134.000000,4237.000000,3064.000000,4456.000000
4205.000000,3095.000000,4205.000000,3264.000000
1348.000000,234.000000,1290.000000,355.000000
227.000000,87.000000,135.000000,195.000000
5360.000000,65.000000,5077.000000,105.000000
4960.000000,3945.000000,4758.000000,4365.000000
5077.000000,105.000000,5047.000000,149.000000
5360.000000,65.000000,4932.000000,261.000000
1529.000000,4645.000000,1565.000000,4658.000000
2308.000000,1291.000000,1845.000000,1450.000000
5002.000000,3156.000000,5379.000000,3249.000000
3422.000000,930.000000,3993.000000,946.000000
4274.000000,5458.000000,4110.000000,5746.000000
3287.000000,5793.000000,3351.000000,5798.000000
5316.000000,4375.000000,5408.000000,4569.000000
5702.000000,672.000000,5551.000000,1050.000000
3817.000000,5047.000000,3883.000000,5699.000000
5503.000000,1701.000000,5203.000000,1867.000000
2202.000000,1404.000000,2231.000000,1895.000000
227.000000,87.000000,399.000000,390.000000
2370.000000,3785.000000,2494.000000,4030.000000
1240.000000,496.000000,1530.000000,764.000000
4950.000000,645.000000,5039.000000,1021.000000
1269.000000,3160.000000,1267.000000,3306.000000
3417.000000,4045.000000,3310.000000,4407.000000
4353.000000,3193.000000,4669.000000,3238.000000
3456.000000,2975.000000,3370.000000,3262.000000
1122.000000,2805.000000,1219.000000,3055.000000
2888.000000,1329.000000,3046.000000,1384.000000
441.000000,4728.000000,727.000000,4738.000000
4132.000000,51.000000,4092.000000,113.000000
2155.000000,3204.000000,2329.000000,3581.000000
1934.000000,5668.000000,1769.000000,5759.000000
3050.000000,4086.000000,3134.000000,4237.000000
3341.000000,1873.000000,3610.000000,1966.000000
1267.000000,3306.000000,1367.000000,3371.000000
4050.000000,3417.000000,3825.000000,3615.000000
3370.000000,3262.000000,3089.000000,3441.000000
4136.000000,3765.000000,4439.000000,4266.000000
5239.000000,1407.000000,5725.000000,1622.000000
5528.000000,5352.000000,5702.000000,5481.000000
5408.000000,4569.000000,5353.000000,4775.000000
1845.000000,1450.000000,1615.000000,1567.000000
3658.000000,5670.000000,3542.000000,5847.000000
619.000000,1.000000,120.000000,49.000000
4510.000000,2597.000000,4441.000000,2724.000000
953.000000,3643.000000,1149.000000,3734.000000
976.000000,3895.000000,1096.000000,4237.000000
1105.000000,2465.000000,1161.000000,2501.000000
3467.000000,1284.000000,3611.000000,1484.000000
1164.000000,52.000000,1019.000000,256.000000
3401.000000,3764.000000,3417.000000,4045.000000
3430.000000,64.000000,3243.000000,160.000000
3742.000000,547.000000,3638.000000,719.000000
343.000000,3888.000000,146.000000,4189.000000
183.000000,1785.000000,154.000000,2049.000000
5240.000000,1658.000000,5503.000000,1701.000000
5817.000000,2205.000000,5831.000000,2575.000000
2933.000000,688.000000,3319.000000,835.000000
5796.000000,2078.000000,5650.000000,2680.000000
4274.000000,5458.000000,4476.000000,5690.000000
4734.000000,1548.000000,4686.000000,1939.000000
2120.000000,2677.000000,2020.000000,2777.000000
1530.000000,857.000000,1823.000000,992.000000
5702.000000,672.000000,5392.000000,685.000000
2144.000000,1437.000000,1845.000000,1450.000000
1346.000000,1225.000000,1457.000000,1235.000000
1034.000000,2325.000000,964.000000,2596.000000
480.000000,2700.000000,416.000000,2794.000000
2308.000000,1291.000000,2202.000000,1404.000000
1879.000000,2167.000000,1538.000000,2310.000000
2478.000000,5103.000000,2959.000000,5191.000000
1790.000000,3038.000000,2155.000000,3204.000000
12.000000,5347.000000,88.000000,5663.000000
2941.000000,133.000000,3100.000000,301.000000
3999.000000,2292.000000,3922.000000,2307.000000
436.000000,2658.000000,480.000000,2700.000000
750.000000,1372.000000,843.000000,1428.000000
3437.000000,3243.000000,3370.000000,3262.000000
1979.000000,4394.000000,1846.000000,4494.000000
208.000000,4409.000000,387.000000,4415.000000
2874.000000,1236.000000,2792.000000,1544.000000
3771.000000,639.000000,3638.000000,719.000000
3686.000000,3588.000000,3401.000000,3764.000000
441.000000,4728.000000,405.000000,4745.000000
3591.000000,1533.000000,3341.000000,1873.000000
1583.000000,4150.000000,1979.000000,4394.000000
2794.000000,943.000000,2874.000000,1236.000000
1769.000000,5759.000000,1956.000000,5806.000000
5408.000000,4569.000000,5706.000000,4781.000000
20.000000,5207.000000,113.000000,5470.000000
3882.000000,4892.000000,3510.000000,4913.000000
3647.000000,1516.000000,3542.000000,1793.000000
2457.000000,18.000000,3749.000000,47.000000
3243.000000,160.000000,3447.000000,303.000000
4083.000000,1788.000000,4147.000000,1890.000000
4257.000000,2891.000000,4430.000000,2914.000000
5007.000000,1907.000000,4800.000000,1951.000000
5450.000000,4907.000000,5704.000000,4943.000000
3422.000000,930.000000,3912.000000,1220.000000
5379.000000,3249.000000,5374.000000,3358.000000
3319.000000,835.000000,3388.000000,1069.000000
359.000000,1200.000000,573.000000,1233.000000
5408.000000,4569.000000,5752.000000,4586.000000
3845.000000,715.000000,4066.000000,748.000000
1816.000000,354.000000,1823.000000,992.000000
1758.000000,2800.000000,1546.000000,3190.000000
3803.000000,3099.000000,4205.000000,3264.000000
2155.000000,3204.000000,2499.000000,3457.000000
976.000000,3895.000000,1121.000000,3979.000000
2183.000000,2607.000000,2020.000000,2777.000000
2872.000000,3356.000000,2870.000000,3392.000000
1419.000000,5665.000000,1229.000000,5840.000000
2679.000000,4221.000000,2471.000000,4226.000000
4236.000000,601.000000,4070.000000,766.000000
3273.000000,2152.000000,3320.000000,2628.000000
3825.000000,3615.000000,3807.000000,3838.000000
4604.000000,229.000000,4245.000000,278.000000
3658.000000,5670.000000,3287.000000,5793.000000
4885.000000,2380.000000,5145.000000,2585.000000
5685.000000,2955.000000,5836.000000,2959.000000
843.000000,1428.000000,990.000000,1505.000000
3401.000000,3764.000000,3458.000000,3987.000000
5579.000000,2974.000000,5645.000000,3051.000000
1539.000000,2676.000000,1758.000000,2800.000000
1670.000000,4408.000000,1637.000000,4754.000000
4008.000000,4983.000000,4057.000000,5003.000000
2885.000000,3214.000000,2872.000000,3356.000000
1979.000000,4394.000000,2036.000000,4487.000000
3348.000000,5387.000000,3183.000000,5555.000000
52.000000,2741.000000,387.000000,2850.000000
190.000000,1383.000000,243.000000,1490.000000
1121.000000,3979.000000,1096.000000,4237.000000
2109.000000,4570.000000,2402.000000,4884.000000
2913.000000,429.000000,2685.000000,479.000000
2563.000000,5518.000000,2642.000000,5642.000000
2471.000000,4226.000000,1979.000000,4394.000000
5323.000000,1188.000000,5361.000000,1242.000000
4554.000000,1886.000000,4175.000000,2162.000000
4216.000000,2855.000000,4257.000000,2891.000000
4981.000000,3525.000000,5099.000000,3676.000000
3208.000000,5240.000000,2989.000000,5578.000000
4894.000000,2633.000000,4562.000000,2951.000000
3064.000000,4456.000000,2980.000000,4551.000000
2020.000000,2777.000000,2090.000000,2870.000000
2683.000000,2725.000000,3005.000000,2797.000000
5532.000000,2067.000000,5308.000000,2343.000000
4092.000000,113.000000,4245.000000,278.000000
120.000000,49.000000,135.000000,195.000000
3999.000000,2292.000000,4249.000000,2539.000000
3700.000000,4868.000000,3510.000000,4913.000000
4342.000000,102.000000,4353.000000,149.000000
5849.000000,2892.000000,5816.000000,3776.000000
1758.000000,2800.000000,1790.000000,3038.000000
3441.000000,1814.000000,3341.000000,1873.000000
3803.000000,3099.000000,3493.000000,3140.000000
3658.000000,5670.000000,3883.000000,5699.000000
2308.000000,1291.000000,2144.000000,1437.000000
3746.000000,1402.000000,3611.000000,1484.000000
2697.000000,988.000000,2308.000000,1291.000000
4267.000000,1662.000000,4589.000000,1749.000000
2322.000000,40.000000,1164.000000,52.000000
2774.000000,2331.000000,2556.000000,2501.000000
3742.000000,547.000000,3845.000000,715.000000
2556.000000,2501.000000,2683.000000,2725.000000
4208.000000,3389.000000,4861.000000,3849.000000
4092.000000,113.000000,4066.000000,748.000000
113.000000,5470.000000,218.000000,5566.000000
4208.000000,3389.000000,4136.000000,3765.000000
5305.000000,2731.000000,5527.000000,2785.000000
4523.000000,5212.000000,4551.000000,5278.000000
5239.000000,1695.000000,5503.000000,1701.000000
2060.000000,2048.000000,1879.000000,2167.000000
1209.000000,1803.000000,1308.000000,1889.000000
2829.000000,254.000000,2913.000000,429.000000
9.000000,4554.000000,338.000000,4765.000000
953.000000,3643.000000,976.000000,3895.000000
535.000000,971.000000,573.000000,1233.000000
907.000000,3820.000000,976.000000,3895.000000
4932.000000,261.000000,4994.000000,442.000000
2794.000000,943.000000,2931.000000,1191.000000
1879.000000,2167.000000,2171.000000,2338.000000
548.000000,3560.000000,464.000000,3594.000000
314.000000,4884.000000,20.000000,5207.000000
2494.000000,4030.000000,2665.000000,4082.000000
2941.000000,133.000000,2672.000000,183.000000
4099.000000,5782.000000,4142.000000,5797.000000
900.000000,402.000000,818.000000,942.000000
1472.000000,5578.000000,1769.000000,5759.000000
633.000000,2578.000000,881.000000,2930.000000
5323.000000,1188.000000,5239.000000,1407.000000
2120.000000,2677.000000,2554.000000,3055.000000
2888.000000,1329.000000,2792.000000,1544.000000
1436.000000,5334.000000,1504.000000,5378.000000
5012.000000,2999.000000,5002.000000,3156.000000
4241.000000,4609.000000,3971.000000,4723.000000
960.000000,2950.000000,879.000000,3241.000000
4953.000000,4561.000000,5275.000000,4739.000000
4083.000000,1788.000000,4175.000000,2162.000000
1094.000000,1636.000000,1022.000000,1752.000000
1201.000000,5195.000000,1436.000000,5334.000000
147.000000,4382.000000,9.000000,4554.000000
2764.000000,3790.000000,3050.000000,4086.000000
960.000000,2950.000000,1219.000000,3055.000000
42.000000,3392.000000,146.000000,4189.000000
3183.000000,5555.000000,3658.000000,5670.000000
223.000000,1083.000000,359.000000,1200.000000
3064.000000,4456.000000,2822.000000,4684.000000
4342.000000,102.000000,4214.000000,194.000000
727.000000,4738.000000,863.000000,4945.000000
5308.000000,2343.000000,5375.000000,2624.000000
416.000000,2794.000000,387.000000,2850.000000
135.000000,195.000000,90.000000,312.000000
4208.000000,3389.000000,4050.000000,3417.000000
5248.000000,4063.000000,5316.000000,4375.000000
2499.000000,3457.000000,2370.000000,3785.000000
1925.000000,1985.000000,1538.000000,2310.000000
2194.000000,5526.000000,1934.000000,5668.000000
4418.000000,727.000000,4218.000000,1635.000000
1504.000000,5378.000000,1934.000000,5668.000000
2913.000000,429.000000,3510.000000,436.000000
2097.000000,5311.000000,2194.000000,5526.000000
1382.000000,4605.000000,1529.000000,4645.000000
670.000000,2237.000000,477.000000,2253.000000
5461.000000,3709.000000,5248.000000,4063.000000
2829.000000,254.000000,2685.000000,479.000000
5240.000000,1658.000000,5101.000000,1882.000000
2693.000000,2774.000000,2554.000000,3055.000000
5672.000000,3682.000000,5631.000000,3703.000000
3467.000000,1284.000000,3591.000000,1533.000000
1436.000000,5334.000000,1419.000000,5665.000000
1618.000000,3729.000000,1445.000000,3804.000000
2036.000000,4487.000000,2109.000000,4570.000000
3417.000000,4045.000000,3554.000000,4475.000000
3638.000000,719.000000,3797.000000,795.000000
3710.000000,4390.000000,3554.000000,4475.000000
4142.000000,5797.000000,4046.000000,5841.000000
5508.000000,4025.000000,5675.000000,4146.000000
687.000000,2844.000000,424.000000,3119.000000
1164.000000,52.000000,1816.000000,354.000000
1.000000,2868.000000,42.000000,3392.000000
5634.000000,4304.000000,5685.000000,4523.000000
4686.000000,1939.000000,4655.000000,2078.000000
2872.000000,3356.000000,2499.000000,3457.000000
1164.000000,52.000000,1290.000000,355.000000
1438.000000,4234.000000,1126.000000,4542.000000
1367.000000,3371.000000,1618.000000,3729.000000
2296.000000,4187.000000,2471.000000,4226.000000
4136.000000,3765.000000,4080.000000,3978.000000
3437.000000,3243.000000,3426.000000,3413.000000
1255.000000,961.000000,1088.000000,1017.000000
665.000000,3196.000000,759.000000,3511.000000
2156.000000,4682.000000,2402.000000,4884.000000
4842.000000,5544.000000,4627.000000,5722.000000
5527.000000,2785.000000,5579.000000,2974.000000
2402.000000,5234.000000,2482.000000,5287.000000
4175.000000,2162.000000,4249.000000,2539.000000
1.000000,2868.000000,75.000000,4368.000000
4164.000000,2786.000000,4257.000000,2891.000000
5305.000000,2731.000000,4979.000000,2741.000000
3542.000000,1793.000000,3752.000000,2167.000000
5256.000000,4422.000000,5313.000000,4462.000000
3100.000000,301.000000,2994.000000,314.000000
2312.000000,1233.000000,2308.000000,1291.000000
714.000000,1400.000000,843.000000,1428.000000
3752.000000,2167.000000,3873.000000,2366.000000
5816.000000,284.000000,5827.000000,2228.000000
4449.000000,3510.000000,4815.000000,3604.000000
1.000000,2868.000000,101.000000,3303.000000
3999.000000,2292.000000,4110.000000,2637.000000
1511.000000,4734.000000,1637.000000,4754.000000
5543.000000,3678.000000,5461.000000,3709.000000
1229.000000,5840.000000,3542.000000,5847.000000
424.000000,5414.000000,218.000000,5566.000000
2072.000000,3981.000000,2296.000000,4187.000000
1863.000000,3421.000000,1618.000000,3729.000000
5195.000000,1378.000000,5240.000000,1658.000000
4092.000000,113.000000,3801.000000,163.000000
2202.000000,1404.000000,2593.000000,1858.000000
4885.000000,2380.000000,4894.000000,2633.000000
405.000000,4745.000000,314.000000,4884.000000
3064.000000,4456.000000,3264.000000,4579.000000
4696.000000,1528.000000,4589.000000,1749.000000
4519.000000,11.000000,4604.000000,229.000000
1290.000000,355.000000,1050.000000,581.000000
3971.000000,4723.000000,4008.000000,4983.000000
1771.000000,4891.000000,2402.000000,5234.000000
5816.000000,3459.000000,5776.000000,3587.000000
4213.000000,5313.000000,3863.000000,5351.000000
818.000000,942.000000,1088.000000,1017.000000
5007.000000,1907.000000,4686.000000,1939.000000
2656.000000,4507.000000,2402.000000,4884.000000
5543.000000,3678.000000,5729.000000,3830.000000
3134.000000,4237.000000,3264.000000,4579.000000
4787.000000,4432.000000,4953.000000,4561.000000
1094.000000,1636.000000,1308.000000,1889.000000
5360.000000,65.000000,5563.000000,369.000000
2365.000000,3673.000000,2370.000000,3785.000000
1219.000000,3055.000000,1335.000000,3110.000000
480.000000,2700.000000,687.000000,2844.000000
5375.000000,3102.000000,5002.000000,3156.000000
619.000000,3194.000000,721.000000,3614.000000
3458.000000,3987.000000,3417.000000,4045.000000
2885.000000,3214.000000,2890.000000,3311.000000
1538.000000,2310.000000,1293.000000,2478.000000
4426.000000,4631.000000,4507.000000,4785.000000
3712.000000,94.000000,3447.000000,303.000000
154.000000,2049.000000,654.000000,2051.000000
548.000000,3560.000000,721.000000,3614.000000
2097.000000,5311.000000,1934.000000,5668.000000
4519.000000,11.000000,4342.000000,102.000000
5145.000000,2585.000000,5206.000000,2645.000000
1823.000000,992.000000,1627.000000,1325.000000
1474.000000,4128.000000,1438.000000,4234.000000
619.000000,1.000000,818.000000,942.000000
1094.000000,1636.000000,1209.000000,1803.000000
1724.000000,280.000000,2042.000000,340.000000
4267.000000,1662.000000,4554.000000,1886.000000
1019.000000,256.000000,932.000000,320.000000
1725.000000,5195.000000,2402.000000,5234.000000
1096.000000,4237.000000,1126.000000,4542.000000
4339.000000,4994.000000,4074.000000,5192.000000
1696.000000,3866.000000,1484.000000,4035.000000
1308.000000,1889.000000,1419.000000,2007.000000
5567.000000,2051.000000,5681.000000,2111.000000
2941.000000,133.000000,2829.000000,254.000000
243.000000,1490.000000,502.000000,1536.000000
1753.000000,4046.000000,1583.000000,4150.000000
211.000000,736.000000,223.000000,1083.000000
1474.000000,4128.000000,1487.000000,4138.000000
3510.000000,4913.000000,3883.000000,5699.000000
3746.000000,1402.000000,4083.000000,1788.000000
4461.000000,4729.000000,4507.000000,4785.000000
3310.000000,4407.000000,3554.000000,4475.000000
1484.000000,4035.000000,1096.000000,4237.000000
2156.000000,4682.000000,1637.000000,4754.000000
1900.000000,5398.000000,1934.000000,5668.000000
2959.000000,5191.000000,2989.000000,5578.000000
5706.000000,4781.000000,5704.000000,4943.000000
3005.000000,2797.000000,3456.000000,2975.000000
4979.000000,2741.000000,5012.000000,2999.000000
4241.000000,4609.000000,4426.000000,4631.000000
4066.000000,748.000000,4070.000000,766.000000
3493.000000,3140.000000,3825.000000,3615.000000
2683.000000,2725.000000,2554.000000,3055.000000
4074.000000,5192.000000,3863.000000,5351.000000
3467.000000,1284.000000,3746.000000,1402.000000
1627.000000,1325.000000,1615.000000,1567.000000
4439.000000,4266.000000,3774.000000,4636.000000
4758.000000,4365.000000,4787.000000,4432.000000
2590.000000,5443.000000,2634.000000,5505.000000
2029.000000,851.000000,2794.000000,943.000000
3876.000000,5037.000000,3817.000000,5047.000000
343.000000,3888.000000,713.000000,4150.000000
120.000000,49.000000,227.000000,87.000000
990.000000,1505.000000,1094.000000,1636.000000
714.000000,1400.000000,857.000000,1715.000000
477.000000,2253.000000,233.000000,2480.000000
2959.000000,5191.000000,3208.000000,5240.000000
5636.000000,4495.000000,5408.000000,4569.000000
1823.000000,992.000000,1845.000000,1450.000000
5130.000000,5437.000000,5253.000000,5595.000000
447.000000,2360.000000,633.000000,2578.000000
4136.000000,3765.000000,3807.000000,3838.000000
944.000000,1847.000000,670.000000,2237.000000
4935.000000,3175.000000,4669.000000,3238.000000
4345.000000,4434.000000,4507.000000,4785.000000
1149.000000,3734.000000,1147.000000,3925.000000
670.000000,2237.000000,633.000000,2578.000000
1445.000000,3804.000000,1484.000000,4035.000000
5253.000000,5595.000000,4990.000000,5634.000000
3645.000000,4711.000000,3700.000000,4868.000000
5623.000000,1166.000000,5361.000000,1242.000000
976.000000,3895.000000,713.000000,4150.000000
4990.000000,5634.000000,4870.000000,5667.000000
4216.000000,2855.000000,4205.000000,3095.000000
90.000000,312.000000,1.000000,2868.000000
4345.000000,4434.000000,4426.000000,4631.000000
4604.000000,229.000000,4418.000000,253.000000
1290.000000,355.000000,1530.000000,764.000000
5528.000000,2041.000000,5113.000000,2164.000000
944.000000,1847.000000,654.000000,2051.000000
5508.000000,4025.000000,5248.000000,4063.000000
5130.000000,5437.000000,5702.000000,5481.000000
5527.000000,2785.000000,5685.000000,2955.000000
88.000000,5663.000000,445.000000,5738.000000
900.000000,402.000000,1050.000000,581.000000
1606.000000,3237.000000,1863.000000,3421.000000
338.000000,4765.000000,117.000000,4799.000000
5816.000000,3776.000000,5600.000000,3932.000000
1088.000000,1017.000000,990.000000,1505.000000
4241.000000,4609.000000,4552.000000,4856.000000
695.000000,5316.000000,999.000000,5473.000000
5099.000000,3676.000000,5461.000000,3709.000000
5796.000000,2078.000000,5831.000000,2575.000000
4132.000000,51.000000,4214.000000,194.000000
3447.000000,303.000000,2913.000000,429.000000
5672.000000,3682.000000,5816.000000,3776.000000
721.000000,3614.000000,907.000000,3820.000000
4441.000000,2724.000000,4562.000000,2951.000000
20.000000,5207.000000,12.000000,5347.000000
4994.000000,442.000000,4950.000000,645.000000
5645.000000,3051.000000,5375.000000,3102.000000
4950.000000,645.000000,5024.000000,727.000000
1347.000000,2280.000000,1538.000000,2310.000000
4784.000000,4430.000000,4345.000000,4434.000000
1982.000000,3947.000000,2072.000000,3981.000000
243.000000,1490.000000,183.000000,1785.000000
1530.000000,857.000000,1457.000000,1235.000000
1164.000000,52.000000,1251.000000,391.000000
135.000000,195.000000,399.000000,390.000000
5563.000000,369.000000,5094.000000,704.000000
3993.000000,946.000000,4218.000000,1635.000000
3774.000000,4636.000000,3971.000000,4723.000000
3467.000000,1284.000000,3046.000000,1384.000000
3610.000000,1966.000000,3752.000000,2167.000000
5374.000000,3358.000000,5816.000000,3459.000000
1105.000000,2465.000000,1122.000000,2805.000000
3208.000000,5240.000000,3348.000000,5387.000000
3341.000000,1873.000000,3273.000000,2152.000000
1357.000000,3665.000000,1445.000000,3804.000000
5101.000000,1882.000000,4686.000000,1939.000000
2907.000000,2952.000000,2885.000000,3214.000000
5316.000000,4375.000000,5256.000000,4422.000000
3760.000000,3099.000000,3803.000000,3099.000000
670.000000,2237.000000,447.000000,2360.000000
619.000000,1.000000,401.000000,407.000000
5145.000000,2585.000000,5305.000000,2731.000000
4060.000000,1599.000000,4218.000000,1635.000000
2445.000000,3988.000000,2296.000000,4187.000000
3297.000000,4399.000000,3310.000000,4407.000000
3310.000000,4407.000000,3264.000000,4579.000000
2156.000000,4682.000000,2402.000000,5234.000000
3183.000000,5555.000000,3287.000000,5793.000000
3208.000000,5240.000000,3322.000000,5357.000000
932.000000,320.000000,985.000000,329.000000
4175.000000,2162.000000,4634.000000,2254.000000
1771.000000,4891.000000,1725.000000,5195.000000
1979.000000,4394.000000,2656.000000,4507.000000
387.000000,2850.000000,225.000000,2910.000000
5631.000000,3703.000000,5729.000000,3830.000000
1724.000000,280.000000,1816.000000,354.000000
3645.000000,4711.000000,3703.000000,4758.000000
4205.000000,3264.000000,4449.000000,3510.000000
4960.000000,3945.000000,5316.000000,4375.000000
3638.000000,719.000000,3319.000000,835.000000
4669.000000,3238.000000,4815.000000,3604.000000
2120.000000,2677.000000,2090.000000,2870.000000
1347.000000,2280.000000,1293.000000,2478.000000
2058.000000,919.000000,1845.000000,1450.000000
424.000000,5414.000000,445.000000,5738.000000
90.000000,312.000000,333.000000,369.000000
4551.000000,5278.000000,4627.000000,5722.000000
5543.000000,3678.000000,5631.000000,3703.000000
4241.000000,4609.000000,4008.000000,4983.000000
409.000000,3452.000000,464.000000,3594.000000
4110.000000,2637.000000,3921.000000,2788.000000
2888.000000,1329.000000,2867.000000,1600.000000
4981.000000,3525.000000,4815.000000,3604.000000
857.000000,1715.000000,944.000000,1847.000000
3319.000000,835.000000,3329.000000,846.000000
4110.000000,5746.000000,4046.000000,5841.000000
1495.000000,2620.000000,1539.000000,2676.000000
2090.000000,2870.000000,1790.000000,3038.000000
5725.000000,1622.000000,5827.000000,2228.000000
2030.000000,3571.000000,2329.000000,3581.000000
721.000000,3614.000000,953.000000,3643.000000
4060.000000,1599.000000,4083.000000,1788.000000
2870.000000,3392.000000,3401.000000,3764.000000
4426.000000,4631.000000,4461.000000,4729.000000
63.000000,2863.000000,1.000000,2868.000000
4289.000000,5384.000000,4274.000000,5458.000000
409.000000,3452.000000,721.000000,3614.000000
1934.000000,5668.000000,1956.000000,5806.000000
5007.000000,1907.000000,5145.000000,2585.000000
1339.000000,3706.000000,1149.000000,3734.000000
5253.000000,5595.000000,4537.000000,5766.000000
1219.000000,3055.000000,1269.000000,3160.000000
857.000000,1715.000000,1022.000000,1752.000000
573.000000,1233.000000,612.000000,1382.000000
1201.000000,5195.000000,1581.000000,5221.000000
502.000000,1536.000000,183.000000,1785.000000
2794.000000,943.000000,2420.000000,1035.000000
748.000000,4451.000000,441.000000,4728.000000
1367.000000,3371.000000,1158.000000,3472.000000
1846.000000,4494.000000,2156.000000,4682.000000
4134.000000,4922.000000,4008.000000,4983.000000
2829.000000,2093.000000,3273.000000,2152.000000
5661.000000,4250.000000,5634.000000,4304.000000
5634.000000,4304.000000,5636.000000,4495.000000
5831.000000,2575.000000,5849.000000,2892.000000
1618.000000,3729.000000,1914.000000,3742.000000
4083.000000,1788.000000,3752.000000,2167.000000
2961.000000,4943.000000,2959.000000,5191.000000
2538.000000,4121.000000,2471.000000,4226.000000
4665.000000,5024.000000,4816.000000,5377.000000
1290.000000,355.000000,1251.000000,391.000000
1790.000000,3038.000000,1863.000000,3421.000000
3746.000000,1402.000000,4060.000000,1599.000000
90.000000,312.000000,154.000000,2049.000000
5039.000000,1021.000000,4596.000000,1432.000000
863.000000,4945.000000,901.000000,5147.000000
5012.000000,2999.000000,5375.000000,3102.000000
3749.000000,47.000000,3801.000000,163.000000
1696.000000,3866.000000,1753.000000,4046.000000
5816.000000,3776.000000,5729.000000,3830.000000
5256.000000,4422.000000,5275.000000,4739.000000
1164.000000,52.000000,1348.000000,234.000000
1670.000000,4408.000000,1846.000000,4494.000000
1158.000000,3472.000000,1357.000000,3665.000000
619.000000,1.000000,900.000000,402.000000
2370.000000,3785.000000,2296.000000,4187.000000
4493.000000,5617.000000,4476.000000,5690.000000
3243.000000,160.000000,3100.000000,301.000000
2867.000000,1600.000000,3341.000000,1873.000000
2556.000000,2501.000000,2183.000000,2607.000000
2822.000000,4684.000000,3143.000000,4793.000000
5816.000000,3459.000000,5631.000000,3703.000000
4249.000000,2539.000000,4441.000000,2724.000000
3050.000000,4086.000000,2679.000000,4221.000000
2494.000000,4030.000000,2471.000000,4226.000000
4634.000000,2254.000000,4510.000000,2597.000000
2980.000000,4551.000000,3143.000000,4793.000000
5827.000000,2228.000000,5849.000000,2892.000000
1255.000000,961.000000,1051.000000,966.000000
1696.000000,3866.000000,1982.000000,3947.000000
3089.000000,3441.000000,3401.000000,3764.000000
4816.000000,5377.000000,4842.000000,5544.000000
2547.000000,1868.000000,2774.000000,2331.000000
2683.000000,2725.000000,2693.000000,2774.000000
3741.000000,3841.000000,4057.000000,4118.000000
1267.000000,3306.000000,1158.000000,3472.000000
1347.000000,2280.000000,1034.000000,2325.000000
4950.000000,645.000000,4596.000000,1432.000000
4519.000000,11.000000,2457.000000,18.000000
502.000000,1536.000000,816.000000,1867.000000
4979.000000,2741.000000,4874.000000,2999.000000
3005.000000,2797.000000,2904.000000,2848.000000
2590.000000,5443.000000,2563.000000,5518.000000
4236.000000,601.000000,4418.000000,727.000000
1357.000000,3665.000000,1339.000000,3706.000000
932.000000,320.000000,900.000000,402.000000
4953.000000,4561.000000,4863.000000,4624.000000
578.000000,5073.000000,113.000000,5470.000000
5275.000000,4739.000000,5071.000000,5038.000000
4861.000000,3849.000000,4960.000000,3945.000000
3873.000000,2366.000000,3791.000000,2786.000000
9.000000,4554.000000,20.000000,5207.000000
849.000000,3454.000000,759.000000,3511.000000
5549.000000,5172.000000,5528.000000,5352.000000
2931.000000,1191.000000,2888.000000,1329.000000
665.000000,3196.000000,879.000000,3241.000000
5675.000000,4146.000000,5661.000000,4250.000000
3925.000000,3001.000000,4205.000000,3095.000000
4214.000000,194.000000,4245.000000,278.000000
1348.000000,234.000000,1816.000000,354.000000
2874.000000,1236.000000,2888.000000,1329.000000
714.000000,1400.000000,502.000000,1536.000000
12.000000,5347.000000,113.000000,5470.000000
3971.000000,4723.000000,3882.000000,4892.000000
2288.000000,200.000000,2042.000000,340.000000
3426.000000,3413.000000,3825.000000,3615.000000
4815.000000,3604.000000,5099.000000,3676.000000
814.000000,3409.000000,849.000000,3454.000000
1530.000000,764.000000,1255.000000,961.000000
1346.000000,1225.000000,1241.000000,1404.000000
3209.000000,4118.000000,3134.000000,4237.000000
5485.000000,981.000000,5397.000000,1039.000000
1956.000000,5806.000000,3542.000000,5847.000000
3807.000000,3838.000000,4024.000000,3900.000000
5806.000000,4169.000000,5661.000000,4250.000000
4432.000000,5043.000000,4277.000000,5208.000000
1051.000000,966.000000,1088.000000,1017.000000
3329.000000,846.000000,3388.000000,1069.000000
3752.000000,2167.000000,3320.000000,2628.000000
5816.000000,5403.000000,5702.000000,5481.000000
90.000000,312.000000,211.000000,736.000000
1105.000000,2465.000000,964.000000,2596.000000
2933.000000,688.000000,2794.000000,943.000000
1758.000000,2800.000000,1335.000000,3110.000000
2494.000000,4030.000000,2538.000000,4121.000000
90.000000,312.000000,23.000000,2561.000000
5650.000000,2680.000000,5685.000000,2955.000000
2072.000000,3981.000000,1753.000000,4046.000000
944.000000,1847.000000,816.000000,1867.000000
5508.000000,4025.000000,5316.000000,4375.000000
3401.000000,3764.000000,3050.000000,4086.000000
5600.000000,3932.000000,5508.000000,4025.000000
3925.000000,3001.000000,3874.000000,3062.000000
5099.000000,3676.000000,4960.000000,3945.000000
3883.000000,5699.000000,3542.000000,5847.000000
3100.000000,301.000000,2913.000000,429.000000
2870.000000,3392.000000,2499.000000,3457.000000
1874.000000,5214.000000,2402.000000,5234.000000
1529.000000,4645.000000,1511.000000,4734.000000
816.000000,1867.000000,654.000000,2051.000000
633.000000,2578.000000,436.000000,2658.000000
3510.000000,436.000000,3742.000000,547.000000
3341.000000,1873.000000,2829.000000,2093.000000
5007.000000,1907.000000,4885.000000,2380.000000
3746.000000,1402.000000,3542.000000,1793.000000
5039.000000,1021.000000,5397.000000,1039.000000
3510.000000,4913.000000,3322.000000,5357.000000
4274.000000,5458.000000,4059.000000,5634.000000
4758.000000,4365.000000,5316.000000,4375.000000
3447.000000,303.000000,3510.000000,436.000000
4432.000000,5043.000000,4523.000000,5212.000000
1845.000000,1450.000000,1925.000000,1985.000000
1618.000000,3729.000000,1484.000000,4035.000000
5702.000000,672.000000,5623.000000,1166.000000
5623.000000,1166.000000,5323.000000,1188.000000
2693.000000,2774.000000,2904.000000,2848.000000
4537.000000,5766.000000,4046.000000,5841.000000
2563.000000,5518.000000,2015.000000,5625.000000
416.000000,2794.000000,687.000000,2844.000000
1438.000000,4234.000000,1670.000000,4408.000000
3319.000000,835.000000,2794.000000,943.000000
2420.000000,1035.000000,2312.000000,1233.000000
3874.000000,3062.000000,3803.000000,3099.000000
4353.000000,3193.000000,4205.000000,3264.000000
401.000000,407.000000,818.000000,942.000000
759.000000,3511.000000,721.000000,3614.000000
3554.000000,4475.000000,3264.000000,4579.000000
1034.000000,2325.000000,1161.000000,2501.000000
4894.000000,2633.000000,4874.000000,2999.000000
5634.000000,4304.000000,5408.000000,4569.000000
4074.000000,5192.000000,4213.000000,5313.000000
3845.000000,715.000000,3797.000000,795.000000
5532.000000,2067.000000,5681.000000,2111.000000
5528.000000,2041.000000,5532.000000,2067.000000
4672.000000,4873.000000,4816.000000,5377.000000
2457.000000,18.000000,2322.000000,40.000000
2980.000000,4551.000000,2822.000000,4684.000000
1346.000000,1225.000000,1530.000000,1325.000000
2029.000000,851.000000,2058.000000,919.000000
1979.000000,4394.000000,1670.000000,4408.000000
4800.000000,1951.000000,4885.000000,2380.000000
3863.000000,5351.000000,3883.000000,5699.000000
2457.000000,18.000000,3243.000000,160.000000
619.000000,1.000000,227.000000,87.000000
4136.000000,3765.000000,4861.000000,3849.000000
999.000000,5473.000000,1095.000000,5622.000000
4430.000000,2914.000000,4353.000000,3193.000000
5130.000000,5437.000000,4842.000000,5544.000000
409.000000,3452.000000,548.000000,3560.000000
3143.000000,4793.000000,2961.000000,4943.000000
5039.000000,1021.000000,5323.000000,1188.000000
2020.000000,2777.000000,2021.000000,2850.000000
4070.000000,766.000000,3993.000000,946.000000
441.000000,4728.000000,338.000000,4765.000000
3430.000000,64.000000,3447.000000,303.000000
5335.000000,2110.000000,5145.000000,2585.000000
5645.000000,3051.000000,5825.000000,3065.000000
3426.000000,3413.000000,3089.000000,3441.000000
5634.000000,4304.000000,5774.000000,4374.000000
1096.000000,4237.000000,1046.000000,4400.000000
5600.000000,3932.000000,5675.000000,4146.000000
4057.000000,4118.000000,3710.000000,4390.000000
5600.000000,3932.000000,5774.000000,4081.000000
3171.000000,5679.000000,3287.000000,5793.000000
4758.000000,4365.000000,4953.000000,4561.000000
985.000000,329.000000,900.000000,402.000000
2478.000000,5103.000000,2482.000000,5287.000000
2015.000000,5625.000000,1934.000000,5668.000000
3797.000000,795.000000,3993.000000,946.000000
3873.000000,2366.000000,4110.000000,2637.000000
5672.000000,3682.000000,5729.000000,3830.000000
3348.000000,5387.000000,3658.000000,5670.000000
5002.000000,3156.000000,4935.000000,3175.000000
654.000000,2051.000000,477.000000,2253.000000
3741.000000,3841.000000,3554.000000,4475.000000
3447.000000,303.000000,3742.000000,547.000000
2329.000000,3581.000000,2272.000000,3684.000000
3882.000000,4892.000000,3876.000000,5037.000000
4655.000000,2078.000000,4885.000000,2380.000000
3801.000000,163.000000,3447.000000,303.000000
3749.000000,47.000000,3430.000000,64.000000
1879.000000,2167.000000,2183.000000,2607.000000
1050.000000,581.000000,818.000000,942.000000
2792.000000,1544.000000,2867.000000,1600.000000
5774.000000,4374.000000,5685.000000,4523.000000
3928.000000,69.000000,3801.000000,163.000000
5316.000000,4375.000000,5313.000000,4462.000000
3050.000000,4086.000000,2656.000000,4507.000000
3817.000000,5047.000000,3841.000000,5245.000000
1022.000000,1752.000000,944.000000,1847.000000
5461.000000,3709.000000,5729.000000,3830.000000
2547.000000,1868.000000,2171.000000,2338.000000
5145.000000,2585.000000,4894.000000,2633.000000
1331.000000,1436.000000,1666.000000,1645.000000
3320.000000,2628.000000,3791.000000,2786.000000
3710.000000,4390.000000,3774.000000,4636.000000
4175.000000,2162.000000,3922.000000,2307.000000
2231.000000,1895.000000,2171.000000,2338.000000
1.000000,2868.000000,225.000000,2910.000000
3320.000000,2628.000000,3319.000000,2671.000000
4136.000000,3765.000000,4024.000000,3900.000000
1487.000000,4138.000000,1670.000000,4408.000000
3912.000000,1220.000000,4218.000000,1635.000000
1504.000000,5378.000000,1769.000000,5759.000000
5623.000000,1166.000000,5239.000000,1407.000000
881.000000,2930.000000,665.000000,3196.000000
2554.000000,3055.000000,2155.000000,3204.000000
2665.000000,4082.000000,2679.000000,4221.000000
4110.000000,340.000000,4236.000000,601.000000
5047.000000,149.000000,4932.000000,261.000000
338.000000,4765.000000,314.000000,4884.000000
3143.000000,4793.000000,3247.000000,5148.000000
2961.000000,4943.000000,3208.000000,5240.000000
2420.000000,1035.000000,2308.000000,1291.000000
713.000000,4150.000000,1096.000000,4237.000000
1606.000000,3237.000000,1367.000000,3371.000000
3542.000000,1793.000000,3341.000000,1873.000000
1530.000000,764.000000,1823.000000,992.000000
619.000000,1.000000,2322.000000,40.000000
2155.000000,3204.000000,1863.000000,3421.000000
3134.000000,4237.000000,3297.000000,4399.000000
4879.000000,188.000000,4932.000000,261.000000
4554.000000,1886.000000,4655.000000,2078.000000
2029.000000,851.000000,1823.000000,992.000000
5849.000000,2892.000000,5816.000000,5403.000000
4669.000000,3238.000000,4949.000000,3492.000000
1335.000000,3110.000000,1269.000000,3160.000000
4430.000000,2914.000000,4205.000000,3095.000000
1114.000000,4626.000000,863.000000,4945.000000
573.000000,1233.000000,750.000000,1372.000000
750.000000,1372.000000,612.000000,1382.000000
670.000000,2237.000000,1034.000000,2325.000000
5816.000000,3459.000000,5816.000000,3776.000000
3273.000000,2152.000000,3752.000000,2167.000000
2482.000000,5287.000000,2563.000000,5518.000000
1725.000000,5195.000000,1900.000000,5398.000000
3610.000000,1966.000000,3273.000000,2152.000000
4523.000000,5212.000000,4842.000000,5544.000000
5113.000000,2164.000000,5145.000000,2585.000000
843.000000,1428.000000,1022.000000,1752.000000
3645.000000,4711.000000,3247.000000,5148.000000
3971.000000,4723.000000,3772.000000,4755.000000
578.000000,5073.000000,695.000000,5316.000000
4562.000000,2951.000000,4353.000000,3193.000000
1046.000000,4400.000000,1068.000000,4493.000000
849.000000,3454.000000,953.000000,3643.000000
2402.000000,4884.000000,2402.000000,5234.000000
4267.000000,1662.000000,4147.000000,1890.000000
4449.000000,3510.000000,4861.000000,3849.000000
5506.000000,3664.000000,5631.000000,3703.000000
2518.000000,4845.000000,2478.000000,5103.000000
695.000000,5316.000000,1229.000000,5840.000000
1164.000000,52.000000,919.000000,290.000000
2885.000000,3214.000000,3089.000000,3441.000000
4490.000000,2895.000000,4562.000000,2951.000000
4214.000000,194.000000,4418.000000,253.000000
3883.000000,5699.000000,4046.000000,5841.000000
42.000000,3392.000000,464.000000,3594.000000
4249.000000,2539.000000,4510.000000,2597.000000
2665.000000,4082.000000,2538.000000,4121.000000
4784.000000,4430.000000,4863.000000,4624.000000
5816.000000,284.000000,5702.000000,672.000000
1255.000000,961.000000,1346.000000,1225.000000
5645.000000,3051.000000,5379.000000,3249.000000
1095.000000,5622.000000,1229.000000,5840.000000
5806.000000,4169.000000,5774.000000,4374.000000
5579.000000,2974.000000,5375.000000,3102.000000
1126.000000,4542.000000,1382.000000,4605.000000
218.000000,5566.000000,88.000000,5663.000000
695.000000,5316.000000,424.000000,5414.000000
2774.000000,2331.000000,3005.000000,2797.000000
4066.000000,748.000000,3993.000000,946.000000
4339.000000,4994.000000,4277.000000,5208.000000
2097.000000,5311.000000,1900.000000,5398.000000
4277.000000,5208.000000,4213.000000,5313.000000
5774.000000,4374.000000,5816.000000,5403.000000
2215.000000,1033.000000,2312.000000,1233.000000
964.000000,2596.000000,881.000000,2930.000000
4842.000000,5544.000000,4870.000000,5667.000000
4289.000000,5384.000000,4476.000000,5690.000000
5374.000000,3358.000000,5506.000000,3664.000000
843.000000,1428.000000,1094.000000,1636.000000
5450.000000,4907.000000,5528.000000,5352.000000
907.000000,3820.000000,713.000000,4150.000000
2072.000000,3981.000000,1979.000000,4394.000000
4080.000000,3978.000000,4439.000000,4266.000000
1234.000000,3877.000000,1484.000000,4035.000000
3983.000000,5180.000000,3841.000000,5245.000000
573.000000,1233.000000,990.000000,1505.000000
919.000000,290.000000,932.000000,320.000000
447.000000,2360.000000,233.000000,2480.000000
1863.000000,3421.000000,1914.000000,3742.000000
2015.000000,5625.000000,1956.000000,5806.000000
750.000000,1372.000000,990.000000,1505.000000
619.000000,1.000000,399.000000,390.000000
3925.000000,3001.000000,4205.000000,3264.000000
5253.000000,5595.000000,4870.000000,5667.000000
5706.000000,4781.000000,5816.000000,5403.000000
4915.000000,67.000000,5047.000000,149.000000
2370.000000,3785.000000,2764.000000,3790.000000
4816.000000,5377.000000,5130.000000,5437.000000
3700.000000,4868.000000,3882.000000,4892.000000
1758.000000,2800.000000,1974.000000,2912.000000
4245.000000,278.000000,4110.000000,340.000000
2090.000000,2870.000000,1974.000000,2912.000000
713.000000,4150.000000,387.000000,4415.000000
4537.000000,5766.000000,4142.000000,5797.000000
818.000000,942.000000,1051.000000,966.000000
2829.000000,254.000000,2994.000000,314.000000
1511.000000,4734.000000,1771.000000,4891.000000
1438.000000,4234.000000,1382.000000,4605.000000
4110.000000,5746.000000,4099.000000,5782.000000
1790.000000,3038.000000,1546.000000,3190.000000
387.000000,4415.000000,381.000000,4457.000000
75.000000,4368.000000,147.000000,4382.000000
1769.000000,5759.000000,1229.000000,5840.000000
4720.000000,4405.000000,4784.000000,4430.000000
2144.000000,1437.000000,1925.000000,1985.000000
1725.000000,5195.000000,1874.000000,5214.000000
5305.000000,2731.000000,5012.000000,2999.000000
2885.000000,3214.000000,3370.000000,3262.000000
976.000000,3895.000000,795.000000,4033.000000
3741.000000,3841.000000,3417.000000,4045.000000
2202.000000,1404.000000,2792.000000,1544.000000
1583.000000,4150.000000,1670.000000,4408.000000
907.000000,3820.000000,343.000000,3888.000000
424.000000,3119.000000,619.000000,3194.000000
901.000000,5147.000000,1095.000000,5622.000000
5397.000000,1039.000000,5323.000000,1188.000000
4110.000000,340.000000,4066.000000,748.000000
713.000000,4150.000000,146.000000,4189.000000
3703.000000,4758.000000,3698.000000,4760.000000
4060.000000,1599.000000,4267.000000,1662.000000
687.000000,2844.000000,665.000000,3196.000000
1251.000000,391.000000,1050.000000,581.000000
5007.000000,1907.000000,5528.000000,2041.000000
5776.000000,3587.000000,5816.000000,3776.000000
3143.000000,4793.000000,3208.000000,5240.000000
3297.000000,4399.000000,3264.000000,4579.000000
5335.000000,2110.000000,5113.000000,2164.000000
3742.000000,547.000000,4066.000000,748.000000
4418.000000,253.000000,4245.000000,278.000000
1088.000000,1017.000000,1241.000000,1404.000000
5071.000000,5038.000000,4816.000000,5377.000000
2593.000000,1858.000000,2547.000000,1868.000000
1241.000000,1404.000000,1331.000000,1436.000000
3512.000000,4703.000000,3645.000000,4711.000000
4241.000000,4609.000000,4461.000000,4729.000000
3273.000000,2152.000000,2774.000000,2331.000000
3493.000000,3140.000000,3370.000000,3262.000000
3863.000000,5351.000000,4059.000000,5634.000000
4070.000000,766.000000,4218.000000,1635.000000
3791.000000,2786.000000,3456.000000,2975.000000
1637.000000,4754.000000,1771.000000,4891.000000
4915.000000,67.000000,4879.000000,188.000000
120.000000,49.000000,90.000000,312.000000
5725.000000,1622.000000,5729.000000,1825.000000
713.000000,4150.000000,1046.000000,4400.000000
5760.000000,5592.000000,4537.000000,5766.000000
4213.000000,5313.000000,4274.000000,5458.000000
4080.000000,3978.000000,4057.000000,4118.000000
2870.000000,3392.000000,2764.000000,3790.000000
5681.000000,2111.000000,5308.000000,2343.000000
3481.000000,3905.000000,3458.000000,3987.000000
2642.000000,5642.000000,1956.000000,5806.000000
2156.000000,1104.000000,2312.000000,1233.000000
4245.000000,278.000000,4994.000000,442.000000
4551.000000,5278.000000,4842.000000,5544.000000
2231.000000,1895.000000,1925.000000,1985.000000
5145.000000,2585.000000,5375.000000,2624.000000
3510.000000,4913.000000,3208.000000,5240.000000
4205.000000,3264.000000,4050.000000,3417.000000
3401.000000,3764.000000,3481.000000,3905.000000
3746.000000,1402.000000,3647.000000,1516.000000
3099.000000,5453.000000,2989.000000,5578.000000
5735.000000,1984.000000,5528.000000,2041.000000
2634.000000,5505.000000,2989.000000,5578.000000
2194.000000,5526.000000,2015.000000,5625.000000
3247.000000,5148.000000,3208.000000,5240.000000
4050.000000,3417.000000,4136.000000,3765.000000
1879.000000,2167.000000,1539.000000,2676.000000
1670.000000,4408.000000,1382.000000,4605.000000
535.000000,971.000000,223.000000,1083.000000
3388.000000,1069.000000,3467.000000,1284.000000
2913.000000,429.000000,2933.000000,688.000000
4132.000000,51.000000,4342.000000,102.000000
4092.000000,113.000000,4110.000000,340.000000
5825.000000,3065.000000,5816.000000,3459.000000
208.000000,4409.000000,381.000000,4457.000000
424.000000,5414.000000,113.000000,5470.000000
1790.000000,3038.000000,1606.000000,3237.000000
1504.000000,5378.000000,1900.000000,5398.000000
5634.000000,4304.000000,5316.000000,4375.000000
4439.000000,4266.000000,4345.000000,4434.000000
387.000000,4415.000000,748.000000,4451.000000
4461.000000,4729.000000,4552.000000,4856.000000
5725.000000,1622.000000,5796.000000,2078.000000
619.000000,1.000000,4519.000000,11.000000
5849.000000,2892.000000,5816.000000,3459.000000
4523.000000,5212.000000,4816.000000,5377.000000
5503.000000,1701.000000,5729.000000,1825.000000
4249.000000,2539.000000,4164.000000,2786.000000
2370.000000,3785.000000,2445.000000,3988.000000
5206.000000,2645.000000,5305.000000,2731.000000
4519.000000,11.000000,5360.000000,65.000000
5461.000000,3709.000000,4960.000000,3945.000000
4510.000000,2597.000000,4562.000000,2951.000000
1419.000000,5665.000000,1769.000000,5759.000000
5392.000000,685.000000,5024.000000,727.000000
2518.000000,4845.000000,2402.000000,4884.000000
2322.000000,40.000000,1724.000000,280.000000
1105.000000,2465.000000,1219.000000,3055.000000
3686.000000,3588.000000,3825.000000,3615.000000
5661.000000,4250.000000,5774.000000,4374.000000
5039.000000,1021.000000,4686.000000,1939.000000
3921.000000,2788.000000,3952.000000,2951.000000
2994.000000,314.000000,2913.000000,429.000000
359.000000,3116.000000,424.000000,3119.000000
4551.000000,5278.000000,4493.000000,5617.000000
2989.000000,5578.000000,3171.000000,5679.000000
2913.000000,429.000000,2794.000000,943.000000
2445.000000,3988.000000,2471.000000,4226.000000
1068.000000,4493.000000,727.000000,4738.000000
5403.000000,3916.000000,5248.000000,4063.000000
1121.000000,3979.000000,1484.000000,4035.000000
2457.000000,18.000000,2941.000000,133.000000
5760.000000,5592.000000,5253.000000,5595.000000
5195.000000,1378.000000,4686.000000,1939.000000
4046.000000,5841.000000,3542.000000,5847.000000
3456.000000,2975.000000,3493.000000,3140.000000
1487.000000,4138.000000,1583.000000,4150.000000
1293.000000,2478.000000,1495.000000,2620.000000
4164.000000,2786.000000,4216.000000,2855.000000
233.000000,2480.000000,23.000000,2561.000000
5774.000000,4081.000000,5675.000000,4146.000000
1696.000000,3866.000000,1487.000000,4138.000000
619.000000,3194.000000,409.000000,3452.000000
5408.000000,4569.000000,5275.000000,4739.000000
1526.000000,5468.000000,1419.000000,5665.000000
23.000000,2561.000000,52.000000,2741.000000
4634.000000,2254.000000,4894.000000,2633.000000
4059.000000,5634.000000,3883.000000,5699.000000
3703.000000,4758.000000,3700.000000,4868.000000
2156.000000,4682.000000,1771.000000,4891.000000
4147.000000,1890.000000,4175.000000,2162.000000
4874.000000,2999.000000,4935.000000,3175.000000
2874.000000,1236.000000,2308.000000,1291.000000
2672.000000,183.000000,2829.000000,254.000000
297.000000,1316.000000,190.000000,1383.000000
4342.000000,102.000000,4418.000000,253.000000
1627.000000,1325.000000,1331.000000,1436.000000
5567.000000,2051.000000,5532.000000,2067.000000
3005.000000,2797.000000,2907.000000,2952.000000
4213.000000,5313.000000,4289.000000,5384.000000
2547.000000,1868.000000,2829.000000,2093.000000
4932.000000,261.000000,5094.000000,704.000000
5704.000000,4943.000000,5549.000000,5172.000000
4696.000000,1528.000000,4686.000000,1939.000000
5816.000000,5403.000000,5760.000000,5592.000000
3611.000000,1484.000000,3591.000000,1533.000000
2656.000000,4507.000000,2822.000000,4684.000000
5239.000000,1407.000000,5240.000000,1658.000000
1581.000000,5221.000000,1504.000000,5378.000000
436.000000,2658.000000,387.000000,2850.000000
101.000000,3303.000000,42.000000,3392.000000
502.000000,1536.000000,654.000000,2051.000000
5735.000000,1984.000000,5681.000000,2111.000000
863.000000,4945.000000,578.000000,5073.000000
3760.000000,3099.000000,3493.000000,3140.000000
3912.000000,1220.000000,3746.000000,1402.000000
1234.000000,3877.000000,1121.000000,3979.000000
5702.000000,5481.000000,5253.000000,5595.000000
1068.000000,4493.000000,1114.000000,4626.000000
52.000000,2741.000000,1.000000,2868.000000
5316.000000,4375.000000,4953.000000,4561.000000
4441.000000,2724.000000,4430.000000,2914.000000
881.000000,2930.000000,960.000000,2950.000000
1308.000000,1889.000000,1347.000000,2280.000000
1666.000000,1645.000000,1925.000000,1985.000000
4277.000000,5208.000000,4289.000000,5384.000000
1219.000000,3055.000000,1267.000000,3306.000000
2538.000000,4121.000000,2679.000000,4221.000000
4519.000000,11.000000,4418.000000,253.000000
477.000000,2253.000000,447.000000,2360.000000
4441.000000,2724.000000,4257.000000,2891.000000
4134.000000,4922.000000,4057.000000,5003.000000
4476.000000,5690.000000,4142.000000,5797.000000
5203.000000,1867.000000,5101.000000,1882.000000
999.000000,5473.000000,1229.000000,5840.000000
619.000000,1.000000,919.000000,290.000000
1874.000000,5214.000000,1910.000000,5267.000000
4418.000000,727.000000,4070.000000,766.000000
4519.000000,11.000000,4915.000000,67.000000
3983.000000,5180.000000,4074.000000,5192.000000
2296.000000,4187.000000,1979.000000,4394.000000
4758.000000,4365.000000,4784.000000,4430.000000
849.000000,3454.000000,721.000000,3614.000000
3845.000000,715.000000,3638.000000,719.000000
135.000000,195.000000,401.000000,407.000000
5549.000000,5172.000000,5816.000000,5403.000000
5729.000000,1825.000000,5796.000000,2078.000000
3319.000000,835.000000,3422.000000,930.000000
1538.000000,2310.000000,1495.000000,2620.000000
3050.000000,4086.000000,3064.000000,4456.000000
1436.000000,5334.000000,1526.000000,5468.000000
4439.000000,4266.000000,4241.000000,4609.000000
1771.000000,4891.000000,1581.000000,5221.000000
1670.000000,4408.000000,1565.000000,4658.000000
3134.000000,4237.000000,3310.000000,4407.000000
5130.000000,5437.000000,4990.000000,5634.000000
5817.000000,2205.000000,5827.000000,2228.000000
1240.000000,496.000000,1255.000000,961.000000
5392.000000,685.000000,5485.000000,981.000000
5335.000000,2110.000000,5308.000000,2343.000000
5760.000000,5592.000000,4046.000000,5841.000000
387.000000,4415.000000,441.000000,4728.000000
619.000000,1.000000,2457.000000,18.000000
9.000000,4554.000000,117.000000,4799.000000
5071.000000,5038.000000,5702.000000,5481.000000
4110.000000,2637.000000,4164.000000,2786.000000
1666.000000,1645.000000,1308.000000,1889.000000
2202.000000,1404.000000,2144.000000,1437.000000
1419.000000,2007.000000,1347.000000,2280.000000
4205.000000,3264.000000,4208.000000,3389.000000
2499.000000,3457.000000,2764.000000,3790.000000
612.000000,1382.000000,502.000000,1536.000000
5461.000000,3709.000000,5403.000000,3916.000000
2322.000000,40.000000,2288.000000,200.000000
5403.000000,3916.000000,5600.000000,3932.000000
359.000000,3116.000000,101.000000,3303.000000
3741.000000,3841.000000,3458.000000,3987.000000
1627.000000,1325.000000,1845.000000,1450.000000
320.000000,550.000000,535.000000,971.000000
3611.000000,1484.000000,3647.000000,1516.000000
2030.000000,3571.000000,2072.000000,3981.000000
320.000000,550.000000,211.000000,736.000000
750.000000,1372.000000,714.000000,1400.000000
3772.000000,4755.000000,3882.000000,4892.000000
4950.000000,645.000000,4418.000000,727.000000
1357.000000,3665.000000,1618.000000,3729.000000
654.000000,2051.000000,670.000000,2237.000000
1164.000000,52.000000,1050.000000,581.000000
5752.000000,4586.000000,5816.000000,5403.000000
4842.000000,5544.000000,4990.000000,5634.000000
75.000000,4368.000000,9.000000,4554.000000
401.000000,407.000000,320.000000,550.000000
2058.000000,919.000000,1823.000000,992.000000
2563.000000,5518.000000,1956.000000,5806.000000
5450.000000,4907.000000,5549.000000,5172.000000
1240.000000,496.000000,1050.000000,581.000000
1293.000000,2478.000000,1539.000000,2676.000000
721.000000,3614.000000,388.000000,3716.000000
2959.000000,5191.000000,2634.000000,5505.000000
2322.000000,40.000000,2042.000000,340.000000
5528.000000,2041.000000,5335.000000,2110.000000
1484.000000,4035.000000,1474.000000,4128.000000
146.000000,4189.000000,387.000000,4415.000000
4863.000000,4624.000000,4672.000000,4873.000000
5485.000000,981.000000,5623.000000,1166.000000
5203.000000,1867.000000,5007.000000,1907.000000
5503.000000,1701.000000,5528.000000,2041.000000
4562.000000,2951.000000,4874.000000,2999.000000
2030.000000,3571.000000,2272.000000,3684.000000
953.000000,3643.000000,1357.000000,3665.000000
1161.000000,2501.000000,1335.000000,3110.000000
1670.000000,4408.000000,1529.000000,4645.000000
5506.000000,3664.000000,5099.000000,3676.000000
944.000000,1847.000000,1034.000000,2325.000000
4994.000000,442.000000,5094.000000,704.000000
2171.000000,2338.000000,2556.000000,2501.000000
2554.000000,3055.000000,2499.000000,3457.000000
4024.000000,3900.000000,4080.000000,3978.000000
4879.000000,188.000000,4604.000000,229.000000
2538.000000,3145.000000,2155.000000,3204.000000
665.000000,3196.000000,814.000000,3409.000000
3287.000000,5793.000000,1956.000000,5806.000000
1565.000000,4658.000000,1637.000000,4754.000000
4439.000000,4266.000000,4720.000000,4405.000000
1914.000000,3742.000000,1982.000000,3947.000000
901.000000,5147.000000,1436.000000,5334.000000
3064.000000,4456.000000,2656.000000,4507.000000
3771.000000,639.000000,3845.000000,715.000000
359.000000,1200.000000,297.000000,1316.000000
2593.000000,1858.000000,2231.000000,1895.000000
3493.000000,3140.000000,3437.000000,3243.000000
1539.000000,2676.000000,2020.000000,2777.000000
464.000000,3594.000000,388.000000,3716.000000
4057.000000,4118.000000,3774.000000,4636.000000
4510.000000,2597.000000,4894.000000,2633.000000
3882.000000,4892.000000,3817.000000,5047.000000
1982.000000,3947.000000,1753.000000,4046.000000
633.000000,2578.000000,480.000000,2700.000000
5729.000000,1825.000000,5528.000000,2041.000000
401.000000,407.000000,535.000000,971.000000
2370.000000,3785.000000,2072.000000,3981.000000
3348.000000,5387.000000,3099.000000,5453.000000
3791.000000,2786.000000,3760.000000,3099.000000
5240.000000,1658.000000,4686.000000,1939.000000
4024.000000,3900.000000,4057.000000,4118.000000
2563.000000,5518.000000,2194.000000,5526.000000
4669.000000,3238.000000,4449.000000,3510.000000
3417.000000,4045.000000,3050.000000,4086.000000
5071.000000,5038.000000,5528.000000,5352.000000
5024.000000,727.000000,5397.000000,1039.000000
1511.000000,4734.000000,1581.000000,5221.000000
3320.000000,2628.000000,3456.000000,2975.000000
4345.000000,4434.000000,4241.000000,4609.000000
5836.000000,2959.000000,5825.000000,3065.000000
985.000000,329.000000,1050.000000,581.000000
4696.000000,1528.000000,4218.000000,1635.000000
2870.000000,3392.000000,3089.000000,3441.000000
2021.000000,2850.000000,1974.000000,2912.000000
388.000000,3716.000000,907.000000,3820.000000
5816.000000,3776.000000,5806.000000,4169.000000
4552.000000,4856.000000,4134.000000,4922.000000
3841.000000,5245.000000,3883.000000,5699.000000
879.000000,3241.000000,961.000000,3584.000000
2482.000000,5287.000000,2590.000000,5443.000000
2989.000000,5578.000000,2642.000000,5642.000000
5375.000000,2624.000000,5305.000000,2731.000000
63.000000,2863.000000,225.000000,2910.000000
5145.000000,2585.000000,4979.000000,2741.000000
4787.000000,4432.000000,4863.000000,4624.000000
3803.000000,3099.000000,4050.000000,3417.000000
4175.000000,2162.000000,3752.000000,2167.000000
3882.000000,4892.000000,4008.000000,4983.000000
1.000000,2868.000000,12.000000,5347.000000
4562.000000,2951.000000,4669.000000,3238.000000
4289.000000,5384.000000,4493.000000,5617.000000
4949.000000,3492.000000,4981.000000,3525.000000
3329.000000,846.000000,3746.000000,1402.000000
1484.000000,4035.000000,1438.000000,4234.000000
2457.000000,18.000000,2672.000000,183.000000
944.000000,1847.000000,1347.000000,2280.000000
9.000000,4554.000000,12.000000,5347.000000
3430.000000,64.000000,3325.000000,126.000000
436.000000,2658.000000,416.000000,2794.000000
960.000000,2950.000000,665.000000,3196.000000
147.000000,4382.000000,208.000000,4409.000000
5361.000000,1242.000000,5239.000000,1407.000000
3752.000000,2167.000000,3922.000000,2307.000000
879.000000,3241.000000,849.000000,3454.000000
3005.000000,2797.000000,2885.000000,3214.000000
5816.000000,284.000000,5849.000000,2892.000000
2215.000000,1033.000000,2156.000000,1104.000000
5379.000000,3249.000000,4981.000000,3525.000000
2272.000000,3684.000000,2370.000000,3785.000000
4277.000000,5208.000000,4551.000000,5278.000000
4669.000000,3238.000000,4205.000000,3264.000000
1699.000000,3872.000000,1753.000000,4046.000000
4932.000000,261.000000,5563.000000,369.000000
4241.000000,4609.000000,3774.000000,4636.000000
665.000000,3196.000000,849.000000,3454.000000
2402.000000,4884.000000,2478.000000,5103.000000
4994.000000,442.000000,5024.000000,727.000000
90.000000,312.000000,223.000000,1083.000000
424.000000,3119.000000,665.000000,3196.000000
5579.000000,2974.000000,5012.000000,2999.000000
4218.000000,1635.000000,4589.000000,1749.000000
3493.000000,3140.000000,4050.000000,3417.000000
5007.000000,1907.000000,5113.000000,2164.000000
2890.000000,3311.000000,3089.000000,3441.000000
2792.000000,1544.000000,2593.000000,1858.000000
4274.000000,5458.000000,4142.000000,5797.000000
4589.000000,1749.000000,4554.000000,1886.000000
3287.000000,5793.000000,3542.000000,5847.000000
4249.000000,2539.000000,4257.000000,2891.000000
154.000000,2049.000000,23.000000,2561.000000
4672.000000,4873.000000,5071.000000,5038.000000
2457.000000,18.000000,3430.000000,64.000000
5636.000000,4495.000000,5685.000000,4523.000000
5002.000000,3156.000000,4981.000000,3525.000000
5725.000000,1622.000000,5503.000000,1701.000000
1219.000000,3055.000000,879.000000,3241.000000
1122.000000,2805.000000,881.000000,2930.000000
4008.000000,4983.000000,3983.000000,5180.000000
5256.000000,4422.000000,4953.000000,4561.000000
727.000000,4738.000000,314.000000,4884.000000
5047.000000,149.000000,4879.000000,188.000000
2272.000000,3684.000000,2072.000000,3981.000000
5392.000000,685.000000,5397.000000,1039.000000
1753.000000,4046.000000,1979.000000,4394.000000
1457.000000,1235.000000,1530.000000,1325.000000
573.000000,1233.000000,502.000000,1536.000000
2020.000000,2777.000000,1758.000000,2800.000000
2365.000000,3673.000000,2272.000000,3684.000000
3638.000000,719.000000,3422.000000,930.000000
1974.000000,2912.000000,1790.000000,3038.000000
5825.000000,3065.000000,5379.000000,3249.000000
2764.000000,3790.000000,2494.000000,4030.000000
849.000000,3454.000000,961.000000,3584.000000
3801.000000,163.000000,3742.000000,547.000000
2931.000000,1191.000000,2874.000000,1236.000000
2890.000000,3311.000000,2872.000000,3356.000000
42.000000,3392.000000,388.000000,3716.000000
2679.000000,4221.000000,2656.000000,4507.000000
4552.000000,4856.000000,4339.000000,4994.000000
3325.000000,126.000000,3243.000000,160.000000
901.000000,5147.000000,695.000000,5316.000000
1530.000000,857.000000,1255.000000,961.000000
4132.000000,51.000000,3928.000000,69.000000
3807.000000,3838.000000,3741.000000,3841.000000
1910.000000,5267.000000,1900.000000,5398.000000
1581.000000,5221.000000,1436.000000,5334.000000
5353.000000,4775.000000,5706.000000,4781.000000
1666.000000,1645.000000,1419.000000,2007.000000
2672.000000,183.000000,2288.000000,200.000000
5704.000000,4943.000000,5816.000000,5403.000000
4696.000000,1528.000000,4734.000000,1548.000000
4665.000000,5024.000000,4432.000000,5043.000000
1367.000000,3371.000000,1863.000000,3421.000000
4353.000000,149.000000,4214.000000,194.000000
5836.000000,2959.000000,5816.000000,3459.000000
2794.000000,943.000000,3388.000000,1069.000000
3325.000000,126.000000,3447.000000,303.000000
4870.000000,5667.000000,4627.000000,5722.000000
1530.000000,857.000000,1627.000000,1325.000000
5485.000000,981.000000,5323.000000,1188.000000
3952.000000,2951.000000,4205.000000,3095.000000
3099.000000,5453.000000,3183.000000,5555.000000
5563.000000,369.000000,5392.000000,685.000000
1240.000000,496.000000,1051.000000,966.000000
2885.000000,3214.000000,2499.000000,3457.000000
573.000000,1233.000000,297.000000,1316.000000
2656.000000,4507.000000,2518.000000,4845.000000
1348.000000,234.000000,1530.000000,764.000000
5239.000000,1695.000000,5203.000000,1867.000000
3591.000000,1533.000000,3542.000000,1793.000000
502.000000,1536.000000,944.000000,1847.000000
23.000000,2561.000000,1.000000,2868.000000
3863.000000,5351.000000,4274.000000,5458.000000
863.000000,4945.000000,695.000000,5316.000000
4241.000000,4609.000000,4134.000000,4922.000000
1022.000000,1752.000000,1209.000000,1803.000000
2032.000000,3503.000000,2030.000000,3571.000000
3645.000000,4711.000000,3698.000000,4760.000000
90.000000,312.000000,190.000000,1383.000000
3874.000000,3062.000000,4205.000000,3264.000000
5392.000000,685.000000,5094.000000,704.000000
1511.000000,4734.000000,1201.000000,5195.000000
4552.000000,4856.000000,4665.000000,5024.000000
3417.000000,4045.000000,3209.000000,4118.000000
5796.000000,2078.000000,5375.000000,2624.000000
4092.000000,113.000000,3742.000000,547.000000
2457.000000,18.000000,2288.000000,200.000000
1530.000000,1325.000000,1627.000000,1325.000000
2547.000000,1868.000000,2231.000000,1895.000000
5549.000000,5172.000000,5702.000000,5481.000000
3645.000000,4711.000000,3772.000000,4755.000000
3351.000000,5798.000000,3542.000000,5847.000000
4074.000000,5192.000000,4277.000000,5208.000000
297.000000,1316.000000,243.000000,1490.000000
4339.000000,4994.000000,4057.000000,5003.000000
5650.000000,2680.000000,5527.000000,2785.000000
441.000000,4728.000000,314.000000,4884.000000
953.000000,3643.000000,907.000000,3820.000000
5485.000000,981.000000,5551.000000,1050.000000
2032.000000,3503.000000,2329.000000,3581.000000
1357.000000,3665.000000,1149.000000,3734.000000
1241.000000,1404.000000,1666.000000,1645.000000
5379.000000,3249.000000,5816.000000,3459.000000
2482.000000,5287.000000,2097.000000,5311.000000
4874.000000,2999.000000,5012.000000,2999.000000
3322.000000,5357.000000,3883.000000,5699.000000
3050.000000,4086.000000,3209.000000,4118.000000
5636.000000,4495.000000,5752.000000,4586.000000
4057.000000,5003.000000,4074.000000,5192.000000
5528.000000,2041.000000,5567.000000,2051.000000
1126.000000,4542.000000,1114.000000,4626.000000
3322.000000,5357.000000,3348.000000,5387.000000
5806.000000,4169.000000,5816.000000,5403.000000
2822.000000,4684.000000,2961.000000,4943.000000
502.000000,1536.000000,857.000000,1715.000000
1530.000000,764.000000,1530.000000,857.000000
146.000000,4189.000000,75.000000,4368.000000
1149.000000,3734.000000,1234.000000,3877.000000
2499.000000,3457.000000,2329.000000,3581.000000
4493.000000,5617.000000,4627.000000,5722.000000
3320.000000,2628.000000,3005.000000,2797.000000
4057.000000,4118.000000,4439.000000,4266.000000
4507.000000,4785.000000,4672.000000,4873.000000
843.000000,1428.000000,857.000000,1715.000000
154.000000,2049.000000,233.000000,2480.000000
3841.000000,5245.000000,3863.000000,5351.000000
2683.000000,2725.000000,2904.000000,2848.000000
2538.000000,3145.000000,2499.000000,3457.000000
2941.000000,133.000000,3243.000000,160.000000
2547.000000,1868.000000,2556.000000,2501.000000
1114.000000,4626.000000,1511.000000,4734.000000
1.000000,2868.000000,9.000000,4554.000000
2402.000000,5234.000000,1910.000000,5267.000000
2120.000000,2677.000000,2683.000000,2725.000000
4441.000000,2724.000000,4490.000000,2895.000000
5275.000000,4739.000000,5353.000000,4775.000000
3591.000000,1533.000000,2867.000000,1600.000000
388.000000,3716.000000,146.000000,4189.000000
1526.000000,5468.000000,1769.000000,5759.000000
4935.000000,3175.000000,4949.000000,3492.000000
4057.000000,4118.000000,3554.000000,4475.000000
5831.000000,2575.000000,5650.000000,2680.000000
5360.000000,65.000000,5816.000000,284.000000
3698.000000,4760.000000,3700.000000,4868.000000
5374.000000,3358.000000,5099.000000,3676.000000
1335.000000,3110.000000,1546.000000,3190.000000
2482.000000,5287.000000,2634.000000,5505.000000
387.000000,2850.000000,359.000000,3116.000000
2931.000000,1191.000000,3046.000000,1384.000000
3710.000000,4390.000000,3512.000000,4703.000000
3329.000000,846.000000,3422.000000,930.000000
225.000000,2910.000000,359.000000,3116.000000
2042.000000,340.000000,1823.000000,992.000000
1530.000000,1325.000000,1331.000000,1436.000000
1339.000000,3706.000000,1234.000000,3877.000000
3749.000000,47.000000,3712.000000,94.000000
314.000000,4884.000000,113.000000,5470.000000
3742.000000,547.000000,3771.000000,639.000000
5735.000000,1984.000000,5567.000000,2051.000000
3005.000000,2797.000000,3370.000000,3262.000000
2109.000000,4570.000000,2156.000000,4682.000000
4476.000000,5690.000000,4537.000000,5766.000000
5776.000000,3587.000000,5672.000000,3682.000000
1068.000000,4493.000000,1126.000000,4542.000000
4596.000000,1432.000000,4696.000000,1528.000000
3876.000000,5037.000000,3983.000000,5180.000000
2554.000000,3055.000000,2885.000000,3214.000000
5240.000000,1658.000000,5239.000000,1695.000000
190.000000,1383.000000,154.000000,2049.000000
5508.000000,4025.000000,5634.000000,4304.000000
713.000000,4150.000000,748.000000,4451.000000
2829.000000,2093.000000,2774.000000,2331.000000
1335.000000,3110.000000,1267.000000,3306.000000
1046.000000,4400.000000,748.000000,4451.000000
3952.000000,2951.000000,3925.000000,3001.000000
3542.000000,1793.000000,3610.000000,1966.000000
1546.000000,3190.000000,1367.000000,3371.000000
4099.000000,5782.000000,4046.000000,5841.000000
1234.000000,3877.000000,1147.000000,3925.000000
4720.000000,4405.000000,4345.000000,4434.000000
3749.000000,47.000000,4132.000000,51.000000
5305.000000,2731.000000,5579.000000,2974.000000
2904.000000,2848.000000,2885.000000,3214.000000
619.000000,1.000000,932.000000,320.000000
223.000000,1083.000000,297.000000,1316.000000
416.000000,2794.000000,424.000000,3119.000000
3825.000000,3615.000000,3741.000000,3841.000000
1725.000000,5195.000000,1581.000000,5221.000000
2941.000000,133.000000,2994.000000,314.000000
3712.000000,94.000000,3801.000000,163.000000
818.000000,942.000000,573.000000,1233.000000
211.000000,736.000000,535.000000,971.000000
4915.000000,67.000000,5077.000000,105.000000
1122.000000,2805.000000,960.000000,2950.000000
3209.000000,4118.000000,3310.000000,4407.000000
2867.000000,1600.000000,2593.000000,1858.000000
2642.000000,5642.000000,3287.000000,5793.000000
5532.000000,2067.000000,5335.000000,2110.000000
113.000000,5470.000000,88.000000,5663.000000
3183.000000,5555.000000,3171.000000,5679.000000
4816.000000,5377.000000,5702.000000,5481.000000
3925.000000,3001.000000,3760.000000,3099.000000
1914.000000,3742.000000,2072.000000,3981.000000
2120.000000,2677.000000,2155.000000,3204.000000
4949.000000,3492.000000,4815.000000,3604.000000
333.000000,369.000000,320.000000,550.000000
4493.000000,5617.000000,4537.000000,5766.000000
223.000000,1083.000000,190.000000,1383.000000
901.000000,5147.000000,999.000000,5473.000000
1293.000000,2478.000000,1161.000000,2501.000000
146.000000,4189.000000,208.000000,4409.000000
1979.000000,4394.000000,2109.000000,4570.000000
2090.000000,2870.000000,2155.000000,3204.000000
3791.000000,2786.000000,3921.000000,2788.000000
2445.000000,3988.000000,2494.000000,4030.000000
297.000000,1316.000000,502.000000,1536.000000
964.000000,2596.000000,1122.000000,2805.000000
1753.000000,4046.000000,1487.000000,4138.000000
5323.000000,1188.000000,4686.000000,1939.000000
359.000000,3116.000000,409.000000,3452.000000
333.000000,369.000000,401.000000,407.000000
1158.000000,3472.000000,953.000000,3643.000000
3749.000000,47.000000,3928.000000,69.000000
944.000000,1847.000000,1308.000000,1889.000000
5506.000000,3664.000000,5461.000000,3709.000000
1347.000000,2280.000000,1161.000000,2501.000000
3426.000000,3413.000000,3686.000000,3588.000000
4784.000000,4430.000000,4672.000000,4873.000000
2478.000000,5103.000000,2402.000000,5234.000000
953.000000,3643.000000,1147.000000,3925.000000
3825.000000,3615.000000,3481.000000,3905.000000
2183.000000,2607.000000,1539.000000,2676.000000
5551.000000,1050.000000,5623.000000,1166.000000
1267.000000,3306.000000,961.000000,3584.000000
135.000000,195.000000,333.000000,369.000000
5816.000000,3459.000000,5506.000000,3664.000000
388.000000,3716.000000,343.000000,3888.000000
3952.000000,2951.000000,3760.000000,3099.000000
4208.000000,3389.000000,4449.000000,3510.000000
3208.000000,5240.000000,3099.000000,5453.000000
1219.000000,3055.000000,961.000000,3584.000000
2036.000000,4487.000000,2156.000000,4682.000000
1699.000000,3872.000000,1982.000000,3947.000000
2518.000000,4845.000000,2961.000000,4943.000000
3710.000000,4390.000000,3645.000000,4711.000000
2593.000000,1858.000000,2829.000000,2093.000000
976.000000,3895.000000,1147.000000,3925.000000
2183.000000,2607.000000,2120.000000,2677.000000
2774.000000,2331.000000,2683.000000,2725.000000
464.000000,3594.000000,721.000000,3614.000000
5729.000000,1825.000000,5735.000000,1984.000000
3658.000000,5670.000000,3351.000000,5798.000000
3512.000000,4703.000000,3143.000000,4793.000000
2697.000000,988.000000,2874.000000,1236.000000
1255.000000,961.000000,1457.000000,1235.000000
1068.000000,4493.000000,863.000000,4945.000000
2794.000000,943.000000,2697.000000,988.000000
3999.000000,2292.000000,3873.000000,2366.000000
5796.000000,2078.000000,5308.000000,2343.000000
1105.000000,2465.000000,1335.000000,3110.000000
2554.000000,3055.000000,2538.000000,3145.000000
3046.000000,1384.000000,3591.000000,1533.000000
405.000000,4745.000000,338.000000,4765.000000
1331.000000,1436.000000,1615.000000,1567.000000
5375.000000,2624.000000,5650.000000,2680.000000
3422.000000,930.000000,3746.000000,1402.000000
2685.000000,479.000000,2029.000000,851.000000
4490.000000,2895.000000,4430.000000,2914.000000
387.000000,2850.000000,63.000000,2863.000000
1164.000000,52.000000,1724.000000,280.000000
101.000000,3303.000000,464.000000,3594.000000
2672.000000,183.000000,2685.000000,479.000000
1438.000000,4234.000000,1096.000000,4237.000000
4092.000000,113.000000,4214.000000,194.000000
3883.000000,5699.000000,4110.000000,5746.000000
2156.000000,1104.000000,1845.000000,1450.000000
5506.000000,3664.000000,5543.000000,3678.000000
4800.000000,1951.000000,4655.000000,2078.000000
1914.000000,3742.000000,1696.000000,3866.000000
4915.000000,67.000000,4604.000000,229.000000
5206.000000,2645.000000,4979.000000,2741.000000
3273.000000,2152.000000,3005.000000,2797.000000
5685.000000,2955.000000,5579.000000,2974.000000
52.000000,2741.000000,63.000000,2863.000000
2904.000000,2848.000000,2907.000000,2952.000000
1158.000000,3472.000000,961.000000,3584.000000
2913.000000,429.000000,3319.000000,835.000000
3928.000000,69.000000,4092.000000,113.000000
1863.000000,3421.000000,2030.000000,3571.000000
3510.000000,436.000000,3638.000000,719.000000
1925.000000,1985.000000,1879.000000,2167.000000
5024.000000,727.000000,5039.000000,1021.000000
4554.000000,1886.000000,4686.000000,1939.000000
1725.000000,5195.000000,1504.000000,5378.000000
795.000000,4033.000000,713.000000,4150.000000
1290.000000,355.000000,1240.000000,496.000000
3100.000000,301.000000,3447.000000,303.000000
387.000000,2850.000000,424.000000,3119.000000
333.000000,369.000000,211.000000,736.000000
3645.000000,4711.000000,3143.000000,4793.000000
2478.000000,5103.000000,2634.000000,5505.000000
4110.000000,5746.000000,4142.000000,5797.000000
2980.000000,4551.000000,3264.000000,4579.000000
42.000000,3392.000000,75.000000,4368.000000
3319.000000,2671.000000,3005.000000,2797.000000
1164.000000,52.000000,985.000000,329.000000
5094.000000,704.000000,5024.000000,727.000000
3752.000000,2167.000000,3791.000000,2786.000000
2634.000000,5505.000000,2563.000000,5518.000000
1618.000000,3729.000000,1696.000000,3866.000000
1457.000000,1235.000000,1627.000000,1325.000000
1088.000000,1017.000000,1346.000000,1225.000000
1346.000000,1225.000000,1331.000000,1436.000000
4596.000000,1432.000000,4218.000000,1635.000000
101.000000,3303.000000,409.000000,3452.000000
1546.000000,3190.000000,1606.000000,3237.000000
1161.000000,2501.000000,1539.000000,2676.000000
2042.000000,340.000000,1816.000000,354.000000
2308.000000,1291.000000,2792.000000,1544.000000
695.000000,5316.000000,445.000000,5738.000000
1161.000000,2501.000000,1758.000000,2800.000000
4784.000000,4430.000000,4507.000000,4785.000000
4874.000000,2999.000000,4669.000000,3238.000000
5403.000000,3916.000000,5508.000000,4025.000000
5702.000000,672.000000,5485.000000,981.000000
3772.000000,4755.000000,3703.000000,4758.000000
2156.000000,1104.000000,2308.000000,1291.000000
4507.000000,4785.000000,4552.000000,4856.000000
2518.000000,4845.000000,2959.000000,5191.000000
814.000000,3409.000000,759.000000,3511.000000
3493.000000,3140.000000,3426.000000,3413.000000
4008.000000,4983.000000,3876.000000,5037.000000
1114.000000,4626.000000,1529.000000,4645.000000
3264.000000,4579.000000,3512.000000,4703.000000
4894.000000,2633.000000,4979.000000,2741.000000
535.000000,971.000000,359.000000,1200.000000
5323.000000,1188.000000,5195.000000,1378.000000
424.000000,5414.000000,88.000000,5663.000000
5623.000000,1166.000000,5725.000000,1622.000000
4879.000000,188.000000,4994.000000,442.000000
4439.000000,4266.000000,4758.000000,4365.000000
5725.000000,1622.000000,5240.000000,1658.000000
5039.000000,1021.000000,4734.000000,1548.000000
4257.000000,2891.000000,4205.000000,3095.000000
2042.000000,340.000000,2685.000000,479.000000
4249.000000,2539.000000,4110.000000,2637.000000
5702.000000,672.000000,5725.000000,1622.000000
2989.000000,5578.000000,3287.000000,5793.000000
5099.000000,3676.000000,4861.000000,3849.000000
3542.000000,1793.000000,3441.000000,1814.000000
5375.000000,3102.000000,5379.000000,3249.000000
4205.000000,3095.000000,4353.000000,3193.000000
1538.000000,2310.000000,1539.000000,2676.000000
117.000000,4799.000000,314.000000,4884.000000
4175.000000,2162.000000,4510.000000,2597.000000
3264.000000,4579.000000,3143.000000,4793.000000
578.000000,5073.000000,424.000000,5414.000000
4589.000000,1749.000000,4686.000000,1939.000000
5256.000000,4422.000000,5408.000000,4569.000000
4353.000000,149.000000,4418.000000,253.000000
3647.000000,1516.000000,3591.000000,1533.000000
5752.000000,4586.000000,5706.000000,4781.000000
3388.000000,1069.000000,2931.000000,1191.000000
2036.000000,4487.000000,1846.000000,4494.000000
5275.000000,4739.000000,5450.000000,4907.000000
2402.000000,5234.000000,2097.000000,5311.000000
1241.000000,1404.000000,990.000000,1505.000000
2665.000000,4082.000000,3050.000000,4086.000000
3329.000000,846.000000,3467.000000,1284.000000
3322.000000,5357.000000,3658.000000,5670.000000
1022.000000,1752.000000,1308.000000,1889.000000
3388.000000,1069.000000,3046.000000,1384.000000
2060.000000,2048.000000,2171.000000,2338.000000
190.000000,1383.000000,183.000000,1785.000000
4655.000000,2078.000000,4634.000000,2254.000000
2499.000000,3457.000000,2365.000000,3673.000000
5816.000000,284.000000,5563.000000,369.000000
3319.000000,2671.000000,3456.000000,2975.000000
1147.000000,3925.000000,1121.000000,3979.000000
4236.000000,601.000000,4066.000000,748.000000
4083.000000,1788.000000,3542.000000,1793.000000
2764.000000,3790.000000,2665.000000,4082.000000
2457.000000,18.000000,4132.000000,51.000000
5774.000000,4081.000000,5806.000000,4169.000000
3993.000000,946.000000,3912.000000,1220.000000
1925.000000,1985.000000,1419.000000,2007.000000
3772.000000,4755.000000,3700.000000,4868.000000
5675.000000,4146.000000,5806.000000,4169.000000
2058.000000,919.000000,2156.000000,1104.000000
2171.000000,2338.000000,2183.000000,2607.000000
1034.000000,2325.000000,1105.000000,2465.000000
4861.000000,3849.000000,4439.000000,4266.000000
1979.000000,4394.000000,2402.000000,4884.000000
4216.000000,2855.000000,3952.000000,2951.000000
4245.000000,278.000000,4950.000000,645.000000
359.000000,3116.000000,619.000000,3194.000000
3591.000000,1533.000000,3441.000000,1814.000000
4672.000000,4873.000000,4665.000000,5024.000000
5240.000000,1658.000000,5203.000000,1867.000000
670.000000,2237.000000,964.000000,2596.000000
1382.000000,4605.000000,1114.000000,4626.000000
2042.000000,340.000000,2029.000000,851.000000
633.000000,2578.000000,687.000000,2844.000000
3912.000000,1220.000000,4060.000000,1599.000000
2904.000000,2848.000000,2554.000000,3055.000000
5685.000000,2955.000000,5645.000000,3051.000000
5706.000000,4781.000000,5450.000000,4907.000000
387.000000,4415.000000,338.000000,4765.000000
225.000000,2910.000000,101.000000,3303.000000
3099.000000,5453.000000,3171.000000,5679.000000
1546.000000,3190.000000,1267.000000,3306.000000
154.000000,2049.000000,477.000000,2253.000000
901.000000,5147.000000,1419.000000,5665.000000
4604.000000,229.000000,4994.000000,442.000000
117.000000,4799.000000,20.000000,5207.000000
687.000000,2844.000000,881.000000,2930.000000
1925.000000,1985.000000,2060.000000,2048.000000
4953.000000,4561.000000,4672.000000,4873.000000
2215.000000,1033.000000,2420.000000,1035.000000
1956.000000,5806.000000,1229.000000,5840.000000
3645.000000,4711.000000,3510.000000,4913.000000
3922.000000,2307.000000,3873.000000,2366.000000
3983.000000,5180.000000,3863.000000,5351.000000
5308.000000,2343.000000,5145.000000,2585.000000
2030.000000,3571.000000,1914.000000,3742.000000
2697.000000,988.000000,2420.000000,1035.000000
2471.000000,4226.000000,2656.000000,4507.000000
4552.000000,4856.000000,4672.000000,4873.000000
