POINTS
5068.000000,18.000000
5105.000000,28.000000
988.000000,43.000000
3157.000000,55.000000
400.000000,58.000000
1891.000000,60.000000
157.000000,103.000000
3957.000000,103.000000
2556.000000,128.000000
5526.000000,139.000000
936.000000,145.000000
4930.000000,150.000000
4679.000000,168.000000
736.000000,169.000000
2730.000000,188.000000
5127.000000,223.000000
4387.000000,229.000000
2468.000000,238.000000
781.000000,252.000000
2470.000000,258.000000
692.000000,259.000000
1960.000000,278.000000
5415.000000,285.000000
526.000000,302.000000
4742.000000,302.000000
1321.000000,322.000000
2608.000000,322.000000
4484.000000,345.000000
5330.000000,345.000000
61.000000,358.000000
846.000000,358.000000
4684.000000,362.000000
1654.000000,385.000000
4679.000000,396.000000
5166.000000,413.000000
1937.000000,442.000000
3194.000000,448.000000
2235.000000,456.000000
2541.000000,457.000000
2757.000000,483.000000
318.000000,495.000000
2963.000000,502.000000
55.000000,526.000000
2921.000000,527.000000
3732.000000,538.000000
3019.000000,544.000000
838.000000,555.000000
1497.000000,558.000000
4312.000000,582.000000
4845.000000,592.000000
1521.000000,594.000000
1970.000000,594.000000
3184.000000,600.000000
4291.000000,615.000000
576.000000,619.000000
1448.000000,641.000000
436.000000,643.000000
4032.000000,652.000000
1977.000000,663.000000
888.000000,666.000000
366.000000,683.000000
3308.000000,685.000000
1293.000000,694.000000
3296.000000,700.000000
518.000000,701.000000
467.000000,704.000000
3623.000000,724.000000
5614.000000,728.000000
2064.000000,739.000000
1626.000000,746.000000
2827.000000,750.000000
3476.000000,761.000000
3977.000000,772.000000
5117.000000,782.000000
1739.000000,787.000000
5739.000000,792.000000
2363.000000,798.000000
5593.000000,800.000000
68.000000,833.000000
4181.000000,859.000000
518.000000,882.000000
3275.000000,887.000000
4524.000000,888.000000
3884.000000,890.000000
262.000000,895.000000
673.000000,902.000000
4927.000000,911.000000
973.000000,934.000000
4153.000000,941.000000
3008.000000,947.000000
3143.000000,990.000000
2747.000000,1001.000000
2421.000000,1011.000000
5286.000000,1011.000000
699.000000,1014.000000
2215.000000,1015.000000
4644.000000,1018.000000
5137.000000,1090.000000
1023.000000,1099.000000
3255.000000,1111.000000
4572.000000,1111.000000
1981.000000,1130.000000
4140.000000,1135.000000
167.000000,1138.000000
1136.000000,1155.000000
2396.000000,1156.000000
1605.000000,1160.000000
2214.000000,1163.000000
4951.000000,1169.000000
2443.000000,1181.000000
4704.000000,1184.000000
1471.000000,1187.000000
2107.000000,1217.000000
1961.000000,1222.000000
3090.000000,1232.000000
4360.000000,1235.000000
1391.000000,1240.000000
4188.000000,1248.000000
2035.000000,1258.000000
47.000000,1285.000000
1903.000000,1306.000000
388.000000,1340.000000
2340.000000,1341.000000
2720.000000,1343.000000
340.000000,1345.000000
5596.000000,1353.000000
5205.000000,1362.000000
233.000000,1363.000000
1293.000000,1369.000000
3529.000000,1374.000000
2019.000000,1407.000000
1936.000000,1416.000000
1131.000000,1431.000000
2441.000000,1445.000000
5319.000000,1453.000000
4238.000000,1455.000000
532.000000,1467.000000
5090.000000,1483.000000
5744.000000,1483.000000
781.000000,1487.000000
3071.000000,1491.000000
4802.000000,1504.000000
4705.000000,1510.000000
1403.000000,1519.000000
5866.000000,1519.000000
2536.000000,1521.000000
1462.000000,1528.000000
228.000000,1535.000000
1010.000000,1538.000000
1034.000000,1543.000000
5726.000000,1544.000000
125.000000,1567.000000
1198.000000,1598.000000
1117.000000,1611.000000
1220.000000,1612.000000
376.000000,1614.000000
5363.000000,1627.000000
1333.000000,1638.000000
2858.000000,1646.000000
5283.000000,1664.000000
1390.000000,1734.000000
4739.000000,1766.000000
4146.000000,1788.000000
2728.000000,1796.000000
1318.000000,1797.000000
69.000000,1805.000000
2641.000000,1834.000000
3983.000000,1839.000000
954.000000,1851.000000
5801.000000,1857.000000
4727.000000,1860.000000
1984.000000,1870.000000
3721.000000,1874.000000
4991.000000,1888.000000
4499.000000,1946.000000
228.000000,1948.000000
3806.000000,1957.000000
3030.000000,1961.000000
2508.000000,1962.000000
4302.000000,1978.000000
5756.000000,1987.000000
1876.000000,1991.000000
1532.000000,2013.000000
1583.000000,2015.000000
265.000000,2026.000000
744.000000,2028.000000
3109.000000,2036.000000
2589.000000,2049.000000
3286.000000,2064.000000
2976.000000,2073.000000
5411.000000,2074.000000
111.000000,2077.000000
972.000000,2084.000000
1643.000000,2093.000000
5595.000000,2103.000000
4058.000000,2110.000000
3690.000000,2115.000000
402.000000,2142.000000
3235.000000,2169.000000
195.000000,2174.000000
2835.000000,2174.000000
3816.000000,2177.000000
5235.000000,2178.000000
2319.000000,2179.000000
1106.000000,2185.000000
3701.000000,2207.000000
1975.000000,2210.000000
1353.000000,2231.000000
2772.000000,2238.000000
4737.000000,2242.000000
1294.000000,2243.000000
882.000000,2244.000000
3426.000000,2293.000000
1267.000000,2295.000000
3575.000000,2317.000000
227.000000,2320.000000
5110.000000,2320.000000
2981.000000,2342.000000
438.000000,2344.000000
3080.000000,2349.000000
2022.000000,2350.000000
688.000000,2356.000000
1781.000000,2362.000000
5439.000000,2363.000000
5504.000000,2365.000000
1006.000000,2369.000000
488.000000,2379.000000
1181.000000,2382.000000
4228.000000,2383.000000
4268.000000,2388.000000
2871.000000,2408.000000
1192.000000,2416.000000
4976.000000,2427.000000
4664.000000,2430.000000
2511.000000,2474.000000
3695.000000,2474.000000
3764.000000,2492.000000
5801.000000,2497.000000
2444.000000,2504.000000
2523.000000,2505.000000
5123.000000,2505.000000
3407.000000,2510.000000
3818.000000,2531.000000
4025.000000,2541.000000
3825.000000,2550.000000
1526.000000,2555.000000
823.000000,2566.000000
5865.000000,2605.000000
2356.000000,2619.000000
1333.000000,2626.000000
2461.000000,2633.000000
1894.000000,2634.000000
3969.000000,2637.000000
1593.000000,2639.000000
664.000000,2641.000000
1298.000000,2643.000000
3472.000000,2677.000000
4926.000000,2693.000000
5725.000000,2695.000000
5139.000000,2724.000000
3560.000000,2725.000000
4216.000000,2725.000000
2129.000000,2730.000000
5191.000000,2741.000000
3144.000000,2753.000000
2873.000000,2764.000000
2403.000000,2774.000000
2311.000000,2781.000000
299.000000,2785.000000
3792.000000,2794.000000
2293.000000,2796.000000
2405.000000,2796.000000
2907.000000,2833.000000
3943.000000,2838.000000
5081.000000,2839.000000
5548.000000,2839.000000
3743.000000,2848.000000
1486.000000,2854.000000
4508.000000,2879.000000
8.000000,2915.000000
1494.000000,2923.000000
753.000000,2946.000000
879.000000,2946.000000
2115.000000,2946.000000
3020.000000,2952.000000
2014.000000,2957.000000
4085.000000,2970.000000
4063.000000,2971.000000
436.000000,2977.000000
5509.000000,2984.000000
1064.000000,2986.000000
2354.000000,3000.000000
5423.000000,3017.000000
1482.000000,3020.000000
3928.000000,3023.000000
3644.000000,3024.000000
5444.000000,3029.000000
1225.000000,3031.000000
2141.000000,3036.000000
707.000000,3054.000000
3105.000000,3063.000000
4789.000000,3064.000000
184.000000,3068.000000
2108.000000,3072.000000
2182.000000,3081.000000
3582.000000,3082.000000
4742.000000,3083.000000
2634.000000,3095.000000
3084.000000,3132.000000
5536.000000,3147.000000
3955.000000,3161.000000
52.000000,3195.000000
119.000000,3208.000000
2107.000000,3214.000000
5480.000000,3220.000000
2971.000000,3224.000000
797.000000,3249.000000
4536.000000,3252.000000
5371.000000,3257.000000
5720.000000,3269.000000
2867.000000,3270.000000
986.000000,3289.000000
3544.000000,3291.000000
3755.000000,3298.000000
2977.000000,3306.000000
2258.000000,3313.000000
4369.000000,3322.000000
2191.000000,3325.000000
1350.000000,3332.000000
2689.000000,3340.000000
5452.000000,3353.000000
2392.000000,3359.000000
2509.000000,3362.000000
1452.000000,3381.000000
2259.000000,3392.000000
3118.000000,3456.000000
3321.000000,3457.000000
4513.000000,3462.000000
1789.000000,3465.000000
1982.000000,3469.000000
3035.000000,3475.000000
1246.000000,3478.000000
4050.000000,3483.000000
5192.000000,3503.000000
2097.000000,3536.000000
5420.000000,3539.000000
1727.000000,3557.000000
1429.000000,3569.000000
3981.000000,3635.000000
5697.000000,3661.000000
770.000000,3671.000000
5798.000000,3674.000000
5291.000000,3679.000000
4030.000000,3683.000000
1815.000000,3698.000000
1821.000000,3700.000000
4051.000000,3709.000000
2299.000000,3724.000000
763.000000,3726.000000
2437.000000,3736.000000
5321.000000,3745.000000
3618.000000,3754.000000
5352.000000,3757.000000
684.000000,3758.000000
3937.000000,3767.000000
1724.000000,3774.000000
2535.000000,3795.000000
5045.000000,3795.000000
3086.000000,3796.000000
1265.000000,3805.000000
2227.000000,3806.000000
4727.000000,3808.000000
3002.000000,3809.000000
5450.000000,3825.000000
5143.000000,3835.000000
387.000000,3839.000000
4235.000000,3839.000000
4539.000000,3864.000000
4567.000000,3864.000000
4003.000000,3867.000000
1105.000000,3871.000000
2680.000000,3875.000000
1293.000000,3879.000000
4283.000000,3887.000000
1315.000000,3890.000000
1025.000000,3905.000000
501.000000,3916.000000
4446.000000,3935.000000
1667.000000,3971.000000
5670.000000,3978.000000
1869.000000,3994.000000
1600.000000,4005.000000
3083.000000,4012.000000
4489.000000,4020.000000
1812.000000,4036.000000
1443.000000,4037.000000
1173.000000,4042.000000
4045.000000,4043.000000
108.000000,4072.000000
3507.000000,4103.000000
1343.000000,4110.000000
1062.000000,4116.000000
2397.000000,4118.000000
2758.000000,4127.000000
2471.000000,4133.000000
676.000000,4142.000000
2847.000000,4142.000000
1385.000000,4147.000000
5577.000000,4152.000000
2052.000000,4157.000000
380.000000,4159.000000
3340.000000,4159.000000
473.000000,4166.000000
2905.000000,4170.000000
5737.000000,4177.000000
5165.000000,4183.000000
4141.000000,4189.000000
4972.000000,4193.000000
3901.000000,4209.000000
3080.000000,4213.000000
3930.000000,4219.000000
761.000000,4224.000000
3242.000000,4228.000000
2043.000000,4242.000000
1598.000000,4260.000000
179.000000,4261.000000
475.000000,4264.000000
5770.000000,4271.000000
5688.000000,4276.000000
1367.000000,4284.000000
1413.000000,4287.000000
1792.000000,4291.000000
4993.000000,4306.000000
808.000000,4323.000000
5729.000000,4329.000000
3711.000000,4330.000000
4869.000000,4345.000000
2970.000000,4361.000000
3234.000000,4363.000000
2982.000000,4368.000000
5091.000000,4375.000000
1410.000000,4402.000000
2492.000000,4404.000000
678.000000,4405.000000
1891.000000,4431.000000
3533.000000,4437.000000
1934.000000,4443.000000
4132.000000,4449.000000
5047.000000,4467.000000
383.000000,4471.000000
1043.000000,4483.000000
1510.000000,4488.000000
4349.000000,4495.000000
224.000000,4499.000000
1851.000000,4502.000000
4232.000000,4515.000000
5262.000000,4515.000000
2589.000000,4519.000000
1221.000000,4534.000000
4666.000000,4542.000000
4442.000000,4558.000000
2120.000000,4562.000000
4371.000000,4562.000000
2511.000000,4565.000000
2433.000000,4598.000000
1370.000000,4603.000000
1964.000000,4635.000000
3106.000000,4636.000000
2804.000000,4637.000000
3016.000000,4646.000000
1402.000000,4647.000000
3985.000000,4647.000000
3124.000000,4666.000000
919.000000,4686.000000
22.000000,4711.000000
4598.000000,4725.000000
110.000000,4729.000000
2971.000000,4729.000000
2017.000000,4744.000000
4648.000000,4751.000000
2142.000000,4757.000000
2379.000000,4760.000000
4346.000000,4772.000000
2333.000000,4779.000000
3613.000000,4787.000000
2222.000000,4791.000000
5529.000000,4804.000000
2995.000000,4814.000000
4448.000000,4823.000000
3473.000000,4829.000000
1972.000000,4840.000000
201.000000,4857.000000
5072.000000,4858.000000
508.000000,4895.000000
1778.000000,4901.000000
3972.000000,4902.000000
409.000000,4921.000000
4384.000000,4932.000000
2896.000000,4948.000000
3183.000000,4948.000000
3585.000000,4952.000000
216.000000,4969.000000
5432.000000,4999.000000
1197.000000,5016.000000
2918.000000,5023.000000
4148.000000,5035.000000
2778.000000,5043.000000
1340.000000,5047.000000
3367.000000,5047.000000
5548.000000,5049.000000
1765.000000,5064.000000
4094.000000,5081.000000
1831.000000,5082.000000
5757.000000,5087.000000
5582.000000,5095.000000
2923.000000,5102.000000
4871.000000,5110.000000
3245.000000,5123.000000
139.000000,5143.000000
2062.000000,5143.000000
3043.000000,5159.000000
974.000000,5163.000000
1742.000000,5166.000000
1189.000000,5167.000000
2685.000000,5172.000000
1013.000000,5186.000000
4923.000000,5193.000000
2302.000000,5208.000000
2930.000000,5239.000000
3537.000000,5243.000000
1234.000000,5261.000000
839.000000,5266.000000
3587.000000,5266.000000
1629.000000,5283.000000
2181.000000,5310.000000
3923.000000,5311.000000
5858.000000,5318.000000
2128.000000,5319.000000
2464.000000,5328.000000
5615.000000,5332.000000
5206.000000,5361.000000
3523.000000,5365.000000
1163.000000,5399.000000
3668.000000,5399.000000
211.000000,5413.000000
1562.000000,5422.000000
213.000000,5425.000000
3516.000000,5428.000000
4729.000000,5479.000000
1623.000000,5484.000000
3113.000000,5484.000000
2394.000000,5493.000000
3073.000000,5495.000000
2576.000000,5520.000000
3671.000000,5522.000000
1107.000000,5524.000000
852.000000,5528.000000
930.000000,5541.000000
119.000000,5555.000000
1482.000000,5575.000000
4258.000000,5599.000000
4918.000000,5610.000000
5265.000000,5642.000000
5679.000000,5647.000000
5519.000000,5661.000000
2829.000000,5687.000000
2012.000000,5690.000000
3816.000000,5706.000000
1314.000000,5719.000000
1288.000000,5728.000000
1814.000000,5728.000000
4134.000000,5729.000000
4734.000000,5735.000000
560.000000,5736.000000
2746.000000,5742.000000
585.000000,5774.000000
3864.000000,5789.000000
4162.000000,5797.000000
3362.000000,5824.000000
5124.000000,5830.000000
5842.000000,5831.000000
2946.000000,5832.000000
3989.000000,5837.000000
336.000000,5842.000000
408.000000,5868.000000
1266.000000,5873.000000
4782.000000,5892.000000
2784.000000,5894.000000
3023.000000,5896.000000
5666.000000,5900.000000
4158.000000,5905.000000
5688.000000,5920.000000
4978.000000,5928.000000
LINES
1189.000000,5167.000000,1163.000000,5399.000000
1629.000000,5283.000000,1562.000000,5422.000000
2634.000000,3095.000000,2867.000000,3270.000000
4729.000000,5479.000000,4258.000000,5599.000000
1013.000000,5186.000000,839.000000,5266.000000
3255.000000,1111.000000,3529.000000,1374.000000
5420.000000,3539.000000,5291.000000,3679.000000
676.000000,4142.000000,678.000000,4405.000000
4063.000000,2971.000000,3955.000000,3161.000000
4782.000000,5892.000000,4158.000000,5905.000000
3732.000000,538.000000,3884.000000,890.000000
4993.000000,4306.000000,5091.000000,4375.000000
4869.000000,4345.000000,4349.000000,4495.000000
408.000000,5868.000000,4978.000000,5928.000000
1225.000000,3031.000000,1350.000000,3332.000000
1831.000000,5082.000000,1623.000000,5484.000000
1778.000000,4901.000000,1629.000000,5283.000000
4235.000000,3839.000000,4539.000000,3864.000000
388.000000,1340.000000,781.000000,1487.000000
2461.000000,2633.000000,2907.000000,2833.000000
1792.000000,4291.000000,1851.000000,4502.000000
882.000000,2244.000000,823.000000,2566.000000
692.000000,259.000000,838.000000,555.000000
5090.000000,1483.000000,4802.000000,1504.000000
1526.000000,2555.000000,1333.000000,2626.000000
4312.000000,582.000000,4032.000000,652.000000
1831.000000,5082.000000,1742.000000,5166.000000
2589.000000,4519.000000,2511.000000,4565.000000
2012.000000,5690.000000,1814.000000,5728.000000
5509.000000,2984.000000,5536.000000,3147.000000
2470.000000,258.000000,2541.000000,457.000000
340.000000,1345.000000,233.000000,1363.000000
2108.000000,3072.000000,2182.000000,3081.000000
2946.000000,5832.000000,2784.000000,5894.000000
4489.000000,4020.000000,4132.000000,4449.000000
2535.000000,3795.000000,2227.000000,3806.000000
5286.000000,1011.000000,5205.000000,1362.000000
3194.000000,448.000000,3623.000000,724.000000
2397.000000,4118.000000,1934.000000,4443.000000
2608.000000,322.000000,2541.000000,457.000000
3019.000000,544.000000,3296.000000,700.000000
228.000000,1948.000000,882.000000,2244.000000
1293.000000,3879.000000,1315.000000,3890.000000
3234.000000,4363.000000,2982.000000,4368.000000
265.000000,2026.000000,195.000000,2174.000000
2977.000000,3306.000000,3118.000000,3456.000000
5330.000000,345.000000,5614.000000,728.000000
3901.000000,4209.000000,3930.000000,4219.000000
400.000000,58.000000,736.000000,169.000000
2778.000000,5043.000000,2930.000000,5239.000000
2214.000000,1163.000000,2019.000000,1407.000000
2981.000000,2342.000000,3080.000000,2349.000000
4216.000000,2725.000000,4085.000000,2970.000000
388.000000,1340.000000,1131.000000,1431.000000
3806.000000,1957.000000,4058.000000,2110.000000
3743.000000,2848.000000,3582.000000,3082.000000
1136.000000,1155.000000,1605.000000,1160.000000
167.000000,1138.000000,47.000000,1285.000000
5596.000000,1353.000000,5319.000000,1453.000000
436.000000,2977.000000,770.000000,3671.000000
5577.000000,4152.000000,5072.000000,4858.000000
1869.000000,3994.000000,2397.000000,4118.000000
5205.000000,1362.000000,5090.000000,1483.000000
2971.000000,4729.000000,2379.000000,4760.000000
2757.000000,483.000000,2363.000000,798.000000
2012.000000,5690.000000,2784.000000,5894.000000
1315.000000,3890.000000,1443.000000,4037.000000
1654.000000,385.000000,1521.000000,594.000000
5596.000000,1353.000000,5744.000000,1483.000000
3806.000000,1957.000000,3690.000000,2115.000000
2685.000000,5172.000000,2464.000000,5328.000000
3587.000000,5266.000000,3923.000000,5311.000000
4572.000000,1111.000000,4704.000000,1184.000000
2319.000000,2179.000000,2511.000000,2474.000000
2107.000000,1217.000000,2035.000000,1258.000000
3367.000000,5047.000000,3245.000000,5123.000000
1315.000000,3890.000000,1343.000000,4110.000000
265.000000,2026.000000,111.000000,2077.000000
5756.000000,1987.000000,5801.000000,2497.000000
5205.000000,1362.000000,5319.000000,1453.000000
3113.000000,5484.000000,2946.000000,5832.000000
3806.000000,1957.000000,3816.000000,2177.000000
3923.000000,5311.000000,3668.000000,5399.000000
3426.000000,2293.000000,3575.000000,2317.000000
3080.000000,4213.000000,2970.000000,4361.000000
2608.000000,322.000000,2757.000000,483.000000
4283.000000,3887.000000,4489.000000,4020.000000
5165.000000,4183.000000,5262.000000,4515.000000
2115.000000,2946.000000,2108.000000,3072.000000
2720.000000,1343.000000,2858.000000,1646.000000
1267.000000,2295.000000,1192.000000,2416.000000
1403.000000,1519.000000,1198.000000,1598.000000
5529.000000,4804.000000,5548.000000,5049.000000
5105.000000,28.000000,5526.000000,139.000000
4045.000000,4043.000000,3901.000000,4209.000000
1891.000000,4431.000000,1851.000000,4502.000000
318.000000,495.000000,55.000000,526.000000
1062.000000,4116.000000,761.000000,4224.000000
2971.000000,4729.000000,2995.000000,4814.000000
4484.000000,345.000000,4312.000000,582.000000
1482.000000,3020.000000,1452.000000,3381.000000
2191.000000,3325.000000,1789.000000,3465.000000
2471.000000,4133.000000,2589.000000,4519.000000
2421.000000,1011.000000,2443.000000,1181.000000
4140.000000,1135.000000,4188.000000,1248.000000
3144.000000,2753.000000,2873.000000,2764.000000
2778.000000,5043.000000,2685.000000,5172.000000
2827.000000,750.000000,3143.000000,990.000000
4346.000000,4772.000000,4448.000000,4823.000000
5139.000000,2724.000000,5191.000000,2741.000000
1623.000000,5484.000000,1314.000000,5719.000000
1765.000000,5064.000000,1831.000000,5082.000000
5842.000000,5831.000000,5688.000000,5920.000000
1486.000000,2854.000000,1064.000000,2986.000000
781.000000,1487.000000,228.000000,1948.000000
3090.000000,1232.000000,3071.000000,1491.000000
5450.000000,3825.000000,5670.000000,3978.000000
2379.000000,4760.000000,2302.000000,5208.000000
1265.000000,3805.000000,1667.000000,3971.000000
4032.000000,652.000000,4181.000000,859.000000
919.000000,4686.000000,508.000000,4895.000000
3030.000000,1961.000000,3109.000000,2036.000000
5756.000000,1987.000000,5865.000000,2605.000000
1667.000000,3971.000000,1443.000000,4037.000000
5423.000000,3017.000000,5444.000000,3029.000000
1062.000000,4116.000000,1043.000000,4483.000000
4664.000000,2430.000000,4216.000000,2725.000000
69.000000,1805.000000,8.000000,2915.000000
744.000000,2028.000000,972.000000,2084.000000
1497.000000,558.000000,1521.000000,594.000000
1981.000000,1130.000000,2035.000000,1258.000000
157.000000,103.000000,61.000000,358.000000
2730.000000,188.000000,2468.000000,238.000000
2464.000000,5328.000000,3073.000000,5495.000000
3286.000000,2064.000000,3690.000000,2115.000000
4448.000000,4823.000000,4384.000000,4932.000000
383.000000,4471.000000,508.000000,4895.000000
4927.000000,911.000000,4951.000000,1169.000000
2403.000000,2774.000000,2405.000000,2796.000000
3560.000000,2725.000000,3743.000000,2848.000000
1778.000000,4901.000000,1340.000000,5047.000000
5842.000000,5831.000000,5666.000000,5900.000000
5191.000000,2741.000000,5081.000000,2839.000000
684.000000,3758.000000,761.000000,4224.000000
467.000000,704.000000,262.000000,895.000000
2107.000000,3214.000000,2191.000000,3325.000000
3981.000000,3635.000000,3937.000000,3767.000000
2680.000000,3875.000000,2471.000000,4133.000000
3235.000000,2169.000000,3426.000000,2293.000000
2541.000000,457.000000,2363.000000,798.000000
1402.000000,4647.000000,1197.000000,5016.000000
1964.000000,4635.000000,2017.000000,4744.000000
4146.000000,1788.000000,4058.000000,2110.000000
3969.000000,2637.000000,4085.000000,2970.000000
228.000000,1535.000000,69.000000,1805.000000
4158.000000,5905.000000,4978.000000,5928.000000
4484.000000,345.000000,4524.000000,888.000000
5206.000000,5361.000000,5265.000000,5642.000000
532.000000,1467.000000,228.000000,1535.000000
2363.000000,798.000000,2215.000000,1015.000000
4228.000000,2383.000000,4268.000000,2388.000000
4742.000000,3083.000000,4369.000000,3322.000000
5068.000000,18.000000,4387.000000,229.000000
4666.000000,4542.000000,5072.000000,4858.000000
4371.000000,4562.000000,4448.000000,4823.000000
1727.000000,3557.000000,1815.000000,3698.000000
5072.000000,4858.000000,5206.000000,5361.000000
1526.000000,2555.000000,1298.000000,2643.000000
2835.000000,2174.000000,2871.000000,2408.000000
5744.000000,1483.000000,5726.000000,1544.000000
2182.000000,3081.000000,2258.000000,3313.000000
5739.000000,792.000000,5593.000000,800.000000
5729.000000,4329.000000,5529.000000,4804.000000
5127.000000,223.000000,5330.000000,345.000000
3234.000000,4363.000000,3016.000000,4646.000000
1064.000000,2986.000000,1225.000000,3031.000000
3825.000000,2550.000000,3792.000000,2794.000000
4789.000000,3064.000000,5045.000000,3795.000000
5801.000000,2497.000000,5548.000000,2839.000000
2019.000000,1407.000000,2536.000000,1521.000000
2293.000000,2796.000000,2354.000000,3000.000000
736.000000,169.000000,692.000000,259.000000
4930.000000,150.000000,5166.000000,413.000000
5283.000000,1664.000000,5235.000000,2178.000000
1972.000000,4840.000000,1831.000000,5082.000000
2511.000000,2474.000000,2444.000000,2504.000000
5371.000000,3257.000000,5291.000000,3679.000000
4188.000000,1248.000000,3721.000000,1874.000000
2804.000000,4637.000000,2971.000000,4729.000000
473.000000,4166.000000,475.000000,4264.000000
2508.000000,1962.000000,2319.000000,2179.000000
4032.000000,652.000000,3977.000000,772.000000
2354.000000,3000.000000,2392.000000,3359.000000
228.000000,1948.000000,744.000000,2028.000000
664.000000,2641.000000,879.000000,2946.000000
5526.000000,139.000000,5739.000000,792.000000
1198.000000,1598.000000,954.000000,1851.000000
5726.000000,1544.000000,5283.000000,1664.000000
1221.000000,4534.000000,1197.000000,5016.000000
1891.000000,60.000000,1960.000000,278.000000
4871.000000,5110.000000,4729.000000,5479.000000
2896.000000,4948.000000,2918.000000,5023.000000
4134.000000,5729.000000,4158.000000,5905.000000
3194.000000,448.000000,2963.000000,502.000000
4869.000000,4345.000000,5047.000000,4467.000000
576.000000,619.000000,467.000000,704.000000
2971.000000,4729.000000,2778.000000,5043.000000
5801.000000,1857.000000,5411.000000,2074.000000
1353.000000,2231.000000,1333.000000,2626.000000
299.000000,2785.000000,184.000000,3068.000000
4258.000000,5599.000000,4158.000000,5905.000000
4679.000000,168.000000,4742.000000,302.000000
4312.000000,582.000000,4291.000000,615.000000
3118.000000,3456.000000,3035.000000,3475.000000
4188.000000,1248.000000,4238.000000,1455.000000
1013.000000,5186.000000,852.000000,5528.000000
3016.000000,4646.000000,2971.000000,4729.000000
501.000000,3916.000000,761.000000,4224.000000
488.000000,2379.000000,664.000000,2641.000000
3930.000000,4219.000000,3533.000000,4437.000000
5123.000000,2505.000000,4926.000000,2693.000000
5596.000000,1353.000000,5205.000000,1362.000000
3321.000000,3457.000000,3086.000000,3796.000000
3930.000000,4219.000000,3711.000000,4330.000000
5858.000000,5318.000000,5615.000000,5332.000000
2191.000000,3325.000000,2097.000000,3536.000000
5286.000000,1011.000000,5137.000000,1090.000000
2747.000000,1001.000000,3090.000000,1232.000000
1136.000000,1155.000000,1391.000000,1240.000000
3071.000000,1491.000000,2858.000000,1646.000000
4291.000000,615.000000,4524.000000,888.000000
5045.000000,3795.000000,4727.000000,3808.000000
2461.000000,2633.000000,2392.000000,3359.000000
3367.000000,5047.000000,3537.000000,5243.000000
2858.000000,1646.000000,2728.000000,1796.000000
1532.000000,2013.000000,1643.000000,2093.000000
4448.000000,4823.000000,4871.000000,5110.000000
1429.000000,3569.000000,1724.000000,3774.000000
2443.000000,1181.000000,2720.000000,1343.000000
4976.000000,2427.000000,4664.000000,2430.000000
1105.000000,3871.000000,1062.000000,4116.000000
4258.000000,5599.000000,4734.000000,5735.000000
1367.000000,4284.000000,1413.000000,4287.000000
501.000000,3916.000000,380.000000,4159.000000
5519.000000,5661.000000,5842.000000,5831.000000
3002.000000,3809.000000,3080.000000,4213.000000
1831.000000,5082.000000,2062.000000,5143.000000
2433.000000,4598.000000,2222.000000,4791.000000
5726.000000,1544.000000,5411.000000,2074.000000
676.000000,4142.000000,475.000000,4264.000000
1600.000000,4005.000000,1792.000000,4291.000000
1982.000000,3469.000000,1727.000000,3557.000000
5865.000000,2605.000000,5858.000000,5318.000000
3671.000000,5522.000000,3816.000000,5706.000000
1314.000000,5719.000000,1266.000000,5873.000000
3184.000000,600.000000,3623.000000,724.000000
61.000000,358.000000,318.000000,495.000000
2757.000000,483.000000,2747.000000,1001.000000
930.000000,5541.000000,585.000000,5774.000000
508.000000,4895.000000,213.000000,5425.000000
2873.000000,2764.000000,3020.000000,2952.000000
4679.000000,396.000000,4845.000000,592.000000
1532.000000,2013.000000,1353.000000,2231.000000
5415.000000,285.000000,5330.000000,345.000000
1600.000000,4005.000000,1812.000000,4036.000000
4648.000000,4751.000000,4448.000000,4823.000000
4302.000000,1978.000000,4737.000000,2242.000000
216.000000,4969.000000,213.000000,5425.000000
2293.000000,2796.000000,2182.000000,3081.000000
4302.000000,1978.000000,4268.000000,2388.000000
3537.000000,5243.000000,3587.000000,5266.000000
167.000000,1138.000000,233.000000,1363.000000
4739.000000,1766.000000,4727.000000,1860.000000
2680.000000,3875.000000,3080.000000,4213.000000
5737.000000,4177.000000,5770.000000,4271.000000
1189.000000,5167.000000,1013.000000,5186.000000
1390.000000,1734.000000,1984.000000,1870.000000
2397.000000,4118.000000,2492.000000,4404.000000
3523.000000,5365.000000,3671.000000,5522.000000
1318.000000,1797.000000,1532.000000,2013.000000
5614.000000,728.000000,5593.000000,800.000000
213.000000,5425.000000,560.000000,5736.000000
2394.000000,5493.000000,2576.000000,5520.000000
5688.000000,4276.000000,5729.000000,4329.000000
4972.000000,4193.000000,5091.000000,4375.000000
3113.000000,5484.000000,3362.000000,5824.000000
3618.000000,3754.000000,3507.000000,4103.000000
5548.000000,2839.000000,5509.000000,2984.000000
5068.000000,18.000000,5127.000000,223.000000
4283.000000,3887.000000,4141.000000,4189.000000
3701.000000,2207.000000,3575.000000,2317.000000
1593.000000,2639.000000,1486.000000,2854.000000
3816.000000,2177.000000,3575.000000,2317.000000
3983.000000,1839.000000,3806.000000,1957.000000
1353.000000,2231.000000,1192.000000,2416.000000
5352.000000,3757.000000,5143.000000,3835.000000
1494.000000,2923.000000,2191.000000,3325.000000
688.000000,2356.000000,488.000000,2379.000000
2356.000000,2619.000000,2311.000000,2781.000000
1600.000000,4005.000000,1443.000000,4037.000000
4789.000000,3064.000000,4513.000000,3462.000000
184.000000,3068.000000,119.000000,3208.000000
402.000000,2142.000000,195.000000,2174.000000
227.000000,2320.000000,8.000000,2915.000000
438.000000,2344.000000,664.000000,2641.000000
4446.000000,3935.000000,4489.000000,4020.000000
688.000000,2356.000000,823.000000,2566.000000
3816.000000,2177.000000,4228.000000,2383.000000
1532.000000,2013.000000,972.000000,2084.000000
3928.000000,3023.000000,3755.000000,3298.000000
1510.000000,4488.000000,1370.000000,4603.000000
4737.000000,2242.000000,4268.000000,2388.000000
2747.000000,1001.000000,2443.000000,1181.000000
3575.000000,2317.000000,3472.000000,2677.000000
3957.000000,103.000000,4032.000000,652.000000
781.000000,1487.000000,376.000000,1614.000000
3157.000000,55.000000,3194.000000,448.000000
4991.000000,1888.000000,5235.000000,2178.000000
179.000000,4261.000000,475.000000,4264.000000
2995.000000,4814.000000,3367.000000,5047.000000
1643.000000,2093.000000,1975.000000,2210.000000
4539.000000,3864.000000,4283.000000,3887.000000
3943.000000,2838.000000,4085.000000,2970.000000
5411.000000,2074.000000,5235.000000,2178.000000
366.000000,683.000000,467.000000,704.000000
438.000000,2344.000000,488.000000,2379.000000
2258.000000,3313.000000,2259.000000,3392.000000
3242.000000,4228.000000,2970.000000,4361.000000
1510.000000,4488.000000,1402.000000,4647.000000
5596.000000,1353.000000,5363.000000,1627.000000
388.000000,1340.000000,340.000000,1345.000000
5363.000000,1627.000000,5283.000000,1664.000000
4148.000000,5035.000000,4871.000000,5110.000000
4025.000000,2541.000000,4216.000000,2725.000000
3816.000000,5706.000000,3989.000000,5837.000000
1934.000000,4443.000000,1964.000000,4635.000000
3957.000000,103.000000,4387.000000,229.000000
1903.000000,1306.000000,1403.000000,1519.000000
1494.000000,2923.000000,2014.000000,2957.000000
61.000000,358.000000,55.000000,526.000000
3818.000000,2531.000000,3969.000000,2637.000000
2827.000000,750.000000,3008.000000,947.000000
4349.000000,4495.000000,4232.000000,4515.000000
1821.000000,3700.000000,2227.000000,3806.000000
5123.000000,2505.000000,5548.000000,2839.000000
1246.000000,3478.000000,1265.000000,3805.000000
1023.000000,1099.000000,1136.000000,1155.000000
4153.000000,941.000000,4360.000000,1235.000000
52.000000,3195.000000,684.000000,3758.000000
781.000000,1487.000000,1010.000000,1538.000000
1350.000000,3332.000000,1452.000000,3381.000000
1390.000000,1734.000000,1583.000000,2015.000000
526.000000,302.000000,838.000000,555.000000
2356.000000,2619.000000,2129.000000,2730.000000
4216.000000,2725.000000,4742.000000,3083.000000
2235.000000,456.000000,1970.000000,594.000000
4235.000000,3839.000000,4283.000000,3887.000000
2508.000000,1962.000000,2589.000000,2049.000000
3972.000000,4902.000000,3585.000000,4952.000000
2043.000000,4242.000000,1792.000000,4291.000000
1023.000000,1099.000000,1131.000000,1431.000000
3234.000000,4363.000000,3533.000000,4437.000000
4684.000000,362.000000,5117.000000,782.000000
1234.000000,5261.000000,1562.000000,5422.000000
1891.000000,60.000000,2468.000000,238.000000
5595.000000,2103.000000,5504.000000,2365.000000
4729.000000,5479.000000,4734.000000,5735.000000
2022.000000,2350.000000,2356.000000,2619.000000
4003.000000,3867.000000,4283.000000,3887.000000
3533.000000,4437.000000,3473.000000,4829.000000
2930.000000,5239.000000,3113.000000,5484.000000
1006.000000,2369.000000,823.000000,2566.000000
3884.000000,890.000000,4153.000000,941.000000
1526.000000,2555.000000,1593.000000,2639.000000
3969.000000,2637.000000,3943.000000,2838.000000
1314.000000,5719.000000,2784.000000,5894.000000
1043.000000,4483.000000,919.000000,4686.000000
852.000000,5528.000000,560.000000,5736.000000
699.000000,1014.000000,1023.000000,1099.000000
3668.000000,5399.000000,3816.000000,5706.000000
388.000000,1340.000000,233.000000,1363.000000
1667.000000,3971.000000,1869.000000,3994.000000
5371.000000,3257.000000,5192.000000,3503.000000
2433.000000,4598.000000,2379.000000,4760.000000
5729.000000,4329.000000,5072.000000,4858.000000
5205.000000,1362.000000,5283.000000,1664.000000
2215.000000,1015.000000,1981.000000,1130.000000
1131.000000,1431.000000,1034.000000,1543.000000
4572.000000,1111.000000,4360.000000,1235.000000
475.000000,4264.000000,678.000000,4405.000000
3090.000000,1232.000000,2720.000000,1343.000000
1318.000000,1797.000000,972.000000,2084.000000
5866.000000,1519.000000,5726.000000,1544.000000
4369.000000,3322.000000,4513.000000,3462.000000
4188.000000,1248.000000,3529.000000,1374.000000
3340.000000,4159.000000,3242.000000,4228.000000
5165.000000,4183.000000,4972.000000,4193.000000
4845.000000,592.000000,5117.000000,782.000000
3296.000000,700.000000,3275.000000,887.000000
3818.000000,2531.000000,3825.000000,2550.000000
5091.000000,4375.000000,5047.000000,4467.000000
4536.000000,3252.000000,4513.000000,3462.000000
1510.000000,4488.000000,1851.000000,4502.000000
5801.000000,1857.000000,5595.000000,2103.000000
4050.000000,3483.000000,4235.000000,3839.000000
4360.000000,1235.000000,4238.000000,1455.000000
2946.000000,5832.000000,3023.000000,5896.000000
1960.000000,278.000000,2235.000000,456.000000
1220.000000,1612.000000,1333.000000,1638.000000
3143.000000,990.000000,3529.000000,1374.000000
167.000000,1138.000000,388.000000,1340.000000
3083.000000,4012.000000,3080.000000,4213.000000
2333.000000,4779.000000,2302.000000,5208.000000
3113.000000,5484.000000,3073.000000,5495.000000
2120.000000,4562.000000,2017.000000,4744.000000
3194.000000,448.000000,3019.000000,544.000000
5529.000000,4804.000000,5432.000000,4999.000000
4058.000000,2110.000000,3816.000000,2177.000000
5110.000000,2320.000000,5123.000000,2505.000000
1385.000000,4147.000000,1367.000000,4284.000000
22.000000,4711.000000,119.000000,5555.000000
1234.000000,5261.000000,1288.000000,5728.000000
1482.000000,3020.000000,1225.000000,3031.000000
3560.000000,2725.000000,3582.000000,3082.000000
4871.000000,5110.000000,5206.000000,5361.000000
4684.000000,362.000000,4679.000000,396.000000
3937.000000,3767.000000,3901.000000,4209.000000
1314.000000,5719.000000,1288.000000,5728.000000
2804.000000,4637.000000,3016.000000,4646.000000
5858.000000,5318.000000,5679.000000,5647.000000
2536.000000,1521.000000,1984.000000,1870.000000
262.000000,895.000000,167.000000,1138.000000
3985.000000,4647.000000,3613.000000,4787.000000
4789.000000,3064.000000,4536.000000,3252.000000
5480.000000,3220.000000,5371.000000,3257.000000
4051.000000,3709.000000,3937.000000,3767.000000
5265.000000,5642.000000,5124.000000,5830.000000
2120.000000,4562.000000,2222.000000,4791.000000
1960.000000,278.000000,1937.000000,442.000000
3957.000000,103.000000,3732.000000,538.000000
5858.000000,5318.000000,5519.000000,5661.000000
5081.000000,2839.000000,5192.000000,3503.000000
3086.000000,3796.000000,3002.000000,3809.000000
1876.000000,1991.000000,1643.000000,2093.000000
4727.000000,3808.000000,4539.000000,3864.000000
436.000000,643.000000,366.000000,683.000000
3030.000000,1961.000000,2976.000000,2073.000000
3533.000000,4437.000000,3613.000000,4787.000000
2396.000000,1156.000000,2441.000000,1445.000000
2214.000000,1163.000000,2035.000000,1258.000000
2302.000000,5208.000000,2464.000000,5328.000000
988.000000,43.000000,1891.000000,60.000000
2120.000000,4562.000000,2142.000000,4757.000000
2064.000000,739.000000,2215.000000,1015.000000
5047.000000,4467.000000,4666.000000,4542.000000
1410.000000,4402.000000,1370.000000,4603.000000
1105.000000,3871.000000,1025.000000,3905.000000
4141.000000,4189.000000,3930.000000,4219.000000
4742.000000,3083.000000,4536.000000,3252.000000
3721.000000,1874.000000,3690.000000,2115.000000
228.000000,1535.000000,376.000000,1614.000000
4524.000000,888.000000,4360.000000,1235.000000
3613.000000,4787.000000,3585.000000,4952.000000
380.000000,4159.000000,475.000000,4264.000000
1350.000000,3332.000000,1246.000000,3478.000000
3884.000000,890.000000,3529.000000,1374.000000
3644.000000,3024.000000,3582.000000,3082.000000
3407.000000,2510.000000,3582.000000,3082.000000
1410.000000,4402.000000,1510.000000,4488.000000
2064.000000,739.000000,1903.000000,1306.000000
888.000000,666.000000,673.000000,902.000000
1443.000000,4037.000000,1343.000000,4110.000000
4045.000000,4043.000000,4141.000000,4189.000000
3002.000000,3809.000000,2680.000000,3875.000000
2492.000000,4404.000000,2589.000000,4519.000000
2215.000000,1015.000000,2214.000000,1163.000000
2871.000000,2408.000000,2873.000000,2764.000000
2685.000000,5172.000000,2302.000000,5208.000000
770.000000,3671.000000,763.000000,3726.000000
3507.000000,4103.000000,3533.000000,4437.000000
888.000000,666.000000,973.000000,934.000000
526.000000,302.000000,318.000000,495.000000
1353.000000,2231.000000,1294.000000,2243.000000
5444.000000,3029.000000,5480.000000,3220.000000
3245.000000,5123.000000,3113.000000,5484.000000
5124.000000,5830.000000,4978.000000,5928.000000
2022.000000,2350.000000,1781.000000,2362.000000
3690.000000,2115.000000,3426.000000,2293.000000
781.000000,252.000000,846.000000,358.000000
4727.000000,3808.000000,4489.000000,4020.000000
2319.000000,2179.000000,1975.000000,2210.000000
744.000000,2028.000000,882.000000,2244.000000
973.000000,934.000000,1136.000000,1155.000000
3864.000000,5789.000000,3989.000000,5837.000000
1010.000000,1538.000000,1034.000000,1543.000000
3585.000000,4952.000000,3537.000000,5243.000000
763.000000,3726.000000,1025.000000,3905.000000
4188.000000,1248.000000,4146.000000,1788.000000
2680.000000,3875.000000,2758.000000,4127.000000
5688.000000,5920.000000,4978.000000,5928.000000
3071.000000,1491.000000,3286.000000,2064.000000
3105.000000,3063.000000,3582.000000,3082.000000
3035.000000,3475.000000,2437.000000,3736.000000
879.000000,2946.000000,797.000000,3249.000000
5291.000000,3679.000000,5045.000000,3795.000000
108.000000,4072.000000,22.000000,4711.000000
4684.000000,362.000000,5166.000000,413.000000
1876.000000,1991.000000,1975.000000,2210.000000
4349.000000,4495.000000,4666.000000,4542.000000
4499.000000,1946.000000,4302.000000,1978.000000
3118.000000,3456.000000,3086.000000,3796.000000
5411.000000,2074.000000,5595.000000,2103.000000
5725.000000,2695.000000,5548.000000,2839.000000
2511.000000,4565.000000,2379.000000,4760.000000
988.000000,43.000000,736.000000,169.000000
4371.000000,4562.000000,4346.000000,4772.000000
5536.000000,3147.000000,5720.000000,3269.000000
2461.000000,2633.000000,2405.000000,2796.000000
5596.000000,1353.000000,5726.000000,1544.000000
2829.000000,5687.000000,2784.000000,5894.000000
467.000000,704.000000,518.000000,882.000000
1781.000000,2362.000000,1894.000000,2634.000000
3286.000000,2064.000000,3426.000000,2293.000000
2995.000000,4814.000000,2918.000000,5023.000000
5548.000000,2839.000000,5423.000000,3017.000000
4232.000000,4515.000000,3985.000000,4647.000000
3937.000000,3767.000000,4003.000000,3867.000000
2403.000000,2774.000000,2311.000000,2781.000000
2064.000000,739.000000,1981.000000,1130.000000
4951.000000,1169.000000,4705.000000,1510.000000
2421.000000,1011.000000,2215.000000,1015.000000
5865.000000,2605.000000,5770.000000,4271.000000
988.000000,43.000000,3157.000000,55.000000
3972.000000,4902.000000,3537.000000,5243.000000
1246.000000,3478.000000,1429.000000,3569.000000
3969.000000,2637.000000,3792.000000,2794.000000
4050.000000,3483.000000,4030.000000,3683.000000
1605.000000,1160.000000,1903.000000,1306.000000
2437.000000,3736.000000,2680.000000,3875.000000
2827.000000,750.000000,2747.000000,1001.000000
2918.000000,5023.000000,2930.000000,5239.000000
3825.000000,2550.000000,3743.000000,2848.000000
4085.000000,2970.000000,4369.000000,3322.000000
4782.000000,5892.000000,4978.000000,5928.000000
4148.000000,5035.000000,4094.000000,5081.000000
4148.000000,5035.000000,3923.000000,5311.000000
2730.000000,188.000000,3194.000000,448.000000
213.000000,5425.000000,336.000000,5842.000000
3245.000000,5123.000000,3537.000000,5243.000000
4704.000000,1184.000000,4360.000000,1235.000000
1321.000000,322.000000,1293.000000,694.000000
2835.000000,2174.000000,2772.000000,2238.000000
3690.000000,2115.000000,3575.000000,2317.000000
5411.000000,2074.000000,5439.000000,2363.000000
4140.000000,1135.000000,4360.000000,1235.000000
4927.000000,911.000000,5137.000000,1090.000000
3245.000000,5123.000000,3516.000000,5428.000000
55.000000,526.000000,366.000000,683.000000
4146.000000,1788.000000,3721.000000,1874.000000
2871.000000,2408.000000,2461.000000,2633.000000
47.000000,1285.000000,233.000000,1363.000000
699.000000,1014.000000,1131.000000,1431.000000
2728.000000,1796.000000,3286.000000,2064.000000
125.000000,1567.000000,69.000000,1805.000000
3080.000000,2349.000000,3407.000000,2510.000000
576.000000,619.000000,518.000000,701.000000
1667.000000,3971.000000,1600.000000,4005.000000
532.000000,1467.000000,376.000000,1614.000000
936.000000,145.000000,781.000000,252.000000
5423.000000,3017.000000,5480.000000,3220.000000
2589.000000,2049.000000,2511.000000,2474.000000
3937.000000,3767.000000,3507.000000,4103.000000
3533.000000,4437.000000,3124.000000,4666.000000
233.000000,1363.000000,532.000000,1467.000000
5770.000000,4271.000000,5858.000000,5318.000000
3143.000000,990.000000,3255.000000,1111.000000
1891.000000,4431.000000,1934.000000,4443.000000
5439.000000,2363.000000,5504.000000,2365.000000
4513.000000,3462.000000,4539.000000,3864.000000
1413.000000,4287.000000,1510.000000,4488.000000
1961.000000,1222.000000,1903.000000,1306.000000
108.000000,4072.000000,179.000000,4261.000000
1765.000000,5064.000000,1742.000000,5166.000000
1367.000000,4284.000000,1410.000000,4402.000000
3764.000000,2492.000000,3818.000000,2531.000000
1891.000000,60.000000,2556.000000,128.000000
22.000000,4711.000000,110.000000,4729.000000
4132.000000,4449.000000,3985.000000,4647.000000
1562.000000,5422.000000,1623.000000,5484.000000
4739.000000,1766.000000,4991.000000,1888.000000
3194.000000,448.000000,3184.000000,600.000000
5110.000000,2320.000000,5439.000000,2363.000000
5720.000000,3269.000000,5452.000000,3353.000000
2896.000000,4948.000000,2778.000000,5043.000000
4346.000000,4772.000000,4148.000000,5035.000000
69.000000,1805.000000,228.000000,1948.000000
4238.000000,1455.000000,4705.000000,1510.000000
1333.000000,1638.000000,1390.000000,1734.000000
3981.000000,3635.000000,3618.000000,3754.000000
265.000000,2026.000000,882.000000,2244.000000
4927.000000,911.000000,4644.000000,1018.000000
1984.000000,1870.000000,1583.000000,2015.000000
4737.000000,2242.000000,4664.000000,2430.000000
3507.000000,4103.000000,3711.000000,4330.000000
2995.000000,4814.000000,2896.000000,4948.000000
3020.000000,2952.000000,2634.000000,3095.000000
3043.000000,5159.000000,3113.000000,5484.000000
5206.000000,5361.000000,5124.000000,5830.000000
119.000000,3208.000000,770.000000,3671.000000
678.000000,4405.000000,1043.000000,4483.000000
676.000000,4142.000000,473.000000,4166.000000
4705.000000,1510.000000,4727.000000,1860.000000
4524.000000,888.000000,4644.000000,1018.000000
1343.000000,4110.000000,1385.000000,4147.000000
2115.000000,2946.000000,2141.000000,3036.000000
4085.000000,2970.000000,3955.000000,3161.000000
1894.000000,2634.000000,1494.000000,2923.000000
2720.000000,1343.000000,2641.000000,1834.000000
5480.000000,3220.000000,5452.000000,3353.000000
5739.000000,792.000000,5744.000000,1483.000000
3245.000000,5123.000000,3043.000000,5159.000000
1105.000000,3871.000000,1173.000000,4042.000000
1894.000000,2634.000000,2014.000000,2957.000000
4705.000000,1510.000000,4739.000000,1766.000000
2299.000000,3724.000000,2535.000000,3795.000000
5265.000000,5642.000000,5519.000000,5661.000000
770.000000,3671.000000,1025.000000,3905.000000
1136.000000,1155.000000,1293.000000,1369.000000
1298.000000,2643.000000,1486.000000,2854.000000
3144.000000,2753.000000,3582.000000,3082.000000
4484.000000,345.000000,4644.000000,1018.000000
3083.000000,4012.000000,3340.000000,4159.000000
1367.000000,4284.000000,1221.000000,4534.000000
4051.000000,3709.000000,4235.000000,3839.000000
3864.000000,5789.000000,3362.000000,5824.000000
3923.000000,5311.000000,4258.000000,5599.000000
3955.000000,3161.000000,4369.000000,3322.000000
954.000000,1851.000000,744.000000,2028.000000
5283.000000,1664.000000,5411.000000,2074.000000
1486.000000,2854.000000,1494.000000,2923.000000
4146.000000,1788.000000,4499.000000,1946.000000
974.000000,5163.000000,1013.000000,5186.000000
3516.000000,5428.000000,3362.000000,5824.000000
5670.000000,3978.000000,5165.000000,4183.000000
1891.000000,60.000000,1937.000000,442.000000
4162.000000,5797.000000,4158.000000,5905.000000
1293.000000,3879.000000,1173.000000,4042.000000
4871.000000,5110.000000,4923.000000,5193.000000
1298.000000,2643.000000,879.000000,2946.000000
3016.000000,4646.000000,3124.000000,4666.000000
2977.000000,3306.000000,3035.000000,3475.000000
1385.000000,4147.000000,1413.000000,4287.000000
919.000000,4686.000000,839.000000,5266.000000
2014.000000,2957.000000,2108.000000,3072.000000
919.000000,4686.000000,1197.000000,5016.000000
179.000000,4261.000000,224.000000,4499.000000
2847.000000,4142.000000,3080.000000,4213.000000
3764.000000,2492.000000,3825.000000,2550.000000
2468.000000,238.000000,2608.000000,322.000000
4666.000000,4542.000000,4598.000000,4725.000000
3144.000000,2753.000000,3105.000000,3063.000000
2470.000000,258.000000,2235.000000,456.000000
5866.000000,1519.000000,5865.000000,2605.000000
5352.000000,3757.000000,5045.000000,3795.000000
3105.000000,3063.000000,2971.000000,3224.000000
1294.000000,2243.000000,1267.000000,2295.000000
2097.000000,3536.000000,2227.000000,3806.000000
3362.000000,5824.000000,4158.000000,5905.000000
299.000000,2785.000000,707.000000,3054.000000
1343.000000,4110.000000,1221.000000,4534.000000
52.000000,3195.000000,108.000000,4072.000000
5670.000000,3978.000000,5577.000000,4152.000000
402.000000,2142.000000,227.000000,2320.000000
974.000000,5163.000000,1189.000000,5167.000000
299.000000,2785.000000,8.000000,2915.000000
3943.000000,2838.000000,4063.000000,2971.000000
4258.000000,5599.000000,4162.000000,5797.000000
3957.000000,103.000000,3194.000000,448.000000
2829.000000,5687.000000,2946.000000,5832.000000
4918.000000,5610.000000,4734.000000,5735.000000
5291.000000,3679.000000,5321.000000,3745.000000
4951.000000,1169.000000,4704.000000,1184.000000
2728.000000,1796.000000,2641.000000,1834.000000
4802.000000,1504.000000,4739.000000,1766.000000
4918.000000,5610.000000,5124.000000,5830.000000
1220.000000,1612.000000,1318.000000,1797.000000
3523.000000,5365.000000,3668.000000,5399.000000
2918.000000,5023.000000,3043.000000,5159.000000
4003.000000,3867.000000,4045.000000,4043.000000
4489.000000,4020.000000,4972.000000,4193.000000
2461.000000,2633.000000,2354.000000,3000.000000
5526.000000,139.000000,5330.000000,345.000000
4666.000000,4542.000000,4871.000000,5110.000000
3234.000000,4363.000000,3124.000000,4666.000000
1462.000000,1528.000000,1333.000000,1638.000000
1333.000000,1638.000000,1318.000000,1797.000000
1605.000000,1160.000000,1391.000000,1240.000000
2918.000000,5023.000000,2923.000000,5102.000000
2333.000000,4779.000000,2222.000000,4791.000000
1970.000000,594.000000,2363.000000,798.000000
2970.000000,4361.000000,2804.000000,4637.000000
664.000000,2641.000000,299.000000,2785.000000
888.000000,666.000000,518.000000,882.000000
1742.000000,5166.000000,1629.000000,5283.000000
5143.000000,3835.000000,4972.000000,4193.000000
5137.000000,1090.000000,4951.000000,1169.000000
4268.000000,2388.000000,4216.000000,2725.000000
1975.000000,2210.000000,2022.000000,2350.000000
2302.000000,5208.000000,2128.000000,5319.000000
3743.000000,2848.000000,3644.000000,3024.000000
1727.000000,3557.000000,1821.000000,3700.000000
852.000000,5528.000000,930.000000,5541.000000
576.000000,619.000000,518.000000,882.000000
5865.000000,2605.000000,5798.000000,3674.000000
2182.000000,3081.000000,2392.000000,3359.000000
2222.000000,4791.000000,1972.000000,4840.000000
3184.000000,600.000000,3476.000000,761.000000
3016.000000,4646.000000,2995.000000,4814.000000
110.000000,4729.000000,201.000000,4857.000000
1742.000000,5166.000000,1562.000000,5422.000000
954.000000,1851.000000,972.000000,2084.000000
753.000000,2946.000000,879.000000,2946.000000
2299.000000,3724.000000,2437.000000,3736.000000
3695.000000,2474.000000,3764.000000,2492.000000
68.000000,833.000000,167.000000,1138.000000
3977.000000,772.000000,3884.000000,890.000000
3544.000000,3291.000000,3118.000000,3456.000000
2461.000000,2633.000000,2403.000000,2774.000000
988.000000,43.000000,1321.000000,322.000000
919.000000,4686.000000,974.000000,5163.000000
3884.000000,890.000000,4140.000000,1135.000000
797.000000,3249.000000,986.000000,3289.000000
1521.000000,594.000000,1977.000000,663.000000
3020.000000,2952.000000,2867.000000,3270.000000
4993.000000,4306.000000,5047.000000,4467.000000
5432.000000,4999.000000,5206.000000,5361.000000
2397.000000,4118.000000,2043.000000,4242.000000
5123.000000,2505.000000,5139.000000,2724.000000
5756.000000,1987.000000,5504.000000,2365.000000
5801.000000,2497.000000,5865.000000,2605.000000
167.000000,1138.000000,340.000000,1345.000000
2191.000000,3325.000000,2259.000000,3392.000000
1562.000000,5422.000000,1288.000000,5728.000000
2589.000000,4519.000000,2379.000000,4760.000000
1343.000000,4110.000000,1367.000000,4284.000000
2867.000000,3270.000000,3035.000000,3475.000000
233.000000,1363.000000,228.000000,1535.000000
3930.000000,4219.000000,3613.000000,4787.000000
3308.000000,685.000000,3275.000000,887.000000
5737.000000,4177.000000,5688.000000,4276.000000
380.000000,4159.000000,473.000000,4166.000000
213.000000,5425.000000,119.000000,5555.000000
1288.000000,5728.000000,408.000000,5868.000000
3084.000000,3132.000000,3544.000000,3291.000000
707.000000,3054.000000,797.000000,3249.000000
3957.000000,103.000000,4312.000000,582.000000
1117.000000,1611.000000,954.000000,1851.000000
2847.000000,4142.000000,2905.000000,4170.000000
2035.000000,1258.000000,2019.000000,1407.000000
4930.000000,150.000000,4742.000000,302.000000
318.000000,495.000000,366.000000,683.000000
4283.000000,3887.000000,4132.000000,4449.000000
3242.000000,4228.000000,2982.000000,4368.000000
4442.000000,4558.000000,4598.000000,4725.000000
2535.000000,3795.000000,2471.000000,4133.000000
1006.000000,2369.000000,1192.000000,2416.000000
1972.000000,4840.000000,2062.000000,5143.000000
972.000000,2084.000000,882.000000,2244.000000
1198.000000,1598.000000,1220.000000,1612.000000
1293.000000,694.000000,1626.000000,746.000000
3308.000000,685.000000,3296.000000,700.000000
3825.000000,2550.000000,3969.000000,2637.000000
5291.000000,3679.000000,5450.000000,3825.000000
5577.000000,4152.000000,5729.000000,4329.000000
3023.000000,5896.000000,4978.000000,5928.000000
4235.000000,3839.000000,4003.000000,3867.000000
2379.000000,4760.000000,2333.000000,4779.000000
5865.000000,2605.000000,5725.000000,2695.000000
986.000000,3289.000000,1246.000000,3478.000000
2508.000000,1962.000000,2511.000000,2474.000000
3084.000000,3132.000000,2971.000000,3224.000000
1265.000000,3805.000000,1105.000000,3871.000000
5582.000000,5095.000000,5858.000000,5318.000000
475.000000,4264.000000,383.000000,4471.000000
2097.000000,3536.000000,1821.000000,3700.000000
2340.000000,1341.000000,2019.000000,1407.000000
1961.000000,1222.000000,2035.000000,1258.000000
3671.000000,5522.000000,3362.000000,5824.000000
1043.000000,4483.000000,1221.000000,4534.000000
2215.000000,1015.000000,2396.000000,1156.000000
4030.000000,3683.000000,4051.000000,3709.000000
2970.000000,4361.000000,3016.000000,4646.000000
3080.000000,2349.000000,2871.000000,2408.000000
1234.000000,5261.000000,1629.000000,5283.000000
3035.000000,3475.000000,3002.000000,3809.000000
5526.000000,139.000000,5415.000000,285.000000
5117.000000,782.000000,4927.000000,911.000000
5757.000000,5087.000000,5582.000000,5095.000000
1494.000000,2923.000000,2107.000000,3214.000000
1623.000000,5484.000000,1814.000000,5728.000000
4705.000000,1510.000000,4146.000000,1788.000000
1163.000000,5399.000000,852.000000,5528.000000
3516.000000,5428.000000,3671.000000,5522.000000
2062.000000,5143.000000,2128.000000,5319.000000
366.000000,683.000000,68.000000,833.000000
2299.000000,3724.000000,2227.000000,3806.000000
3983.000000,1839.000000,3721.000000,1874.000000
2340.000000,1341.000000,2441.000000,1445.000000
2128.000000,5319.000000,2394.000000,5493.000000
2689.000000,3340.000000,2509.000000,3362.000000
1739.000000,787.000000,1903.000000,1306.000000
4918.000000,5610.000000,4782.000000,5892.000000
1318.000000,1797.000000,1583.000000,2015.000000
4513.000000,3462.000000,4727.000000,3808.000000
882.000000,2244.000000,488.000000,2379.000000
5319.000000,1453.000000,5283.000000,1664.000000
5235.000000,2178.000000,5110.000000,2320.000000
3507.000000,4103.000000,3901.000000,4209.000000
1869.000000,3994.000000,2052.000000,4157.000000
1521.000000,594.000000,1626.000000,746.000000
2062.000000,5143.000000,1814.000000,5728.000000
2107.000000,3214.000000,2258.000000,3313.000000
2356.000000,2619.000000,2461.000000,2633.000000
383.000000,4471.000000,919.000000,4686.000000
1984.000000,1870.000000,2319.000000,2179.000000
157.000000,103.000000,526.000000,302.000000
4025.000000,2541.000000,3969.000000,2637.000000
5283.000000,1664.000000,4739.000000,1766.000000
4291.000000,615.000000,4153.000000,941.000000
5529.000000,4804.000000,5072.000000,4858.000000
3544.000000,3291.000000,3981.000000,3635.000000
1851.000000,4502.000000,1340.000000,5047.000000
2536.000000,1521.000000,2508.000000,1962.000000
4302.000000,1978.000000,4228.000000,2383.000000
2963.000000,502.000000,2921.000000,527.000000
3792.000000,2794.000000,3743.000000,2848.000000
201.000000,4857.000000,508.000000,4895.000000
3864.000000,5789.000000,4158.000000,5905.000000
2835.000000,2174.000000,2981.000000,2342.000000
5137.000000,1090.000000,5205.000000,1362.000000
4705.000000,1510.000000,4499.000000,1946.000000
2108.000000,3072.000000,2107.000000,3214.000000
2720.000000,1343.000000,2441.000000,1445.000000
1010.000000,1538.000000,1198.000000,1598.000000
5352.000000,3757.000000,5450.000000,3825.000000
2043.000000,4242.000000,1934.000000,4443.000000
55.000000,526.000000,47.000000,1285.000000
1815.000000,3698.000000,1821.000000,3700.000000
4976.000000,2427.000000,4926.000000,2693.000000
1814.000000,5728.000000,2784.000000,5894.000000
2181.000000,5310.000000,2394.000000,5493.000000
518.000000,882.000000,167.000000,1138.000000
3937.000000,3767.000000,4045.000000,4043.000000
1982.000000,3469.000000,1821.000000,3700.000000
3816.000000,5706.000000,3864.000000,5789.000000
2747.000000,1001.000000,2720.000000,1343.000000
5420.000000,3539.000000,5798.000000,3674.000000
2062.000000,5143.000000,1623.000000,5484.000000
3157.000000,55.000000,2556.000000,128.000000
1598.000000,4260.000000,1792.000000,4291.000000
4141.000000,4189.000000,3901.000000,4209.000000
2014.000000,2957.000000,2107.000000,3214.000000
3544.000000,3291.000000,3321.000000,3457.000000
3523.000000,5365.000000,3516.000000,5428.000000
2468.000000,238.000000,2235.000000,456.000000
3043.000000,5159.000000,2930.000000,5239.000000
770.000000,3671.000000,684.000000,3758.000000
227.000000,2320.000000,438.000000,2344.000000
1977.000000,663.000000,2064.000000,739.000000
3989.000000,5837.000000,4158.000000,5905.000000
3972.000000,4902.000000,3923.000000,5311.000000
1452.000000,3381.000000,1429.000000,3569.000000
5105.000000,28.000000,5127.000000,223.000000
4369.000000,3322.000000,4050.000000,3483.000000
5866.000000,1519.000000,5801.000000,1857.000000
1727.000000,3557.000000,1724.000000,3774.000000
5068.000000,18.000000,988.000000,43.000000
4737.000000,2242.000000,4976.000000,2427.000000
5593.000000,800.000000,5286.000000,1011.000000
2129.000000,2730.000000,2115.000000,2946.000000
2464.000000,5328.000000,2576.000000,5520.000000
1234.000000,5261.000000,1107.000000,5524.000000
1221.000000,4534.000000,919.000000,4686.000000
5725.000000,2695.000000,5536.000000,3147.000000
5697.000000,3661.000000,5450.000000,3825.000000
2976.000000,2073.000000,3080.000000,2349.000000
2052.000000,4157.000000,2043.000000,4242.000000
1267.000000,2295.000000,1181.000000,2382.000000
4930.000000,150.000000,5127.000000,223.000000
3362.000000,5824.000000,2946.000000,5832.000000
3623.000000,724.000000,3275.000000,887.000000
1198.000000,1598.000000,972.000000,2084.000000
560.000000,5736.000000,585.000000,5774.000000
52.000000,3195.000000,380.000000,4159.000000
973.000000,934.000000,1023.000000,1099.000000
1006.000000,2369.000000,879.000000,2946.000000
1390.000000,1734.000000,1318.000000,1797.000000
2747.000000,1001.000000,2421.000000,1011.000000
5432.000000,4999.000000,5548.000000,5049.000000
2333.000000,4779.000000,2062.000000,5143.000000
5127.000000,223.000000,5166.000000,413.000000
4302.000000,1978.000000,4058.000000,2110.000000
5286.000000,1011.000000,5596.000000,1353.000000
3086.000000,3796.000000,3083.000000,4012.000000
5423.000000,3017.000000,5371.000000,3257.000000
55.000000,526.000000,68.000000,833.000000
1903.000000,1306.000000,1936.000000,1416.000000
508.000000,4895.000000,839.000000,5266.000000
3296.000000,700.000000,3143.000000,990.000000
4727.000000,3808.000000,4567.000000,3864.000000
2641.000000,1834.000000,2589.000000,2049.000000
110.000000,4729.000000,508.000000,4895.000000
2871.000000,2408.000000,3144.000000,2753.000000
3084.000000,3132.000000,2977.000000,3306.000000
986.000000,3289.000000,1105.000000,3871.000000
195.000000,2174.000000,227.000000,2320.000000
707.000000,3054.000000,770.000000,3671.000000
5858.000000,5318.000000,5842.000000,5831.000000
3792.000000,2794.000000,3943.000000,2838.000000
3106.000000,4636.000000,3016.000000,4646.000000
5439.000000,2363.000000,5801.000000,2497.000000
4312.000000,582.000000,4524.000000,888.000000
5352.000000,3757.000000,5165.000000,4183.000000
1821.000000,3700.000000,1724.000000,3774.000000
5371.000000,3257.000000,5420.000000,3539.000000
5191.000000,2741.000000,5423.000000,3017.000000
3582.000000,3082.000000,3544.000000,3291.000000
2971.000000,4729.000000,2896.000000,4948.000000
3928.000000,3023.000000,3644.000000,3024.000000
1385.000000,4147.000000,1598.000000,4260.000000
5265.000000,5642.000000,5688.000000,5920.000000
3825.000000,2550.000000,3560.000000,2725.000000
1403.000000,1519.000000,1462.000000,1528.000000
2730.000000,188.000000,2608.000000,322.000000
224.000000,4499.000000,22.000000,4711.000000
4930.000000,150.000000,4684.000000,362.000000
1293.000000,694.000000,973.000000,934.000000
2784.000000,5894.000000,4978.000000,5928.000000
3529.000000,1374.000000,3721.000000,1874.000000
3002.000000,3809.000000,3083.000000,4012.000000
2227.000000,3806.000000,1869.000000,3994.000000
2509.000000,3362.000000,2259.000000,3392.000000
4258.000000,5599.000000,4134.000000,5729.000000
882.000000,2244.000000,1006.000000,2369.000000
4993.000000,4306.000000,4869.000000,4345.000000
3755.000000,3298.000000,3981.000000,3635.000000
4727.000000,1860.000000,4991.000000,1888.000000
1526.000000,2555.000000,1894.000000,2634.000000
1815.000000,3698.000000,1724.000000,3774.000000
3955.000000,3161.000000,4050.000000,3483.000000
4539.000000,3864.000000,4489.000000,4020.000000
1903.000000,1306.000000,1390.000000,1734.000000
3086.000000,3796.000000,3340.000000,4159.000000
3090.000000,1232.000000,3529.000000,1374.000000
1198.000000,1598.000000,1117.000000,1611.000000
1937.000000,442.000000,1977.000000,663.000000
4926.000000,2693.000000,4789.000000,3064.000000
1851.000000,4502.000000,1964.000000,4635.000000
1982.000000,3469.000000,2097.000000,3536.000000
4360.000000,1235.000000,4188.000000,1248.000000
1936.000000,1416.000000,1984.000000,1870.000000
3157.000000,55.000000,3957.000000,103.000000
5047.000000,4467.000000,5262.000000,4515.000000
839.000000,5266.000000,213.000000,5425.000000
1221.000000,4534.000000,1402.000000,4647.000000
1198.000000,1598.000000,1333.000000,1638.000000
2392.000000,3359.000000,2259.000000,3392.000000
3721.000000,1874.000000,3806.000000,1957.000000
4371.000000,4562.000000,4598.000000,4725.000000
4148.000000,5035.000000,4729.000000,5479.000000
1869.000000,3994.000000,2471.000000,4133.000000
1792.000000,4291.000000,1891.000000,4431.000000
366.000000,683.000000,262.000000,895.000000
2302.000000,5208.000000,2394.000000,5493.000000
1321.000000,322.000000,1497.000000,558.000000
2970.000000,4361.000000,2982.000000,4368.000000
3901.000000,4209.000000,3711.000000,4330.000000
2509.000000,3362.000000,3035.000000,3475.000000
2867.000000,3270.000000,2977.000000,3306.000000
1192.000000,2416.000000,879.000000,2946.000000
1107.000000,5524.000000,408.000000,5868.000000
2444.000000,2504.000000,2461.000000,2633.000000
761.000000,4224.000000,808.000000,4323.000000
1851.000000,4502.000000,2017.000000,4744.000000
1315.000000,3890.000000,1173.000000,4042.000000
211.000000,5413.000000,119.000000,5555.000000
2492.000000,4404.000000,1934.000000,4443.000000
139.000000,5143.000000,211.000000,5413.000000
5577.000000,4152.000000,5688.000000,4276.000000
3644.000000,3024.000000,3755.000000,3298.000000
3955.000000,3161.000000,3755.000000,3298.000000
5798.000000,3674.000000,5670.000000,3978.000000
4789.000000,3064.000000,4742.000000,3083.000000
4346.000000,4772.000000,3972.000000,4902.000000
3321.000000,3457.000000,3618.000000,3754.000000
4384.000000,4932.000000,4871.000000,5110.000000
3308.000000,685.000000,3476.000000,761.000000
2758.000000,4127.000000,2847.000000,4142.000000
3529.000000,1374.000000,3071.000000,1491.000000
1789.000000,3465.000000,1982.000000,3469.000000
2129.000000,2730.000000,2293.000000,2796.000000
4513.000000,3462.000000,4050.000000,3483.000000
1778.000000,4901.000000,1765.000000,5064.000000
1972.000000,4840.000000,1778.000000,4901.000000
3957.000000,103.000000,3884.000000,890.000000
438.000000,2344.000000,8.000000,2915.000000
839.000000,5266.000000,852.000000,5528.000000
5679.000000,5647.000000,5842.000000,5831.000000
954.000000,1851.000000,228.000000,1948.000000
3575.000000,2317.000000,3818.000000,2531.000000
988.000000,43.000000,846.000000,358.000000
3977.000000,772.000000,4181.000000,859.000000
318.000000,495.000000,576.000000,619.000000
2437.000000,3736.000000,2535.000000,3795.000000
1410.000000,4402.000000,1221.000000,4534.000000
4644.000000,1018.000000,4704.000000,1184.000000
47.000000,1285.000000,8.000000,2915.000000
2043.000000,4242.000000,1891.000000,4431.000000
1497.000000,558.000000,1293.000000,694.000000
2772.000000,2238.000000,2511.000000,2474.000000
5679.000000,5647.000000,5519.000000,5661.000000
387.000000,3839.000000,380.000000,4159.000000
688.000000,2356.000000,664.000000,2641.000000
2356.000000,2619.000000,1894.000000,2634.000000
3472.000000,2677.000000,3582.000000,3082.000000
3695.000000,2474.000000,3560.000000,2725.000000
2921.000000,527.000000,2827.000000,750.000000
2918.000000,5023.000000,2778.000000,5043.000000
5321.000000,3745.000000,5045.000000,3795.000000
4869.000000,4345.000000,4132.000000,4449.000000
5615.000000,5332.000000,5519.000000,5661.000000
3020.000000,2952.000000,3105.000000,3063.000000
2757.000000,483.000000,2827.000000,750.000000
5319.000000,1453.000000,5363.000000,1627.000000
4232.000000,4515.000000,4371.000000,4562.000000
5090.000000,1483.000000,4705.000000,1510.000000
1981.000000,1130.000000,2107.000000,1217.000000
2397.000000,4118.000000,2052.000000,4157.000000
1984.000000,1870.000000,2508.000000,1962.000000
380.000000,4159.000000,179.000000,4261.000000
2971.000000,3224.000000,2977.000000,3306.000000
3184.000000,600.000000,3296.000000,700.000000
4132.000000,4449.000000,4349.000000,4495.000000
930.000000,5541.000000,560.000000,5736.000000
1350.000000,3332.000000,1429.000000,3569.000000
3275.000000,887.000000,3529.000000,1374.000000
5415.000000,285.000000,5739.000000,792.000000
518.000000,882.000000,388.000000,1340.000000
1136.000000,1155.000000,1471.000000,1187.000000
508.000000,4895.000000,216.000000,4969.000000
4727.000000,3808.000000,5143.000000,3835.000000
4146.000000,1788.000000,4302.000000,1978.000000
5529.000000,4804.000000,5757.000000,5087.000000
2022.000000,2350.000000,2511.000000,2474.000000
1343.000000,4110.000000,1062.000000,4116.000000
2397.000000,4118.000000,2471.000000,4133.000000
2896.000000,4948.000000,3183.000000,4948.000000
5739.000000,792.000000,5866.000000,1519.000000
3816.000000,2177.000000,3818.000000,2531.000000
1984.000000,1870.000000,1975.000000,2210.000000
4484.000000,345.000000,4684.000000,362.000000
1225.000000,3031.000000,986.000000,3289.000000
888.000000,666.000000,1293.000000,694.000000
201.000000,4857.000000,139.000000,5143.000000
2363.000000,798.000000,2421.000000,1011.000000
5420.000000,3539.000000,5450.000000,3825.000000
318.000000,495.000000,436.000000,643.000000
387.000000,3839.000000,501.000000,3916.000000
376.000000,1614.000000,228.000000,1948.000000
3516.000000,5428.000000,3113.000000,5484.000000
3575.000000,2317.000000,3695.000000,2474.000000
2976.000000,2073.000000,3235.000000,2169.000000
1532.000000,2013.000000,1294.000000,2243.000000
1340.000000,5047.000000,1234.000000,5261.000000
3755.000000,3298.000000,4050.000000,3483.000000
972.000000,2084.000000,1294.000000,2243.000000
501.000000,3916.000000,676.000000,4142.000000
1821.000000,3700.000000,1869.000000,3994.000000
5697.000000,3661.000000,5798.000000,3674.000000
882.000000,2244.000000,688.000000,2356.000000
1025.000000,3905.000000,761.000000,4224.000000
1821.000000,3700.000000,1667.000000,3971.000000
5420.000000,3539.000000,5697.000000,3661.000000
4484.000000,345.000000,4679.000000,396.000000
4181.000000,859.000000,4153.000000,941.000000
4216.000000,2725.000000,4369.000000,3322.000000
2867.000000,3270.000000,2689.000000,3340.000000
1131.000000,1431.000000,781.000000,1487.000000
52.000000,3195.000000,22.000000,4711.000000
4598.000000,4725.000000,4648.000000,4751.000000
3884.000000,890.000000,4188.000000,1248.000000
4146.000000,1788.000000,3806.000000,1957.000000
1106.000000,2185.000000,1181.000000,2382.000000
3080.000000,2349.000000,3582.000000,3082.000000
5720.000000,3269.000000,5798.000000,3674.000000
2405.000000,2796.000000,2354.000000,3000.000000
265.000000,2026.000000,402.000000,2142.000000
5262.000000,4515.000000,5072.000000,4858.000000
1192.000000,2416.000000,1333.000000,2626.000000
3109.000000,2036.000000,2976.000000,2073.000000
1225.000000,3031.000000,1246.000000,3478.000000
972.000000,2084.000000,1006.000000,2369.000000
1934.000000,4443.000000,2120.000000,4562.000000
3105.000000,3063.000000,3544.000000,3291.000000
1494.000000,2923.000000,1482.000000,3020.000000
4442.000000,4558.000000,4371.000000,4562.000000
4684.000000,362.000000,4845.000000,592.000000
1413.000000,4287.000000,1792.000000,4291.000000
2523.000000,2505.000000,2461.000000,2633.000000
1391.000000,1240.000000,1903.000000,1306.000000
1894.000000,2634.000000,2129.000000,2730.000000
2511.000000,2474.000000,2461.000000,2633.000000
1934.000000,4443.000000,2433.000000,4598.000000
4258.000000,5599.000000,4782.000000,5892.000000
5509.000000,2984.000000,5444.000000,3029.000000
5423.000000,3017.000000,5192.000000,3503.000000
4679.000000,168.000000,4387.000000,229.000000
336.000000,5842.000000,408.000000,5868.000000
4802.000000,1504.000000,4705.000000,1510.000000
5670.000000,3978.000000,5770.000000,4271.000000
4360.000000,1235.000000,4705.000000,1510.000000
808.000000,4323.000000,678.000000,4405.000000
436.000000,2977.000000,119.000000,3208.000000
879.000000,2946.000000,1064.000000,2986.000000
5729.000000,4329.000000,5757.000000,5087.000000
4734.000000,5735.000000,4782.000000,5892.000000
5192.000000,3503.000000,5291.000000,3679.000000
3023.000000,5896.000000,4158.000000,5905.000000
68.000000,833.000000,47.000000,1285.000000
5720.000000,3269.000000,5420.000000,3539.000000
797.000000,3249.000000,770.000000,3671.000000
5801.000000,1857.000000,5865.000000,2605.000000
111.000000,2077.000000,195.000000,2174.000000
4727.000000,3808.000000,4972.000000,4193.000000
2128.000000,5319.000000,1814.000000,5728.000000
2871.000000,2408.000000,2511.000000,2474.000000
1789.000000,3465.000000,1727.000000,3557.000000
3544.000000,3291.000000,3618.000000,3754.000000
4291.000000,615.000000,4032.000000,652.000000
3930.000000,4219.000000,3985.000000,4647.000000
408.000000,5868.000000,1266.000000,5873.000000
676.000000,4142.000000,808.000000,4323.000000
1972.000000,4840.000000,1765.000000,5064.000000
2905.000000,4170.000000,2970.000000,4361.000000
1623.000000,5484.000000,1482.000000,5575.000000
5068.000000,18.000000,4679.000000,168.000000
2461.000000,2633.000000,3020.000000,2952.000000
5744.000000,1483.000000,5866.000000,1519.000000
3030.000000,1961.000000,2835.000000,2174.000000
2444.000000,2504.000000,2356.000000,2619.000000
4727.000000,1860.000000,4499.000000,1946.000000
5593.000000,800.000000,5744.000000,1483.000000
3340.000000,4159.000000,3080.000000,4213.000000
2191.000000,3325.000000,1982.000000,3469.000000
3183.000000,4948.000000,3043.000000,5159.000000
52.000000,3195.000000,119.000000,3208.000000
2905.000000,4170.000000,3080.000000,4213.000000
409.000000,4921.000000,213.000000,5425.000000
5509.000000,2984.000000,5423.000000,3017.000000
1221.000000,4534.000000,1370.000000,4603.000000
1869.000000,3994.000000,1812.000000,4036.000000
988.000000,43.000000,781.000000,252.000000
2871.000000,2408.000000,3582.000000,3082.000000
2128.000000,5319.000000,2012.000000,5690.000000
692.000000,259.000000,526.000000,302.000000
5072.000000,4858.000000,4871.000000,5110.000000
4387.000000,229.000000,4484.000000,345.000000
5110.000000,2320.000000,4976.000000,2427.000000
3242.000000,4228.000000,3533.000000,4437.000000
1010.000000,1538.000000,1117.000000,1611.000000
5666.000000,5900.000000,5688.000000,5920.000000
2293.000000,2796.000000,2405.000000,2796.000000
684.000000,3758.000000,1025.000000,3905.000000
3144.000000,2753.000000,3020.000000,2952.000000
2589.000000,4519.000000,2971.000000,4729.000000
3473.000000,4829.000000,3585.000000,4952.000000
3080.000000,4213.000000,3242.000000,4228.000000
1452.000000,3381.000000,1727.000000,3557.000000
2921.000000,527.000000,3019.000000,544.000000
2141.000000,3036.000000,2182.000000,3081.000000
1340.000000,5047.000000,1189.000000,5167.000000
3472.000000,2677.000000,3560.000000,2725.000000
2757.000000,483.000000,2963.000000,502.000000
699.000000,1014.000000,388.000000,1340.000000
4050.000000,3483.000000,3981.000000,3635.000000
753.000000,2946.000000,707.000000,3054.000000
4003.000000,3867.000000,4141.000000,4189.000000
3157.000000,55.000000,1891.000000,60.000000
3235.000000,2169.000000,3080.000000,2349.000000
2728.000000,1796.000000,2835.000000,2174.000000
4991.000000,1888.000000,4737.000000,2242.000000
3928.000000,3023.000000,3955.000000,3161.000000
5548.000000,2839.000000,5536.000000,3147.000000
4664.000000,2430.000000,4926.000000,2693.000000
402.000000,2142.000000,488.000000,2379.000000
4387.000000,229.000000,4312.000000,582.000000
4153.000000,941.000000,4140.000000,1135.000000
1189.000000,5167.000000,852.000000,5528.000000
2492.000000,4404.000000,2433.000000,4598.000000
2293.000000,2796.000000,2115.000000,2946.000000
4567.000000,3864.000000,4489.000000,4020.000000
972.000000,2084.000000,1106.000000,2185.000000
5439.000000,2363.000000,5123.000000,2505.000000
2535.000000,3795.000000,2680.000000,3875.000000
2541.000000,457.000000,2757.000000,483.000000
1727.000000,3557.000000,1429.000000,3569.000000
3073.000000,5495.000000,2746.000000,5742.000000
3183.000000,4948.000000,3367.000000,5047.000000
228.000000,1948.000000,111.000000,2077.000000
1562.000000,5422.000000,1482.000000,5575.000000
1298.000000,2643.000000,1064.000000,2986.000000
3977.000000,772.000000,4153.000000,941.000000
216.000000,4969.000000,211.000000,5413.000000
5729.000000,4329.000000,5858.000000,5318.000000
2052.000000,4157.000000,1792.000000,4291.000000
1197.000000,5016.000000,1189.000000,5167.000000
1471.000000,1187.000000,1391.000000,1240.000000
2363.000000,798.000000,2747.000000,1001.000000
3695.000000,2474.000000,3472.000000,2677.000000
4972.000000,4193.000000,4993.000000,4306.000000
4508.000000,2879.000000,4742.000000,3083.000000
2022.000000,2350.000000,1894.000000,2634.000000
1448.000000,641.000000,1626.000000,746.000000
1812.000000,4036.000000,2052.000000,4157.000000
3623.000000,724.000000,3476.000000,761.000000
211.000000,5413.000000,213.000000,5425.000000
2468.000000,238.000000,2470.000000,258.000000
1265.000000,3805.000000,1293.000000,3879.000000
4371.000000,4562.000000,3972.000000,4902.000000
1894.000000,2634.000000,1593.000000,2639.000000
1062.000000,4116.000000,808.000000,4323.000000
5526.000000,139.000000,5127.000000,223.000000
5548.000000,5049.000000,5757.000000,5087.000000
4268.000000,2388.000000,4025.000000,2541.000000
2923.000000,5102.000000,2930.000000,5239.000000
3106.000000,4636.000000,3124.000000,4666.000000
3157.000000,55.000000,2730.000000,188.000000
5801.000000,1857.000000,5756.000000,1987.000000
1739.000000,787.000000,973.000000,934.000000
2634.000000,3095.000000,2689.000000,3340.000000
68.000000,833.000000,262.000000,895.000000
5235.000000,2178.000000,4737.000000,2242.000000
973.000000,934.000000,1605.000000,1160.000000
228.000000,1535.000000,125.000000,1567.000000
2259.000000,3392.000000,2097.000000,3536.000000
4346.000000,4772.000000,4384.000000,4932.000000
2589.000000,4519.000000,2804.000000,4637.000000
2772.000000,2238.000000,2871.000000,2408.000000
1370.000000,4603.000000,1402.000000,4647.000000
3743.000000,2848.000000,3928.000000,3023.000000
1025.000000,3905.000000,1062.000000,4116.000000
2396.000000,1156.000000,2443.000000,1181.000000
2019.000000,1407.000000,2441.000000,1445.000000
3544.000000,3291.000000,3755.000000,3298.000000
1937.000000,442.000000,2235.000000,456.000000
4094.000000,5081.000000,3923.000000,5311.000000
4598.000000,4725.000000,4448.000000,4823.000000
2923.000000,5102.000000,3043.000000,5159.000000
111.000000,2077.000000,8.000000,2915.000000
4869.000000,4345.000000,4666.000000,4542.000000
2689.000000,3340.000000,2392.000000,3359.000000
8.000000,2915.000000,22.000000,4711.000000
233.000000,1363.000000,125.000000,1567.000000
2511.000000,2474.000000,2523.000000,2505.000000
3118.000000,3456.000000,3002.000000,3809.000000
3194.000000,448.000000,3732.000000,538.000000
179.000000,4261.000000,22.000000,4711.000000
5291.000000,3679.000000,5352.000000,3757.000000
3105.000000,3063.000000,3084.000000,3132.000000
55.000000,526.000000,8.000000,2915.000000
5798.000000,3674.000000,5450.000000,3825.000000
2441.000000,1445.000000,2536.000000,1521.000000
2064.000000,739.000000,2363.000000,798.000000
1266.000000,5873.000000,2784.000000,5894.000000
1936.000000,1416.000000,2536.000000,1521.000000
3582.000000,3082.000000,3755.000000,3298.000000
2461.000000,2633.000000,2634.000000,3095.000000
3923.000000,5311.000000,3816.000000,5706.000000
4499.000000,1946.000000,4737.000000,2242.000000
5770.000000,4271.000000,5729.000000,4329.000000
3245.000000,5123.000000,3523.000000,5365.000000
1532.000000,2013.000000,1583.000000,2015.000000
5068.000000,18.000000,3957.000000,103.000000
518.000000,882.000000,262.000000,895.000000
2468.000000,238.000000,1960.000000,278.000000
838.000000,555.000000,888.000000,666.000000
1654.000000,385.000000,1937.000000,442.000000
1062.000000,4116.000000,1221.000000,4534.000000
2589.000000,4519.000000,2433.000000,4598.000000
1937.000000,442.000000,1521.000000,594.000000
3613.000000,4787.000000,3473.000000,4829.000000
1131.000000,1431.000000,1010.000000,1538.000000
781.000000,1487.000000,954.000000,1851.000000
4789.000000,3064.000000,5192.000000,3503.000000
781.000000,252.000000,692.000000,259.000000
3690.000000,2115.000000,3701.000000,2207.000000
1294.000000,2243.000000,1181.000000,2382.000000
576.000000,619.000000,888.000000,666.000000
532.000000,1467.000000,781.000000,1487.000000
1340.000000,5047.000000,1629.000000,5283.000000
2730.000000,188.000000,2757.000000,483.000000
1934.000000,4443.000000,1851.000000,4502.000000
1781.000000,2362.000000,1333.000000,2626.000000
838.000000,555.000000,576.000000,619.000000
4666.000000,4542.000000,4442.000000,4558.000000
213.000000,5425.000000,852.000000,5528.000000
1189.000000,5167.000000,1234.000000,5261.000000
879.000000,2946.000000,707.000000,3054.000000
5614.000000,728.000000,5739.000000,792.000000
1234.000000,5261.000000,1163.000000,5399.000000
3184.000000,600.000000,3308.000000,685.000000
2259.000000,3392.000000,2299.000000,3724.000000
2097.000000,3536.000000,2299.000000,3724.000000
2641.000000,1834.000000,2508.000000,1962.000000
2443.000000,1181.000000,2441.000000,1445.000000
1742.000000,5166.000000,1623.000000,5484.000000
1981.000000,1130.000000,1903.000000,1306.000000
2142.000000,4757.000000,2222.000000,4791.000000
5192.000000,3503.000000,5045.000000,3795.000000
5577.000000,4152.000000,5262.000000,4515.000000
1353.000000,2231.000000,1781.000000,2362.000000
1107.000000,5524.000000,1288.000000,5728.000000
1593.000000,2639.000000,1298.000000,2643.000000
1600.000000,4005.000000,1385.000000,4147.000000
3972.000000,4902.000000,3587.000000,5266.000000
1667.000000,3971.000000,1812.000000,4036.000000
5415.000000,285.000000,5614.000000,728.000000
2394.000000,5493.000000,2784.000000,5894.000000
3930.000000,4219.000000,4132.000000,4449.000000
3711.000000,4330.000000,3533.000000,4437.000000
1600.000000,4005.000000,1598.000000,4260.000000
1981.000000,1130.000000,1961.000000,1222.000000
2634.000000,3095.000000,2392.000000,3359.000000
179.000000,4261.000000,383.000000,4471.000000
5757.000000,5087.000000,5858.000000,5318.000000
823.000000,2566.000000,664.000000,2641.000000
5068.000000,18.000000,3157.000000,55.000000
2129.000000,2730.000000,2311.000000,2781.000000
5737.000000,4177.000000,5729.000000,4329.000000
3275.000000,887.000000,3884.000000,890.000000
5090.000000,1483.000000,5283.000000,1664.000000
1598.000000,4260.000000,1413.000000,4287.000000
5047.000000,4467.000000,5072.000000,4858.000000
2258.000000,3313.000000,2392.000000,3359.000000
988.000000,43.000000,936.000000,145.000000
402.000000,2142.000000,882.000000,2244.000000
3020.000000,2952.000000,2971.000000,3224.000000
3985.000000,4647.000000,3972.000000,4902.000000
5124.000000,5830.000000,5688.000000,5920.000000
5432.000000,4999.000000,5582.000000,5095.000000
846.000000,358.000000,838.000000,555.000000
972.000000,2084.000000,1181.000000,2382.000000
3671.000000,5522.000000,3864.000000,5789.000000
2396.000000,1156.000000,2340.000000,1341.000000
1977.000000,663.000000,1739.000000,787.000000
3073.000000,5495.000000,2829.000000,5687.000000
678.000000,4405.000000,383.000000,4471.000000
1403.000000,1519.000000,1333.000000,1638.000000
1391.000000,1240.000000,1293.000000,1369.000000
5265.000000,5642.000000,5666.000000,5900.000000
560.000000,5736.000000,336.000000,5842.000000
3426.000000,2293.000000,3080.000000,2349.000000
3242.000000,4228.000000,3234.000000,4363.000000
4789.000000,3064.000000,4727.000000,3808.000000
5519.000000,5661.000000,5666.000000,5900.000000
3143.000000,990.000000,2747.000000,1001.000000
47.000000,1285.000000,69.000000,1805.000000
1781.000000,2362.000000,1526.000000,2555.000000
808.000000,4323.000000,1043.000000,4483.000000
1265.000000,3805.000000,1315.000000,3890.000000
4268.000000,2388.000000,3818.000000,2531.000000
673.000000,902.000000,973.000000,934.000000
1605.000000,1160.000000,1471.000000,1187.000000
5139.000000,2724.000000,5081.000000,2839.000000
3275.000000,887.000000,3143.000000,990.000000
5165.000000,4183.000000,5091.000000,4375.000000
5798.000000,3674.000000,5770.000000,4271.000000
5091.000000,4375.000000,5262.000000,4515.000000
1293.000000,1369.000000,1131.000000,1431.000000
5283.000000,1664.000000,4991.000000,1888.000000
2319.000000,2179.000000,2022.000000,2350.000000
2758.000000,4127.000000,2471.000000,4133.000000
3618.000000,3754.000000,3937.000000,3767.000000
3969.000000,2637.000000,4216.000000,2725.000000
1448.000000,641.000000,1293.000000,694.000000
4050.000000,3483.000000,4051.000000,3709.000000
3981.000000,3635.000000,4051.000000,3709.000000
3084.000000,3132.000000,3118.000000,3456.000000
5045.000000,3795.000000,5143.000000,3835.000000
5801.000000,2497.000000,5725.000000,2695.000000
3585.000000,4952.000000,3367.000000,5047.000000
4926.000000,2693.000000,5139.000000,2724.000000
5504.000000,2365.000000,5801.000000,2497.000000
5582.000000,5095.000000,5615.000000,5332.000000
5081.000000,2839.000000,4789.000000,3064.000000
2128.000000,5319.000000,2784.000000,5894.000000
5166.000000,413.000000,5117.000000,782.000000
2685.000000,5172.000000,2930.000000,5239.000000
1288.000000,5728.000000,1266.000000,5873.000000
5286.000000,1011.000000,5744.000000,1483.000000
1494.000000,2923.000000,1452.000000,3381.000000
1583.000000,2015.000000,1643.000000,2093.000000
8.000000,2915.000000,184.000000,3068.000000
2858.000000,1646.000000,3286.000000,2064.000000
3071.000000,1491.000000,3721.000000,1874.000000
3690.000000,2115.000000,3816.000000,2177.000000
4349.000000,4495.000000,4442.000000,4558.000000
4384.000000,4932.000000,4148.000000,5035.000000
673.000000,902.000000,699.000000,1014.000000
1429.000000,3569.000000,1265.000000,3805.000000
1107.000000,5524.000000,585.000000,5774.000000
846.000000,358.000000,1293.000000,694.000000
4845.000000,592.000000,4927.000000,911.000000
2689.000000,3340.000000,3035.000000,3475.000000
1891.000000,60.000000,1654.000000,385.000000
388.000000,1340.000000,532.000000,1467.000000
4051.000000,3709.000000,4003.000000,3867.000000
1462.000000,1528.000000,1390.000000,1734.000000
400.000000,58.000000,157.000000,103.000000
3732.000000,538.000000,3623.000000,724.000000
4729.000000,5479.000000,4918.000000,5610.000000
1293.000000,694.000000,1739.000000,787.000000
1521.000000,594.000000,1448.000000,641.000000
3587.000000,5266.000000,3523.000000,5365.000000
2829.000000,5687.000000,2746.000000,5742.000000
1443.000000,4037.000000,1385.000000,4147.000000
770.000000,3671.000000,1105.000000,3871.000000
3575.000000,2317.000000,3764.000000,2492.000000
1903.000000,1306.000000,1984.000000,1870.000000
1314.000000,5719.000000,1814.000000,5728.000000
2905.000000,4170.000000,2589.000000,4519.000000
2181.000000,5310.000000,2128.000000,5319.000000
52.000000,3195.000000,387.000000,3839.000000
3030.000000,1961.000000,3286.000000,2064.000000
2227.000000,3806.000000,2471.000000,4133.000000
1107.000000,5524.000000,852.000000,5528.000000
1353.000000,2231.000000,1267.000000,2295.000000
3587.000000,5266.000000,3668.000000,5399.000000
5452.000000,3353.000000,5420.000000,3539.000000
4349.000000,4495.000000,4371.000000,4562.000000
4742.000000,302.000000,4684.000000,362.000000
3816.000000,2177.000000,3701.000000,2207.000000
376.000000,1614.000000,69.000000,1805.000000
4032.000000,652.000000,3884.000000,890.000000
4923.000000,5193.000000,5206.000000,5361.000000
4216.000000,2725.000000,4508.000000,2879.000000
2720.000000,1343.000000,2536.000000,1521.000000
2235.000000,456.000000,2541.000000,457.000000
1903.000000,1306.000000,1462.000000,1528.000000
201.000000,4857.000000,216.000000,4969.000000
3972.000000,4902.000000,4148.000000,5035.000000
1293.000000,1369.000000,1198.000000,1598.000000
119.000000,5555.000000,336.000000,5842.000000
4134.000000,5729.000000,4162.000000,5797.000000
1106.000000,2185.000000,1294.000000,2243.000000
3143.000000,990.000000,3090.000000,1232.000000
2470.000000,258.000000,2608.000000,322.000000
3695.000000,2474.000000,3825.000000,2550.000000
1413.000000,4287.000000,1410.000000,4402.000000
2757.000000,483.000000,2921.000000,527.000000
2461.000000,2633.000000,2311.000000,2781.000000
2871.000000,2408.000000,2523.000000,2505.000000
518.000000,701.000000,467.000000,704.000000
299.000000,2785.000000,753.000000,2946.000000
2129.000000,2730.000000,2014.000000,2957.000000
736.000000,169.000000,526.000000,302.000000
2019.000000,1407.000000,1936.000000,1416.000000
4972.000000,4193.000000,4869.000000,4345.000000
5615.000000,5332.000000,5206.000000,5361.000000
5330.000000,345.000000,5166.000000,413.000000
1903.000000,1306.000000,2019.000000,1407.000000
2333.000000,4779.000000,1972.000000,4840.000000
4737.000000,2242.000000,5110.000000,2320.000000
518.000000,701.000000,518.000000,882.000000
5117.000000,782.000000,5286.000000,1011.000000
1163.000000,5399.000000,1107.000000,5524.000000
5411.000000,2074.000000,5504.000000,2365.000000
119.000000,3208.000000,684.000000,3758.000000
1402.000000,4647.000000,1340.000000,5047.000000
3407.000000,2510.000000,3472.000000,2677.000000
4063.000000,2971.000000,3928.000000,3023.000000
5068.000000,18.000000,4930.000000,150.000000
108.000000,4072.000000,380.000000,4159.000000
2835.000000,2174.000000,3080.000000,2349.000000
224.000000,4499.000000,110.000000,4729.000000
2017.000000,4744.000000,2142.000000,4757.000000
2511.000000,4565.000000,2433.000000,4598.000000
1321.000000,322.000000,846.000000,358.000000
1739.000000,787.000000,1605.000000,1160.000000
5090.000000,1483.000000,4739.000000,1766.000000
2333.000000,4779.000000,2128.000000,5319.000000
1198.000000,1598.000000,1318.000000,1797.000000
1981.000000,1130.000000,2214.000000,1163.000000
139.000000,5143.000000,119.000000,5555.000000
5321.000000,3745.000000,5352.000000,3757.000000
5756.000000,1987.000000,5595.000000,2103.000000
5614.000000,728.000000,5117.000000,782.000000
4085.000000,2970.000000,4063.000000,2971.000000
684.000000,3758.000000,387.000000,3839.000000
4539.000000,3864.000000,4567.000000,3864.000000
3109.000000,2036.000000,3235.000000,2169.000000
438.000000,2344.000000,299.000000,2785.000000
3118.000000,3456.000000,3321.000000,3457.000000
2141.000000,3036.000000,2108.000000,3072.000000
2963.000000,502.000000,3019.000000,544.000000
5614.000000,728.000000,5286.000000,1011.000000
2873.000000,2764.000000,2907.000000,2833.000000
692.000000,259.000000,846.000000,358.000000
402.000000,2142.000000,438.000000,2344.000000
2556.000000,128.000000,2730.000000,188.000000
585.000000,5774.000000,336.000000,5842.000000
2746.000000,5742.000000,2784.000000,5894.000000
2437.000000,3736.000000,3002.000000,3809.000000
2471.000000,4133.000000,2492.000000,4404.000000
2464.000000,5328.000000,2394.000000,5493.000000
4926.000000,2693.000000,4508.000000,2879.000000
1643.000000,2093.000000,1781.000000,2362.000000
2858.000000,1646.000000,2641.000000,1834.000000
383.000000,4471.000000,1043.000000,4483.000000
2758.000000,4127.000000,2905.000000,4170.000000
1107.000000,5524.000000,930.000000,5541.000000
2120.000000,4562.000000,1964.000000,4635.000000
1293.000000,1369.000000,1403.000000,1519.000000
2907.000000,2833.000000,3020.000000,2952.000000
3507.000000,4103.000000,3242.000000,4228.000000
4148.000000,5035.000000,4258.000000,5599.000000
763.000000,3726.000000,684.000000,3758.000000
2235.000000,456.000000,2363.000000,798.000000
2728.000000,1796.000000,3030.000000,1961.000000
2214.000000,1163.000000,2107.000000,1217.000000
1812.000000,4036.000000,1792.000000,4291.000000
3019.000000,544.000000,3184.000000,600.000000
5865.000000,2605.000000,5536.000000,3147.000000
1265.000000,3805.000000,1173.000000,4042.000000
2976.000000,2073.000000,2835.000000,2174.000000
4291.000000,615.000000,4181.000000,859.000000
5865.000000,2605.000000,5720.000000,3269.000000
3109.000000,2036.000000,3286.000000,2064.000000
5536.000000,3147.000000,5480.000000,3220.000000
501.000000,3916.000000,473.000000,4166.000000
2035.000000,1258.000000,1903.000000,1306.000000
5432.000000,4999.000000,5615.000000,5332.000000
1482.000000,3020.000000,1350.000000,3332.000000
2981.000000,2342.000000,2871.000000,2408.000000
3507.000000,4103.000000,3340.000000,4159.000000
1984.000000,1870.000000,1876.000000,1991.000000
2022.000000,2350.000000,2444.000000,2504.000000
157.000000,103.000000,318.000000,495.000000
1131.000000,1431.000000,1198.000000,1598.000000
69.000000,1805.000000,111.000000,2077.000000
216.000000,4969.000000,139.000000,5143.000000
47.000000,1285.000000,125.000000,1567.000000
5072.000000,4858.000000,5432.000000,4999.000000
4258.000000,5599.000000,3816.000000,5706.000000
2576.000000,5520.000000,2746.000000,5742.000000
2017.000000,4744.000000,1972.000000,4840.000000
4508.000000,2879.000000,4789.000000,3064.000000
5439.000000,2363.000000,5548.000000,2839.000000
1510.000000,4488.000000,1340.000000,5047.000000
4058.000000,2110.000000,4228.000000,2383.000000
2064.000000,739.000000,1739.000000,787.000000
2471.000000,4133.000000,2905.000000,4170.000000
5191.000000,2741.000000,5548.000000,2839.000000
4644.000000,1018.000000,4572.000000,1111.000000
518.000000,882.000000,699.000000,1014.000000
4132.000000,4449.000000,4232.000000,4515.000000
1064.000000,2986.000000,986.000000,3289.000000
1034.000000,1543.000000,1198.000000,1598.000000
299.000000,2785.000000,436.000000,2977.000000
436.000000,2977.000000,184.000000,3068.000000
1975.000000,2210.000000,1781.000000,2362.000000
4489.000000,4020.000000,4869.000000,4345.000000
2302.000000,5208.000000,2181.000000,5310.000000
4232.000000,4515.000000,3972.000000,4902.000000
508.000000,4895.000000,409.000000,4921.000000
1937.000000,442.000000,1970.000000,594.000000
3943.000000,2838.000000,3743.000000,2848.000000
22.000000,4711.000000,201.000000,4857.000000
4930.000000,150.000000,4679.000000,168.000000
5206.000000,5361.000000,4918.000000,5610.000000
5371.000000,3257.000000,5452.000000,3353.000000
1452.000000,3381.000000,1789.000000,3465.000000
3943.000000,2838.000000,3928.000000,3023.000000
409.000000,4921.000000,216.000000,4969.000000
1197.000000,5016.000000,974.000000,5163.000000
1173.000000,4042.000000,1343.000000,4110.000000
2115.000000,2946.000000,2014.000000,2957.000000
3073.000000,5495.000000,2576.000000,5520.000000
1970.000000,594.000000,1977.000000,663.000000
3286.000000,2064.000000,3235.000000,2169.000000
2995.000000,4814.000000,3183.000000,4948.000000
400.000000,58.000000,526.000000,302.000000
4484.000000,345.000000,4927.000000,911.000000
2108.000000,3072.000000,2258.000000,3313.000000
1246.000000,3478.000000,1105.000000,3871.000000
3623.000000,724.000000,3884.000000,890.000000
684.000000,3758.000000,501.000000,3916.000000
2784.000000,5894.000000,3023.000000,5896.000000
3362.000000,5824.000000,3023.000000,5896.000000
2017.000000,4744.000000,1778.000000,4901.000000
436.000000,643.000000,467.000000,704.000000
3008.000000,947.000000,3143.000000,990.000000
3124.000000,4666.000000,3473.000000,4829.000000
4539.000000,3864.000000,4446.000000,3935.000000
1321.000000,322.000000,1654.000000,385.000000
1903.000000,1306.000000,1293.000000,1369.000000
2461.000000,2633.000000,2873.000000,2764.000000
1064.000000,2986.000000,797.000000,3249.000000
5670.000000,3978.000000,5737.000000,4177.000000
2354.000000,3000.000000,2182.000000,3081.000000
2589.000000,2049.000000,2772.000000,2238.000000
1894.000000,2634.000000,1486.000000,2854.000000
2680.000000,3875.000000,2847.000000,4142.000000
1626.000000,746.000000,1739.000000,787.000000
1497.000000,558.000000,1448.000000,641.000000
5068.000000,18.000000,5105.000000,28.000000
383.000000,4471.000000,110.000000,4729.000000
4951.000000,1169.000000,5090.000000,1483.000000
1486.000000,2854.000000,1482.000000,3020.000000
4923.000000,5193.000000,4729.000000,5479.000000
973.000000,934.000000,699.000000,1014.000000
3818.000000,2531.000000,4025.000000,2541.000000
1792.000000,4291.000000,1510.000000,4488.000000
3668.000000,5399.000000,3671.000000,5522.000000
5444.000000,3029.000000,5536.000000,3147.000000
936.000000,145.000000,846.000000,358.000000
846.000000,358.000000,888.000000,666.000000
3234.000000,4363.000000,3106.000000,4636.000000
4644.000000,1018.000000,4360.000000,1235.000000
2379.000000,4760.000000,2222.000000,4791.000000
797.000000,3249.000000,1105.000000,3871.000000
2509.000000,3362.000000,2437.000000,3736.000000
22.000000,4711.000000,139.000000,5143.000000
2120.000000,4562.000000,2433.000000,4598.000000
2720.000000,1343.000000,3071.000000,1491.000000
2396.000000,1156.000000,2214.000000,1163.000000
1265.000000,3805.000000,1443.000000,4037.000000
1643.000000,2093.000000,1353.000000,2231.000000
3183.000000,4948.000000,3245.000000,5123.000000
3618.000000,3754.000000,3340.000000,4159.000000
4387.000000,229.000000,4684.000000,362.000000
1482.000000,5575.000000,1288.000000,5728.000000
988.000000,43.000000,400.000000,58.000000
3255.000000,1111.000000,3090.000000,1232.000000
4727.000000,1860.000000,4737.000000,2242.000000
4648.000000,4751.000000,4871.000000,5110.000000
1521.000000,594.000000,1739.000000,787.000000
1006.000000,2369.000000,1181.000000,2382.000000
4268.000000,2388.000000,4664.000000,2430.000000
2115.000000,2946.000000,2182.000000,3081.000000
2142.000000,4757.000000,1972.000000,4840.000000
3537.000000,5243.000000,3523.000000,5365.000000
1851.000000,4502.000000,1778.000000,4901.000000
2589.000000,2049.000000,2835.000000,2174.000000
3575.000000,2317.000000,3407.000000,2510.000000
4976.000000,2427.000000,5123.000000,2505.000000
3618.000000,3754.000000,3086.000000,3796.000000
4146.000000,1788.000000,3983.000000,1839.000000
2556.000000,128.000000,2468.000000,238.000000
5123.000000,2505.000000,5191.000000,2741.000000
1970.000000,594.000000,2064.000000,739.000000
2214.000000,1163.000000,2340.000000,1341.000000
2379.000000,4760.000000,2685.000000,5172.000000
3972.000000,4902.000000,4094.000000,5081.000000
4951.000000,1169.000000,5205.000000,1362.000000
4704.000000,1184.000000,4705.000000,1510.000000
3473.000000,4829.000000,3367.000000,5047.000000
408.000000,5868.000000,2784.000000,5894.000000
5352.000000,3757.000000,5670.000000,3978.000000
2259.000000,3392.000000,2437.000000,3736.000000
2258.000000,3313.000000,2191.000000,3325.000000
1173.000000,4042.000000,1062.000000,4116.000000
2421.000000,1011.000000,2396.000000,1156.000000
1181.000000,2382.000000,1192.000000,2416.000000
4536.000000,3252.000000,4369.000000,3322.000000
1765.000000,5064.000000,1629.000000,5283.000000
2982.000000,4368.000000,3016.000000,4646.000000
3816.000000,5706.000000,4134.000000,5729.000000
436.000000,2977.000000,707.000000,3054.000000
1876.000000,1991.000000,1583.000000,2015.000000
1654.000000,385.000000,1497.000000,558.000000
5548.000000,5049.000000,5582.000000,5095.000000
1482.000000,5575.000000,1314.000000,5719.000000
4513.000000,3462.000000,4235.000000,3839.000000
4926.000000,2693.000000,5081.000000,2839.000000
1724.000000,3774.000000,1265.000000,3805.000000
5124.000000,5830.000000,4782.000000,5892.000000
576.000000,619.000000,436.000000,643.000000
111.000000,2077.000000,227.000000,2320.000000
823.000000,2566.000000,879.000000,2946.000000
2536.000000,1521.000000,2641.000000,1834.000000
1333.000000,2626.000000,1298.000000,2643.000000
3721.000000,1874.000000,3286.000000,2064.000000
4679.000000,168.000000,4684.000000,362.000000
4228.000000,2383.000000,3818.000000,2531.000000
3613.000000,4787.000000,3972.000000,4902.000000
8.000000,2915.000000,52.000000,3195.000000
4283.000000,3887.000000,4446.000000,3935.000000
2905.000000,4170.000000,2804.000000,4637.000000
5206.000000,5361.000000,5519.000000,5661.000000
736.000000,169.000000,781.000000,252.000000
3124.000000,4666.000000,2995.000000,4814.000000
5577.000000,4152.000000,5737.000000,4177.000000
664.000000,2641.000000,753.000000,2946.000000
2392.000000,3359.000000,2509.000000,3362.000000
518.000000,882.000000,673.000000,902.000000
383.000000,4471.000000,224.000000,4499.000000
1197.000000,5016.000000,1340.000000,5047.000000
228.000000,1948.000000,265.000000,2026.000000
4524.000000,888.000000,4153.000000,941.000000
2728.000000,1796.000000,2589.000000,2049.000000
585.000000,5774.000000,408.000000,5868.000000
4666.000000,4542.000000,4648.000000,4751.000000
5726.000000,1544.000000,5801.000000,1857.000000
2311.000000,2781.000000,2293.000000,2796.000000
4134.000000,5729.000000,3989.000000,5837.000000
5726.000000,1544.000000,5363.000000,1627.000000
5577.000000,4152.000000,5165.000000,4183.000000
1192.000000,2416.000000,1298.000000,2643.000000
2403.000000,2774.000000,2293.000000,2796.000000
3194.000000,448.000000,2757.000000,483.000000
4923.000000,5193.000000,4918.000000,5610.000000
2685.000000,5172.000000,3073.000000,5495.000000
5480.000000,3220.000000,5720.000000,3269.000000
3113.000000,5484.000000,2829.000000,5687.000000
3296.000000,700.000000,2827.000000,750.000000
4926.000000,2693.000000,4216.000000,2725.000000
988.000000,43.000000,1654.000000,385.000000
4238.000000,1455.000000,4146.000000,1788.000000
3981.000000,3635.000000,4030.000000,3683.000000
1724.000000,3774.000000,1667.000000,3971.000000
3426.000000,2293.000000,3407.000000,2510.000000
5081.000000,2839.000000,5423.000000,3017.000000
2576.000000,5520.000000,2784.000000,5894.000000
3124.000000,4666.000000,3367.000000,5047.000000
5166.000000,413.000000,5614.000000,728.000000
4484.000000,345.000000,4845.000000,592.000000
2379.000000,4760.000000,2778.000000,5043.000000
2930.000000,5239.000000,3073.000000,5495.000000
3019.000000,544.000000,2827.000000,750.000000
2191.000000,3325.000000,1452.000000,3381.000000
5235.000000,2178.000000,5439.000000,2363.000000
2971.000000,3224.000000,2867.000000,3270.000000
184.000000,3068.000000,52.000000,3195.000000
1010.000000,1538.000000,954.000000,1851.000000
1486.000000,2854.000000,1225.000000,3031.000000
5143.000000,3835.000000,5165.000000,4183.000000
4141.000000,4189.000000,4132.000000,4449.000000
3183.000000,4948.000000,2918.000000,5023.000000
3476.000000,761.000000,3275.000000,887.000000
1136.000000,1155.000000,1131.000000,1431.000000
974.000000,5163.000000,839.000000,5266.000000
5068.000000,18.000000,5526.000000,139.000000
3008.000000,947.000000,2747.000000,1001.000000
5117.000000,782.000000,5137.000000,1090.000000
4644.000000,1018.000000,4951.000000,1169.000000
676.000000,4142.000000,761.000000,4224.000000
526.000000,302.000000,576.000000,619.000000
