POINTS
1958.000000,20.000000
3010.000000,27.000000
903.000000,42.000000
4102.000000,67.000000
4703.000000,70.000000
2609.000000,77.000000
4616.000000,84.000000
2023.000000,97.000000
3155.000000,97.000000
5468.000000,103.000000
195.000000,121.000000
4618.000000,128.000000
406.000000,150.000000
3936.000000,175.000000
4928.000000,180.000000
5323.000000,224.000000
149.000000,239.000000
3452.000000,245.000000
4411.000000,262.000000
4565.000000,262.000000
4626.000000,263.000000
503.000000,268.000000
1880.000000,282.000000
786.000000,285.000000
3801.000000,285.000000
4495.000000,328.000000
1424.000000,346.000000
5498.000000,351.000000
2312.000000,363.000000
4383.000000,374.000000
4684.000000,397.000000
5642.000000,424.000000
63.000000,441.000000
1988.000000,449.000000
5001.000000,468.000000
230.000000,530.000000
42.000000,532.000000
895.000000,569.000000
5535.000000,583.000000
5178.000000,586.000000
1254.000000,591.000000
1844.000000,598.000000
390.000000,602.000000
3994.000000,608.000000
2853.000000,609.000000
217.000000,618.000000
3698.000000,640.000000
4931.000000,665.000000
3310.000000,686.000000
2650.000000,687.000000
4213.000000,687.000000
5537.000000,701.000000
753.000000,711.000000
4760.000000,711.000000
3145.000000,713.000000
5894.000000,718.000000
1489.000000,727.000000
2672.000000,729.000000
199.000000,733.000000
2163.000000,744.000000
3164.000000,749.000000
3812.000000,750.000000
2902.000000,765.000000
2957.000000,787.000000
3124.000000,815.000000
2483.000000,833.000000
823.000000,849.000000
4932.000000,864.000000
2983.000000,873.000000
5520.000000,876.000000
3021.000000,883.000000
4566.000000,891.000000
4471.000000,899.000000
2669.000000,901.000000
5951.000000,916.000000
5631.000000,917.000000
2086.000000,921.000000
674.000000,923.000000
3878.000000,951.000000
2420.000000,965.000000
5644.000000,974.000000
4264.000000,992.000000
5813.000000,992.000000
3804.000000,996.000000
653.000000,997.000000
5821.000000,999.000000
3592.000000,1002.000000
4042.000000,1007.000000
4253.000000,1017.000000
3880.000000,1027.000000
3970.000000,1050.000000
1292.000000,1073.000000
5512.000000,1091.000000
5808.000000,1101.000000
4186.000000,1148.000000
235.000000,1152.000000
743.000000,1152.000000
3970.000000,1155.000000
3623.000000,1158.000000
4696.000000,1163.000000
3783.000000,1187.000000
858.000000,1188.000000
3272.000000,1208.000000
5793.000000,1215.000000
4059.000000,1217.000000
4667.000000,1219.000000
4623.000000,1226.000000
5036.000000,1227.000000
4361.000000,1230.000000
3849.000000,1234.000000
3505.000000,1240.000000
5880.000000,1248.000000
5855.000000,1262.000000
792.000000,1263.000000
2494.000000,1274.000000
4993.000000,1274.000000
5506.000000,1287.000000
4136.000000,1301.000000
75.000000,1312.000000
803.000000,1313.000000
5438.000000,1314.000000
380.000000,1324.000000
2201.000000,1325.000000
1937.000000,1335.000000
862.000000,1366.000000
4293.000000,1389.000000
800.000000,1391.000000
4604.000000,1394.000000
5213.000000,1404.000000
5369.000000,1405.000000
2156.000000,1417.000000
4486.000000,1417.000000
2109.000000,1425.000000
822.000000,1426.000000
1114.000000,1428.000000
981.000000,1437.000000
4692.000000,1449.000000
5356.000000,1453.000000
3337.000000,1456.000000
5823.000000,1456.000000
4481.000000,1471.000000
5255.000000,1479.000000
2281.000000,1480.000000
4260.000000,1481.000000
2101.000000,1488.000000
1273.000000,1524.000000
5458.000000,1528.000000
5550.000000,1540.000000
1688.000000,1545.000000
5807.000000,1555.000000
92.000000,1558.000000
5179.000000,1566.000000
1284.000000,1580.000000
1096.000000,1600.000000
2210.000000,1603.000000
891.000000,1621.000000
3517.000000,1624.000000
5191.000000,1624.000000
2950.000000,1641.000000
1867.000000,1672.000000
4777.000000,1692.000000
577.000000,1703.000000
3967.000000,1704.000000
5218.000000,1705.000000
164.000000,1717.000000
5633.000000,1724.000000
760.000000,1729.000000
4926.000000,1739.000000
5028.000000,1740.000000
5601.000000,1746.000000
80.000000,1756.000000
4569.000000,1761.000000
3324.000000,1774.000000
3639.000000,1804.000000
2289.000000,1823.000000
2538.000000,1823.000000
1289.000000,1842.000000
4475.000000,1867.000000
1307.000000,1878.000000
2999.000000,1879.000000
2155.000000,1908.000000
5780.000000,1921.000000
4714.000000,1927.000000
4649.000000,1942.000000
1228.000000,1946.000000
5150.000000,1963.000000
506.000000,1965.000000
4811.000000,1967.000000
3771.000000,1969.000000
5225.000000,1974.000000
1442.000000,1985.000000
1463.000000,1997.000000
2998.000000,1998.000000
3035.000000,1998.000000
2733.000000,2001.000000
1493.000000,2019.000000
788.000000,2021.000000
2988.000000,2042.000000
4670.000000,2055.000000
1025.000000,2064.000000
2399.000000,2070.000000
5153.000000,2090.000000
2923.000000,2098.000000
3516.000000,2109.000000
1476.000000,2128.000000
157.000000,2131.000000
5760.000000,2134.000000
3381.000000,2138.000000
5199.000000,2139.000000
4034.000000,2172.000000
2681.000000,2182.000000
3279.000000,2185.000000
3836.000000,2187.000000
5278.000000,2192.000000
4426.000000,2194.000000
1682.000000,2201.000000
2770.000000,2220.000000
1141.000000,2232.000000
725.000000,2256.000000
86.000000,2266.000000
3754.000000,2275.000000
2276.000000,2279.000000
3229.000000,2285.000000
5089.000000,2290.000000
4373.000000,2291.000000
648.000000,2304.000000
3076.000000,2304.000000
3412.000000,2330.000000
5792.000000,2345.000000
2728.000000,2355.000000
4592.000000,2365.000000
4012.000000,2371.000000
198.000000,2384.000000
3840.000000,2390.000000
2523.000000,2399.000000
5947.000000,2408.000000
5793.000000,2420.000000
4305.000000,2429.000000
4506.000000,2433.000000
2303.000000,2457.000000
4563.000000,2471.000000
5388.000000,2479.000000
508.000000,2488.000000
1680.000000,2497.000000
2743.000000,2514.000000
305.000000,2521.000000
4616.000000,2526.000000
4033.000000,2532.000000
1626.000000,2546.000000
5117.000000,2564.000000
2734.000000,2568.000000
723.000000,2574.000000
1393.000000,2587.000000
610.000000,2596.000000
2523.000000,2604.000000
2714.000000,2607.000000
1603.000000,2619.000000
1642.000000,2631.000000
5777.000000,2651.000000
3346.000000,2678.000000
5029.000000,2692.000000
5601.000000,2696.000000
866.000000,2697.000000
5553.000000,2705.000000
1483.000000,2706.000000
4698.000000,2714.000000
3951.000000,2722.000000
5208.000000,2722.000000
4284.000000,2731.000000
350.000000,2735.000000
1550.000000,2741.000000
3697.000000,2742.000000
5283.000000,2742.000000
2458.000000,2746.000000
5643.000000,2773.000000
1332.000000,2792.000000
1492.000000,2792.000000
5834.000000,2809.000000
3132.000000,2810.000000
5586.000000,2826.000000
2975.000000,2843.000000
5933.000000,2845.000000
3066.000000,2851.000000
5318.000000,2861.000000
4938.000000,2889.000000
1.000000,2892.000000
674.000000,2912.000000
784.000000,2917.000000
3181.000000,2918.000000
5012.000000,2926.000000
5921.000000,2939.000000
5297.000000,2942.000000
5209.000000,2947.000000
1539.000000,2961.000000
3217.000000,2963.000000
4579.000000,3004.000000
1273.000000,3018.000000
3759.000000,3045.000000
5662.000000,3049.000000
3795.000000,3068.000000
5913.000000,3068.000000
2165.000000,3082.000000
312.000000,3087.000000
5658.000000,3091.000000
2949.000000,3093.000000
5336.000000,3110.000000
5589.000000,3113.000000
5618.000000,3126.000000
3189.000000,3135.000000
4948.000000,3135.000000
3348.000000,3136.000000
191.000000,3139.000000
919.000000,3159.000000
1819.000000,3165.000000
2128.000000,3208.000000
3796.000000,3225.000000
1390.000000,3227.000000
1008.000000,3240.000000
5177.000000,3249.000000
2730.000000,3250.000000
52.000000,3253.000000
2075.000000,3253.000000
4754.000000,3254.000000
249.000000,3258.000000
2657.000000,3292.000000
4440.000000,3299.000000
3980.000000,3306.000000
5104.000000,3316.000000
431.000000,3345.000000
327.000000,3347.000000
4014.000000,3362.000000
3534.000000,3368.000000
3589.000000,3368.000000
2379.000000,3374.000000
5188.000000,3380.000000
4745.000000,3407.000000
1395.000000,3408.000000
5759.000000,3409.000000
2742.000000,3433.000000
4172.000000,3438.000000
2112.000000,3439.000000
5070.000000,3447.000000
2234.000000,3455.000000
4479.000000,3466.000000
4310.000000,3492.000000
5928.000000,3495.000000
108.000000,3496.000000
1496.000000,3516.000000
3298.000000,3523.000000
3275.000000,3530.000000
465.000000,3539.000000
90.000000,3559.000000
5063.000000,3579.000000
141.000000,3580.000000
3551.000000,3597.000000
1194.000000,3600.000000
834.000000,3609.000000
4803.000000,3616.000000
2031.000000,3617.000000
3935.000000,3621.000000
4032.000000,3626.000000
513.000000,3631.000000
3426.000000,3648.000000
1899.000000,3671.000000
265.000000,3689.000000
1739.000000,3691.000000
5781.000000,3696.000000
425.000000,3706.000000
14.000000,3707.000000
296.000000,3721.000000
4850.000000,3727.000000
5041.000000,3735.000000
227.000000,3748.000000
4646.000000,3755.000000
5931.000000,3765.000000
2880.000000,3781.000000
2201.000000,3791.000000
4307.000000,3793.000000
1150.000000,3807.000000
2888.000000,3807.000000
5469.000000,3807.000000
2391.000000,3822.000000
3780.000000,3824.000000
5770.000000,3828.000000
500.000000,3836.000000
5857.000000,3842.000000
931.000000,3855.000000
1581.000000,3883.000000
1873.000000,3953.000000
3273.000000,3964.000000
2138.000000,3970.000000
3607.000000,3988.000000
4222.000000,3988.000000
3159.000000,3990.000000
4963.000000,3994.000000
5174.000000,3995.000000
3808.000000,3997.000000
66.000000,4006.000000
5112.000000,4043.000000
863.000000,4045.000000
1351.000000,4049.000000
3638.000000,4052.000000
349.000000,4053.000000
5804.000000,4061.000000
4829.000000,4068.000000
359.000000,4071.000000
54.000000,4075.000000
5584.000000,4077.000000
3995.000000,4079.000000
485.000000,4082.000000
3615.000000,4088.000000
1644.000000,4117.000000
3119.000000,4131.000000
1698.000000,4138.000000
3994.000000,4153.000000
3786.000000,4157.000000
2540.000000,4165.000000
3796.000000,4176.000000
5110.000000,4177.000000
555.000000,4181.000000
2075.000000,4183.000000
1808.000000,4185.000000
262.000000,4193.000000
1926.000000,4203.000000
170.000000,4204.000000
2295.000000,4205.000000
656.000000,4206.000000
1999.000000,4208.000000
5743.000000,4212.000000
5515.000000,4216.000000
3181.000000,4227.000000
4399.000000,4229.000000
1991.000000,4234.000000
3648.000000,4257.000000
3830.000000,4269.000000
442.000000,4278.000000
3632.000000,4293.000000
5008.000000,4305.000000
5590.000000,4330.000000
2131.000000,4332.000000
5267.000000,4336.000000
1824.000000,4338.000000
352.000000,4343.000000
135.000000,4353.000000
4460.000000,4362.000000
3411.000000,4373.000000
3249.000000,4375.000000
3787.000000,4379.000000
764.000000,4398.000000
5604.000000,4399.000000
2440.000000,4406.000000
5966.000000,4408.000000
4030.000000,4426.000000
4094.000000,4439.000000
3885.000000,4440.000000
3366.000000,4454.000000
3097.000000,4460.000000
3893.000000,4465.000000
2829.000000,4468.000000
4183.000000,4474.000000
5048.000000,4480.000000
1479.000000,4516.000000
4703.000000,4516.000000
344.000000,4521.000000
3909.000000,4532.000000
5242.000000,4532.000000
5367.000000,4542.000000
2362.000000,4559.000000
1433.000000,4563.000000
2398.000000,4582.000000
5866.000000,4599.000000
532.000000,4603.000000
3836.000000,4603.000000
4419.000000,4627.000000
3716.000000,4640.000000
158.000000,4642.000000
3143.000000,4642.000000
1598.000000,4646.000000
951.000000,4654.000000
765.000000,4660.000000
1393.000000,4695.000000
5558.000000,4702.000000
4569.000000,4704.000000
4246.000000,4715.000000
715.000000,4728.000000
1619.000000,4731.000000
5427.000000,4741.000000
4088.000000,4752.000000
1288.000000,4769.000000
1711.000000,4769.000000
4362.000000,4772.000000
233.000000,4773.000000
2529.000000,4793.000000
5061.000000,4809.000000
3538.000000,4819.000000
5815.000000,4823.000000
4345.000000,4833.000000
1473.000000,4855.000000
2327.000000,4862.000000
1866.000000,4886.000000
28.000000,4895.000000
1863.000000,4895.000000
5921.000000,4895.000000
76.000000,4929.000000
5319.000000,4934.000000
977.000000,4951.000000
1585.000000,4955.000000
1258.000000,4956.000000
1688.000000,4973.000000
1054.000000,4990.000000
78.000000,5031.000000
992.000000,5056.000000
1884.000000,5081.000000
612.000000,5089.000000
3054.000000,5110.000000
2872.000000,5134.000000
4339.000000,5148.000000
5238.000000,5151.000000
102.000000,5152.000000
3352.000000,5154.000000
2009.000000,5167.000000
1444.000000,5182.000000
3612.000000,5191.000000
5283.000000,5202.000000
1131.000000,5212.000000
3525.000000,5212.000000
1087.000000,5214.000000
1258.000000,5230.000000
1979.000000,5242.000000
3775.000000,5245.000000
1420.000000,5249.000000
981.000000,5251.000000
1042.000000,5266.000000
1108.000000,5279.000000
3162.000000,5286.000000
3968.000000,5294.000000
3812.000000,5333.000000
952.000000,5336.000000
4362.000000,5348.000000
3232.000000,5350.000000
2006.000000,5364.000000
5641.000000,5374.000000
800.000000,5379.000000
834.000000,5386.000000
1723.000000,5388.000000
1444.000000,5403.000000
5454.000000,5404.000000
49.000000,5405.000000
1283.000000,5411.000000
1378.000000,5417.000000
2090.000000,5417.000000
10.000000,5433.000000
4013.000000,5452.000000
4399.000000,5457.000000
1816.000000,5468.000000
1807.000000,5497.000000
4238.000000,5503.000000
4008.000000,5513.000000
1322.000000,5516.000000
2653.000000,5525.000000
5932.000000,5575.000000
3684.000000,5580.000000
4029.000000,5584.000000
5695.000000,5589.000000
1382.000000,5594.000000
3998.000000,5604.000000
1664.000000,5622.000000
5007.000000,5657.000000
5011.000000,5659.000000
1297.000000,5679.000000
4440.000000,5683.000000
1888.000000,5685.000000
814.000000,5690.000000
5335.000000,5694.000000
3330.000000,5710.000000
3313.000000,5725.000000
3093.000000,5733.000000
4376.000000,5742.000000
5764.000000,5749.000000
4748.000000,5768.000000
3624.000000,5780.000000
2501.000000,5788.000000
3609.000000,5794.000000
4606.000000,5825.000000
4707.000000,5844.000000
5738.000000,5848.000000
3583.000000,5860.000000
5073.000000,5890.000000
5638.000000,5907.000000
2147.000000,5919.000000
1733.000000,5920.000000
1394.000000,5928.000000
998.000000,5930.000000
2265.000000,5933.000000
3961.000000,5936.000000
2487.000000,5939.000000
3092.000000,5956.000000
2765.000000,5979.000000
LINES
3885.000000,4440.000000,3909.000000,4532.000000
1395.000000,3408.000000,1496.000000,3516.000000
2295.000000,4205.000000,2362.000000,4559.000000
3119.000000,4131.000000,3181.000000,4227.000000
1292.000000,1073.000000,862.000000,1366.000000
1131.000000,5212.000000,1087.000000,5214.000000
5029.000000,2692.000000,4698.000000,2714.000000
1297.000000,5679.000000,998.000000,5930.000000
4339.000000,5148.000000,4362.000000,5348.000000
3780.000000,3824.000000,4222.000000,3988.000000
3935.000000,3621.000000,4032.000000,3626.000000
4339.000000,5148.000000,4399.000000,5457.000000
532.000000,4603.000000,715.000000,4728.000000
4932.000000,864.000000,4566.000000,891.000000
656.000000,4206.000000,442.000000,4278.000000
4383.000000,374.000000,4684.000000,397.000000
2398.000000,4582.000000,2529.000000,4793.000000
3830.000000,4269.000000,4094.000000,4439.000000
1131.000000,5212.000000,1108.000000,5279.000000
5947.000000,2408.000000,5777.000000,2651.000000
1680.000000,2497.000000,1626.000000,2546.000000
3452.000000,245.000000,3698.000000,640.000000
5780.000000,1921.000000,5760.000000,2134.000000
5177.000000,3249.000000,5104.000000,3316.000000
4088.000000,4752.000000,3968.000000,5294.000000
3412.000000,2330.000000,3840.000000,2390.000000
4703.000000,70.000000,4616.000000,84.000000
3352.000000,5154.000000,3232.000000,5350.000000
4506.000000,2433.000000,4616.000000,2526.000000
442.000000,4278.000000,352.000000,4343.000000
4938.000000,2889.000000,5209.000000,2947.000000
1.000000,2892.000000,52.000000,3253.000000
4213.000000,687.000000,4471.000000,899.000000
1808.000000,4185.000000,1479.000000,4516.000000
5550.000000,1540.000000,5601.000000,1746.000000
2609.000000,77.000000,2023.000000,97.000000
1988.000000,449.000000,2853.000000,609.000000
1351.000000,4049.000000,1433.000000,4563.000000
63.000000,441.000000,42.000000,532.000000
800.000000,1391.000000,760.000000,1729.000000
3162.000000,5286.000000,2653.000000,5525.000000
2949.000000,3093.000000,2657.000000,3292.000000
998.000000,5930.000000,2765.000000,5979.000000
4008.000000,5513.000000,4029.000000,5584.000000
1824.000000,4338.000000,1479.000000,4516.000000
4059.000000,1217.000000,4136.000000,1301.000000
743.000000,1152.000000,858.000000,1188.000000
5283.000000,2742.000000,4938.000000,2889.000000
919.000000,3159.000000,431.000000,3345.000000
4618.000000,128.000000,4928.000000,180.000000
5931.000000,3765.000000,5857.000000,3842.000000
2733.000000,2001.000000,2399.000000,2070.000000
4042.000000,1007.000000,4186.000000,1148.000000
5191.000000,1624.000000,5218.000000,1705.000000
5759.000000,3409.000000,5781.000000,3696.000000
3639.000000,1804.000000,3035.000000,1998.000000
1054.000000,4990.000000,992.000000,5056.000000
5586.000000,2826.000000,5662.000000,3049.000000
5781.000000,3696.000000,5469.000000,3807.000000
4926.000000,1739.000000,5150.000000,1963.000000
792.000000,1263.000000,380.000000,1324.000000
2734.000000,2568.000000,2714.000000,2607.000000
3181.000000,2918.000000,3189.000000,3135.000000
1025.000000,2064.000000,1141.000000,2232.000000
5008.000000,4305.000000,5048.000000,4480.000000
2312.000000,363.000000,2853.000000,609.000000
4760.000000,711.000000,4932.000000,864.000000
5642.000000,424.000000,5537.000000,701.000000
1807.000000,5497.000000,1888.000000,5685.000000
1258.000000,4956.000000,1258.000000,5230.000000
5880.000000,1248.000000,5823.000000,1456.000000
86.000000,2266.000000,198.000000,2384.000000
2440.000000,4406.000000,2829.000000,4468.000000
5153.000000,2090.000000,5089.000000,2290.000000
5454.000000,5404.000000,5007.000000,5657.000000
5855.000000,1262.000000,5506.000000,1287.000000
3840.000000,2390.000000,3951.000000,2722.000000
3951.000000,2722.000000,3980.000000,3306.000000
5558.000000,4702.000000,5427.000000,4741.000000
4034.000000,2172.000000,4426.000000,2194.000000
5808.000000,1101.000000,5793.000000,1215.000000
3638.000000,4052.000000,3648.000000,4257.000000
1680.000000,2497.000000,1603.000000,2619.000000
5951.000000,916.000000,5966.000000,4408.000000
3648.000000,4257.000000,3830.000000,4269.000000
3505.000000,1240.000000,3337.000000,1456.000000
919.000000,3159.000000,1008.000000,3240.000000
1873.000000,3953.000000,1698.000000,4138.000000
3885.000000,4440.000000,3716.000000,4640.000000
1664.000000,5622.000000,1888.000000,5685.000000
1866.000000,4886.000000,2009.000000,5167.000000
4362.000000,5348.000000,4399.000000,5457.000000
4566.000000,891.000000,4623.000000,1226.000000
1988.000000,449.000000,2163.000000,744.000000
5928.000000,3495.000000,5966.000000,4408.000000
4618.000000,128.000000,4565.000000,262.000000
2303.000000,2457.000000,1642.000000,2631.000000
485.000000,4082.000000,656.000000,4206.000000
4506.000000,2433.000000,4563.000000,2471.000000
141.000000,3580.000000,227.000000,3748.000000
5770.000000,3828.000000,5857.000000,3842.000000
2281.000000,1480.000000,2999.000000,1879.000000
3796.000000,3225.000000,3980.000000,3306.000000
1619.000000,4731.000000,1711.000000,4769.000000
1382.000000,5594.000000,1733.000000,5920.000000
4592.000000,2365.000000,5029.000000,2692.000000
2540.000000,4165.000000,3097.000000,4460.000000
1288.000000,4769.000000,1054.000000,4990.000000
4238.000000,5503.000000,4008.000000,5513.000000
5535.000000,583.000000,5178.000000,586.000000
3836.000000,4603.000000,3968.000000,5294.000000
5933.000000,2845.000000,5913.000000,3068.000000
76.000000,4929.000000,78.000000,5031.000000
2669.000000,901.000000,2420.000000,965.000000
5643.000000,2773.000000,5834.000000,2809.000000
503.000000,268.000000,753.000000,711.000000
191.000000,3139.000000,52.000000,3253.000000
4183.000000,4474.000000,4246.000000,4715.000000
1096.000000,1600.000000,891.000000,1621.000000
349.000000,4053.000000,485.000000,4082.000000
3352.000000,5154.000000,3525.000000,5212.000000
2653.000000,5525.000000,3092.000000,5956.000000
3880.000000,1027.000000,3783.000000,1187.000000
3538.000000,4819.000000,3352.000000,5154.000000
5855.000000,1262.000000,5823.000000,1456.000000
5213.000000,1404.000000,5356.000000,1453.000000
4932.000000,864.000000,4696.000000,1163.000000
2101.000000,1488.000000,2210.000000,1603.000000
1539.000000,2961.000000,1819.000000,3165.000000
5174.000000,3995.000000,5515.000000,4216.000000
5209.000000,2947.000000,5336.000000,3110.000000
5469.000000,3807.000000,5584.000000,4077.000000
5932.000000,5575.000000,5695.000000,5589.000000
233.000000,4773.000000,76.000000,4929.000000
4616.000000,84.000000,4618.000000,128.000000
4186.000000,1148.000000,4059.000000,1217.000000
149.000000,239.000000,503.000000,268.000000
3935.000000,3621.000000,3780.000000,3824.000000
3967.000000,1704.000000,4569.000000,1761.000000
14.000000,3707.000000,227.000000,3748.000000
2734.000000,2568.000000,3132.000000,2810.000000
4383.000000,374.000000,4213.000000,687.000000
1682.000000,2201.000000,1680.000000,2497.000000
157.000000,2131.000000,508.000000,2488.000000
612.000000,5089.000000,49.000000,5405.000000
4186.000000,1148.000000,4136.000000,1301.000000
5468.000000,103.000000,5498.000000,351.000000
2147.000000,5919.000000,1733.000000,5920.000000
2888.000000,3807.000000,3119.000000,4131.000000
1444.000000,5403.000000,1322.000000,5516.000000
2303.000000,2457.000000,2458.000000,2746.000000
4013.000000,5452.000000,3684.000000,5580.000000
2923.000000,2098.000000,2770.000000,2220.000000
5008.000000,4305.000000,5267.000000,4336.000000
4616.000000,84.000000,4565.000000,262.000000
3313.000000,5725.000000,3092.000000,5956.000000
2075.000000,4183.000000,2131.000000,4332.000000
2031.000000,3617.000000,1899.000000,3671.000000
3632.000000,4293.000000,3366.000000,4454.000000
3035.000000,1998.000000,2988.000000,2042.000000
157.000000,2131.000000,198.000000,2384.000000
4486.000000,1417.000000,4692.000000,1449.000000
1884.000000,5081.000000,1444.000000,5403.000000
5558.000000,4702.000000,5815.000000,4823.000000
2540.000000,4165.000000,2829.000000,4468.000000
931.000000,3855.000000,863.000000,4045.000000
5512.000000,1091.000000,5506.000000,1287.000000
5515.000000,4216.000000,5367.000000,4542.000000
1476.000000,2128.000000,1483.000000,2706.000000
4931.000000,665.000000,5438.000000,1314.000000
3010.000000,27.000000,2023.000000,97.000000
2949.000000,3093.000000,3189.000000,3135.000000
4811.000000,1967.000000,5089.000000,2290.000000
4399.000000,5457.000000,4440.000000,5683.000000
753.000000,711.000000,823.000000,849.000000
5644.000000,974.000000,5793.000000,1215.000000
919.000000,3159.000000,1194.000000,3600.000000
2650.000000,687.000000,2672.000000,729.000000
3145.000000,713.000000,3164.000000,749.000000
834.000000,3609.000000,513.000000,3631.000000
648.000000,2304.000000,508.000000,2488.000000
5770.000000,3828.000000,5584.000000,4077.000000
5966.000000,4408.000000,5921.000000,4895.000000
2681.000000,2182.000000,2728.000000,2355.000000
2163.000000,744.000000,2086.000000,921.000000
2743.000000,2514.000000,2734.000000,2568.000000
3232.000000,5350.000000,3330.000000,5710.000000
5283.000000,2742.000000,5586.000000,2826.000000
903.000000,42.000000,195.000000,121.000000
4440.000000,3299.000000,4745.000000,3407.000000
86.000000,2266.000000,305.000000,2521.000000
4926.000000,1739.000000,4811.000000,1967.000000
5781.000000,3696.000000,5857.000000,3842.000000
2075.000000,4183.000000,2295.000000,4205.000000
1863.000000,4895.000000,1688.000000,4973.000000
3951.000000,2722.000000,3795.000000,3068.000000
4030.000000,4426.000000,3893.000000,4465.000000
49.000000,5405.000000,10.000000,5433.000000
5777.000000,2651.000000,5834.000000,2809.000000
5063.000000,3579.000000,5041.000000,3735.000000
5110.000000,4177.000000,5267.000000,4336.000000
1598.000000,4646.000000,1473.000000,4855.000000
1880.000000,282.000000,1489.000000,727.000000
1739.000000,3691.000000,1873.000000,3953.000000
1958.000000,20.000000,903.000000,42.000000
1382.000000,5594.000000,1664.000000,5622.000000
349.000000,4053.000000,262.000000,4193.000000
2289.000000,1823.000000,2733.000000,2001.000000
4088.000000,4752.000000,4345.000000,4833.000000
4714.000000,1927.000000,4811.000000,1967.000000
4305.000000,2429.000000,4284.000000,2731.000000
4419.000000,4627.000000,4569.000000,4704.000000
1228.000000,1946.000000,1025.000000,2064.000000
2023.000000,97.000000,1988.000000,449.000000
834.000000,3609.000000,1150.000000,3807.000000
5356.000000,1453.000000,5191.000000,1624.000000
5586.000000,2826.000000,5318.000000,2861.000000
135.000000,4353.000000,158.000000,4642.000000
977.000000,4951.000000,612.000000,5089.000000
5117.000000,2564.000000,5029.000000,2692.000000
2362.000000,4559.000000,1711.000000,4769.000000
4238.000000,5503.000000,4029.000000,5584.000000
4993.000000,1274.000000,5213.000000,1404.000000
1619.000000,4731.000000,1473.000000,4855.000000
5793.000000,2420.000000,5777.000000,2651.000000
4703.000000,70.000000,4928.000000,180.000000
5104.000000,3316.000000,5063.000000,3579.000000
2998.000000,1998.000000,2734.000000,2568.000000
4670.000000,2055.000000,4426.000000,2194.000000
5323.000000,224.000000,5535.000000,583.000000
5188.000000,3380.000000,5041.000000,3735.000000
4310.000000,3492.000000,4307.000000,3793.000000
3189.000000,3135.000000,3534.000000,3368.000000
992.000000,5056.000000,952.000000,5336.000000
2201.000000,1325.000000,2156.000000,1417.000000
5777.000000,2651.000000,5643.000000,2773.000000
199.000000,733.000000,75.000000,1312.000000
1739.000000,3691.000000,1698.000000,4138.000000
5913.000000,3068.000000,5618.000000,3126.000000
2872.000000,5134.000000,3162.000000,5286.000000
5178.000000,586.000000,4931.000000,665.000000
4032.000000,3626.000000,4307.000000,3793.000000
4928.000000,180.000000,4626.000000,263.000000
5150.000000,1963.000000,5225.000000,1974.000000
3967.000000,1704.000000,3771.000000,1969.000000
3592.000000,1002.000000,3623.000000,1158.000000
2156.000000,1417.000000,2210.000000,1603.000000
3272.000000,1208.000000,3505.000000,1240.000000
2362.000000,4559.000000,2529.000000,4793.000000
1899.000000,3671.000000,1873.000000,3953.000000
3330.000000,5710.000000,3093.000000,5733.000000
2138.000000,3970.000000,1808.000000,4185.000000
5278.000000,2192.000000,5089.000000,2290.000000
5356.000000,1453.000000,5255.000000,1479.000000
5335.000000,5694.000000,5638.000000,5907.000000
674.000000,2912.000000,431.000000,3345.000000
2538.000000,1823.000000,2733.000000,2001.000000
3795.000000,3068.000000,3796.000000,3225.000000
1332.000000,2792.000000,1539.000000,2961.000000
406.000000,150.000000,503.000000,268.000000
3786.000000,4157.000000,3648.000000,4257.000000
5638.000000,5907.000000,2765.000000,5979.000000
2734.000000,2568.000000,2949.000000,3093.000000
4411.000000,262.000000,4213.000000,687.000000
3337.000000,1456.000000,3324.000000,1774.000000
4183.000000,4474.000000,4419.000000,4627.000000
3162.000000,5286.000000,3232.000000,5350.000000
3337.000000,1456.000000,2950.000000,1641.000000
5601.000000,2696.000000,5643.000000,2773.000000
1258.000000,5230.000000,1283.000000,5411.000000
3994.000000,4153.000000,3796.000000,4176.000000
2147.000000,5919.000000,2487.000000,5939.000000
4186.000000,1148.000000,4361.000000,1230.000000
5323.000000,224.000000,5498.000000,351.000000
5966.000000,4408.000000,5866.000000,4599.000000
1999.000000,4208.000000,1991.000000,4234.000000
3840.000000,2390.000000,4033.000000,2532.000000
5590.000000,4330.000000,5604.000000,4399.000000
4399.000000,5457.000000,4376.000000,5742.000000
792.000000,1263.000000,800.000000,1391.000000
981.000000,1437.000000,891.000000,1621.000000
2988.000000,2042.000000,3076.000000,2304.000000
3909.000000,4532.000000,3836.000000,4603.000000
5658.000000,3091.000000,5618.000000,3126.000000
3878.000000,951.000000,3804.000000,996.000000
2156.000000,1417.000000,2101.000000,1488.000000
1351.000000,4049.000000,1644.000000,4117.000000
2523.000000,2604.000000,2714.000000,2607.000000
2902.000000,765.000000,2957.000000,787.000000
3229.000000,2285.000000,3840.000000,2390.000000
2853.000000,609.000000,2650.000000,687.000000
164.000000,1717.000000,157.000000,2131.000000
3994.000000,608.000000,4213.000000,687.000000
1141.000000,2232.000000,1483.000000,2706.000000
3994.000000,608.000000,3698.000000,640.000000
1114.000000,1428.000000,981.000000,1437.000000
500.000000,3836.000000,349.000000,4053.000000
2303.000000,2457.000000,1680.000000,2497.000000
931.000000,3855.000000,485.000000,4082.000000
1194.000000,3600.000000,1581.000000,3883.000000
1393.000000,2587.000000,866.000000,2697.000000
4411.000000,262.000000,4495.000000,328.000000
1424.000000,346.000000,895.000000,569.000000
1493.000000,2019.000000,1682.000000,2201.000000
1444.000000,5403.000000,1382.000000,5594.000000
5089.000000,2290.000000,4592.000000,2365.000000
3217.000000,2963.000000,3348.000000,3136.000000
5012.000000,2926.000000,5336.000000,3110.000000
141.000000,3580.000000,265.000000,3689.000000
1496.000000,3516.000000,1194.000000,3600.000000
5631.000000,917.000000,5813.000000,992.000000
2265.000000,5933.000000,2765.000000,5979.000000
3771.000000,1969.000000,3836.000000,2187.000000
862.000000,1366.000000,1114.000000,1428.000000
4803.000000,3616.000000,4850.000000,3727.000000
5764.000000,5749.000000,5738.000000,5848.000000
75.000000,1312.000000,1.000000,2892.000000
5336.000000,3110.000000,5618.000000,3126.000000
5743.000000,4212.000000,5590.000000,4330.000000
981.000000,5251.000000,952.000000,5336.000000
5550.000000,1540.000000,5807.000000,1555.000000
2090.000000,5417.000000,2501.000000,5788.000000
4305.000000,2429.000000,4616.000000,2526.000000
4495.000000,328.000000,4383.000000,374.000000
4703.000000,4516.000000,4569.000000,4704.000000
1273.000000,3018.000000,1390.000000,3227.000000
4426.000000,2194.000000,4373.000000,2291.000000
5048.000000,4480.000000,4569.000000,4704.000000
834.000000,3609.000000,485.000000,4082.000000
5012.000000,2926.000000,5209.000000,2947.000000
1054.000000,4990.000000,952.000000,5336.000000
4829.000000,4068.000000,5048.000000,4480.000000
3159.000000,3990.000000,3119.000000,4131.000000
723.000000,2574.000000,866.000000,2697.000000
3936.000000,175.000000,3801.000000,285.000000
5061.000000,4809.000000,4345.000000,4833.000000
2681.000000,2182.000000,2523.000000,2399.000000
2653.000000,5525.000000,2501.000000,5788.000000
3812.000000,750.000000,3592.000000,1002.000000
5007.000000,5657.000000,4707.000000,5844.000000
1008.000000,3240.000000,1395.000000,3408.000000
2728.000000,2355.000000,2523.000000,2399.000000
5880.000000,1248.000000,5947.000000,2408.000000
5804.000000,4061.000000,5743.000000,4212.000000
249.000000,3258.000000,108.000000,3496.000000
5537.000000,701.000000,5520.000000,876.000000
5535.000000,583.000000,4931.000000,665.000000
3534.000000,3368.000000,3551.000000,3597.000000
76.000000,4929.000000,10.000000,5433.000000
4293.000000,1389.000000,4260.000000,1481.000000
5821.000000,999.000000,5808.000000,1101.000000
5921.000000,4895.000000,5932.000000,5575.000000
903.000000,42.000000,406.000000,150.000000
3275.000000,3530.000000,2880.000000,3781.000000
3632.000000,4293.000000,3411.000000,4373.000000
1723.000000,5388.000000,1807.000000,5497.000000
3998.000000,5604.000000,3961.000000,5936.000000
5520.000000,876.000000,5438.000000,1314.000000
5760.000000,2134.000000,5793.000000,2420.000000
5823.000000,1456.000000,5458.000000,1528.000000
4592.000000,2365.000000,4698.000000,2714.000000
3124.000000,815.000000,3272.000000,1208.000000
28.000000,4895.000000,76.000000,4929.000000
715.000000,4728.000000,977.000000,4951.000000
5458.000000,1528.000000,5550.000000,1540.000000
3132.000000,2810.000000,3217.000000,2963.000000
66.000000,4006.000000,349.000000,4053.000000
3754.000000,2275.000000,3840.000000,2390.000000
199.000000,733.000000,674.000000,923.000000
2312.000000,363.000000,1988.000000,449.000000
1866.000000,4886.000000,1863.000000,4895.000000
2950.000000,1641.000000,2999.000000,1879.000000
4460.000000,4362.000000,4183.000000,4474.000000
1473.000000,4855.000000,1585.000000,4955.000000
4213.000000,687.000000,3878.000000,951.000000
3229.000000,2285.000000,3346.000000,2678.000000
1739.000000,3691.000000,1581.000000,3883.000000
4013.000000,5452.000000,3998.000000,5604.000000
3623.000000,1158.000000,3517.000000,1624.000000
4042.000000,1007.000000,4059.000000,1217.000000
4696.000000,1163.000000,4692.000000,1449.000000
4460.000000,4362.000000,4569.000000,4704.000000
5947.000000,2408.000000,5793.000000,2420.000000
1550.000000,2741.000000,2165.000000,3082.000000
5012.000000,2926.000000,5177.000000,3249.000000
1958.000000,20.000000,1424.000000,346.000000
4136.000000,1301.000000,3967.000000,1704.000000
2201.000000,1325.000000,1937.000000,1335.000000
3951.000000,2722.000000,4014.000000,3362.000000
5218.000000,1705.000000,5601.000000,1746.000000
406.000000,150.000000,149.000000,239.000000
3623.000000,1158.000000,3783.000000,1187.000000
1108.000000,5279.000000,952.000000,5336.000000
431.000000,3345.000000,465.000000,3539.000000
5213.000000,1404.000000,5255.000000,1479.000000
164.000000,1717.000000,80.000000,1756.000000
4186.000000,1148.000000,4293.000000,1389.000000
2075.000000,4183.000000,1808.000000,4185.000000
1585.000000,4955.000000,1444.000000,5182.000000
5117.000000,2564.000000,5208.000000,2722.000000
1114.000000,1428.000000,1096.000000,1600.000000
3697.000000,2742.000000,3795.000000,3068.000000
86.000000,2266.000000,1.000000,2892.000000
1332.000000,2792.000000,1492.000000,2792.000000
5866.000000,4599.000000,5815.000000,4823.000000
3346.000000,2678.000000,3697.000000,2742.000000
2147.000000,5919.000000,2265.000000,5933.000000
1273.000000,1524.000000,1096.000000,1600.000000
1991.000000,4234.000000,1711.000000,4769.000000
4246.000000,4715.000000,4345.000000,4833.000000
5760.000000,2134.000000,5388.000000,2479.000000
3775.000000,5245.000000,3330.000000,5710.000000
2379.000000,3374.000000,2112.000000,3439.000000
4339.000000,5148.000000,3968.000000,5294.000000
4213.000000,687.000000,4042.000000,1007.000000
4963.000000,3994.000000,5174.000000,3995.000000
5267.000000,4336.000000,5367.000000,4542.000000
5238.000000,5151.000000,4399.000000,5457.000000
4440.000000,3299.000000,4014.000000,3362.000000
3951.000000,2722.000000,4284.000000,2731.000000
3684.000000,5580.000000,3624.000000,5780.000000
5319.000000,4934.000000,5283.000000,5202.000000
5278.000000,2192.000000,5388.000000,2479.000000
3452.000000,245.000000,3801.000000,285.000000
4754.000000,3254.000000,4440.000000,3299.000000
327.000000,3347.000000,265.000000,3689.000000
442.000000,4278.000000,532.000000,4603.000000
4850.000000,3727.000000,4963.000000,3994.000000
1489.000000,727.000000,1273.000000,1524.000000
5738.000000,5848.000000,5638.000000,5907.000000
610.000000,2596.000000,784.000000,2917.000000
191.000000,3139.000000,249.000000,3258.000000
4932.000000,864.000000,4993.000000,1274.000000
4748.000000,5768.000000,4606.000000,5825.000000
54.000000,4075.000000,135.000000,4353.000000
2494.000000,1274.000000,2281.000000,1480.000000
4684.000000,397.000000,4760.000000,711.000000
1688.000000,4973.000000,1884.000000,5081.000000
5001.000000,468.000000,5178.000000,586.000000
296.000000,3721.000000,500.000000,3836.000000
2523.000000,2399.000000,2714.000000,2607.000000
198.000000,2384.000000,508.000000,2488.000000
3775.000000,5245.000000,3968.000000,5294.000000
2949.000000,3093.000000,2730.000000,3250.000000
2999.000000,1879.000000,2733.000000,2001.000000
2714.000000,2607.000000,2165.000000,3082.000000
359.000000,4071.000000,262.000000,4193.000000
3164.000000,749.000000,3124.000000,815.000000
3092.000000,5956.000000,2765.000000,5979.000000
3021.000000,883.000000,2950.000000,1641.000000
5036.000000,1227.000000,5213.000000,1404.000000
814.000000,5690.000000,998.000000,5930.000000
305.000000,2521.000000,1.000000,2892.000000
4606.000000,5825.000000,3961.000000,5936.000000
5642.000000,424.000000,5535.000000,583.000000
1283.000000,5411.000000,1297.000000,5679.000000
5586.000000,2826.000000,5589.000000,3113.000000
5947.000000,2408.000000,5966.000000,4408.000000
4213.000000,687.000000,4264.000000,992.000000
1424.000000,346.000000,1254.000000,591.000000
3836.000000,2187.000000,3754.000000,2275.000000
5011.000000,5659.000000,5073.000000,5890.000000
1442.000000,1985.000000,1463.000000,1997.000000
2494.000000,1274.000000,2201.000000,1325.000000
513.000000,3631.000000,500.000000,3836.000000
3836.000000,4603.000000,4088.000000,4752.000000
4618.000000,128.000000,4626.000000,263.000000
4102.000000,67.000000,4703.000000,70.000000
4373.000000,2291.000000,4012.000000,2371.000000
3893.000000,4465.000000,4246.000000,4715.000000
1991.000000,4234.000000,2131.000000,4332.000000
577.000000,1703.000000,164.000000,1717.000000
170.000000,4204.000000,135.000000,4353.000000
1194.000000,3600.000000,834.000000,3609.000000
2609.000000,77.000000,2312.000000,363.000000
4703.000000,70.000000,5468.000000,103.000000
4260.000000,1481.000000,3967.000000,1704.000000
3612.000000,5191.000000,3968.000000,5294.000000
198.000000,2384.000000,305.000000,2521.000000
3010.000000,27.000000,4703.000000,70.000000
3612.000000,5191.000000,3525.000000,5212.000000
5695.000000,5589.000000,5638.000000,5907.000000
1888.000000,5685.000000,1733.000000,5920.000000
1150.000000,3807.000000,1433.000000,4563.000000
5813.000000,992.000000,5808.000000,1101.000000
485.000000,4082.000000,555.000000,4181.000000
380.000000,1324.000000,577.000000,1703.000000
4030.000000,4426.000000,3885.000000,4440.000000
5921.000000,2939.000000,5662.000000,3049.000000
2728.000000,2355.000000,2743.000000,2514.000000
891.000000,1621.000000,760.000000,1729.000000
3538.000000,4819.000000,3054.000000,5110.000000
2734.000000,2568.000000,2975.000000,2843.000000
513.000000,3631.000000,425.000000,3706.000000
2163.000000,744.000000,2483.000000,833.000000
2999.000000,1879.000000,2998.000000,1998.000000
4264.000000,992.000000,4253.000000,1017.000000
1433.000000,4563.000000,1473.000000,4855.000000
5604.000000,4399.000000,5966.000000,4408.000000
1042.000000,5266.000000,952.000000,5336.000000
4714.000000,1927.000000,4670.000000,2055.000000
262.000000,4193.000000,352.000000,4343.000000
3804.000000,996.000000,3592.000000,1002.000000
1492.000000,2792.000000,1539.000000,2961.000000
4284.000000,2731.000000,4440.000000,3299.000000
5073.000000,5890.000000,3961.000000,5936.000000
3346.000000,2678.000000,3951.000000,2722.000000
5048.000000,4480.000000,5061.000000,4809.000000
4684.000000,397.000000,5001.000000,468.000000
1979.000000,5242.000000,2006.000000,5364.000000
1496.000000,3516.000000,1899.000000,3671.000000
858.000000,1188.000000,803.000000,1313.000000
2112.000000,3439.000000,1899.000000,3671.000000
5760.000000,2134.000000,5792.000000,2345.000000
723.000000,2574.000000,610.000000,2596.000000
5029.000000,2692.000000,4938.000000,2889.000000
4926.000000,1739.000000,5028.000000,1740.000000
2128.000000,3208.000000,2112.000000,3439.000000
891.000000,1621.000000,1228.000000,1946.000000
3352.000000,5154.000000,3612.000000,5191.000000
3836.000000,4603.000000,3612.000000,5191.000000
3279.000000,2185.000000,3076.000000,2304.000000
3840.000000,2390.000000,3346.000000,2678.000000
3189.000000,3135.000000,2742.000000,3433.000000
1292.000000,1073.000000,858.000000,1188.000000
3181.000000,2918.000000,2949.000000,3093.000000
2998.000000,1998.000000,2923.000000,2098.000000
4626.000000,263.000000,4684.000000,397.000000
1581.000000,3883.000000,1351.000000,4049.000000
5255.000000,1479.000000,5179.000000,1566.000000
800.000000,5379.000000,834.000000,5386.000000
5760.000000,2134.000000,5947.000000,2408.000000
3836.000000,4603.000000,3716.000000,4640.000000
3159.000000,3990.000000,3181.000000,4227.000000
1322.000000,5516.000000,1382.000000,5594.000000
3787.000000,4379.000000,3716.000000,4640.000000
760.000000,1729.000000,506.000000,1965.000000
4345.000000,4833.000000,4399.000000,5457.000000
3275.000000,3530.000000,3426.000000,3648.000000
425.000000,3706.000000,296.000000,3721.000000
5238.000000,5151.000000,5283.000000,5202.000000
3517.000000,1624.000000,3967.000000,1704.000000
1054.000000,4990.000000,981.000000,5251.000000
1307.000000,1878.000000,1476.000000,2128.000000
359.000000,4071.000000,555.000000,4181.000000
3275.000000,3530.000000,3159.000000,3990.000000
5335.000000,5694.000000,5073.000000,5890.000000
803.000000,1313.000000,800.000000,1391.000000
5804.000000,4061.000000,5584.000000,4077.000000
1479.000000,4516.000000,1711.000000,4769.000000
4460.000000,4362.000000,5048.000000,4480.000000
5199.000000,2139.000000,5278.000000,2192.000000
312.000000,3087.000000,191.000000,3139.000000
4460.000000,4362.000000,4703.000000,4516.000000
2529.000000,4793.000000,3054.000000,5110.000000
3310.000000,686.000000,3145.000000,713.000000
5153.000000,2090.000000,5278.000000,2192.000000
5011.000000,5659.000000,5335.000000,5694.000000
3249.000000,4375.000000,3143.000000,4642.000000
2112.000000,3439.000000,2234.000000,3455.000000
3980.000000,3306.000000,4014.000000,3362.000000
5029.000000,2692.000000,5208.000000,2722.000000
1307.000000,1878.000000,1442.000000,1985.000000
1867.000000,1672.000000,1307.000000,1878.000000
1884.000000,5081.000000,1979.000000,5242.000000
3330.000000,5710.000000,3609.000000,5794.000000
4361.000000,1230.000000,4486.000000,1417.000000
3994.000000,4153.000000,4183.000000,4474.000000
4948.000000,3135.000000,4754.000000,3254.000000
1444.000000,5182.000000,1444.000000,5403.000000
1433.000000,4563.000000,1598.000000,4646.000000
3366.000000,4454.000000,3143.000000,4642.000000
4305.000000,2429.000000,4506.000000,2433.000000
5880.000000,1248.000000,5807.000000,1555.000000
63.000000,441.000000,230.000000,530.000000
862.000000,1366.000000,800.000000,1391.000000
349.000000,4053.000000,359.000000,4071.000000
1581.000000,3883.000000,1698.000000,4138.000000
1979.000000,5242.000000,2090.000000,5417.000000
2391.000000,3822.000000,2540.000000,4165.000000
1473.000000,4855.000000,1258.000000,4956.000000
249.000000,3258.000000,327.000000,3347.000000
5336.000000,3110.000000,5177.000000,3249.000000
2006.000000,5364.000000,2090.000000,5417.000000
2420.000000,965.000000,2201.000000,1325.000000
1644.000000,4117.000000,1698.000000,4138.000000
2672.000000,729.000000,2669.000000,901.000000
3612.000000,5191.000000,3775.000000,5245.000000
2487.000000,5939.000000,3092.000000,5956.000000
4926.000000,1739.000000,4569.000000,1761.000000
656.000000,4206.000000,532.000000,4603.000000
674.000000,2912.000000,919.000000,3159.000000
5931.000000,3765.000000,5804.000000,4061.000000
952.000000,5336.000000,834.000000,5386.000000
5041.000000,3735.000000,5584.000000,4077.000000
2733.000000,2001.000000,2681.000000,2182.000000
5553.000000,2705.000000,5643.000000,2773.000000
5089.000000,2290.000000,5388.000000,2479.000000
5512.000000,1091.000000,5793.000000,1215.000000
2075.000000,3253.000000,1496.000000,3516.000000
4399.000000,4229.000000,4460.000000,4362.000000
1054.000000,4990.000000,1131.000000,5212.000000
5520.000000,876.000000,5631.000000,917.000000
2501.000000,5788.000000,2147.000000,5919.000000
4579.000000,3004.000000,4754.000000,3254.000000
3155.000000,97.000000,3801.000000,285.000000
108.000000,3496.000000,14.000000,3707.000000
1292.000000,1073.000000,1114.000000,1428.000000
3830.000000,4269.000000,3885.000000,4440.000000
4479.000000,3466.000000,4646.000000,3755.000000
5644.000000,974.000000,5808.000000,1101.000000
5001.000000,468.000000,4931.000000,665.000000
4264.000000,992.000000,4186.000000,1148.000000
4829.000000,4068.000000,4399.000000,4229.000000
4362.000000,5348.000000,4013.000000,5452.000000
3592.000000,1002.000000,3783.000000,1187.000000
4754.000000,3254.000000,4803.000000,3616.000000
425.000000,3706.000000,500.000000,3836.000000
4931.000000,665.000000,5537.000000,701.000000
305.000000,2521.000000,610.000000,2596.000000
5029.000000,2692.000000,5283.000000,2742.000000
1937.000000,1335.000000,1688.000000,1545.000000
508.000000,2488.000000,610.000000,2596.000000
3648.000000,4257.000000,3632.000000,4293.000000
3273.000000,3964.000000,3181.000000,4227.000000
2362.000000,4559.000000,2327.000000,4862.000000
3607.000000,3988.000000,3638.000000,4052.000000
4495.000000,328.000000,4684.000000,397.000000
4565.000000,262.000000,4495.000000,328.000000
788.000000,2021.000000,648.000000,2304.000000
653.000000,997.000000,1292.000000,1073.000000
5604.000000,4399.000000,5558.000000,4702.000000
4264.000000,992.000000,4623.000000,1226.000000
1150.000000,3807.000000,1351.000000,4049.000000
4032.000000,3626.000000,4222.000000,3988.000000
49.000000,5405.000000,998.000000,5930.000000
5427.000000,4741.000000,5319.000000,4934.000000
2650.000000,687.000000,2483.000000,833.000000
4013.000000,5452.000000,4238.000000,5503.000000
1958.000000,20.000000,2023.000000,97.000000
2540.000000,4165.000000,2440.000000,4406.000000
3878.000000,951.000000,4042.000000,1007.000000
4183.000000,4474.000000,4362.000000,4772.000000
3346.000000,2678.000000,3759.000000,3045.000000
2529.000000,4793.000000,2501.000000,5788.000000
5427.000000,4741.000000,5932.000000,5575.000000
14.000000,3707.000000,54.000000,4075.000000
2006.000000,5364.000000,1723.000000,5388.000000
3298.000000,3523.000000,3426.000000,3648.000000
5356.000000,1453.000000,5218.000000,1705.000000
3551.000000,3597.000000,3607.000000,3988.000000
2902.000000,765.000000,2983.000000,873.000000
5356.000000,1453.000000,5458.000000,1528.000000
2902.000000,765.000000,2669.000000,901.000000
2983.000000,873.000000,3021.000000,883.000000
823.000000,849.000000,674.000000,923.000000
4696.000000,1163.000000,4604.000000,1394.000000
1042.000000,5266.000000,1108.000000,5279.000000
75.000000,1312.000000,380.000000,1324.000000
3684.000000,5580.000000,3998.000000,5604.000000
3771.000000,1969.000000,4034.000000,2172.000000
3279.000000,2185.000000,3229.000000,2285.000000
1382.000000,5594.000000,1297.000000,5679.000000
656.000000,4206.000000,764.000000,4398.000000
3936.000000,175.000000,4213.000000,687.000000
1711.000000,4769.000000,1473.000000,4855.000000
506.000000,1965.000000,788.000000,2021.000000
5921.000000,2939.000000,5913.000000,3068.000000
3132.000000,2810.000000,3348.000000,3136.000000
4829.000000,4068.000000,4460.000000,4362.000000
4692.000000,1449.000000,4569.000000,1761.000000
1884.000000,5081.000000,1444.000000,5182.000000
3970.000000,1155.000000,3517.000000,1624.000000
2483.000000,833.000000,2669.000000,901.000000
5469.000000,3807.000000,5770.000000,3828.000000
3771.000000,1969.000000,3516.000000,2109.000000
788.000000,2021.000000,1025.000000,2064.000000
1273.000000,1524.000000,1284.000000,1580.000000
2075.000000,4183.000000,1999.000000,4208.000000
4373.000000,2291.000000,4592.000000,2365.000000
3615.000000,4088.000000,3411.000000,4373.000000
1808.000000,4185.000000,1926.000000,4203.000000
1884.000000,5081.000000,1723.000000,5388.000000
3771.000000,1969.000000,3754.000000,2275.000000
3124.000000,815.000000,3592.000000,1002.000000
5104.000000,3316.000000,5188.000000,3380.000000
4481.000000,1471.000000,4569.000000,1761.000000
3623.000000,1158.000000,3337.000000,1456.000000
3880.000000,1027.000000,3970.000000,1155.000000
2523.000000,2604.000000,2458.000000,2746.000000
4667.000000,1219.000000,4623.000000,1226.000000
2672.000000,729.000000,2483.000000,833.000000
390.000000,602.000000,753.000000,711.000000
4754.000000,3254.000000,4745.000000,3407.000000
723.000000,2574.000000,784.000000,2917.000000
3796.000000,3225.000000,3935.000000,3621.000000
1087.000000,5214.000000,981.000000,5251.000000
3624.000000,5780.000000,3961.000000,5936.000000
5558.000000,4702.000000,5921.000000,4895.000000
1420.000000,5249.000000,1283.000000,5411.000000
4014.000000,3362.000000,3935.000000,3621.000000
1283.000000,5411.000000,1378.000000,5417.000000
4931.000000,665.000000,4993.000000,1274.000000
5894.000000,718.000000,5951.000000,916.000000
4646.000000,3755.000000,4963.000000,3994.000000
895.000000,569.000000,823.000000,849.000000
1888.000000,5685.000000,2501.000000,5788.000000
1867.000000,1672.000000,1493.000000,2019.000000
442.000000,4278.000000,344.000000,4521.000000
1288.000000,4769.000000,1473.000000,4855.000000
4246.000000,4715.000000,4362.000000,4772.000000
66.000000,4006.000000,262.000000,4193.000000
3411.000000,4373.000000,3249.000000,4375.000000
5770.000000,3828.000000,5804.000000,4061.000000
952.000000,5336.000000,998.000000,5930.000000
3272.000000,1208.000000,3337.000000,1456.000000
350.000000,2735.000000,191.000000,3139.000000
3961.000000,5936.000000,2765.000000,5979.000000
4264.000000,992.000000,4486.000000,1417.000000
5323.000000,224.000000,5001.000000,468.000000
2529.000000,4793.000000,2327.000000,4862.000000
5781.000000,3696.000000,5770.000000,3828.000000
4136.000000,1301.000000,3517.000000,1624.000000
3097.000000,4460.000000,2529.000000,4793.000000
5174.000000,3995.000000,5112.000000,4043.000000
1258.000000,4956.000000,1054.000000,4990.000000
3452.000000,245.000000,3310.000000,686.000000
3181.000000,2918.000000,3217.000000,2963.000000
158.000000,4642.000000,233.000000,4773.000000
4565.000000,262.000000,4626.000000,263.000000
3076.000000,2304.000000,2734.000000,2568.000000
3145.000000,713.000000,3124.000000,815.000000
1483.000000,2706.000000,1550.000000,2741.000000
1284.000000,1580.000000,1307.000000,1878.000000
4803.000000,3616.000000,4646.000000,3755.000000
5188.000000,3380.000000,5469.000000,3807.000000
5427.000000,4741.000000,5641.000000,5374.000000
2295.000000,4205.000000,2440.000000,4406.000000
5792.000000,2345.000000,5947.000000,2408.000000
3352.000000,5154.000000,3330.000000,5710.000000
5553.000000,2705.000000,5586.000000,2826.000000
1807.000000,5497.000000,1664.000000,5622.000000
217.000000,618.000000,199.000000,733.000000
54.000000,4075.000000,170.000000,4204.000000
5007.000000,5657.000000,4748.000000,5768.000000
674.000000,2912.000000,784.000000,2917.000000
4310.000000,3492.000000,4032.000000,3626.000000
54.000000,4075.000000,158.000000,4642.000000
230.000000,530.000000,390.000000,602.000000
4440.000000,3299.000000,4310.000000,3492.000000
3249.000000,4375.000000,3366.000000,4454.000000
5283.000000,2742.000000,5318.000000,2861.000000
1228.000000,1946.000000,1476.000000,2128.000000
3775.000000,5245.000000,3684.000000,5580.000000
4616.000000,2526.000000,4284.000000,2731.000000
4222.000000,3988.000000,4460.000000,4362.000000
108.000000,3496.000000,90.000000,3559.000000
235.000000,1152.000000,380.000000,1324.000000
5643.000000,2773.000000,5586.000000,2826.000000
5743.000000,4212.000000,5604.000000,4399.000000
1816.000000,5468.000000,1807.000000,5497.000000
1273.000000,3018.000000,919.000000,3159.000000
1937.000000,1335.000000,1867.000000,1672.000000
2494.000000,1274.000000,2950.000000,1641.000000
5369.000000,1405.000000,5356.000000,1453.000000
3366.000000,4454.000000,3716.000000,4640.000000
3967.000000,1704.000000,4034.000000,2172.000000
4569.000000,4704.000000,4345.000000,4833.000000
1489.000000,727.000000,823.000000,849.000000
1292.000000,1073.000000,1273.000000,1524.000000
2156.000000,1417.000000,2109.000000,1425.000000
5807.000000,1555.000000,5633.000000,1724.000000
951.000000,4654.000000,1288.000000,4769.000000
4008.000000,5513.000000,3998.000000,5604.000000
5388.000000,2479.000000,5117.000000,2564.000000
5586.000000,2826.000000,5297.000000,2942.000000
1273.000000,3018.000000,1395.000000,3408.000000
5951.000000,916.000000,5880.000000,1248.000000
1322.000000,5516.000000,1297.000000,5679.000000
2681.000000,2182.000000,2770.000000,2220.000000
4963.000000,3994.000000,4829.000000,4068.000000
3124.000000,815.000000,3021.000000,883.000000
1258.000000,5230.000000,1108.000000,5279.000000
4284.000000,2731.000000,4579.000000,3004.000000
1873.000000,3953.000000,1808.000000,4185.000000
42.000000,532.000000,217.000000,618.000000
1194.000000,3600.000000,1150.000000,3807.000000
1581.000000,3883.000000,1644.000000,4117.000000
4566.000000,891.000000,4264.000000,992.000000
5777.000000,2651.000000,5553.000000,2705.000000
2853.000000,609.000000,2957.000000,787.000000
5267.000000,4336.000000,5048.000000,4480.000000
5631.000000,917.000000,5808.000000,1101.000000
858.000000,1188.000000,862.000000,1366.000000
3189.000000,3135.000000,3348.000000,3136.000000
4566.000000,891.000000,4696.000000,1163.000000
5618.000000,3126.000000,5759.000000,3409.000000
3229.000000,2285.000000,3132.000000,2810.000000
4481.000000,1471.000000,4260.000000,1481.000000
2327.000000,4862.000000,1866.000000,4886.000000
1393.000000,4695.000000,1473.000000,4855.000000
1680.000000,2497.000000,1642.000000,2631.000000
2165.000000,3082.000000,1819.000000,3165.000000
4563.000000,2471.000000,4616.000000,2526.000000
4626.000000,263.000000,4495.000000,328.000000
786.000000,285.000000,753.000000,711.000000
1382.000000,5594.000000,1394.000000,5928.000000
5947.000000,2408.000000,5933.000000,2845.000000
3583.000000,5860.000000,3961.000000,5936.000000
5323.000000,224.000000,5178.000000,586.000000
2234.000000,3455.000000,2031.000000,3617.000000
3830.000000,4269.000000,3716.000000,4640.000000
49.000000,5405.000000,814.000000,5690.000000
3381.000000,2138.000000,3279.000000,2185.000000
503.000000,268.000000,230.000000,530.000000
2289.000000,1823.000000,2538.000000,1823.000000
5174.000000,3995.000000,5008.000000,4305.000000
5759.000000,3409.000000,5928.000000,3495.000000
3330.000000,5710.000000,3313.000000,5725.000000
4938.000000,2889.000000,5012.000000,2926.000000
4034.000000,2172.000000,4012.000000,2371.000000
4993.000000,1274.000000,4692.000000,1449.000000
3968.000000,5294.000000,3812.000000,5333.000000
1688.000000,1545.000000,1284.000000,1580.000000
149.000000,239.000000,230.000000,530.000000
4222.000000,3988.000000,3808.000000,3997.000000
5213.000000,1404.000000,4926.000000,1739.000000
5179.000000,1566.000000,5191.000000,1624.000000
4383.000000,374.000000,4566.000000,891.000000
1585.000000,4955.000000,1688.000000,4973.000000
2391.000000,3822.000000,2138.000000,3970.000000
1899.000000,3671.000000,1739.000000,3691.000000
1819.000000,3165.000000,2075.000000,3253.000000
5913.000000,3068.000000,5658.000000,3091.000000
1332.000000,2792.000000,1273.000000,3018.000000
1483.000000,2706.000000,1492.000000,2792.000000
1463.000000,1997.000000,1493.000000,2019.000000
3994.000000,4153.000000,3830.000000,4269.000000
3516.000000,2109.000000,3229.000000,2285.000000
1844.000000,598.000000,2086.000000,921.000000
3181.000000,4227.000000,3097.000000,4460.000000
2657.000000,3292.000000,2379.000000,3374.000000
1479.000000,4516.000000,1433.000000,4563.000000
4479.000000,3466.000000,4307.000000,3793.000000
52.000000,3253.000000,108.000000,3496.000000
3229.000000,2285.000000,3076.000000,2304.000000
3381.000000,2138.000000,3229.000000,2285.000000
4566.000000,891.000000,4471.000000,899.000000
3623.000000,1158.000000,3272.000000,1208.000000
1297.000000,5679.000000,1394.000000,5928.000000
2156.000000,1417.000000,2281.000000,1480.000000
1025.000000,2064.000000,725.000000,2256.000000
3324.000000,1774.000000,3035.000000,1998.000000
3010.000000,27.000000,2853.000000,609.000000
1926.000000,4203.000000,1999.000000,4208.000000
4926.000000,1739.000000,4649.000000,1942.000000
3970.000000,1155.000000,3849.000000,1234.000000
4213.000000,687.000000,4566.000000,891.000000
5586.000000,2826.000000,5336.000000,3110.000000
1991.000000,4234.000000,1824.000000,4338.000000
3786.000000,4157.000000,3796.000000,4176.000000
4172.000000,3438.000000,3935.000000,3621.000000
5550.000000,1540.000000,5633.000000,1724.000000
5070.000000,3447.000000,4850.000000,3727.000000
5048.000000,4480.000000,5242.000000,4532.000000
5928.000000,3495.000000,5781.000000,3696.000000
903.000000,42.000000,503.000000,268.000000
4034.000000,2172.000000,3840.000000,2390.000000
3639.000000,1804.000000,3771.000000,1969.000000
2276.000000,2279.000000,2303.000000,2457.000000
5283.000000,5202.000000,5454.000000,5404.000000
80.000000,1756.000000,86.000000,2266.000000
1884.000000,5081.000000,2006.000000,5364.000000
3967.000000,1704.000000,4475.000000,1867.000000
1444.000000,5182.000000,1258.000000,5230.000000
1888.000000,5685.000000,2147.000000,5919.000000
4592.000000,2365.000000,4563.000000,2471.000000
3995.000000,4079.000000,3994.000000,4153.000000
2379.000000,3374.000000,2742.000000,3433.000000
4670.000000,2055.000000,4592.000000,2365.000000
4345.000000,4833.000000,4339.000000,5148.000000
305.000000,2521.000000,350.000000,2735.000000
3054.000000,5110.000000,3232.000000,5350.000000
5468.000000,103.000000,5001.000000,468.000000
5584.000000,4077.000000,5743.000000,4212.000000
5238.000000,5151.000000,5007.000000,5657.000000
3273.000000,3964.000000,3615.000000,4088.000000
4692.000000,1449.000000,4926.000000,1739.000000
1642.000000,2631.000000,2458.000000,2746.000000
5894.000000,718.000000,5813.000000,992.000000
296.000000,3721.000000,227.000000,3748.000000
1473.000000,4855.000000,1444.000000,5182.000000
3330.000000,5710.000000,3583.000000,5860.000000
1141.000000,2232.000000,866.000000,2697.000000
2281.000000,1480.000000,2538.000000,1823.000000
195.000000,121.000000,149.000000,239.000000
2733.000000,2001.000000,2923.000000,2098.000000
903.000000,42.000000,1424.000000,346.000000
3638.000000,4052.000000,3786.000000,4157.000000
1958.000000,20.000000,1880.000000,282.000000
3607.000000,3988.000000,3808.000000,3997.000000
5007.000000,5657.000000,4606.000000,5825.000000
233.000000,4773.000000,102.000000,5152.000000
2420.000000,965.000000,2494.000000,1274.000000
312.000000,3087.000000,249.000000,3258.000000
5633.000000,1724.000000,5780.000000,1921.000000
5589.000000,3113.000000,5618.000000,3126.000000
4707.000000,5844.000000,3961.000000,5936.000000
674.000000,923.000000,380.000000,1324.000000
5089.000000,2290.000000,5029.000000,2692.000000
141.000000,3580.000000,14.000000,3707.000000
5792.000000,2345.000000,5793.000000,2420.000000
5777.000000,2651.000000,5601.000000,2696.000000
1.000000,2892.000000,14.000000,3707.000000
3878.000000,951.000000,3970.000000,1050.000000
359.000000,4071.000000,485.000000,4082.000000
5318.000000,2861.000000,5209.000000,2947.000000
2669.000000,901.000000,2494.000000,1274.000000
4760.000000,711.000000,4566.000000,891.000000
862.000000,1366.000000,822.000000,1426.000000
5191.000000,1624.000000,5028.000000,1740.000000
5242.000000,4532.000000,5367.000000,4542.000000
2128.000000,3208.000000,2379.000000,3374.000000
1711.000000,4769.000000,2327.000000,4862.000000
4102.000000,67.000000,4616.000000,84.000000
1284.000000,1580.000000,1228.000000,1946.000000
5177.000000,3249.000000,5188.000000,3380.000000
866.000000,2697.000000,1483.000000,2706.000000
3411.000000,4373.000000,3366.000000,4454.000000
1393.000000,2587.000000,1483.000000,2706.000000
5880.000000,1248.000000,5855.000000,1262.000000
725.000000,2256.000000,866.000000,2697.000000
3119.000000,4131.000000,2540.000000,4165.000000
1258.000000,5230.000000,1297.000000,5679.000000
610.000000,2596.000000,674.000000,2912.000000
233.000000,4773.000000,612.000000,5089.000000
891.000000,1621.000000,1025.000000,2064.000000
4361.000000,1230.000000,4293.000000,1389.000000
653.000000,997.000000,858.000000,1188.000000
3189.000000,3135.000000,2730.000000,3250.000000
5807.000000,1555.000000,5780.000000,1921.000000
3010.000000,27.000000,2312.000000,363.000000
4222.000000,3988.000000,4183.000000,4474.000000
952.000000,5336.000000,1297.000000,5679.000000
5931.000000,3765.000000,5966.000000,4408.000000
5515.000000,4216.000000,5590.000000,4330.000000
2265.000000,5933.000000,2487.000000,5939.000000
312.000000,3087.000000,327.000000,3347.000000
1733.000000,5920.000000,2265.000000,5933.000000
3697.000000,2742.000000,3759.000000,3045.000000
1258.000000,4956.000000,1131.000000,5212.000000
4264.000000,992.000000,4361.000000,1230.000000
3970.000000,1050.000000,4059.000000,1217.000000
2998.000000,1998.000000,3035.000000,1998.000000
3639.000000,1804.000000,3516.000000,2109.000000
4460.000000,4362.000000,4419.000000,4627.000000
4748.000000,5768.000000,4707.000000,5844.000000
4592.000000,2365.000000,4506.000000,2433.000000
3337.000000,1456.000000,3517.000000,1624.000000
1808.000000,4185.000000,1999.000000,4208.000000
5601.000000,1746.000000,5780.000000,1921.000000
5793.000000,1215.000000,5855.000000,1262.000000
2483.000000,833.000000,2420.000000,965.000000
265.000000,3689.000000,425.000000,3706.000000
75.000000,1312.000000,164.000000,1717.000000
1899.000000,3671.000000,2138.000000,3970.000000
800.000000,5379.000000,49.000000,5405.000000
5174.000000,3995.000000,5267.000000,4336.000000
5913.000000,3068.000000,5966.000000,4408.000000
1420.000000,5249.000000,1444.000000,5403.000000
5174.000000,3995.000000,5110.000000,4177.000000
2983.000000,873.000000,2669.000000,901.000000
5179.000000,1566.000000,4926.000000,1739.000000
108.000000,3496.000000,265.000000,3689.000000
4754.000000,3254.000000,5070.000000,3447.000000
4013.000000,5452.000000,4008.000000,5513.000000
2888.000000,3807.000000,2391.000000,3822.000000
3181.000000,4227.000000,3411.000000,4373.000000
5267.000000,4336.000000,5242.000000,4532.000000
4692.000000,1449.000000,4777.000000,1692.000000
4029.000000,5584.000000,3998.000000,5604.000000
3808.000000,3997.000000,3995.000000,4079.000000
5255.000000,1479.000000,5191.000000,1624.000000
2742.000000,3433.000000,2234.000000,3455.000000
1.000000,2892.000000,10.000000,5433.000000
135.000000,4353.000000,344.000000,4521.000000
5336.000000,3110.000000,5589.000000,3113.000000
3961.000000,5936.000000,3092.000000,5956.000000
3759.000000,3045.000000,3796.000000,3225.000000
3796.000000,3225.000000,3589.000000,3368.000000
3066.000000,2851.000000,3181.000000,2918.000000
4102.000000,67.000000,3936.000000,175.000000
743.000000,1152.000000,380.000000,1324.000000
350.000000,2735.000000,1.000000,2892.000000
532.000000,4603.000000,612.000000,5089.000000
5506.000000,1287.000000,5356.000000,1453.000000
5951.000000,916.000000,5821.000000,999.000000
503.000000,268.000000,786.000000,285.000000
431.000000,3345.000000,513.000000,3631.000000
792.000000,1263.000000,577.000000,1703.000000
230.000000,530.000000,42.000000,532.000000
3217.000000,2963.000000,3189.000000,3135.000000
5781.000000,3696.000000,5931.000000,3765.000000
5089.000000,2290.000000,5117.000000,2564.000000
3525.000000,5212.000000,3775.000000,5245.000000
1988.000000,449.000000,2650.000000,687.000000
834.000000,5386.000000,814.000000,5690.000000
2998.000000,1998.000000,2743.000000,2514.000000
102.000000,5152.000000,10.000000,5433.000000
5468.000000,103.000000,5894.000000,718.000000
503.000000,268.000000,390.000000,602.000000
80.000000,1756.000000,157.000000,2131.000000
2853.000000,609.000000,2672.000000,729.000000
2487.000000,5939.000000,2765.000000,5979.000000
2391.000000,3822.000000,2440.000000,4406.000000
506.000000,1965.000000,648.000000,2304.000000
78.000000,5031.000000,10.000000,5433.000000
1087.000000,5214.000000,1108.000000,5279.000000
102.000000,5152.000000,49.000000,5405.000000
4293.000000,1389.000000,4486.000000,1417.000000
1054.000000,4990.000000,1087.000000,5214.000000
3426.000000,3648.000000,3607.000000,3988.000000
3836.000000,2187.000000,3840.000000,2390.000000
4993.000000,1274.000000,4926.000000,1739.000000
5238.000000,5151.000000,5454.000000,5404.000000
3607.000000,3988.000000,3615.000000,4088.000000
5179.000000,1566.000000,5028.000000,1740.000000
4014.000000,3362.000000,4172.000000,3438.000000
3412.000000,2330.000000,3346.000000,2678.000000
834.000000,3609.000000,500.000000,3836.000000
1194.000000,3600.000000,1351.000000,4049.000000
2975.000000,2843.000000,3066.000000,2851.000000
4604.000000,1394.000000,4692.000000,1449.000000
1351.000000,4049.000000,1479.000000,4516.000000
4102.000000,67.000000,4411.000000,262.000000
2653.000000,5525.000000,3093.000000,5733.000000
1598.000000,4646.000000,1619.000000,4731.000000
3583.000000,5860.000000,3092.000000,5956.000000
4569.000000,4704.000000,5061.000000,4809.000000
1114.000000,1428.000000,1273.000000,1524.000000
2483.000000,833.000000,2086.000000,921.000000
1863.000000,4895.000000,1884.000000,5081.000000
1926.000000,4203.000000,1991.000000,4234.000000
5913.000000,3068.000000,5928.000000,3495.000000
3324.000000,1774.000000,3639.000000,1804.000000
3155.000000,97.000000,3452.000000,245.000000
2210.000000,1603.000000,2155.000000,1908.000000
5208.000000,2722.000000,5283.000000,2742.000000
725.000000,2256.000000,648.000000,2304.000000
4486.000000,1417.000000,4481.000000,1471.000000
1698.000000,4138.000000,1808.000000,4185.000000
5388.000000,2479.000000,5283.000000,2742.000000
14.000000,3707.000000,28.000000,4895.000000
4606.000000,5825.000000,4707.000000,5844.000000
4012.000000,2371.000000,4305.000000,2429.000000
4938.000000,2889.000000,4754.000000,3254.000000
823.000000,849.000000,653.000000,997.000000
4931.000000,665.000000,5036.000000,1227.000000
653.000000,997.000000,743.000000,1152.000000
4745.000000,3407.000000,4646.000000,3755.000000
5001.000000,468.000000,4760.000000,711.000000
4850.000000,3727.000000,5174.000000,3995.000000
2210.000000,1603.000000,2289.000000,1823.000000
3534.000000,3368.000000,3275.000000,3530.000000
5048.000000,4480.000000,5319.000000,4934.000000
3624.000000,5780.000000,3583.000000,5860.000000
3609.000000,5794.000000,3583.000000,5860.000000
2501.000000,5788.000000,2487.000000,5939.000000
2399.000000,2070.000000,2276.000000,2279.000000
4486.000000,1417.000000,4260.000000,1481.000000
3346.000000,2678.000000,3132.000000,2810.000000
834.000000,5386.000000,998.000000,5930.000000
3097.000000,4460.000000,3054.000000,5110.000000
786.000000,285.000000,895.000000,569.000000
1433.000000,4563.000000,951.000000,4654.000000
5951.000000,916.000000,5947.000000,2408.000000
5604.000000,4399.000000,5367.000000,4542.000000
3880.000000,1027.000000,3970.000000,1050.000000
3648.000000,4257.000000,3787.000000,4379.000000
4948.000000,3135.000000,5177.000000,3249.000000
3010.000000,27.000000,3452.000000,245.000000
743.000000,1152.000000,792.000000,1263.000000
3936.000000,175.000000,4411.000000,262.000000
1150.000000,3807.000000,863.000000,4045.000000
4696.000000,1163.000000,4993.000000,1274.000000
3698.000000,640.000000,3812.000000,750.000000
75.000000,1312.000000,92.000000,1558.000000
1539.000000,2961.000000,1273.000000,3018.000000
4579.000000,3004.000000,4440.000000,3299.000000
3754.000000,2275.000000,3229.000000,2285.000000
1444.000000,5403.000000,1664.000000,5622.000000
5070.000000,3447.000000,5041.000000,3735.000000
764.000000,4398.000000,1433.000000,4563.000000
3759.000000,3045.000000,3795.000000,3068.000000
2494.000000,1274.000000,2999.000000,1879.000000
4604.000000,1394.000000,4486.000000,1417.000000
903.000000,42.000000,895.000000,569.000000
2523.000000,2399.000000,2303.000000,2457.000000
5932.000000,5575.000000,5738.000000,5848.000000
4305.000000,2429.000000,4033.000000,2532.000000
4362.000000,5348.000000,4238.000000,5503.000000
1476.000000,2128.000000,1141.000000,2232.000000
5319.000000,4934.000000,5238.000000,5151.000000
5644.000000,974.000000,5512.000000,1091.000000
4646.000000,3755.000000,4222.000000,3988.000000
2999.000000,1879.000000,2923.000000,2098.000000
108.000000,3496.000000,141.000000,3580.000000
612.000000,5089.000000,952.000000,5336.000000
5662.000000,3049.000000,5658.000000,3091.000000
3830.000000,4269.000000,4030.000000,4426.000000
2090.000000,5417.000000,1888.000000,5685.000000
5438.000000,1314.000000,5369.000000,1405.000000
1867.000000,1672.000000,2276.000000,2279.000000
4698.000000,2714.000000,4938.000000,2889.000000
1289.000000,1842.000000,1228.000000,1946.000000
5150.000000,1963.000000,5153.000000,2090.000000
1258.000000,5230.000000,952.000000,5336.000000
3759.000000,3045.000000,3589.000000,3368.000000
4475.000000,1867.000000,4426.000000,2194.000000
1395.000000,3408.000000,1194.000000,3600.000000
4033.000000,2532.000000,4284.000000,2731.000000
2523.000000,2399.000000,2523.000000,2604.000000
2880.000000,3781.000000,2888.000000,3807.000000
2743.000000,2514.000000,2714.000000,2607.000000
1585.000000,4955.000000,1884.000000,5081.000000
1824.000000,4338.000000,1711.000000,4769.000000
5834.000000,2809.000000,5921.000000,2939.000000
199.000000,733.000000,235.000000,1152.000000
1688.000000,1545.000000,1867.000000,1672.000000
5438.000000,1314.000000,5213.000000,1404.000000
5743.000000,4212.000000,5515.000000,4216.000000
506.000000,1965.000000,157.000000,2131.000000
2399.000000,2070.000000,2681.000000,2182.000000
2714.000000,2607.000000,2949.000000,3093.000000
765.000000,4660.000000,715.000000,4728.000000
4811.000000,1967.000000,4670.000000,2055.000000
42.000000,532.000000,75.000000,1312.000000
1711.000000,4769.000000,1585.000000,4955.000000
1390.000000,3227.000000,1496.000000,3516.000000
2923.000000,2098.000000,2743.000000,2514.000000
5011.000000,5659.000000,4707.000000,5844.000000
1096.000000,1600.000000,1228.000000,1946.000000
1489.000000,727.000000,2086.000000,921.000000
28.000000,4895.000000,10.000000,5433.000000
3967.000000,1704.000000,4426.000000,2194.000000
5388.000000,2479.000000,5553.000000,2705.000000
4777.000000,1692.000000,4569.000000,1761.000000
75.000000,1312.000000,80.000000,1756.000000
823.000000,849.000000,1292.000000,1073.000000
10.000000,5433.000000,998.000000,5930.000000
1114.000000,1428.000000,891.000000,1621.000000
4030.000000,4426.000000,4094.000000,4439.000000
1808.000000,4185.000000,1824.000000,4338.000000
1682.000000,2201.000000,2276.000000,2279.000000
5553.000000,2705.000000,5283.000000,2742.000000
2988.000000,2042.000000,2734.000000,2568.000000
2109.000000,1425.000000,2101.000000,1488.000000
764.000000,4398.000000,765.000000,4660.000000
3994.000000,608.000000,3812.000000,750.000000
296.000000,3721.000000,349.000000,4053.000000
5793.000000,2420.000000,5388.000000,2479.000000
2295.000000,4205.000000,2131.000000,4332.000000
3273.000000,3964.000000,3159.000000,3990.000000
5388.000000,2479.000000,5777.000000,2651.000000
3366.000000,4454.000000,3538.000000,4819.000000
2075.000000,4183.000000,1991.000000,4234.000000
3534.000000,3368.000000,3298.000000,3523.000000
788.000000,2021.000000,725.000000,2256.000000
2234.000000,3455.000000,2201.000000,3791.000000
3808.000000,3997.000000,3994.000000,4153.000000
3698.000000,640.000000,3310.000000,686.000000
327.000000,3347.000000,465.000000,3539.000000
344.000000,4521.000000,158.000000,4642.000000
5780.000000,1921.000000,5388.000000,2479.000000
2888.000000,3807.000000,2540.000000,4165.000000
296.000000,3721.000000,66.000000,4006.000000
4811.000000,1967.000000,5153.000000,2090.000000
1307.000000,1878.000000,1463.000000,1997.000000
1131.000000,5212.000000,1258.000000,5230.000000
3830.000000,4269.000000,4183.000000,4474.000000
5512.000000,1091.000000,5855.000000,1262.000000
1884.000000,5081.000000,2009.000000,5167.000000
4931.000000,665.000000,4932.000000,864.000000
5933.000000,2845.000000,5921.000000,2939.000000
2086.000000,921.000000,1937.000000,1335.000000
3054.000000,5110.000000,3352.000000,5154.000000
3951.000000,2722.000000,3697.000000,2742.000000
1496.000000,3516.000000,1739.000000,3691.000000
3162.000000,5286.000000,3093.000000,5733.000000
3093.000000,5733.000000,3092.000000,5956.000000
42.000000,532.000000,199.000000,733.000000
380.000000,1324.000000,164.000000,1717.000000
4411.000000,262.000000,4565.000000,262.000000
2075.000000,3253.000000,1899.000000,3671.000000
1273.000000,1524.000000,1688.000000,1545.000000
4373.000000,2291.000000,4305.000000,2429.000000
1390.000000,3227.000000,1395.000000,3408.000000
866.000000,2697.000000,919.000000,3159.000000
4592.000000,2365.000000,4616.000000,2526.000000
800.000000,1391.000000,822.000000,1426.000000
4411.000000,262.000000,4383.000000,374.000000
4012.000000,2371.000000,4033.000000,2532.000000
3054.000000,5110.000000,3162.000000,5286.000000
2281.000000,1480.000000,2210.000000,1603.000000
5520.000000,876.000000,5512.000000,1091.000000
5506.000000,1287.000000,5438.000000,1314.000000
1880.000000,282.000000,1424.000000,346.000000
4931.000000,665.000000,5213.000000,1404.000000
1682.000000,2201.000000,1626.000000,2546.000000
5966.000000,4408.000000,5815.000000,4823.000000
52.000000,3253.000000,249.000000,3258.000000
3808.000000,3997.000000,3796.000000,4176.000000
5642.000000,424.000000,5520.000000,876.000000
3366.000000,4454.000000,3054.000000,5110.000000
5506.000000,1287.000000,5369.000000,1405.000000
3035.000000,1998.000000,3076.000000,2304.000000
1332.000000,2792.000000,919.000000,3159.000000
4094.000000,4439.000000,4183.000000,4474.000000
4623.000000,1226.000000,4486.000000,1417.000000
648.000000,2304.000000,723.000000,2574.000000
4172.000000,3438.000000,4310.000000,3492.000000
5153.000000,2090.000000,5199.000000,2139.000000
5048.000000,4480.000000,4703.000000,4516.000000
2523.000000,2399.000000,2743.000000,2514.000000
895.000000,569.000000,1489.000000,727.000000
981.000000,5251.000000,1042.000000,5266.000000
2201.000000,3791.000000,2138.000000,3970.000000
4926.000000,1739.000000,4714.000000,1927.000000
5427.000000,4741.000000,5921.000000,4895.000000
1289.000000,1842.000000,1307.000000,1878.000000
1819.000000,3165.000000,1496.000000,3516.000000
2888.000000,3807.000000,3159.000000,3990.000000
1682.000000,2201.000000,1483.000000,2706.000000
2483.000000,833.000000,1937.000000,1335.000000
3698.000000,640.000000,3164.000000,749.000000
4754.000000,3254.000000,5104.000000,3316.000000
4376.000000,5742.000000,3961.000000,5936.000000
2742.000000,3433.000000,2888.000000,3807.000000
612.000000,5089.000000,834.000000,5386.000000
3684.000000,5580.000000,3609.000000,5794.000000
4475.000000,1867.000000,4649.000000,1942.000000
4307.000000,3793.000000,4222.000000,3988.000000
1988.000000,449.000000,2483.000000,833.000000
2872.000000,5134.000000,2501.000000,5788.000000
5468.000000,103.000000,5323.000000,224.000000
3951.000000,2722.000000,4440.000000,3299.000000
998.000000,5930.000000,2265.000000,5933.000000
5933.000000,2845.000000,5966.000000,4408.000000
2138.000000,3970.000000,2440.000000,4406.000000
5174.000000,3995.000000,5584.000000,4077.000000
4777.000000,1692.000000,4926.000000,1739.000000
3801.000000,285.000000,3994.000000,608.000000
5813.000000,992.000000,5821.000000,999.000000
5618.000000,3126.000000,5781.000000,3696.000000
5458.000000,1528.000000,5807.000000,1555.000000
390.000000,602.000000,217.000000,618.000000
3021.000000,883.000000,3272.000000,1208.000000
555.000000,4181.000000,656.000000,4206.000000
1626.000000,2546.000000,1603.000000,2619.000000
5061.000000,4809.000000,5319.000000,4934.000000
822.000000,1426.000000,1114.000000,1428.000000
5454.000000,5404.000000,5695.000000,5589.000000
4034.000000,2172.000000,4373.000000,2291.000000
5866.000000,4599.000000,5558.000000,4702.000000
2009.000000,5167.000000,2501.000000,5788.000000
1351.000000,4049.000000,1698.000000,4138.000000
4569.000000,1761.000000,4475.000000,1867.000000
3775.000000,5245.000000,3812.000000,5333.000000
3786.000000,4157.000000,3830.000000,4269.000000
5520.000000,876.000000,5644.000000,974.000000
5633.000000,1724.000000,5601.000000,1746.000000
3638.000000,4052.000000,3632.000000,4293.000000
4696.000000,1163.000000,4667.000000,1219.000000
3592.000000,1002.000000,3272.000000,1208.000000
4569.000000,1761.000000,4649.000000,1942.000000
3426.000000,3648.000000,3273.000000,3964.000000
1284.000000,1580.000000,1289.000000,1842.000000
2362.000000,4559.000000,2398.000000,4582.000000
3035.000000,1998.000000,3516.000000,2109.000000
2210.000000,1603.000000,1867.000000,1672.000000
3836.000000,4603.000000,3538.000000,4819.000000
764.000000,4398.000000,532.000000,4603.000000
4479.000000,3466.000000,4222.000000,3988.000000
2714.000000,2607.000000,2458.000000,2746.000000
5808.000000,1101.000000,5880.000000,1248.000000
3804.000000,996.000000,3783.000000,1187.000000
1958.000000,20.000000,3010.000000,27.000000
2923.000000,2098.000000,2681.000000,2182.000000
1603.000000,2619.000000,1642.000000,2631.000000
5537.000000,701.000000,5438.000000,1314.000000
3796.000000,3225.000000,3551.000000,3597.000000
1988.000000,449.000000,1844.000000,598.000000
465.000000,3539.000000,513.000000,3631.000000
2853.000000,609.000000,2902.000000,765.000000
5928.000000,3495.000000,5931.000000,3765.000000
725.000000,2256.000000,723.000000,2574.000000
5225.000000,1974.000000,5278.000000,2192.000000
4440.000000,3299.000000,4479.000000,3466.000000
4012.000000,2371.000000,3840.000000,2390.000000
2276.000000,2279.000000,2523.000000,2399.000000
1.000000,2892.000000,28.000000,4895.000000
3698.000000,640.000000,3592.000000,1002.000000
5618.000000,3126.000000,5469.000000,3807.000000
1550.000000,2741.000000,1539.000000,2961.000000
2138.000000,3970.000000,2295.000000,4205.000000
2872.000000,5134.000000,2653.000000,5525.000000
3780.000000,3824.000000,3607.000000,3988.000000
2998.000000,1998.000000,2988.000000,2042.000000
5643.000000,2773.000000,5921.000000,2939.000000
1723.000000,5388.000000,1664.000000,5622.000000
508.000000,2488.000000,305.000000,2521.000000
3968.000000,5294.000000,4362.000000,5348.000000
1008.000000,3240.000000,1194.000000,3600.000000
2950.000000,1641.000000,3035.000000,1998.000000
3132.000000,2810.000000,3181.000000,2918.000000
3994.000000,608.000000,3878.000000,951.000000
1664.000000,5622.000000,1733.000000,5920.000000
5336.000000,3110.000000,5188.000000,3380.000000
4692.000000,1449.000000,4481.000000,1471.000000
834.000000,3609.000000,931.000000,3855.000000
3615.000000,4088.000000,3181.000000,4227.000000
4714.000000,1927.000000,4649.000000,1942.000000
2672.000000,729.000000,2902.000000,765.000000
4829.000000,4068.000000,5008.000000,4305.000000
1254.000000,591.000000,1489.000000,727.000000
4399.000000,5457.000000,4238.000000,5503.000000
3010.000000,27.000000,4102.000000,67.000000
1141.000000,2232.000000,1393.000000,2587.000000
3812.000000,5333.000000,4013.000000,5452.000000
5012.000000,2926.000000,4948.000000,3135.000000
1626.000000,2546.000000,1483.000000,2706.000000
5643.000000,2773.000000,5662.000000,3049.000000
465.000000,3539.000000,265.000000,3689.000000
5112.000000,4043.000000,5008.000000,4305.000000
1867.000000,1672.000000,1682.000000,2201.000000
4667.000000,1219.000000,4604.000000,1394.000000
5028.000000,1740.000000,5601.000000,1746.000000
1688.000000,1545.000000,1307.000000,1878.000000
5641.000000,5374.000000,5695.000000,5589.000000
977.000000,4951.000000,992.000000,5056.000000
4440.000000,5683.000000,4606.000000,5825.000000
1844.000000,598.000000,1489.000000,727.000000
1496.000000,3516.000000,1581.000000,3883.000000
5642.000000,424.000000,5894.000000,718.000000
2128.000000,3208.000000,2075.000000,3253.000000
3624.000000,5780.000000,3609.000000,5794.000000
4698.000000,2714.000000,4579.000000,3004.000000
54.000000,4075.000000,28.000000,4895.000000
2730.000000,3250.000000,2742.000000,3433.000000
5073.000000,5890.000000,5638.000000,5907.000000
3346.000000,2678.000000,3348.000000,3136.000000
1351.000000,4049.000000,1808.000000,4185.000000
5048.000000,4480.000000,5427.000000,4741.000000
1479.000000,4516.000000,1598.000000,4646.000000
2138.000000,3970.000000,2075.000000,4183.000000
233.000000,4773.000000,49.000000,5405.000000
4030.000000,4426.000000,4183.000000,4474.000000
233.000000,4773.000000,28.000000,4895.000000
3698.000000,640.000000,3124.000000,815.000000
1880.000000,282.000000,1844.000000,598.000000
4399.000000,5457.000000,4606.000000,5825.000000
2379.000000,3374.000000,2234.000000,3455.000000
4698.000000,2714.000000,4284.000000,2731.000000
4707.000000,5844.000000,5073.000000,5890.000000
2657.000000,3292.000000,2742.000000,3433.000000
1463.000000,1997.000000,1476.000000,2128.000000
3348.000000,3136.000000,3534.000000,3368.000000
4440.000000,3299.000000,4172.000000,3438.000000
2714.000000,2607.000000,2657.000000,3292.000000
2923.000000,2098.000000,2728.000000,2355.000000
312.000000,3087.000000,431.000000,3345.000000
760.000000,1729.000000,788.000000,2021.000000
5283.000000,5202.000000,5641.000000,5374.000000
5631.000000,917.000000,5644.000000,974.000000
653.000000,997.000000,380.000000,1324.000000
3155.000000,97.000000,3936.000000,175.000000
2165.000000,3082.000000,2128.000000,3208.000000
5662.000000,3049.000000,5589.000000,3113.000000
555.000000,4181.000000,442.000000,4278.000000
5951.000000,916.000000,5813.000000,992.000000
3648.000000,4257.000000,3716.000000,4640.000000
5601.000000,2696.000000,5553.000000,2705.000000
2031.000000,3617.000000,2201.000000,3791.000000
431.000000,3345.000000,834.000000,3609.000000
3534.000000,3368.000000,3589.000000,3368.000000
3849.000000,1234.000000,3517.000000,1624.000000
2829.000000,4468.000000,2529.000000,4793.000000
3010.000000,27.000000,3155.000000,97.000000
4253.000000,1017.000000,4186.000000,1148.000000
4136.000000,1301.000000,4293.000000,1389.000000
3517.000000,1624.000000,3324.000000,1774.000000
1444.000000,5182.000000,1420.000000,5249.000000
2742.000000,3433.000000,2391.000000,3822.000000
5857.000000,3842.000000,5804.000000,4061.000000
3808.000000,3997.000000,3786.000000,4157.000000
2165.000000,3082.000000,2075.000000,3253.000000
1539.000000,2961.000000,1390.000000,3227.000000
5150.000000,1963.000000,4811.000000,1967.000000
2023.000000,97.000000,2312.000000,363.000000
822.000000,1426.000000,981.000000,1437.000000
3551.000000,3597.000000,3935.000000,3621.000000
4745.000000,3407.000000,4803.000000,3616.000000
5070.000000,3447.000000,4803.000000,3616.000000
1937.000000,1335.000000,2156.000000,1417.000000
3801.000000,285.000000,3698.000000,640.000000
1937.000000,1335.000000,2101.000000,1488.000000
2880.000000,3781.000000,3159.000000,3990.000000
3759.000000,3045.000000,3348.000000,3136.000000
1867.000000,1672.000000,2155.000000,1908.000000
52.000000,3253.000000,14.000000,3707.000000
5662.000000,3049.000000,5913.000000,3068.000000
3132.000000,2810.000000,3066.000000,2851.000000
2281.000000,1480.000000,2289.000000,1823.000000
2529.000000,4793.000000,2872.000000,5134.000000
508.000000,2488.000000,723.000000,2574.000000
951.000000,4654.000000,1054.000000,4990.000000
4569.000000,4704.000000,4362.000000,4772.000000
80.000000,1756.000000,1.000000,2892.000000
760.000000,1729.000000,1025.000000,2064.000000
1937.000000,1335.000000,1273.000000,1524.000000
5966.000000,4408.000000,5932.000000,5575.000000
5458.000000,1528.000000,5218.000000,1705.000000
158.000000,4642.000000,28.000000,4895.000000
1880.000000,282.000000,1988.000000,449.000000
2399.000000,2070.000000,2523.000000,2399.000000
3054.000000,5110.000000,2872.000000,5134.000000
5427.000000,4741.000000,5283.000000,5202.000000
866.000000,2697.000000,1332.000000,2792.000000
715.000000,4728.000000,612.000000,5089.000000
1433.000000,4563.000000,1288.000000,4769.000000
2975.000000,2843.000000,2949.000000,3093.000000
3998.000000,5604.000000,3624.000000,5780.000000
2112.000000,3439.000000,2031.000000,3617.000000
4948.000000,3135.000000,5104.000000,3316.000000
4479.000000,3466.000000,4310.000000,3492.000000
3189.000000,3135.000000,2880.000000,3781.000000
42.000000,532.000000,1.000000,2892.000000
3893.000000,4465.000000,4088.000000,4752.000000
344.000000,4521.000000,233.000000,4773.000000
2327.000000,4862.000000,2009.000000,5167.000000
784.000000,2917.000000,919.000000,3159.000000
5117.000000,2564.000000,5283.000000,2742.000000
5041.000000,3735.000000,5469.000000,3807.000000
5777.000000,2651.000000,5933.000000,2845.000000
170.000000,4204.000000,352.000000,4343.000000
431.000000,3345.000000,327.000000,3347.000000
5007.000000,5657.000000,5011.000000,5659.000000
5641.000000,5374.000000,5932.000000,5575.000000
4626.000000,263.000000,5001.000000,468.000000
5834.000000,2809.000000,5933.000000,2845.000000
3970.000000,1155.000000,3783.000000,1187.000000
822.000000,1426.000000,891.000000,1621.000000
903.000000,42.000000,786.000000,285.000000
164.000000,1717.000000,506.000000,1965.000000
2303.000000,2457.000000,2523.000000,2604.000000
4222.000000,3988.000000,3994.000000,4153.000000
1723.000000,5388.000000,1816.000000,5468.000000
3162.000000,5286.000000,3330.000000,5710.000000
1550.000000,2741.000000,1492.000000,2792.000000
3804.000000,996.000000,3880.000000,1027.000000
1711.000000,4769.000000,1866.000000,4886.000000
3516.000000,2109.000000,3381.000000,2138.000000
674.000000,2912.000000,191.000000,3139.000000
3097.000000,4460.000000,3143.000000,4642.000000
951.000000,4654.000000,977.000000,4951.000000
977.000000,4951.000000,952.000000,5336.000000
1863.000000,4895.000000,1585.000000,4955.000000
5283.000000,2742.000000,5209.000000,2947.000000
5638.000000,5907.000000,3961.000000,5936.000000
1258.000000,5230.000000,1420.000000,5249.000000
5218.000000,1705.000000,5028.000000,1740.000000
5112.000000,4043.000000,4829.000000,4068.000000
1288.000000,4769.000000,1258.000000,4956.000000
1733.000000,5920.000000,1394.000000,5928.000000
1394.000000,5928.000000,2265.000000,5933.000000
863.000000,4045.000000,764.000000,4398.000000
5213.000000,1404.000000,5179.000000,1566.000000
4376.000000,5742.000000,4606.000000,5825.000000
5318.000000,2861.000000,5297.000000,2942.000000
5104.000000,3316.000000,5070.000000,3447.000000
5297.000000,2942.000000,5209.000000,2947.000000
753.000000,711.000000,674.000000,923.000000
2653.000000,5525.000000,2487.000000,5939.000000
5658.000000,3091.000000,5589.000000,3113.000000
5743.000000,4212.000000,5966.000000,4408.000000
2006.000000,5364.000000,1816.000000,5468.000000
4136.000000,1301.000000,4260.000000,1481.000000
327.000000,3347.000000,108.000000,3496.000000
1873.000000,3953.000000,2138.000000,3970.000000
3808.000000,3997.000000,3638.000000,4052.000000
2440.000000,4406.000000,2398.000000,4582.000000
858.000000,1188.000000,800.000000,1391.000000
3337.000000,1456.000000,3035.000000,1998.000000
5213.000000,1404.000000,5369.000000,1405.000000
1991.000000,4234.000000,2362.000000,4559.000000
3615.000000,4088.000000,3632.000000,4293.000000
3516.000000,2109.000000,3754.000000,2275.000000
2440.000000,4406.000000,2362.000000,4559.000000
3145.000000,713.000000,2957.000000,787.000000
5804.000000,4061.000000,5966.000000,4408.000000
4222.000000,3988.000000,4963.000000,3994.000000
1476.000000,2128.000000,1682.000000,2201.000000
1258.000000,4956.000000,1444.000000,5182.000000
5695.000000,5589.000000,5335.000000,5694.000000
5061.000000,4809.000000,5238.000000,5151.000000
3970.000000,1155.000000,4059.000000,1217.000000
195.000000,121.000000,63.000000,441.000000
5454.000000,5404.000000,5011.000000,5659.000000
3812.000000,5333.000000,3684.000000,5580.000000
2440.000000,4406.000000,2529.000000,4793.000000
2023.000000,97.000000,1880.000000,282.000000
4042.000000,1007.000000,3970.000000,1050.000000
5515.000000,4216.000000,5267.000000,4336.000000
4033.000000,2532.000000,3951.000000,2722.000000
1816.000000,5468.000000,1888.000000,5685.000000
674.000000,2912.000000,312.000000,3087.000000
3010.000000,27.000000,2609.000000,77.000000
4246.000000,4715.000000,4088.000000,4752.000000
3132.000000,2810.000000,2975.000000,2843.000000
78.000000,5031.000000,102.000000,5152.000000
5821.000000,999.000000,5880.000000,1248.000000
800.000000,5379.000000,814.000000,5690.000000
792.000000,1263.000000,760.000000,1729.000000
4102.000000,67.000000,3155.000000,97.000000
2327.000000,4862.000000,2501.000000,5788.000000
577.000000,1703.000000,506.000000,1965.000000
3426.000000,3648.000000,3159.000000,3990.000000
2165.000000,3082.000000,2657.000000,3292.000000
1626.000000,2546.000000,1550.000000,2741.000000
4029.000000,5584.000000,3961.000000,5936.000000
90.000000,3559.000000,14.000000,3707.000000
3551.000000,3597.000000,3780.000000,3824.000000
1307.000000,1878.000000,1493.000000,2019.000000
4373.000000,2291.000000,4506.000000,2433.000000
2494.000000,1274.000000,2156.000000,1417.000000
265.000000,3689.000000,227.000000,3748.000000
4931.000000,665.000000,4760.000000,711.000000
352.000000,4343.000000,135.000000,4353.000000
4034.000000,2172.000000,3836.000000,2187.000000
4963.000000,3994.000000,5112.000000,4043.000000
4253.000000,1017.000000,4361.000000,1230.000000
3970.000000,1050.000000,3970.000000,1155.000000
2957.000000,787.000000,2983.000000,873.000000
4222.000000,3988.000000,4829.000000,4068.000000
4345.000000,4833.000000,3968.000000,5294.000000
14.000000,3707.000000,66.000000,4006.000000
612.000000,5089.000000,800.000000,5379.000000
262.000000,4193.000000,442.000000,4278.000000
5028.000000,1740.000000,5150.000000,1963.000000
2853.000000,609.000000,3145.000000,713.000000
5932.000000,5575.000000,5764.000000,5749.000000
5535.000000,583.000000,5537.000000,701.000000
5506.000000,1287.000000,5823.000000,1456.000000
1433.000000,4563.000000,1393.000000,4695.000000
5695.000000,5589.000000,5764.000000,5749.000000
1283.000000,5411.000000,1322.000000,5516.000000
3189.000000,3135.000000,3275.000000,3530.000000
5188.000000,3380.000000,5063.000000,3579.000000
262.000000,4193.000000,170.000000,4204.000000
5199.000000,2139.000000,5089.000000,2290.000000
3967.000000,1704.000000,3639.000000,1804.000000
1489.000000,727.000000,1937.000000,1335.000000
3538.000000,4819.000000,3612.000000,5191.000000
5780.000000,1921.000000,5947.000000,2408.000000
1866.000000,4886.000000,1884.000000,5081.000000
1087.000000,5214.000000,1042.000000,5266.000000
1.000000,2892.000000,191.000000,3139.000000
4928.000000,180.000000,5001.000000,468.000000
4032.000000,3626.000000,3780.000000,3824.000000
1819.000000,3165.000000,1390.000000,3227.000000
2742.000000,3433.000000,2880.000000,3781.000000
5604.000000,4399.000000,5866.000000,4599.000000
5515.000000,4216.000000,5604.000000,4399.000000
858.000000,1188.000000,792.000000,1263.000000
1284.000000,1580.000000,1096.000000,1600.000000
4696.000000,1163.000000,4623.000000,1226.000000
5695.000000,5589.000000,5011.000000,5659.000000
532.000000,4603.000000,765.000000,4660.000000
344.000000,4521.000000,532.000000,4603.000000
2009.000000,5167.000000,1979.000000,5242.000000
235.000000,1152.000000,75.000000,1312.000000
4426.000000,2194.000000,4592.000000,2365.000000
3780.000000,3824.000000,3808.000000,3997.000000
5028.000000,1740.000000,5225.000000,1974.000000
5618.000000,3126.000000,5188.000000,3380.000000
3181.000000,4227.000000,3249.000000,4375.000000
230.000000,530.000000,217.000000,618.000000
863.000000,4045.000000,485.000000,4082.000000
5036.000000,1227.000000,4993.000000,1274.000000
5642.000000,424.000000,5631.000000,917.000000
3551.000000,3597.000000,3426.000000,3648.000000
2131.000000,4332.000000,2362.000000,4559.000000
919.000000,3159.000000,834.000000,3609.000000
149.000000,239.000000,63.000000,441.000000
5823.000000,1456.000000,5807.000000,1555.000000
4383.000000,374.000000,4760.000000,711.000000
1711.000000,4769.000000,1863.000000,4895.000000
5110.000000,4177.000000,5008.000000,4305.000000
5506.000000,1287.000000,5458.000000,1528.000000
2155.000000,1908.000000,2399.000000,2070.000000
1937.000000,1335.000000,2109.000000,1425.000000
5367.000000,4542.000000,5558.000000,4702.000000
3010.000000,27.000000,3145.000000,713.000000
951.000000,4654.000000,715.000000,4728.000000
5297.000000,2942.000000,5336.000000,3110.000000
4616.000000,84.000000,4411.000000,262.000000
157.000000,2131.000000,86.000000,2266.000000
5225.000000,1974.000000,5153.000000,2090.000000
4222.000000,3988.000000,3995.000000,4079.000000
919.000000,3159.000000,1395.000000,3408.000000
513.000000,3631.000000,265.000000,3689.000000
3124.000000,815.000000,2983.000000,873.000000
5584.000000,4077.000000,5515.000000,4216.000000
3893.000000,4465.000000,4183.000000,4474.000000
866.000000,2697.000000,784.000000,2917.000000
5512.000000,1091.000000,5438.000000,1314.000000
4264.000000,992.000000,4042.000000,1007.000000
5498.000000,351.000000,5642.000000,424.000000
5468.000000,103.000000,4928.000000,180.000000
3970.000000,1155.000000,4136.000000,1301.000000
5641.000000,5374.000000,5454.000000,5404.000000
4399.000000,5457.000000,5007.000000,5657.000000
3783.000000,1187.000000,3849.000000,1234.000000
1141.000000,2232.000000,725.000000,2256.000000
3534.000000,3368.000000,3426.000000,3648.000000
4811.000000,1967.000000,4592.000000,2365.000000
792.000000,1263.000000,803.000000,1313.000000
3909.000000,4532.000000,3716.000000,4640.000000
4850.000000,3727.000000,4646.000000,3755.000000
5458.000000,1528.000000,5601.000000,1746.000000
1489.000000,727.000000,1292.000000,1073.000000
3878.000000,951.000000,3592.000000,1002.000000
674.000000,923.000000,653.000000,997.000000
2009.000000,5167.000000,2090.000000,5417.000000
1603.000000,2619.000000,1550.000000,2741.000000
3968.000000,5294.000000,4013.000000,5452.000000
3796.000000,3225.000000,4014.000000,3362.000000
4238.000000,5503.000000,4376.000000,5742.000000
3313.000000,5725.000000,3583.000000,5860.000000
674.000000,923.000000,235.000000,1152.000000
1420.000000,5249.000000,1378.000000,5417.000000
3021.000000,883.000000,2669.000000,901.000000
3909.000000,4532.000000,4088.000000,4752.000000
1642.000000,2631.000000,1550.000000,2741.000000
1493.000000,2019.000000,1476.000000,2128.000000
3035.000000,1998.000000,3381.000000,2138.000000
3249.000000,4375.000000,3097.000000,4460.000000
359.000000,4071.000000,442.000000,4278.000000
3272.000000,1208.000000,2950.000000,1641.000000
500.000000,3836.000000,485.000000,4082.000000
2075.000000,3253.000000,2112.000000,3439.000000
4938.000000,2889.000000,4579.000000,3004.000000
3119.000000,4131.000000,3097.000000,4460.000000
3775.000000,5245.000000,3609.000000,5794.000000
3589.000000,3368.000000,3551.000000,3597.000000
4703.000000,70.000000,4618.000000,128.000000
577.000000,1703.000000,760.000000,1729.000000
1424.000000,346.000000,1489.000000,727.000000
3097.000000,4460.000000,2829.000000,4468.000000
2289.000000,1823.000000,2155.000000,1908.000000
3517.000000,1624.000000,3639.000000,1804.000000
66.000000,4006.000000,170.000000,4204.000000
5041.000000,3735.000000,5174.000000,3995.000000
4850.000000,3727.000000,5041.000000,3735.000000
350.000000,2735.000000,674.000000,2912.000000
2483.000000,833.000000,2201.000000,1325.000000
4029.000000,5584.000000,4376.000000,5742.000000
3021.000000,883.000000,2494.000000,1274.000000
764.000000,4398.000000,951.000000,4654.000000
2289.000000,1823.000000,2399.000000,2070.000000
5913.000000,3068.000000,5759.000000,3409.000000
2201.000000,3791.000000,2391.000000,3822.000000
3830.000000,4269.000000,3787.000000,4379.000000
3716.000000,4640.000000,3538.000000,4819.000000
3010.000000,27.000000,3310.000000,686.000000
4419.000000,4627.000000,4362.000000,4772.000000
3143.000000,4642.000000,3054.000000,5110.000000
2090.000000,5417.000000,1816.000000,5468.000000
5367.000000,4542.000000,5427.000000,4741.000000
5642.000000,424.000000,5813.000000,992.000000
2538.000000,1823.000000,2999.000000,1879.000000
5815.000000,4823.000000,5921.000000,4895.000000
3348.000000,3136.000000,3589.000000,3368.000000
506.000000,1965.000000,508.000000,2488.000000
3229.000000,2285.000000,3412.000000,2330.000000
66.000000,4006.000000,54.000000,4075.000000
1307.000000,1878.000000,1228.000000,1946.000000
3632.000000,4293.000000,3716.000000,4640.000000
5242.000000,4532.000000,5427.000000,4741.000000
1393.000000,4695.000000,1288.000000,4769.000000
1150.000000,3807.000000,931.000000,3855.000000
5807.000000,1555.000000,5947.000000,2408.000000
92.000000,1558.000000,80.000000,1756.000000
3885.000000,4440.000000,3893.000000,4465.000000
227.000000,3748.000000,66.000000,4006.000000
1444.000000,5403.000000,1378.000000,5417.000000
265.000000,3689.000000,296.000000,3721.000000
3795.000000,3068.000000,3980.000000,3306.000000
1378.000000,5417.000000,1322.000000,5516.000000
3066.000000,2851.000000,2949.000000,3093.000000
4623.000000,1226.000000,4604.000000,1394.000000
195.000000,121.000000,406.000000,150.000000
390.000000,602.000000,674.000000,923.000000
1926.000000,4203.000000,1824.000000,4338.000000
5061.000000,4809.000000,4399.000000,5457.000000
2234.000000,3455.000000,2391.000000,3822.000000
3525.000000,5212.000000,3330.000000,5710.000000
92.000000,1558.000000,164.000000,1717.000000
2730.000000,3250.000000,2657.000000,3292.000000
5070.000000,3447.000000,5063.000000,3579.000000
4222.000000,3988.000000,4399.000000,4229.000000
233.000000,4773.000000,78.000000,5031.000000
2155.000000,1908.000000,2276.000000,2279.000000
1899.000000,3671.000000,2201.000000,3791.000000
1723.000000,5388.000000,1444.000000,5403.000000
352.000000,4343.000000,344.000000,4521.000000
1598.000000,4646.000000,1711.000000,4769.000000
895.000000,569.000000,753.000000,711.000000
4260.000000,1481.000000,4569.000000,1761.000000
822.000000,1426.000000,760.000000,1729.000000
3796.000000,4176.000000,3830.000000,4269.000000
5780.000000,1921.000000,5278.000000,2192.000000
1025.000000,2064.000000,1476.000000,2128.000000
5695.000000,5589.000000,5738.000000,5848.000000
863.000000,4045.000000,656.000000,4206.000000
1937.000000,1335.000000,2210.000000,1603.000000
951.000000,4654.000000,765.000000,4660.000000
3936.000000,175.000000,3994.000000,608.000000
1150.000000,3807.000000,764.000000,4398.000000
5468.000000,103.000000,5642.000000,424.000000
3076.000000,2304.000000,3132.000000,2810.000000
3893.000000,4465.000000,3909.000000,4532.000000
4616.000000,2526.000000,4698.000000,2714.000000
2770.000000,2220.000000,2728.000000,2355.000000
532.000000,4603.000000,233.000000,4773.000000
4938.000000,2889.000000,4948.000000,3135.000000
1394.000000,5928.000000,998.000000,5930.000000
1483.000000,2706.000000,1332.000000,2792.000000
3313.000000,5725.000000,3093.000000,5733.000000
3145.000000,713.000000,2983.000000,873.000000
1988.000000,449.000000,2086.000000,921.000000
390.000000,602.000000,199.000000,733.000000
5028.000000,1740.000000,5780.000000,1921.000000
2999.000000,1879.000000,3035.000000,1998.000000
1442.000000,1985.000000,1476.000000,2128.000000
2276.000000,2279.000000,1680.000000,2497.000000
5498.000000,351.000000,5535.000000,583.000000
3623.000000,1158.000000,3849.000000,1234.000000
3035.000000,1998.000000,3279.000000,2185.000000
977.000000,4951.000000,1054.000000,4990.000000
5808.000000,1101.000000,5855.000000,1262.000000
4745.000000,3407.000000,4479.000000,3466.000000
1642.000000,2631.000000,2165.000000,3082.000000
2165.000000,3082.000000,2379.000000,3374.000000
90.000000,3559.000000,141.000000,3580.000000
3878.000000,951.000000,3880.000000,1027.000000
2458.000000,2746.000000,2165.000000,3082.000000
3812.000000,750.000000,3878.000000,951.000000
4172.000000,3438.000000,4032.000000,3626.000000
3273.000000,3964.000000,3607.000000,3988.000000
4362.000000,4772.000000,4345.000000,4833.000000
4649.000000,1942.000000,4670.000000,2055.000000
3310.000000,686.000000,3164.000000,749.000000
610.000000,2596.000000,350.000000,2735.000000
5780.000000,1921.000000,5225.000000,1974.000000
1550.000000,2741.000000,1819.000000,3165.000000
4471.000000,899.000000,4264.000000,992.000000
4440.000000,5683.000000,4376.000000,5742.000000
895.000000,569.000000,1254.000000,591.000000
4475.000000,1867.000000,4670.000000,2055.000000
3638.000000,4052.000000,3615.000000,4088.000000
3623.000000,1158.000000,3505.000000,1240.000000
3298.000000,3523.000000,3275.000000,3530.000000
