POINTS
2946.000000,3.000000
3297.000000,17.000000
1873.000000,27.000000
4247.000000,34.000000
303.000000,56.000000
2337.000000,62.000000
1600.000000,67.000000
1497.000000,79.000000
207.000000,86.000000
308.000000,86.000000
3975.000000,93.000000
1077.000000,94.000000
432.000000,99.000000
4352.000000,120.000000
83.000000,132.000000
2377.000000,137.000000
4121.000000,139.000000
1658.000000,158.000000
1347.000000,166.000000
886.000000,174.000000
3642.000000,182.000000
3719.000000,195.000000
5041.000000,198.000000
1949.000000,203.000000
2165.000000,234.000000
4326.000000,236.000000
5969.000000,236.000000
22.000000,245.000000
678.000000,281.000000
4200.000000,290.000000
2905.000000,315.000000
5514.000000,344.000000
1603.000000,349.000000
832.000000,352.000000
1681.000000,352.000000
4096.000000,355.000000
5940.000000,360.000000
1971.000000,365.000000
2348.000000,365.000000
2592.000000,375.000000
79.000000,377.000000
4216.000000,384.000000
5418.000000,424.000000
557.000000,430.000000
1788.000000,451.000000
4468.000000,451.000000
5608.000000,453.000000
4077.000000,458.000000
3614.000000,501.000000
769.000000,515.000000
1308.000000,516.000000
3197.000000,530.000000
3193.000000,570.000000
3356.000000,570.000000
472.000000,571.000000
1076.000000,576.000000
2659.000000,606.000000
3963.000000,620.000000
590.000000,622.000000
5676.000000,629.000000
4059.000000,644.000000
132.000000,654.000000
2016.000000,655.000000
3332.000000,661.000000
1719.000000,682.000000
4156.000000,706.000000
4333.000000,724.000000
521.000000,726.000000
4914.000000,728.000000
3502.000000,733.000000
3387.000000,734.000000
5926.000000,758.000000
1353.000000,760.000000
4051.000000,770.000000
5885.000000,791.000000
533.000000,804.000000
3901.000000,806.000000
481.000000,812.000000
1322.000000,852.000000
3157.000000,855.000000
1743.000000,865.000000
5756.000000,877.000000
3963.000000,880.000000
3898.000000,881.000000
4377.000000,892.000000
2214.000000,913.000000
3954.000000,914.000000
3787.000000,966.000000
3120.000000,968.000000
890.000000,973.000000
5949.000000,993.000000
4411.000000,1028.000000
4686.000000,1041.000000
5434.000000,1061.000000
5743.000000,1076.000000
1740.000000,1084.000000
5755.000000,1088.000000
4504.000000,1090.000000
2479.000000,1110.000000
5989.000000,1116.000000
5307.000000,1127.000000
4948.000000,1132.000000
3236.000000,1135.000000
416.000000,1137.000000
2653.000000,1155.000000
4140.000000,1167.000000
4039.000000,1176.000000
3258.000000,1186.000000
4513.000000,1189.000000
257.000000,1195.000000
4531.000000,1201.000000
580.000000,1205.000000
1542.000000,1222.000000
3977.000000,1229.000000
4054.000000,1234.000000
2935.000000,1243.000000
1057.000000,1248.000000
1810.000000,1253.000000
2789.000000,1253.000000
1979.000000,1268.000000
3066.000000,1274.000000
3387.000000,1276.000000
1145.000000,1285.000000
487.000000,1290.000000
5602.000000,1296.000000
5960.000000,1299.000000
3202.000000,1318.000000
3217.000000,1318.000000
5347.000000,1343.000000
339.000000,1392.000000
2423.000000,1409.000000
1050.000000,1418.000000
2200.000000,1418.000000
4852.000000,1427.000000
5956.000000,1440.000000
4132.000000,1442.000000
2908.000000,1452.000000
4187.000000,1456.000000
2777.000000,1457.000000
4028.000000,1463.000000
3381.000000,1469.000000
5282.000000,1473.000000
5983.000000,1478.000000
4106.000000,1481.000000
2713.000000,1484.000000
4849.000000,1491.000000
1243.000000,1492.000000
830.000000,1499.000000
4541.000000,1525.000000
5447.000000,1540.000000
229.000000,1554.000000
4300.000000,1584.000000
1787.000000,1587.000000
5650.000000,1592.000000
1976.000000,1600.000000
5375.000000,1601.000000
2972.000000,1608.000000
941.000000,1614.000000
3990.000000,1618.000000
3337.000000,1619.000000
350.000000,1632.000000
5125.000000,1656.000000
5574.000000,1656.000000
5477.000000,1659.000000
5092.000000,1664.000000
2416.000000,1667.000000
5651.000000,1682.000000
5446.000000,1695.000000
1254.000000,1708.000000
465.000000,1717.000000
2373.000000,1719.000000
3228.000000,1727.000000
3166.000000,1730.000000
783.000000,1747.000000
5457.000000,1756.000000
782.000000,1764.000000
3255.000000,1772.000000
2103.000000,1786.000000
4708.000000,1798.000000
1920.000000,1810.000000
1656.000000,1815.000000
2960.000000,1820.000000
2214.000000,1824.000000
4716.000000,1835.000000
4639.000000,1839.000000
1810.000000,1847.000000
2748.000000,1868.000000
2844.000000,1882.000000
5474.000000,1894.000000
1093.000000,1921.000000
5979.000000,1944.000000
3372.000000,1958.000000
3306.000000,1961.000000
3181.000000,1974.000000
4561.000000,1980.000000
2955.000000,2002.000000
2573.000000,2005.000000
4808.000000,2020.000000
5485.000000,2037.000000
1200.000000,2060.000000
4495.000000,2088.000000
493.000000,2094.000000
688.000000,2100.000000
5324.000000,2105.000000
2732.000000,2109.000000
436.000000,2131.000000
476.000000,2135.000000
3426.000000,2146.000000
5076.000000,2152.000000
2201.000000,2163.000000
2291.000000,2185.000000
2113.000000,2195.000000
4540.000000,2204.000000
5958.000000,2205.000000
4097.000000,2215.000000
230.000000,2216.000000
4501.000000,2228.000000
484.000000,2243.000000
1232.000000,2261.000000
948.000000,2271.000000
41.000000,2289.000000
1229.000000,2307.000000
5134.000000,2309.000000
2509.000000,2312.000000
1762.000000,2318.000000
5666.000000,2327.000000
3847.000000,2332.000000
4149.000000,2336.000000
5739.000000,2342.000000
4577.000000,2353.000000
610.000000,2366.000000
1971.000000,2383.000000
5031.000000,2387.000000
4643.000000,2394.000000
3428.000000,2399.000000
4035.000000,2404.000000
3218.000000,2427.000000
3470.000000,2439.000000
699.000000,2443.000000
5697.000000,2454.000000
4088.000000,2461.000000
4531.000000,2465.000000
2738.000000,2468.000000
4018.000000,2492.000000
941.000000,2496.000000
5804.000000,2506.000000
5490.000000,2518.000000
1802.000000,2521.000000
4466.000000,2535.000000
524.000000,2539.000000
2010.000000,2541.000000
2391.000000,2547.000000
4028.000000,2551.000000
5243.000000,2551.000000
5902.000000,2556.000000
4499.000000,2562.000000
4960.000000,2562.000000
5088.000000,2579.000000
5103.000000,2592.000000
2074.000000,2595.000000
1583.000000,2605.000000
110.000000,2609.000000
2191.000000,2623.000000
5048.000000,2632.000000
2985.000000,2637.000000
4748.000000,2645.000000
4803.000000,2672.000000
3730.000000,2677.000000
678.000000,2682.000000
1462.000000,2693.000000
1912.000000,2694.000000
5585.000000,2696.000000
1604.000000,2730.000000
2353.000000,2732.000000
645.000000,2735.000000
3037.000000,2738.000000
4622.000000,2742.000000
2273.000000,2744.000000
3476.000000,2750.000000
203.000000,2755.000000
5077.000000,2789.000000
2396.000000,2792.000000
3931.000000,2794.000000
2226.000000,2804.000000
483.000000,2815.000000
2302.000000,2824.000000
2487.000000,2825.000000
4040.000000,2826.000000
5693.000000,2827.000000
3532.000000,2875.000000
5482.000000,2882.000000
550.000000,2912.000000
4441.000000,2914.000000
5073.000000,2918.000000
1606.000000,2947.000000
2401.000000,2955.000000
849.000000,2956.000000
5404.000000,2962.000000
5886.000000,2969.000000
2251.000000,2973.000000
4644.000000,2983.000000
2990.000000,2989.000000
5780.000000,3014.000000
863.000000,3032.000000
257.000000,3043.000000
3314.000000,3057.000000
3362.000000,3063.000000
681.000000,3070.000000
3532.000000,3079.000000
1193.000000,3082.000000
4292.000000,3087.000000
3970.000000,3092.000000
5794.000000,3109.000000
1368.000000,3110.000000
1587.000000,3115.000000
5920.000000,3121.000000
2778.000000,3139.000000
101.000000,3145.000000
1492.000000,3160.000000
560.000000,3171.000000
1695.000000,3179.000000
989.000000,3188.000000
1775.000000,3214.000000
2752.000000,3226.000000
650.000000,3232.000000
4075.000000,3233.000000
3150.000000,3236.000000
218.000000,3240.000000
5183.000000,3263.000000
2397.000000,3266.000000
3083.000000,3267.000000
912.000000,3269.000000
4784.000000,3275.000000
4085.000000,3277.000000
4643.000000,3279.000000
4938.000000,3318.000000
1218.000000,3323.000000
4300.000000,3324.000000
5004.000000,3328.000000
4996.000000,3344.000000
2345.000000,3361.000000
3218.000000,3361.000000
4045.000000,3365.000000
3086.000000,3371.000000
405.000000,3385.000000
5596.000000,3387.000000
979.000000,3410.000000
5340.000000,3437.000000
3664.000000,3446.000000
2721.000000,3447.000000
1541.000000,3453.000000
3789.000000,3465.000000
2890.000000,3468.000000
3519.000000,3482.000000
2395.000000,3485.000000
1516.000000,3493.000000
2973.000000,3494.000000
4726.000000,3521.000000
3714.000000,3523.000000
2559.000000,3531.000000
4306.000000,3535.000000
5770.000000,3539.000000
3253.000000,3550.000000
5457.000000,3553.000000
112.000000,3563.000000
4413.000000,3576.000000
5262.000000,3580.000000
1411.000000,3585.000000
580.000000,3587.000000
3128.000000,3597.000000
4243.000000,3599.000000
195.000000,3609.000000
4611.000000,3611.000000
187.000000,3616.000000
5173.000000,3645.000000
1184.000000,3669.000000
1139.000000,3679.000000
15.000000,3689.000000
1809.000000,3709.000000
5363.000000,3734.000000
1195.000000,3737.000000
4165.000000,3740.000000
3032.000000,3745.000000
4461.000000,3747.000000
5169.000000,3764.000000
1303.000000,3765.000000
397.000000,3785.000000
2359.000000,3794.000000
4283.000000,3822.000000
5156.000000,3825.000000
4108.000000,3826.000000
4471.000000,3834.000000
4951.000000,3850.000000
5267.000000,3858.000000
4152.000000,3862.000000
3123.000000,3873.000000
1459.000000,3884.000000
4705.000000,3905.000000
2351.000000,3914.000000
2337.000000,3915.000000
2313.000000,3920.000000
5345.000000,3945.000000
3016.000000,3957.000000
3940.000000,3969.000000
2826.000000,3979.000000
4552.000000,3982.000000
3833.000000,3984.000000
2431.000000,3997.000000
3749.000000,3999.000000
1925.000000,4000.000000
4929.000000,4010.000000
4688.000000,4016.000000
2204.000000,4021.000000
814.000000,4030.000000
5592.000000,4030.000000
4618.000000,4034.000000
5575.000000,4041.000000
1115.000000,4060.000000
5565.000000,4068.000000
178.000000,4069.000000
647.000000,4069.000000
3998.000000,4076.000000
3856.000000,4081.000000
3406.000000,4100.000000
3273.000000,4123.000000
2589.000000,4140.000000
1343.000000,4182.000000
3719.000000,4204.000000
4513.000000,4212.000000
2913.000000,4227.000000
3891.000000,4232.000000
73.000000,4235.000000
3395.000000,4236.000000
3925.000000,4239.000000
1351.000000,4251.000000
5714.000000,4268.000000
1546.000000,4308.000000
2669.000000,4324.000000
4295.000000,4330.000000
4410.000000,4369.000000
5326.000000,4381.000000
4583.000000,4387.000000
4340.000000,4390.000000
4999.000000,4393.000000
2906.000000,4407.000000
117.000000,4425.000000
3848.000000,4429.000000
4222.000000,4457.000000
3619.000000,4458.000000
2480.000000,4465.000000
4709.000000,4471.000000
779.000000,4480.000000
4095.000000,4481.000000
3069.000000,4504.000000
5476.000000,4504.000000
1771.000000,4525.000000
5675.000000,4531.000000
1567.000000,4547.000000
5451.000000,4548.000000
5031.000000,4572.000000
3483.000000,4605.000000
459.000000,4623.000000
3605.000000,4629.000000
2536.000000,4638.000000
2521.000000,4639.000000
2151.000000,4651.000000
1150.000000,4660.000000
4414.000000,4666.000000
3412.000000,4693.000000
4904.000000,4696.000000
4751.000000,4712.000000
3234.000000,4724.000000
648.000000,4765.000000
1344.000000,4766.000000
5441.000000,4771.000000
1692.000000,4780.000000
3713.000000,4782.000000
1479.000000,4791.000000
3352.000000,4791.000000
623.000000,4799.000000
2844.000000,4799.000000
1698.000000,4802.000000
5912.000000,4802.000000
4638.000000,4819.000000
950.000000,4824.000000
954.000000,4829.000000
5573.000000,4848.000000
5407.000000,4850.000000
3043.000000,4877.000000
2774.000000,4885.000000
1845.000000,4898.000000
5394.000000,4899.000000
5013.000000,4901.000000
5517.000000,4901.000000
1344.000000,4918.000000
1831.000000,4920.000000
3970.000000,4935.000000
3889.000000,4936.000000
4291.000000,4971.000000
14.000000,4972.000000
3402.000000,4980.000000
188.000000,4989.000000
2494.000000,5017.000000
3867.000000,5026.000000
2390.000000,5027.000000
2477.000000,5034.000000
1117.000000,5035.000000
1572.000000,5041.000000
3566.000000,5042.000000
2172.000000,5048.000000
4431.000000,5049.000000
4293.000000,5050.000000
1310.000000,5053.000000
5760.000000,5065.000000
3482.000000,5089.000000
2804.000000,5091.000000
2281.000000,5105.000000
2628.000000,5106.000000
5797.000000,5127.000000
4100.000000,5141.000000
3617.000000,5142.000000
4212.000000,5158.000000
5761.000000,5181.000000
1088.000000,5191.000000
2225.000000,5234.000000
3768.000000,5234.000000
2446.000000,5236.000000
5223.000000,5262.000000
5114.000000,5303.000000
3406.000000,5307.000000
617.000000,5316.000000
3279.000000,5340.000000
2039.000000,5353.000000
2455.000000,5360.000000
5746.000000,5360.000000
889.000000,5361.000000
3576.000000,5361.000000
5851.000000,5363.000000
4679.000000,5366.000000
3132.000000,5434.000000
4731.000000,5437.000000
5982.000000,5446.000000
659.000000,5455.000000
1764.000000,5456.000000
1559.000000,5460.000000
3024.000000,5466.000000
4296.000000,5467.000000
1591.000000,5473.000000
2962.000000,5477.000000
2867.000000,5485.000000
5246.000000,5486.000000
2041.000000,5502.000000
4249.000000,5514.000000
5454.000000,5528.000000
2509.000000,5540.000000
5777.000000,5548.000000
1603.000000,5550.000000
3001.000000,5552.000000
286.000000,5560.000000
3768.000000,5575.000000
4504.000000,5576.000000
4331.000000,5603.000000
3341.000000,5607.000000
567.000000,5608.000000
2194.000000,5614.000000
1040.000000,5625.000000
2786.000000,5629.000000
4161.000000,5645.000000
1774.000000,5661.000000
1774.000000,5663.000000
1503.000000,5671.000000
3589.000000,5693.000000
1950.000000,5702.000000
1701.000000,5710.000000
290.000000,5713.000000
4987.000000,5718.000000
842.000000,5723.000000
2467.000000,5741.000000
2275.000000,5749.000000
2884.000000,5753.000000
3562.000000,5763.000000
5052.000000,5776.000000
126.000000,5795.000000
1995.000000,5795.000000
2366.000000,5813.000000
3578.000000,5818.000000
5952.000000,5823.000000
2679.000000,5846.000000
2507.000000,5849.000000
5267.000000,5850.000000
2213.000000,5873.000000
486.000000,5895.000000
753.000000,5913.000000
3241.000000,5915.000000
3486.000000,5932.000000
2125.000000,5962.000000
2426.000000,5976.000000
2534.000000,5981.000000
4214.000000,5985.000000
LINES
2521.000000,4639.000000,2774.000000,4885.000000
4106.000000,1481.000000,3990.000000,1618.000000
3372.000000,1958.000000,3181.000000,1974.000000
647.000000,4069.000000,117.000000,4425.000000
1243.000000,1492.000000,1787.000000,1587.000000
5485.000000,2037.000000,5666.000000,2327.000000
14.000000,4972.000000,659.000000,5455.000000
5073.000000,2918.000000,4644.000000,2983.000000
2884.000000,5753.000000,3241.000000,5915.000000
2366.000000,5813.000000,2534.000000,5981.000000
4622.000000,2742.000000,4644.000000,2983.000000
3306.000000,1961.000000,3181.000000,1974.000000
5243.000000,2551.000000,5103.000000,2592.000000
5375.000000,1601.000000,5477.000000,1659.000000
5482.000000,2882.000000,5780.000000,3014.000000
4705.000000,3905.000000,4688.000000,4016.000000
3925.000000,4239.000000,4295.000000,4330.000000
5761.000000,5181.000000,5851.000000,5363.000000
5940.000000,360.000000,5989.000000,1116.000000
1603.000000,349.000000,1308.000000,516.000000
4709.000000,4471.000000,4751.000000,4712.000000
4638.000000,4819.000000,5013.000000,4901.000000
1200.000000,2060.000000,948.000000,2271.000000
688.000000,2100.000000,476.000000,2135.000000
4938.000000,3318.000000,4726.000000,3521.000000
4643.000000,3279.000000,4300.000000,3324.000000
2010.000000,2541.000000,1912.000000,2694.000000
2467.000000,5741.000000,2507.000000,5849.000000
4466.000000,2535.000000,4499.000000,2562.000000
5156.000000,3825.000000,4951.000000,3850.000000
5114.000000,5303.000000,5246.000000,5486.000000
4643.000000,2394.000000,4748.000000,2645.000000
4161.000000,5645.000000,3578.000000,5818.000000
1559.000000,5460.000000,1503.000000,5671.000000
2074.000000,2595.000000,2191.000000,2623.000000
203.000000,2755.000000,101.000000,3145.000000
645.000000,2735.000000,203.000000,2755.000000
5490.000000,2518.000000,5243.000000,2551.000000
941.000000,1614.000000,1093.000000,1921.000000
1600.000000,67.000000,1658.000000,158.000000
4059.000000,644.000000,4156.000000,706.000000
132.000000,654.000000,416.000000,1137.000000
2713.000000,1484.000000,2972.000000,1608.000000
465.000000,1717.000000,688.000000,2100.000000
2521.000000,4639.000000,2844.000000,4799.000000
1873.000000,27.000000,1600.000000,67.000000
4247.000000,34.000000,5418.000000,424.000000
842.000000,5723.000000,753.000000,5913.000000
3664.000000,3446.000000,3519.000000,3482.000000
2867.000000,5485.000000,2884.000000,5753.000000
5073.000000,2918.000000,5596.000000,3387.000000
2467.000000,5741.000000,2275.000000,5749.000000
5979.000000,1944.000000,5982.000000,5446.000000
5979.000000,1944.000000,5958.000000,2205.000000
2509.000000,5540.000000,2194.000000,5614.000000
1606.000000,2947.000000,2251.000000,2973.000000
5485.000000,2037.000000,5324.000000,2105.000000
465.000000,1717.000000,783.000000,1747.000000
3332.000000,661.000000,3502.000000,733.000000
2487.000000,2825.000000,2778.000000,3139.000000
1698.000000,4802.000000,1831.000000,4920.000000
699.000000,2443.000000,941.000000,2496.000000
2826.000000,3979.000000,2589.000000,4140.000000
5697.000000,2454.000000,5804.000000,2506.000000
5746.000000,5360.000000,5777.000000,5548.000000
1771.000000,4525.000000,1845.000000,4898.000000
5048.000000,2632.000000,4803.000000,2672.000000
4293.000000,5050.000000,4100.000000,5141.000000
2455.000000,5360.000000,2194.000000,5614.000000
4852.000000,1427.000000,4849.000000,1491.000000
2844.000000,4799.000000,2774.000000,4885.000000
1810.000000,1847.000000,1802.000000,2521.000000
1117.000000,5035.000000,1310.000000,5053.000000
308.000000,86.000000,22.000000,245.000000
3848.000000,4429.000000,3619.000000,4458.000000
1139.000000,3679.000000,814.000000,4030.000000
4088.000000,2461.000000,4018.000000,2492.000000
4468.000000,451.000000,4377.000000,892.000000
1057.000000,1248.000000,830.000000,1499.000000
5457.000000,3553.000000,5575.000000,4041.000000
493.000000,2094.000000,230.000000,2216.000000
1787.000000,1587.000000,1810.000000,1847.000000
590.000000,622.000000,890.000000,973.000000
459.000000,4623.000000,623.000000,4799.000000
5156.000000,3825.000000,5326.000000,4381.000000
2536.000000,4638.000000,2844.000000,4799.000000
3719.000000,4204.000000,3848.000000,4429.000000
5676.000000,629.000000,5434.000000,1061.000000
2172.000000,5048.000000,1764.000000,5456.000000
4121.000000,139.000000,3719.000000,195.000000
4045.000000,3365.000000,3749.000000,3999.000000
230.000000,2216.000000,484.000000,2243.000000
4513.000000,1189.000000,4531.000000,1201.000000
2905.000000,315.000000,2659.000000,606.000000
3314.000000,3057.000000,3362.000000,3063.000000
2789.000000,1253.000000,2908.000000,1452.000000
1774.000000,5663.000000,1701.000000,5710.000000
5746.000000,5360.000000,5851.000000,5363.000000
4540.000000,2204.000000,4501.000000,2228.000000
303.000000,56.000000,207.000000,86.000000
2946.000000,3.000000,2592.000000,375.000000
1831.000000,4920.000000,2172.000000,5048.000000
2467.000000,5741.000000,2366.000000,5813.000000
3642.000000,182.000000,3332.000000,661.000000
1343.000000,4182.000000,1351.000000,4251.000000
3362.000000,3063.000000,3532.000000,3079.000000
3362.000000,3063.000000,3519.000000,3482.000000
2946.000000,3.000000,1873.000000,27.000000
2480.000000,4465.000000,2151.000000,4651.000000
5886.000000,2969.000000,5780.000000,3014.000000
4731.000000,5437.000000,5246.000000,5486.000000
2890.000000,3468.000000,2559.000000,3531.000000
218.000000,3240.000000,405.000000,3385.000000
2291.000000,2185.000000,2113.000000,2195.000000
484.000000,2243.000000,524.000000,2539.000000
41.000000,2289.000000,524.000000,2539.000000
1459.000000,3884.000000,1343.000000,4182.000000
4643.000000,3279.000000,4726.000000,3521.000000
2748.000000,1868.000000,2955.000000,2002.000000
1802.000000,2521.000000,2010.000000,2541.000000
2507.000000,5849.000000,2534.000000,5981.000000
3576.000000,5361.000000,3589.000000,5693.000000
2391.000000,2547.000000,2273.000000,2744.000000
4499.000000,2562.000000,4644.000000,2983.000000
3954.000000,914.000000,4411.000000,1028.000000
2985.000000,2637.000000,3037.000000,2738.000000
3193.000000,570.000000,2659.000000,606.000000
3202.000000,1318.000000,3381.000000,1469.000000
3614.000000,501.000000,3901.000000,806.000000
4708.000000,1798.000000,4639.000000,1839.000000
5739.000000,2342.000000,5697.000000,2454.000000
1603.000000,5550.000000,1503.000000,5671.000000
4340.000000,4390.000000,4222.000000,4457.000000
3713.000000,4782.000000,3566.000000,5042.000000
1254.000000,1708.000000,1093.000000,1921.000000
5477.000000,1659.000000,5446.000000,1695.000000
4638.000000,4819.000000,4291.000000,4971.000000
5169.000000,3764.000000,4951.000000,3850.000000
5952.000000,5823.000000,5267.000000,5850.000000
1322.000000,852.000000,890.000000,973.000000
2628.000000,5106.000000,2509.000000,5540.000000
484.000000,2243.000000,948.000000,2271.000000
5592.000000,4030.000000,5476.000000,4504.000000
1831.000000,4920.000000,1572.000000,5041.000000
2521.000000,4639.000000,2151.000000,4651.000000
3977.000000,1229.000000,4054.000000,1234.000000
1200.000000,2060.000000,1232.000000,2261.000000
782.000000,1764.000000,1093.000000,1921.000000
459.000000,4623.000000,648.000000,4765.000000
2213.000000,5873.000000,2426.000000,5976.000000
753.000000,5913.000000,2534.000000,5981.000000
4561.000000,1980.000000,4097.000000,2215.000000
3954.000000,914.000000,3977.000000,1229.000000
2351.000000,3914.000000,2337.000000,3915.000000
1701.000000,5710.000000,2125.000000,5962.000000
132.000000,654.000000,229.000000,1554.000000
405.000000,3385.000000,195.000000,3609.000000
5183.000000,3263.000000,5004.000000,3328.000000
481.000000,812.000000,416.000000,1137.000000
2359.000000,3794.000000,2826.000000,3979.000000
5770.000000,3539.000000,5457.000000,3553.000000
3730.000000,2677.000000,3970.000000,3092.000000
188.000000,4989.000000,889.000000,5361.000000
590.000000,622.000000,533.000000,804.000000
659.000000,5455.000000,286.000000,5560.000000
3314.000000,3057.000000,3150.000000,3236.000000
4686.000000,1041.000000,4504.000000,1090.000000
3032.000000,3745.000000,3123.000000,3873.000000
3589.000000,5693.000000,3241.000000,5915.000000
1076.000000,576.000000,890.000000,973.000000
2962.000000,5477.000000,3001.000000,5552.000000
4165.000000,3740.000000,4108.000000,3826.000000
1587.000000,3115.000000,1541.000000,3453.000000
4531.000000,1201.000000,4541.000000,1525.000000
2946.000000,3.000000,3197.000000,530.000000
5675.000000,4531.000000,5573.000000,4848.000000
4216.000000,384.000000,4468.000000,451.000000
5446.000000,1695.000000,5457.000000,1756.000000
2348.000000,365.000000,2659.000000,606.000000
4028.000000,2551.000000,4499.000000,2562.000000
1218.000000,3323.000000,1411.000000,3585.000000
4331.000000,5603.000000,4987.000000,5718.000000
2732.000000,2109.000000,2509.000000,2312.000000
3848.000000,4429.000000,4095.000000,4481.000000
73.000000,4235.000000,14.000000,4972.000000
1322.000000,852.000000,1810.000000,1253.000000
1115.000000,4060.000000,779.000000,4480.000000
436.000000,2131.000000,230.000000,2216.000000
4306.000000,3535.000000,4243.000000,3599.000000
3332.000000,661.000000,3387.000000,734.000000
3181.000000,1974.000000,2955.000000,2002.000000
4638.000000,4819.000000,4296.000000,5467.000000
4552.000000,3982.000000,3998.000000,4076.000000
5693.000000,2827.000000,5482.000000,2882.000000
4352.000000,120.000000,5418.000000,424.000000
5780.000000,3014.000000,5920.000000,3121.000000
3362.000000,3063.000000,3664.000000,3446.000000
1351.000000,4251.000000,1344.000000,4766.000000
1606.000000,2947.000000,1775.000000,3214.000000
2487.000000,2825.000000,2401.000000,2955.000000
416.000000,1137.000000,257.000000,1195.000000
5114.000000,5303.000000,5454.000000,5528.000000
5912.000000,4802.000000,5797.000000,5127.000000
4140.000000,1167.000000,4039.000000,1176.000000
4165.000000,3740.000000,4152.000000,3862.000000
2804.000000,5091.000000,2962.000000,5477.000000
4140.000000,1167.000000,4187.000000,1456.000000
1229.000000,2307.000000,678.000000,2682.000000
4054.000000,1234.000000,4132.000000,1442.000000
3470.000000,2439.000000,4088.000000,2461.000000
1195.000000,3737.000000,1459.000000,3884.000000
4644.000000,2983.000000,4292.000000,3087.000000
1809.000000,3709.000000,2313.000000,3920.000000
308.000000,86.000000,79.000000,377.000000
783.000000,1747.000000,782.000000,1764.000000
1658.000000,158.000000,1788.000000,451.000000
1218.000000,3323.000000,1303.000000,3765.000000
3856.000000,4081.000000,3925.000000,4239.000000
1971.000000,2383.000000,2010.000000,2541.000000
3963.000000,620.000000,4059.000000,644.000000
5454.000000,5528.000000,5777.000000,5548.000000
3719.000000,4204.000000,3891.000000,4232.000000
4495.000000,2088.000000,4097.000000,2215.000000
207.000000,86.000000,22.000000,245.000000
2748.000000,1868.000000,2844.000000,1882.000000
3730.000000,2677.000000,3532.000000,2875.000000
3889.000000,4936.000000,3768.000000,5234.000000
4028.000000,1463.000000,3990.000000,1618.000000
4552.000000,3982.000000,4618.000000,4034.000000
1771.000000,4525.000000,1567.000000,4547.000000
5041.000000,198.000000,5418.000000,424.000000
2789.000000,1253.000000,2777.000000,1457.000000
5666.000000,2327.000000,5490.000000,2518.000000
4501.000000,2228.000000,4577.000000,2353.000000
3889.000000,4936.000000,3867.000000,5026.000000
2826.000000,3979.000000,2913.000000,4227.000000
3273.000000,4123.000000,3069.000000,4504.000000
5676.000000,629.000000,5743.000000,1076.000000
3977.000000,1229.000000,3387.000000,1276.000000
4352.000000,120.000000,4121.000000,139.000000
3749.000000,3999.000000,3719.000000,4204.000000
2738.000000,2468.000000,2487.000000,2825.000000
4716.000000,1835.000000,4495.000000,2088.000000
4283.000000,3822.000000,4471.000000,3834.000000
2573.000000,2005.000000,2732.000000,2109.000000
2039.000000,5353.000000,2041.000000,5502.000000
4300.000000,3324.000000,4306.000000,3535.000000
3132.000000,5434.000000,3241.000000,5915.000000
1542.000000,1222.000000,1810.000000,1253.000000
5324.000000,2105.000000,5134.000000,2309.000000
4249.000000,5514.000000,4161.000000,5645.000000
3402.000000,4980.000000,3406.000000,5307.000000
5920.000000,3121.000000,5982.000000,5446.000000
1243.000000,1492.000000,941.000000,1614.000000
1559.000000,5460.000000,1040.000000,5625.000000
5743.000000,1076.000000,5602.000000,1296.000000
5770.000000,3539.000000,5592.000000,4030.000000
5755.000000,1088.000000,5960.000000,1299.000000
4291.000000,4971.000000,4431.000000,5049.000000
1950.000000,5702.000000,1995.000000,5795.000000
4431.000000,5049.000000,4296.000000,5467.000000
2990.000000,2989.000000,2778.000000,3139.000000
2960.000000,1820.000000,2844.000000,1882.000000
5418.000000,424.000000,5608.000000,453.000000
3954.000000,914.000000,3787.000000,966.000000
2946.000000,3.000000,2377.000000,137.000000
405.000000,3385.000000,112.000000,3563.000000
5345.000000,3945.000000,5326.000000,4381.000000
3193.000000,570.000000,3157.000000,855.000000
5739.000000,2342.000000,5804.000000,2506.000000
5073.000000,2918.000000,5404.000000,2962.000000
4960.000000,2562.000000,4748.000000,2645.000000
2748.000000,1868.000000,2732.000000,2109.000000
2713.000000,1484.000000,2960.000000,1820.000000
3619.000000,4458.000000,3234.000000,4724.000000
3848.000000,4429.000000,3970.000000,4935.000000
4803.000000,2672.000000,5073.000000,2918.000000
41.000000,2289.000000,110.000000,2609.000000
2867.000000,5485.000000,2509.000000,5540.000000
3532.000000,2875.000000,3970.000000,3092.000000
1701.000000,5710.000000,842.000000,5723.000000
472.000000,571.000000,533.000000,804.000000
2494.000000,5017.000000,2390.000000,5027.000000
5592.000000,4030.000000,5575.000000,4041.000000
1845.000000,4898.000000,2390.000000,5027.000000
1695.000000,3179.000000,1541.000000,3453.000000
4999.000000,4393.000000,5031.000000,4572.000000
3234.000000,4724.000000,3352.000000,4791.000000
2366.000000,5813.000000,2507.000000,5849.000000
2955.000000,2002.000000,3218.000000,2427.000000
5958.000000,2205.000000,5886.000000,2969.000000
3218.000000,2427.000000,3470.000000,2439.000000
3128.000000,3597.000000,3123.000000,3873.000000
3066.000000,1274.000000,3202.000000,1318.000000
5490.000000,2518.000000,5585.000000,2696.000000
397.000000,3785.000000,178.000000,4069.000000
203.000000,2755.000000,483.000000,2815.000000
1193.000000,3082.000000,1218.000000,3323.000000
4028.000000,2551.000000,4040.000000,2826.000000
5804.000000,2506.000000,5585.000000,2696.000000
5476.000000,4504.000000,5675.000000,4531.000000
4040.000000,2826.000000,4075.000000,3233.000000
2786.000000,5629.000000,2884.000000,5753.000000
1774.000000,5663.000000,2125.000000,5962.000000
1117.000000,5035.000000,1088.000000,5191.000000
842.000000,5723.000000,486.000000,5895.000000
4283.000000,3822.000000,4552.000000,3982.000000
5156.000000,3825.000000,5345.000000,3945.000000
4414.000000,4666.000000,4291.000000,4971.000000
3253.000000,3550.000000,3123.000000,3873.000000
560.000000,3171.000000,650.000000,3232.000000
645.000000,2735.000000,550.000000,2912.000000
2373.000000,1719.000000,2573.000000,2005.000000
3768.000000,5575.000000,3562.000000,5763.000000
3954.000000,914.000000,4140.000000,1167.000000
3970.000000,3092.000000,4045.000000,3365.000000
1831.000000,4920.000000,1764.000000,5456.000000
4938.000000,3318.000000,4996.000000,3344.000000
1150.000000,4660.000000,1344.000000,4766.000000
2826.000000,3979.000000,2431.000000,3997.000000
405.000000,3385.000000,580.000000,3587.000000
3120.000000,968.000000,2789.000000,1253.000000
4708.000000,1798.000000,4716.000000,1835.000000
2946.000000,3.000000,4247.000000,34.000000
4852.000000,1427.000000,5282.000000,1473.000000
3352.000000,4791.000000,3402.000000,4980.000000
4247.000000,34.000000,5041.000000,198.000000
397.000000,3785.000000,647.000000,4069.000000
2908.000000,1452.000000,2972.000000,1608.000000
2172.000000,5048.000000,2039.000000,5353.000000
4643.000000,3279.000000,4413.000000,3576.000000
3975.000000,93.000000,3642.000000,182.000000
3476.000000,2750.000000,3314.000000,3057.000000
4951.000000,3850.000000,4929.000000,4010.000000
487.000000,1290.000000,465.000000,1717.000000
2397.000000,3266.000000,2345.000000,3361.000000
3234.000000,4724.000000,2844.000000,4799.000000
2416.000000,1667.000000,2103.000000,1786.000000
886.000000,174.000000,1308.000000,516.000000
2390.000000,5027.000000,2281.000000,5105.000000
5574.000000,1656.000000,5651.000000,1682.000000
4377.000000,892.000000,4504.000000,1090.000000
1810.000000,1253.000000,1787.000000,1587.000000
4331.000000,5603.000000,4161.000000,5645.000000
5447.000000,1540.000000,5375.000000,1601.000000
484.000000,2243.000000,699.000000,2443.000000
5077.000000,2789.000000,5073.000000,2918.000000
4028.000000,1463.000000,3381.000000,1469.000000
4035.000000,2404.000000,4088.000000,2461.000000
2125.000000,5962.000000,2426.000000,5976.000000
2390.000000,5027.000000,2172.000000,5048.000000
14.000000,4972.000000,286.000000,5560.000000
3132.000000,5434.000000,3341.000000,5607.000000
5243.000000,2551.000000,5404.000000,2962.000000
2016.000000,655.000000,1743.000000,865.000000
1771.000000,4525.000000,2151.000000,4651.000000
2628.000000,5106.000000,2455.000000,5360.000000
5755.000000,1088.000000,5956.000000,1440.000000
3402.000000,4980.000000,3566.000000,5042.000000
3123.000000,3873.000000,3749.000000,3999.000000
1810.000000,1847.000000,1762.000000,2318.000000
580.000000,3587.000000,1184.000000,3669.000000
3069.000000,4504.000000,2844.000000,4799.000000
3218.000000,2427.000000,3037.000000,2738.000000
4852.000000,1427.000000,4541.000000,1525.000000
4431.000000,5049.000000,4212.000000,5158.000000
2337.000000,62.000000,2377.000000,137.000000
5434.000000,1061.000000,5307.000000,1127.000000
4948.000000,1132.000000,4531.000000,1201.000000
830.000000,1499.000000,941.000000,1614.000000
617.000000,5316.000000,889.000000,5361.000000
3255.000000,1772.000000,3306.000000,1961.000000
5223.000000,5262.000000,5114.000000,5303.000000
339.000000,1392.000000,229.000000,1554.000000
3406.000000,4100.000000,3395.000000,4236.000000
3083.000000,3267.000000,2890.000000,3468.000000
4045.000000,3365.000000,4243.000000,3599.000000
3482.000000,5089.000000,3617.000000,5142.000000
890.000000,973.000000,1145.000000,1285.000000
4326.000000,236.000000,4200.000000,290.000000
524.000000,2539.000000,645.000000,2735.000000
2201.000000,2163.000000,2113.000000,2195.000000
1912.000000,2694.000000,1604.000000,2730.000000
1479.000000,4791.000000,1344.000000,4918.000000
950.000000,4824.000000,954.000000,4829.000000
2225.000000,5234.000000,2194.000000,5614.000000
2396.000000,2792.000000,2302.000000,2824.000000
1076.000000,576.000000,1353.000000,760.000000
4156.000000,706.000000,4333.000000,724.000000
5418.000000,424.000000,5434.000000,1061.000000
1254.000000,1708.000000,1656.000000,1815.000000
3476.000000,2750.000000,3532.000000,2875.000000
4540.000000,2204.000000,4577.000000,2353.000000
2935.000000,1243.000000,3066.000000,1274.000000
4095.000000,4481.000000,4291.000000,4971.000000
5675.000000,4531.000000,5451.000000,4548.000000
308.000000,86.000000,432.000000,99.000000
3193.000000,570.000000,3332.000000,661.000000
5851.000000,5363.000000,5982.000000,5446.000000
4577.000000,2353.000000,4466.000000,2535.000000
5243.000000,2551.000000,5048.000000,2632.000000
1912.000000,2694.000000,1606.000000,2947.000000
2487.000000,2825.000000,2990.000000,2989.000000
4929.000000,4010.000000,4688.000000,4016.000000
1344.000000,4766.000000,1479.000000,4791.000000
3218.000000,2427.000000,2985.000000,2637.000000
1656.000000,1815.000000,1762.000000,2318.000000
1492.000000,3160.000000,1541.000000,3453.000000
1351.000000,4251.000000,1567.000000,4547.000000
2913.000000,4227.000000,2669.000000,4324.000000
1516.000000,3493.000000,1809.000000,3709.000000
1567.000000,4547.000000,1344.000000,4766.000000
3576.000000,5361.000000,3768.000000,5575.000000
1764.000000,5456.000000,1559.000000,5460.000000
5340.000000,3437.000000,5262.000000,3580.000000
2867.000000,5485.000000,2786.000000,5629.000000
1771.000000,4525.000000,1698.000000,4802.000000
4688.000000,4016.000000,4618.000000,4034.000000
3037.000000,2738.000000,2990.000000,2989.000000
2337.000000,3915.000000,2313.000000,3920.000000
769.000000,515.000000,1308.000000,516.000000
3664.000000,3446.000000,3714.000000,3523.000000
1764.000000,5456.000000,1591.000000,5473.000000
1873.000000,27.000000,303.000000,56.000000
3253.000000,3550.000000,3128.000000,3597.000000
3016.000000,3957.000000,3273.000000,4123.000000
2041.000000,5502.000000,1774.000000,5661.000000
2377.000000,137.000000,2165.000000,234.000000
1603.000000,349.000000,1788.000000,451.000000
4803.000000,2672.000000,4644.000000,2983.000000
2191.000000,2623.000000,2226.000000,2804.000000
4243.000000,3599.000000,4108.000000,3826.000000
3719.000000,4204.000000,3925.000000,4239.000000
1559.000000,5460.000000,1603.000000,5550.000000
2359.000000,3794.000000,2351.000000,3914.000000
4140.000000,1167.000000,4513.000000,1189.000000
3502.000000,733.000000,3387.000000,734.000000
3931.000000,2794.000000,4040.000000,2826.000000
5608.000000,453.000000,5676.000000,629.000000
1740.000000,1084.000000,1810.000000,1253.000000
1979.000000,1268.000000,2200.000000,1418.000000
890.000000,973.000000,580.000000,1205.000000
1971.000000,365.000000,1788.000000,451.000000
2377.000000,137.000000,2348.000000,365.000000
5926.000000,758.000000,5989.000000,1116.000000
493.000000,2094.000000,688.000000,2100.000000
3519.000000,3482.000000,3714.000000,3523.000000
5517.000000,4901.000000,5761.000000,5181.000000
178.000000,4069.000000,73.000000,4235.000000
4461.000000,3747.000000,4471.000000,3834.000000
4216.000000,384.000000,4333.000000,724.000000
2494.000000,5017.000000,2804.000000,5091.000000
2972.000000,1608.000000,3166.000000,1730.000000
3482.000000,5089.000000,3406.000000,5307.000000
610.000000,2366.000000,699.000000,2443.000000
1764.000000,5456.000000,2041.000000,5502.000000
948.000000,2271.000000,699.000000,2443.000000
5482.000000,2882.000000,5404.000000,2962.000000
4028.000000,1463.000000,3337.000000,1619.000000
3482.000000,5089.000000,3576.000000,5361.000000
1774.000000,5663.000000,1950.000000,5702.000000
1077.000000,94.000000,432.000000,99.000000
2214.000000,1824.000000,1810.000000,1847.000000
5345.000000,3945.000000,5575.000000,4041.000000
1497.000000,79.000000,1077.000000,94.000000
5650.000000,1592.000000,5477.000000,1659.000000
3977.000000,1229.000000,4132.000000,1442.000000
5282.000000,1473.000000,5447.000000,1540.000000
3426.000000,2146.000000,3847.000000,2332.000000
1698.000000,4802.000000,1845.000000,4898.000000
4431.000000,5049.000000,4293.000000,5050.000000
1462.000000,2693.000000,1604.000000,2730.000000
5088.000000,2579.000000,5103.000000,2592.000000
4471.000000,3834.000000,4705.000000,3905.000000
1150.000000,4660.000000,1344.000000,4918.000000
5514.000000,344.000000,5608.000000,453.000000
650.000000,3232.000000,979.000000,3410.000000
5592.000000,4030.000000,5565.000000,4068.000000
3157.000000,855.000000,3387.000000,1276.000000
5052.000000,5776.000000,4214.000000,5985.000000
2353.000000,2732.000000,2302.000000,2824.000000
2151.000000,4651.000000,1845.000000,4898.000000
580.000000,1205.000000,830.000000,1499.000000
83.000000,132.000000,22.000000,245.000000
1949.000000,203.000000,1971.000000,365.000000
2113.000000,2195.000000,1802.000000,2521.000000
4028.000000,2551.000000,3730.000000,2677.000000
678.000000,281.000000,769.000000,515.000000
5761.000000,5181.000000,5746.000000,5360.000000
5770.000000,3539.000000,5714.000000,4268.000000
4039.000000,1176.000000,4054.000000,1234.000000
5761.000000,5181.000000,5982.000000,5446.000000
2713.000000,1484.000000,2416.000000,1667.000000
303.000000,56.000000,308.000000,86.000000
2200.000000,1418.000000,1976.000000,1600.000000
2353.000000,2732.000000,2273.000000,2744.000000
3123.000000,3873.000000,2826.000000,3979.000000
4140.000000,1167.000000,4132.000000,1442.000000
5912.000000,4802.000000,5760.000000,5065.000000
1516.000000,3493.000000,1411.000000,3585.000000
2353.000000,2732.000000,2396.000000,2792.000000
4441.000000,2914.000000,4292.000000,3087.000000
830.000000,1499.000000,783.000000,1747.000000
2377.000000,137.000000,2592.000000,375.000000
4929.000000,4010.000000,4999.000000,4393.000000
2890.000000,3468.000000,2973.000000,3494.000000
4212.000000,5158.000000,4161.000000,5645.000000
2972.000000,1608.000000,2960.000000,1820.000000
5650.000000,1592.000000,5375.000000,1601.000000
5565.000000,4068.000000,5476.000000,4504.000000
4504.000000,1090.000000,4531.000000,1201.000000
557.000000,430.000000,590.000000,622.000000
3258.000000,1186.000000,2935.000000,1243.000000
3664.000000,3446.000000,3789.000000,3465.000000
2521.000000,4639.000000,1845.000000,4898.000000
3768.000000,5234.000000,3576.000000,5361.000000
5979.000000,1944.000000,5666.000000,2327.000000
1462.000000,2693.000000,1193.000000,3082.000000
257.000000,3043.000000,560.000000,3171.000000
5651.000000,1682.000000,5666.000000,2327.000000
5363.000000,3734.000000,5575.000000,4041.000000
22.000000,245.000000,229.000000,1554.000000
4028.000000,1463.000000,3255.000000,1772.000000
1145.000000,1285.000000,1050.000000,1418.000000
3519.000000,3482.000000,3253.000000,3550.000000
4638.000000,4819.000000,4431.000000,5049.000000
5949.000000,993.000000,5743.000000,1076.000000
4212.000000,5158.000000,4249.000000,5514.000000
3381.000000,1469.000000,3337.000000,1619.000000
4914.000000,728.000000,4948.000000,1132.000000
1322.000000,852.000000,1740.000000,1084.000000
472.000000,571.000000,521.000000,726.000000
4531.000000,2465.000000,4499.000000,2562.000000
4996.000000,3344.000000,5262.000000,3580.000000
4499.000000,2562.000000,4622.000000,2742.000000
3387.000000,1276.000000,3381.000000,1469.000000
2479.000000,1110.000000,2200.000000,1418.000000
4541.000000,1525.000000,4561.000000,1980.000000
2789.000000,1253.000000,2713.000000,1484.000000
4960.000000,2562.000000,5103.000000,2592.000000
2446.000000,5236.000000,2455.000000,5360.000000
3642.000000,182.000000,3719.000000,195.000000
4028.000000,2551.000000,4441.000000,2914.000000
3086.000000,3371.000000,2890.000000,3468.000000
5958.000000,2205.000000,5920.000000,3121.000000
4085.000000,3277.000000,4045.000000,3365.000000
2867.000000,5485.000000,3001.000000,5552.000000
4132.000000,1442.000000,4028.000000,1463.000000
3714.000000,3523.000000,3253.000000,3550.000000
3218.000000,3361.000000,3253.000000,3550.000000
954.000000,4829.000000,1117.000000,5035.000000
2194.000000,5614.000000,2125.000000,5962.000000
5926.000000,758.000000,5885.000000,791.000000
4410.000000,4369.000000,4340.000000,4390.000000
4283.000000,3822.000000,4152.000000,3862.000000
989.000000,3188.000000,912.000000,3269.000000
3940.000000,3969.000000,3856.000000,4081.000000
5243.000000,2551.000000,5073.000000,2918.000000
3975.000000,93.000000,4121.000000,139.000000
3470.000000,2439.000000,3730.000000,2677.000000
2573.000000,2005.000000,2509.000000,2312.000000
4296.000000,5467.000000,4331.000000,5603.000000
3255.000000,1772.000000,4097.000000,2215.000000
1787.000000,1587.000000,1920.000000,1810.000000
5794.000000,3109.000000,5920.000000,3121.000000
3372.000000,1958.000000,3306.000000,1961.000000
1787.000000,1587.000000,1254.000000,1708.000000
3255.000000,1772.000000,3847.000000,2332.000000
5755.000000,1088.000000,5989.000000,1116.000000
4411.000000,1028.000000,4140.000000,1167.000000
4638.000000,4819.000000,4731.000000,5437.000000
3970.000000,3092.000000,4075.000000,3233.000000
678.000000,281.000000,557.000000,430.000000
567.000000,5608.000000,290.000000,5713.000000
4471.000000,3834.000000,4552.000000,3982.000000
257.000000,3043.000000,218.000000,3240.000000
5267.000000,5850.000000,4214.000000,5985.000000
2401.000000,2955.000000,2752.000000,3226.000000
3218.000000,2427.000000,3314.000000,3057.000000
550.000000,2912.000000,681.000000,3070.000000
1587.000000,3115.000000,1775.000000,3214.000000
2401.000000,2955.000000,2397.000000,3266.000000
2194.000000,5614.000000,2275.000000,5749.000000
2477.000000,5034.000000,2628.000000,5106.000000
4051.000000,770.000000,3901.000000,806.000000
2345.000000,3361.000000,2395.000000,3485.000000
487.000000,1290.000000,830.000000,1499.000000
3532.000000,3079.000000,3970.000000,3092.000000
5885.000000,791.000000,5743.000000,1076.000000
4643.000000,3279.000000,4938.000000,3318.000000
4028.000000,2551.000000,4085.000000,3277.000000
4377.000000,892.000000,4686.000000,1041.000000
863.000000,3032.000000,912.000000,3269.000000
5076.000000,2152.000000,5134.000000,2309.000000
1117.000000,5035.000000,889.000000,5361.000000
3406.000000,4100.000000,3719.000000,4204.000000
5156.000000,3825.000000,4929.000000,4010.000000
5485.000000,2037.000000,5134.000000,2309.000000
4679.000000,5366.000000,4296.000000,5467.000000
5041.000000,198.000000,5514.000000,344.000000
3157.000000,855.000000,3120.000000,968.000000
678.000000,2682.000000,849.000000,2956.000000
5969.000000,236.000000,5940.000000,360.000000
5156.000000,3825.000000,4999.000000,4393.000000
2395.000000,3485.000000,2313.000000,3920.000000
110.000000,2609.000000,15.000000,3689.000000
5134.000000,2309.000000,5088.000000,2579.000000
2165.000000,234.000000,2653.000000,1155.000000
3387.000000,1276.000000,4028.000000,1463.000000
3218.000000,3361.000000,3086.000000,3371.000000
1310.000000,5053.000000,889.000000,5361.000000
4513.000000,4212.000000,4709.000000,4471.000000
2345.000000,3361.000000,2313.000000,3920.000000
5246.000000,5486.000000,4987.000000,5718.000000
941.000000,1614.000000,1254.000000,1708.000000
5404.000000,2962.000000,5596.000000,3387.000000
5969.000000,236.000000,5608.000000,453.000000
308.000000,86.000000,678.000000,281.000000
3990.000000,1618.000000,4561.000000,1980.000000
550.000000,2912.000000,257.000000,3043.000000
3406.000000,5307.000000,3576.000000,5361.000000
3279.000000,5340.000000,3576.000000,5361.000000
2946.000000,3.000000,2337.000000,62.000000
4292.000000,3087.000000,4300.000000,3324.000000
5031.000000,4572.000000,5441.000000,4771.000000
3037.000000,2738.000000,2487.000000,2825.000000
4088.000000,2461.000000,4499.000000,2562.000000
5340.000000,3437.000000,5457.000000,3553.000000
4748.000000,2645.000000,4622.000000,2742.000000
2789.000000,1253.000000,3066.000000,1274.000000
4326.000000,236.000000,4468.000000,451.000000
3150.000000,3236.000000,3218.000000,3361.000000
2890.000000,3468.000000,3032.000000,3745.000000
5770.000000,3539.000000,5912.000000,4802.000000
1719.000000,682.000000,1743.000000,865.000000
5949.000000,993.000000,5755.000000,1088.000000
4731.000000,5437.000000,4504.000000,5576.000000
5474.000000,1894.000000,5666.000000,2327.000000
1774.000000,5663.000000,1995.000000,5795.000000
1193.000000,3082.000000,1492.000000,3160.000000
484.000000,2243.000000,41.000000,2289.000000
2479.000000,1110.000000,2423.000000,1409.000000
4018.000000,2492.000000,3730.000000,2677.000000
2955.000000,2002.000000,2732.000000,2109.000000
2281.000000,5105.000000,2225.000000,5234.000000
814.000000,4030.000000,647.000000,4069.000000
5169.000000,3764.000000,5267.000000,3858.000000
3963.000000,620.000000,4051.000000,770.000000
1845.000000,4898.000000,1831.000000,4920.000000
648.000000,4765.000000,950.000000,4824.000000
3157.000000,855.000000,3787.000000,966.000000
3166.000000,1730.000000,2955.000000,2002.000000
4643.000000,2394.000000,4499.000000,2562.000000
1310.000000,5053.000000,1559.000000,5460.000000
5262.000000,3580.000000,5173.000000,3645.000000
645.000000,2735.000000,483.000000,2815.000000
1873.000000,27.000000,1658.000000,158.000000
2391.000000,2547.000000,2487.000000,2825.000000
1344.000000,4766.000000,1344.000000,4918.000000
1503.000000,5671.000000,842.000000,5723.000000
3954.000000,914.000000,3387.000000,1276.000000
1971.000000,365.000000,2016.000000,655.000000
1195.000000,3737.000000,1303.000000,3765.000000
3217.000000,1318.000000,3381.000000,1469.000000
4552.000000,3982.000000,3925.000000,4239.000000
4097.000000,2215.000000,4501.000000,2228.000000
4108.000000,3826.000000,3749.000000,3999.000000
2214.000000,1824.000000,2201.000000,2163.000000
4295.000000,4330.000000,4340.000000,4390.000000
22.000000,245.000000,79.000000,377.000000
203.000000,2755.000000,550.000000,2912.000000
3749.000000,3999.000000,3406.000000,4100.000000
1920.000000,1810.000000,2214.000000,1824.000000
1912.000000,2694.000000,2226.000000,2804.000000
4643.000000,2394.000000,4531.000000,2465.000000
1591.000000,5473.000000,1603.000000,5550.000000
5574.000000,1656.000000,5477.000000,1659.000000
650.000000,3232.000000,1184.000000,3669.000000
5125.000000,1656.000000,4708.000000,1798.000000
1692.000000,4780.000000,1698.000000,4802.000000
5920.000000,3121.000000,5912.000000,4802.000000
4140.000000,1167.000000,4541.000000,1525.000000
3476.000000,2750.000000,3532.000000,3079.000000
5013.000000,4901.000000,5223.000000,5262.000000
2194.000000,5614.000000,1950.000000,5702.000000
3719.000000,4204.000000,3619.000000,4458.000000
533.000000,804.000000,416.000000,1137.000000
4132.000000,1442.000000,4187.000000,1456.000000
2225.000000,5234.000000,2455.000000,5360.000000
257.000000,3043.000000,101.000000,3145.000000
4468.000000,451.000000,4914.000000,728.000000
889.000000,5361.000000,1040.000000,5625.000000
1567.000000,4547.000000,1692.000000,4780.000000
4300.000000,3324.000000,4243.000000,3599.000000
4929.000000,4010.000000,4709.000000,4471.000000
5246.000000,5486.000000,5454.000000,5528.000000
1546.000000,4308.000000,1567.000000,4547.000000
3483.000000,4605.000000,3234.000000,4724.000000
5324.000000,2105.000000,5076.000000,2152.000000
2039.000000,5353.000000,1764.000000,5456.000000
4247.000000,34.000000,5969.000000,236.000000
4583.000000,4387.000000,4414.000000,4666.000000
5675.000000,4531.000000,5912.000000,4802.000000
2351.000000,3914.000000,2313.000000,3920.000000
1949.000000,203.000000,2165.000000,234.000000
3502.000000,733.000000,3901.000000,806.000000
2251.000000,2973.000000,1516.000000,3493.000000
617.000000,5316.000000,659.000000,5455.000000
2214.000000,913.000000,2653.000000,1155.000000
5363.000000,3734.000000,5267.000000,3858.000000
648.000000,4765.000000,954.000000,4829.000000
830.000000,1499.000000,782.000000,1764.000000
4540.000000,2204.000000,4643.000000,2394.000000
3123.000000,3873.000000,3406.000000,4100.000000
3032.000000,3745.000000,2826.000000,3979.000000
1218.000000,3323.000000,1541.000000,3453.000000
4097.000000,2215.000000,4035.000000,2404.000000
2391.000000,2547.000000,2226.000000,2804.000000
5454.000000,5528.000000,5952.000000,5823.000000
557.000000,430.000000,472.000000,571.000000
3037.000000,2738.000000,3314.000000,3057.000000
3483.000000,4605.000000,3352.000000,4791.000000
2273.000000,2744.000000,2226.000000,2804.000000
3228.000000,1727.000000,3255.000000,1772.000000
3614.000000,501.000000,3332.000000,661.000000
2201.000000,2163.000000,2291.000000,2185.000000
3066.000000,1274.000000,2972.000000,1608.000000
2509.000000,5540.000000,2679.000000,5846.000000
4149.000000,2336.000000,4577.000000,2353.000000
1559.000000,5460.000000,1591.000000,5473.000000
2416.000000,1667.000000,2214.000000,1824.000000
4187.000000,1456.000000,4541.000000,1525.000000
4688.000000,4016.000000,4709.000000,4471.000000
472.000000,571.000000,132.000000,654.000000
1184.000000,3669.000000,1303.000000,3765.000000
3502.000000,733.000000,3898.000000,881.000000
4708.000000,1798.000000,4808.000000,2020.000000
2397.000000,3266.000000,2721.000000,3447.000000
2748.000000,1868.000000,2573.000000,2005.000000
1603.000000,5550.000000,1774.000000,5661.000000
1411.000000,3585.000000,1459.000000,3884.000000
3337.000000,1619.000000,3255.000000,1772.000000
2281.000000,5105.000000,2455.000000,5360.000000
112.000000,3563.000000,195.000000,3609.000000
2990.000000,2989.000000,3150.000000,3236.000000
1229.000000,2307.000000,989.000000,3188.000000
1542.000000,1222.000000,1243.000000,1492.000000
203.000000,2755.000000,257.000000,3043.000000
1347.000000,166.000000,1603.000000,349.000000
493.000000,2094.000000,436.000000,2131.000000
1088.000000,5191.000000,889.000000,5361.000000
3123.000000,3873.000000,3016.000000,3957.000000
3337.000000,1619.000000,3228.000000,1727.000000
2962.000000,5477.000000,2867.000000,5485.000000
610.000000,2366.000000,524.000000,2539.000000
5666.000000,2327.000000,5739.000000,2342.000000
4300.000000,1584.000000,4561.000000,1980.000000
5755.000000,1088.000000,5602.000000,1296.000000
1050.000000,1418.000000,1243.000000,1492.000000
2214.000000,913.000000,2479.000000,1110.000000
1656.000000,1815.000000,1810.000000,1847.000000
101.000000,3145.000000,15.000000,3689.000000
2337.000000,62.000000,1949.000000,203.000000
2113.000000,2195.000000,1971.000000,2383.000000
3193.000000,570.000000,2653.000000,1155.000000
4028.000000,1463.000000,4106.000000,1481.000000
4097.000000,2215.000000,3847.000000,2332.000000
1583.000000,2605.000000,1462.000000,2693.000000
2477.000000,5034.000000,2455.000000,5360.000000
4708.000000,1798.000000,5076.000000,2152.000000
126.000000,5795.000000,486.000000,5895.000000
5693.000000,2827.000000,5780.000000,3014.000000
5596.000000,3387.000000,5457.000000,3553.000000
5243.000000,2551.000000,5077.000000,2789.000000
3566.000000,5042.000000,3768.000000,5234.000000
3166.000000,1730.000000,3181.000000,1974.000000
3279.000000,5340.000000,3132.000000,5434.000000
1600.000000,67.000000,1497.000000,79.000000
5103.000000,2592.000000,5048.000000,2632.000000
1802.000000,2521.000000,1912.000000,2694.000000
5969.000000,236.000000,5514.000000,344.000000
2589.000000,4140.000000,2669.000000,4324.000000
195.000000,3609.000000,187.000000,3616.000000
1606.000000,2947.000000,1368.000000,3110.000000
2509.000000,2312.000000,2738.000000,2468.000000
5585.000000,2696.000000,5482.000000,2882.000000
4333.000000,724.000000,4377.000000,892.000000
5446.000000,1695.000000,5485.000000,2037.000000
1040.000000,5625.000000,1503.000000,5671.000000
5073.000000,2918.000000,5004.000000,3328.000000
3856.000000,4081.000000,3719.000000,4204.000000
1411.000000,3585.000000,1809.000000,3709.000000
5885.000000,791.000000,5949.000000,993.000000
1572.000000,5041.000000,1310.000000,5053.000000
1303.000000,3765.000000,1459.000000,3884.000000
339.000000,1392.000000,350.000000,1632.000000
3066.000000,1274.000000,2908.000000,1452.000000
1698.000000,4802.000000,1344.000000,4918.000000
4247.000000,34.000000,4121.000000,139.000000
886.000000,174.000000,678.000000,281.000000
4291.000000,4971.000000,4293.000000,5050.000000
5223.000000,5262.000000,5777.000000,5548.000000
699.000000,2443.000000,524.000000,2539.000000
2010.000000,2541.000000,2191.000000,2623.000000
484.000000,2243.000000,610.000000,2366.000000
3197.000000,530.000000,3193.000000,570.000000
4618.000000,4034.000000,4513.000000,4212.000000
493.000000,2094.000000,476.000000,2135.000000
3901.000000,806.000000,3898.000000,881.000000
1925.000000,4000.000000,2204.000000,4021.000000
4340.000000,4390.000000,4414.000000,4666.000000
4709.000000,4471.000000,5031.000000,4572.000000
4300.000000,1584.000000,3990.000000,1618.000000
2390.000000,5027.000000,2446.000000,5236.000000
1351.000000,4251.000000,950.000000,4824.000000
1542.000000,1222.000000,1787.000000,1587.000000
3470.000000,2439.000000,3476.000000,2750.000000
4960.000000,2562.000000,5048.000000,2632.000000
4096.000000,355.000000,3614.000000,501.000000
2738.000000,2468.000000,2391.000000,2547.000000
290.000000,5713.000000,486.000000,5895.000000
4531.000000,2465.000000,4466.000000,2535.000000
4808.000000,2020.000000,4540.000000,2204.000000
623.000000,4799.000000,188.000000,4989.000000
3157.000000,855.000000,3258.000000,1186.000000
303.000000,56.000000,432.000000,99.000000
3605.000000,4629.000000,3713.000000,4782.000000
1139.000000,3679.000000,1195.000000,3737.000000
1497.000000,79.000000,1347.000000,166.000000
2844.000000,4799.000000,2804.000000,5091.000000
886.000000,174.000000,832.000000,352.000000
1603.000000,5550.000000,1701.000000,5710.000000
2396.000000,2792.000000,2401.000000,2955.000000
4852.000000,1427.000000,5092.000000,1664.000000
3970.000000,4935.000000,4100.000000,5141.000000
5982.000000,5446.000000,5952.000000,5823.000000
560.000000,3171.000000,218.000000,3240.000000
112.000000,3563.000000,187.000000,3616.000000
1920.000000,1810.000000,1810.000000,1847.000000
4504.000000,5576.000000,4331.000000,5603.000000
2467.000000,5741.000000,2679.000000,5846.000000
1587.000000,3115.000000,1695.000000,3179.000000
436.000000,2131.000000,476.000000,2135.000000
3977.000000,1229.000000,4028.000000,1463.000000
5441.000000,4771.000000,5407.000000,4850.000000
1658.000000,158.000000,1681.000000,352.000000
4577.000000,2353.000000,4643.000000,2394.000000
4243.000000,3599.000000,4283.000000,3822.000000
3589.000000,5693.000000,3562.000000,5763.000000
4849.000000,1491.000000,4708.000000,1798.000000
4495.000000,2088.000000,4501.000000,2228.000000
5434.000000,1061.000000,5347.000000,1343.000000
1462.000000,2693.000000,989.000000,3188.000000
432.000000,99.000000,886.000000,174.000000
4216.000000,384.000000,4077.000000,458.000000
4688.000000,4016.000000,4513.000000,4212.000000
2401.000000,2955.000000,2345.000000,3361.000000
3241.000000,5915.000000,4214.000000,5985.000000
5307.000000,1127.000000,4948.000000,1132.000000
4296.000000,5467.000000,4249.000000,5514.000000
41.000000,2289.000000,15.000000,3689.000000
4039.000000,1176.000000,3977.000000,1229.000000
1229.000000,2307.000000,849.000000,2956.000000
5073.000000,2918.000000,5183.000000,3263.000000
4716.000000,1835.000000,4808.000000,2020.000000
3482.000000,5089.000000,3768.000000,5234.000000
1810.000000,1847.000000,2201.000000,2163.000000
2774.000000,4885.000000,2390.000000,5027.000000
5651.000000,1682.000000,5474.000000,1894.000000
4709.000000,4471.000000,4638.000000,4819.000000
5477.000000,1659.000000,5457.000000,1756.000000
4716.000000,1835.000000,4639.000000,1839.000000
5282.000000,1473.000000,5125.000000,1656.000000
3713.000000,4782.000000,3889.000000,4936.000000
2291.000000,2185.000000,2191.000000,2623.000000
5585.000000,2696.000000,5693.000000,2827.000000
5434.000000,1061.000000,5602.000000,1296.000000
110.000000,2609.000000,203.000000,2755.000000
5902.000000,2556.000000,5693.000000,2827.000000
4247.000000,34.000000,3975.000000,93.000000
4077.000000,458.000000,3963.000000,620.000000
2103.000000,1786.000000,1920.000000,1810.000000
4291.000000,4971.000000,4100.000000,5141.000000
5651.000000,1682.000000,5979.000000,1944.000000
2946.000000,3.000000,303.000000,56.000000
4686.000000,1041.000000,4948.000000,1132.000000
3297.000000,17.000000,3197.000000,530.000000
2397.000000,3266.000000,2395.000000,3485.000000
257.000000,1195.000000,487.000000,1290.000000
1139.000000,3679.000000,1115.000000,4060.000000
1353.000000,760.000000,1322.000000,852.000000
2669.000000,4324.000000,2536.000000,4638.000000
2589.000000,4140.000000,2913.000000,4227.000000
1606.000000,2947.000000,1587.000000,3115.000000
4611.000000,3611.000000,4461.000000,3747.000000
5394.000000,4899.000000,5517.000000,4901.000000
5243.000000,2551.000000,5088.000000,2579.000000
476.000000,2135.000000,484.000000,2243.000000
5958.000000,2205.000000,5739.000000,2342.000000
2172.000000,5048.000000,2225.000000,5234.000000
5451.000000,4548.000000,5441.000000,4771.000000
4541.000000,1525.000000,4639.000000,1839.000000
2191.000000,2623.000000,1912.000000,2694.000000
1541.000000,3453.000000,1516.000000,3493.000000
2536.000000,4638.000000,2521.000000,4639.000000
5173.000000,3645.000000,4705.000000,3905.000000
1077.000000,94.000000,1347.000000,166.000000
1254.000000,1708.000000,1200.000000,2060.000000
2592.000000,375.000000,2659.000000,606.000000
1254.000000,1708.000000,1232.000000,2261.000000
1603.000000,349.000000,1719.000000,682.000000
4059.000000,644.000000,4333.000000,724.000000
1995.000000,5795.000000,2125.000000,5962.000000
2348.000000,365.000000,2592.000000,375.000000
5920.000000,3121.000000,5770.000000,3539.000000
3998.000000,4076.000000,3856.000000,4081.000000
5989.000000,1116.000000,5960.000000,1299.000000
229.000000,1554.000000,41.000000,2289.000000
3954.000000,914.000000,4039.000000,1176.000000
4413.000000,3576.000000,4461.000000,3747.000000
2732.000000,2109.000000,2738.000000,2468.000000
3719.000000,4204.000000,3395.000000,4236.000000
4583.000000,4387.000000,4638.000000,4819.000000
3940.000000,3969.000000,3998.000000,4076.000000
2908.000000,1452.000000,2777.000000,1457.000000
1322.000000,852.000000,1743.000000,865.000000
5375.000000,1601.000000,5446.000000,1695.000000
5573.000000,4848.000000,5761.000000,5181.000000
1873.000000,27.000000,1077.000000,94.000000
4904.000000,4696.000000,4751.000000,4712.000000
22.000000,245.000000,15.000000,3689.000000
2345.000000,3361.000000,1516.000000,3493.000000
5418.000000,424.000000,5307.000000,1127.000000
5956.000000,1440.000000,5447.000000,1540.000000
4904.000000,4696.000000,5013.000000,4901.000000
4948.000000,1132.000000,5282.000000,1473.000000
5714.000000,4268.000000,5476.000000,4504.000000
4951.000000,3850.000000,4688.000000,4016.000000
3372.000000,1958.000000,3428.000000,2399.000000
5485.000000,2037.000000,5490.000000,2518.000000
230.000000,2216.000000,41.000000,2289.000000
4149.000000,2336.000000,4088.000000,2461.000000
4187.000000,1456.000000,4106.000000,1481.000000
5756.000000,877.000000,5743.000000,1076.000000
5407.000000,4850.000000,5394.000000,4899.000000
3043.000000,4877.000000,3279.000000,5340.000000
1979.000000,1268.000000,1976.000000,1600.000000
1572.000000,5041.000000,1559.000000,5460.000000
2906.000000,4407.000000,2844.000000,4799.000000
4352.000000,120.000000,4326.000000,236.000000
4040.000000,2826.000000,3970.000000,3092.000000
1743.000000,865.000000,2214.000000,913.000000
3372.000000,1958.000000,3218.000000,2427.000000
3273.000000,4123.000000,3395.000000,4236.000000
5457.000000,1756.000000,5485.000000,2037.000000
2172.000000,5048.000000,2281.000000,5105.000000
2721.000000,3447.000000,2559.000000,3531.000000
1695.000000,3179.000000,1775.000000,3214.000000
2359.000000,3794.000000,2431.000000,3997.000000
5134.000000,2309.000000,5031.000000,2387.000000
4726.000000,3521.000000,4611.000000,3611.000000
1976.000000,1600.000000,2103.000000,1786.000000
1787.000000,1587.000000,1656.000000,1815.000000
2165.000000,234.000000,2016.000000,655.000000
1774.000000,5661.000000,1774.000000,5663.000000
4200.000000,290.000000,4216.000000,384.000000
5394.000000,4899.000000,5746.000000,5360.000000
4212.000000,5158.000000,3768.000000,5234.000000
2752.000000,3226.000000,2721.000000,3447.000000
4108.000000,3826.000000,4152.000000,3862.000000
4077.000000,458.000000,4059.000000,644.000000
2395.000000,3485.000000,2559.000000,3531.000000
3043.000000,4877.000000,3406.000000,5307.000000
3356.000000,570.000000,3332.000000,661.000000
2204.000000,4021.000000,2480.000000,4465.000000
3970.000000,3092.000000,3664.000000,3446.000000
659.000000,5455.000000,1040.000000,5625.000000
4222.000000,4457.000000,4414.000000,4666.000000
5912.000000,4802.000000,5573.000000,4848.000000
5031.000000,2387.000000,4960.000000,2562.000000
4096.000000,355.000000,4216.000000,384.000000
3395.000000,4236.000000,3619.000000,4458.000000
2559.000000,3531.000000,3032.000000,3745.000000
5134.000000,2309.000000,5243.000000,2551.000000
1308.000000,516.000000,1076.000000,576.000000
779.000000,4480.000000,648.000000,4765.000000
487.000000,1290.000000,339.000000,1392.000000
2679.000000,5846.000000,2534.000000,5981.000000
2373.000000,1719.000000,2291.000000,2185.000000
5457.000000,3553.000000,5173.000000,3645.000000
3931.000000,2794.000000,3970.000000,3092.000000
4552.000000,3982.000000,4410.000000,4369.000000
5013.000000,4901.000000,5114.000000,5303.000000
4504.000000,5576.000000,4987.000000,5718.000000
397.000000,3785.000000,117.000000,4425.000000
2905.000000,315.000000,2592.000000,375.000000
524.000000,2539.000000,203.000000,2755.000000
5246.000000,5486.000000,5052.000000,5776.000000
4468.000000,451.000000,4686.000000,1041.000000
4108.000000,3826.000000,3833.000000,3984.000000
4852.000000,1427.000000,4708.000000,1798.000000
842.000000,5723.000000,2125.000000,5962.000000
4644.000000,2983.000000,4643.000000,3279.000000
3833.000000,3984.000000,3856.000000,4081.000000
2732.000000,2109.000000,2985.000000,2637.000000
645.000000,2735.000000,849.000000,2956.000000
1343.000000,4182.000000,1567.000000,4547.000000
5940.000000,360.000000,5608.000000,453.000000
3576.000000,5361.000000,3341.000000,5607.000000
941.000000,2496.000000,678.000000,2682.000000
350.000000,1632.000000,465.000000,1717.000000
2103.000000,1786.000000,2214.000000,1824.000000
681.000000,3070.000000,912.000000,3269.000000
290.000000,5713.000000,842.000000,5723.000000
3297.000000,17.000000,3642.000000,182.000000
5983.000000,1478.000000,5447.000000,1540.000000
2509.000000,5540.000000,2786.000000,5629.000000
550.000000,2912.000000,560.000000,3171.000000
3043.000000,4877.000000,3402.000000,4980.000000
2905.000000,315.000000,3193.000000,570.000000
2251.000000,2973.000000,2345.000000,3361.000000
3066.000000,1274.000000,3217.000000,1318.000000
580.000000,3587.000000,195.000000,3609.000000
4413.000000,3576.000000,4611.000000,3611.000000
1976.000000,1600.000000,2416.000000,1667.000000
5375.000000,1601.000000,4708.000000,1798.000000
4643.000000,3279.000000,4611.000000,3611.000000
22.000000,245.000000,132.000000,654.000000
1229.000000,2307.000000,941.000000,2496.000000
3166.000000,1730.000000,3255.000000,1772.000000
5989.000000,1116.000000,5979.000000,1944.000000
2416.000000,1667.000000,2373.000000,1719.000000
4499.000000,2562.000000,4748.000000,2645.000000
4152.000000,3862.000000,4552.000000,3982.000000
5739.000000,2342.000000,5902.000000,2556.000000
3395.000000,4236.000000,3234.000000,4724.000000
1587.000000,3115.000000,1492.000000,3160.000000
4085.000000,3277.000000,4300.000000,3324.000000
5989.000000,1116.000000,5982.000000,5446.000000
4748.000000,2645.000000,4803.000000,2672.000000
4243.000000,3599.000000,4152.000000,3862.000000
5574.000000,1656.000000,5474.000000,1894.000000
4644.000000,2983.000000,4996.000000,3344.000000
521.000000,726.000000,533.000000,804.000000
4333.000000,724.000000,3954.000000,914.000000
4904.000000,4696.000000,5407.000000,4850.000000
3253.000000,3550.000000,3749.000000,3999.000000
3975.000000,93.000000,3719.000000,195.000000
5457.000000,3553.000000,5363.000000,3734.000000
3166.000000,1730.000000,2960.000000,1820.000000
4331.000000,5603.000000,4214.000000,5985.000000
1503.000000,5671.000000,1701.000000,5710.000000
5031.000000,4572.000000,4904.000000,4696.000000
2955.000000,2002.000000,2985.000000,2637.000000
623.000000,4799.000000,954.000000,4829.000000
286.000000,5560.000000,567.000000,5608.000000
3470.000000,2439.000000,4018.000000,2492.000000
5886.000000,2969.000000,5920.000000,3121.000000
5743.000000,1076.000000,5755.000000,1088.000000
5375.000000,1601.000000,5125.000000,1656.000000
2774.000000,4885.000000,2494.000000,5017.000000
2844.000000,1882.000000,2955.000000,2002.000000
5246.000000,5486.000000,5952.000000,5823.000000
5326.000000,4381.000000,5031.000000,4572.000000
5982.000000,5446.000000,5777.000000,5548.000000
3486.000000,5932.000000,4214.000000,5985.000000
2416.000000,1667.000000,2573.000000,2005.000000
3069.000000,4504.000000,3234.000000,4724.000000
3032.000000,3745.000000,2359.000000,3794.000000
5156.000000,3825.000000,5267.000000,3858.000000
5983.000000,1478.000000,5979.000000,1944.000000
4377.000000,892.000000,4411.000000,1028.000000
4059.000000,644.000000,4051.000000,770.000000
4333.000000,724.000000,4411.000000,1028.000000
1567.000000,4547.000000,1479.000000,4791.000000
4639.000000,1839.000000,4561.000000,1980.000000
4156.000000,706.000000,4051.000000,770.000000
3891.000000,4232.000000,3925.000000,4239.000000
1658.000000,158.000000,1603.000000,349.000000
2016.000000,655.000000,2653.000000,1155.000000
1322.000000,852.000000,1145.000000,1285.000000
4216.000000,384.000000,4059.000000,644.000000
650.000000,3232.000000,1303.000000,3765.000000
1093.000000,1921.000000,1200.000000,2060.000000
2479.000000,1110.000000,2653.000000,1155.000000
3990.000000,1618.000000,4097.000000,2215.000000
2589.000000,4140.000000,2480.000000,4465.000000
432.000000,99.000000,678.000000,281.000000
101.000000,3145.000000,218.000000,3240.000000
4611.000000,3611.000000,4471.000000,3834.000000
5596.000000,3387.000000,5770.000000,3539.000000
73.000000,4235.000000,117.000000,4425.000000
2204.000000,4021.000000,1546.000000,4308.000000
2251.000000,2973.000000,1775.000000,3214.000000
3234.000000,4724.000000,3402.000000,4980.000000
2494.000000,5017.000000,2628.000000,5106.000000
2395.000000,3485.000000,2359.000000,3794.000000
889.000000,5361.000000,659.000000,5455.000000
5031.000000,2387.000000,4643.000000,2394.000000
4495.000000,2088.000000,4540.000000,2204.000000
5183.000000,3263.000000,4996.000000,3344.000000
3713.000000,4782.000000,3352.000000,4791.000000
3128.000000,3597.000000,3032.000000,3745.000000
187.000000,3616.000000,15.000000,3689.000000
5446.000000,1695.000000,5324.000000,2105.000000
207.000000,86.000000,83.000000,132.000000
1492.000000,3160.000000,1218.000000,3323.000000
5770.000000,3539.000000,5575.000000,4041.000000
1788.000000,451.000000,2016.000000,655.000000
3132.000000,5434.000000,3001.000000,5552.000000
5347.000000,1343.000000,5447.000000,1540.000000
465.000000,1717.000000,1200.000000,2060.000000
3833.000000,3984.000000,3749.000000,3999.000000
3016.000000,3957.000000,2913.000000,4227.000000
3157.000000,855.000000,3236.000000,1135.000000
2194.000000,5614.000000,1995.000000,5795.000000
2226.000000,2804.000000,2302.000000,2824.000000
4306.000000,3535.000000,4413.000000,3576.000000
2679.000000,5846.000000,2507.000000,5849.000000
5770.000000,3539.000000,5476.000000,4504.000000
4808.000000,2020.000000,5076.000000,2152.000000
2426.000000,5976.000000,2534.000000,5981.000000
1764.000000,5456.000000,1603.000000,5550.000000
2396.000000,2792.000000,2251.000000,2973.000000
1810.000000,1253.000000,1979.000000,1268.000000
550.000000,2912.000000,849.000000,2956.000000
2509.000000,2312.000000,2191.000000,2623.000000
3297.000000,17.000000,3975.000000,93.000000
5585.000000,2696.000000,5404.000000,2962.000000
5983.000000,1478.000000,5651.000000,1682.000000
2804.000000,5091.000000,2628.000000,5106.000000
2990.000000,2989.000000,3083.000000,3267.000000
459.000000,4623.000000,14.000000,4972.000000
2351.000000,3914.000000,2204.000000,4021.000000
3768.000000,5575.000000,3578.000000,5818.000000
4411.000000,1028.000000,4504.000000,1090.000000
229.000000,1554.000000,350.000000,1632.000000
1150.000000,4660.000000,954.000000,4829.000000
1368.000000,3110.000000,1587.000000,3115.000000
5760.000000,5065.000000,5797.000000,5127.000000
3234.000000,4724.000000,3043.000000,4877.000000
1546.000000,4308.000000,1771.000000,4525.000000
3963.000000,620.000000,3901.000000,806.000000
1193.000000,3082.000000,989.000000,3188.000000
2477.000000,5034.000000,2446.000000,5236.000000
4045.000000,3365.000000,3714.000000,3523.000000
4051.000000,770.000000,3898.000000,881.000000
3889.000000,4936.000000,3566.000000,5042.000000
5041.000000,198.000000,5969.000000,236.000000
4411.000000,1028.000000,4513.000000,1189.000000
4200.000000,290.000000,4096.000000,355.000000
4075.000000,3233.000000,4085.000000,3277.000000
1698.000000,4802.000000,1572.000000,5041.000000
2946.000000,3.000000,3297.000000,17.000000
1200.000000,2060.000000,1229.000000,2307.000000
1195.000000,3737.000000,1115.000000,4060.000000
3428.000000,2399.000000,3470.000000,2439.000000
4561.000000,1980.000000,4495.000000,2088.000000
5885.000000,791.000000,5756.000000,877.000000
2275.000000,5749.000000,2213.000000,5873.000000
3218.000000,2427.000000,3476.000000,2750.000000
5267.000000,3858.000000,5345.000000,3945.000000
2390.000000,5027.000000,2477.000000,5034.000000
195.000000,3609.000000,397.000000,3785.000000
416.000000,1137.000000,580.000000,1205.000000
560.000000,3171.000000,405.000000,3385.000000
3578.000000,5818.000000,4214.000000,5985.000000
2016.000000,655.000000,2214.000000,913.000000
4149.000000,2336.000000,4499.000000,2562.000000
3341.000000,5607.000000,3241.000000,5915.000000
483.000000,2815.000000,550.000000,2912.000000
5960.000000,1299.000000,5983.000000,1478.000000
3193.000000,570.000000,3387.000000,734.000000
941.000000,1614.000000,782.000000,1764.000000
2165.000000,234.000000,2348.000000,365.000000
2653.000000,1155.000000,2789.000000,1253.000000
4222.000000,4457.000000,4095.000000,4481.000000
3197.000000,530.000000,3356.000000,570.000000
1762.000000,2318.000000,1583.000000,2605.000000
1459.000000,3884.000000,1546.000000,4308.000000
524.000000,2539.000000,678.000000,2682.000000
2752.000000,3226.000000,2890.000000,3468.000000
1344.000000,4918.000000,1117.000000,5035.000000
4333.000000,724.000000,4051.000000,770.000000
2777.000000,1457.000000,2713.000000,1484.000000
2337.000000,62.000000,2165.000000,234.000000
5477.000000,1659.000000,5474.000000,1894.000000
2010.000000,2541.000000,2074.000000,2595.000000
5575.000000,4041.000000,5565.000000,4068.000000
5031.000000,2387.000000,5088.000000,2579.000000
1845.000000,4898.000000,2172.000000,5048.000000
2659.000000,606.000000,2653.000000,1155.000000
5739.000000,2342.000000,5490.000000,2518.000000
4108.000000,3826.000000,3940.000000,3969.000000
4501.000000,2228.000000,4149.000000,2336.000000
5777.000000,5548.000000,5952.000000,5823.000000
580.000000,3587.000000,1139.000000,3679.000000
2906.000000,4407.000000,3069.000000,4504.000000
2165.000000,234.000000,1971.000000,365.000000
1788.000000,451.000000,1719.000000,682.000000
2804.000000,5091.000000,2867.000000,5485.000000
132.000000,654.000000,481.000000,812.000000
681.000000,3070.000000,650.000000,3232.000000
79.000000,377.000000,472.000000,571.000000
4513.000000,4212.000000,4583.000000,4387.000000
580.000000,3587.000000,397.000000,3785.000000
4295.000000,4330.000000,4410.000000,4369.000000
5363.000000,3734.000000,5169.000000,3764.000000
5183.000000,3263.000000,5262.000000,3580.000000
1353.000000,760.000000,1743.000000,865.000000
3193.000000,570.000000,3356.000000,570.000000
4716.000000,1835.000000,4561.000000,1980.000000
3001.000000,5552.000000,2884.000000,5753.000000
2313.000000,3920.000000,2204.000000,4021.000000
1971.000000,2383.000000,2191.000000,2623.000000
4296.000000,5467.000000,4161.000000,5645.000000
1310.000000,5053.000000,1040.000000,5625.000000
1802.000000,2521.000000,1604.000000,2730.000000
3314.000000,3057.000000,3532.000000,3079.000000
257.000000,1195.000000,229.000000,1554.000000
1787.000000,1587.000000,2103.000000,1786.000000
5476.000000,4504.000000,5451.000000,4548.000000
2074.000000,2595.000000,1912.000000,2694.000000
2200.000000,1418.000000,2416.000000,1667.000000
1971.000000,2383.000000,1802.000000,2521.000000
5575.000000,4041.000000,5326.000000,4381.000000
3202.000000,1318.000000,3217.000000,1318.000000
4410.000000,4369.000000,4583.000000,4387.000000
5697.000000,2454.000000,5490.000000,2518.000000
5565.000000,4068.000000,5326.000000,4381.000000
3150.000000,3236.000000,3086.000000,3371.000000
1308.000000,516.000000,1353.000000,760.000000
3255.000000,1772.000000,3181.000000,1974.000000
3120.000000,968.000000,3236.000000,1135.000000
650.000000,3232.000000,912.000000,3269.000000
1542.000000,1222.000000,1145.000000,1285.000000
1774.000000,5661.000000,1701.000000,5710.000000
5457.000000,1756.000000,5474.000000,1894.000000
5920.000000,3121.000000,5596.000000,3387.000000
3406.000000,5307.000000,3279.000000,5340.000000
659.000000,5455.000000,567.000000,5608.000000
1459.000000,3884.000000,1925.000000,4000.000000
4095.000000,4481.000000,4414.000000,4666.000000
753.000000,5913.000000,2426.000000,5976.000000
4751.000000,4712.000000,5013.000000,4901.000000
3279.000000,5340.000000,3341.000000,5607.000000
2908.000000,1452.000000,2713.000000,1484.000000
3898.000000,881.000000,3787.000000,966.000000
3297.000000,17.000000,4247.000000,34.000000
416.000000,1137.000000,487.000000,1290.000000
2113.000000,2195.000000,2191.000000,2623.000000
2669.000000,4324.000000,2480.000000,4465.000000
533.000000,804.000000,890.000000,973.000000
779.000000,4480.000000,950.000000,4824.000000
459.000000,4623.000000,188.000000,4989.000000
1809.000000,3709.000000,1925.000000,4000.000000
2225.000000,5234.000000,2041.000000,5502.000000
1912.000000,2694.000000,2251.000000,2973.000000
2913.000000,4227.000000,2906.000000,4407.000000
849.000000,2956.000000,989.000000,3188.000000
14.000000,4972.000000,188.000000,4989.000000
1145.000000,1285.000000,1243.000000,1492.000000
3898.000000,881.000000,3954.000000,914.000000
1077.000000,94.000000,1308.000000,516.000000
5223.000000,5262.000000,5454.000000,5528.000000
5052.000000,5776.000000,5267.000000,5850.000000
2423.000000,1409.000000,2200.000000,1418.000000
2738.000000,2468.000000,2985.000000,2637.000000
187.000000,3616.000000,397.000000,3785.000000
5326.000000,4381.000000,5451.000000,4548.000000
5714.000000,4268.000000,5912.000000,4802.000000
1775.000000,3214.000000,1516.000000,3493.000000
1658.000000,158.000000,1949.000000,203.000000
1762.000000,2318.000000,1802.000000,2521.000000
863.000000,3032.000000,681.000000,3070.000000
989.000000,3188.000000,979.000000,3410.000000
1115.000000,4060.000000,1351.000000,4251.000000
5514.000000,344.000000,5418.000000,424.000000
648.000000,4765.000000,623.000000,4799.000000
4504.000000,1090.000000,4513.000000,1189.000000
4726.000000,3521.000000,4705.000000,3905.000000
3998.000000,4076.000000,3925.000000,4239.000000
5952.000000,5823.000000,4214.000000,5985.000000
2359.000000,3794.000000,2313.000000,3920.000000
954.000000,4829.000000,889.000000,5361.000000
4097.000000,2215.000000,4149.000000,2336.000000
4212.000000,5158.000000,4296.000000,5467.000000
117.000000,4425.000000,14.000000,4972.000000
3352.000000,4791.000000,3566.000000,5042.000000
3617.000000,5142.000000,3768.000000,5234.000000
1308.000000,516.000000,1719.000000,682.000000
1656.000000,1815.000000,1232.000000,2261.000000
4583.000000,4387.000000,4709.000000,4471.000000
2480.000000,4465.000000,2536.000000,4638.000000
4075.000000,3233.000000,4045.000000,3365.000000
3566.000000,5042.000000,3482.000000,5089.000000
15.000000,3689.000000,14.000000,4972.000000
5794.000000,3109.000000,5596.000000,3387.000000
2275.000000,5749.000000,2125.000000,5962.000000
3086.000000,3371.000000,2973.000000,3494.000000
4611.000000,3611.000000,4705.000000,3905.000000
2431.000000,3997.000000,2480.000000,4465.000000
769.000000,515.000000,590.000000,622.000000
2423.000000,1409.000000,2713.000000,1484.000000
5125.000000,1656.000000,5092.000000,1664.000000
257.000000,1195.000000,339.000000,1392.000000
3362.000000,3063.000000,3218.000000,3361.000000
5407.000000,4850.000000,5517.000000,4901.000000
1139.000000,3679.000000,397.000000,3785.000000
3083.000000,3267.000000,3086.000000,3371.000000
2213.000000,5873.000000,2125.000000,5962.000000
493.000000,2094.000000,41.000000,2289.000000
3241.000000,5915.000000,2534.000000,5981.000000
4679.000000,5366.000000,4504.000000,5576.000000
1764.000000,5456.000000,1774.000000,5661.000000
647.000000,4069.000000,459.000000,4623.000000
688.000000,2100.000000,948.000000,2271.000000
5134.000000,2309.000000,5490.000000,2518.000000
132.000000,654.000000,257.000000,1195.000000
4413.000000,3576.000000,4283.000000,3822.000000
3562.000000,5763.000000,3578.000000,5818.000000
2455.000000,5360.000000,2509.000000,5540.000000
15.000000,3689.000000,73.000000,4235.000000
2946.000000,3.000000,2905.000000,315.000000
3749.000000,3999.000000,3856.000000,4081.000000
4914.000000,728.000000,5307.000000,1127.000000
5073.000000,2918.000000,4996.000000,3344.000000
5482.000000,2882.000000,5794.000000,3109.000000
3856.000000,4081.000000,3891.000000,4232.000000
1603.000000,349.000000,1681.000000,352.000000
2431.000000,3997.000000,2204.000000,4021.000000
3372.000000,1958.000000,3426.000000,2146.000000
560.000000,3171.000000,580.000000,3587.000000
5394.000000,4899.000000,5777.000000,5548.000000
5457.000000,3553.000000,5262.000000,3580.000000
5676.000000,629.000000,5756.000000,877.000000
3218.000000,3361.000000,2973.000000,3494.000000
2353.000000,2732.000000,2487.000000,2825.000000
659.000000,5455.000000,842.000000,5723.000000
1310.000000,5053.000000,1088.000000,5191.000000
2509.000000,2312.000000,2391.000000,2547.000000
4295.000000,4330.000000,4095.000000,4481.000000
4300.000000,3324.000000,4045.000000,3365.000000
5797.000000,5127.000000,5761.000000,5181.000000
4096.000000,355.000000,4077.000000,458.000000
2275.000000,5749.000000,2366.000000,5813.000000
590.000000,622.000000,521.000000,726.000000
1040.000000,5625.000000,842.000000,5723.000000
1516.000000,3493.000000,2313.000000,3920.000000
3218.000000,3361.000000,3128.000000,3597.000000
5676.000000,629.000000,5926.000000,758.000000
3867.000000,5026.000000,3768.000000,5234.000000
3847.000000,2332.000000,3470.000000,2439.000000
2721.000000,3447.000000,2890.000000,3468.000000
4045.000000,3365.000000,3789.000000,3465.000000
849.000000,2956.000000,863.000000,3032.000000
5169.000000,3764.000000,5156.000000,3825.000000
41.000000,2289.000000,203.000000,2755.000000
832.000000,352.000000,769.000000,515.000000
4051.000000,770.000000,3963.000000,880.000000
4152.000000,3862.000000,3940.000000,3969.000000
623.000000,4799.000000,889.000000,5361.000000
688.000000,2100.000000,484.000000,2243.000000
3337.000000,1619.000000,3166.000000,1730.000000
3043.000000,4877.000000,2804.000000,5091.000000
218.000000,3240.000000,112.000000,3563.000000
5183.000000,3263.000000,5596.000000,3387.000000
436.000000,2131.000000,484.000000,2243.000000
830.000000,1499.000000,465.000000,1717.000000
989.000000,3188.000000,1218.000000,3323.000000
3848.000000,4429.000000,4291.000000,4971.000000
2713.000000,1484.000000,2748.000000,1868.000000
5092.000000,1664.000000,4708.000000,1798.000000
4504.000000,1090.000000,4948.000000,1132.000000
5326.000000,4381.000000,5476.000000,4504.000000
5650.000000,1592.000000,5651.000000,1682.000000
79.000000,377.000000,557.000000,430.000000
3279.000000,5340.000000,3024.000000,5466.000000
397.000000,3785.000000,814.000000,4030.000000
4035.000000,2404.000000,3470.000000,2439.000000
4243.000000,3599.000000,4165.000000,3740.000000
948.000000,2271.000000,1229.000000,2307.000000
1600.000000,67.000000,1347.000000,166.000000
3255.000000,1772.000000,3372.000000,1958.000000
3193.000000,570.000000,2789.000000,1253.000000
2935.000000,1243.000000,2789.000000,1253.000000
1343.000000,4182.000000,1546.000000,4308.000000
5926.000000,758.000000,5756.000000,877.000000
681.000000,3070.000000,560.000000,3171.000000
5173.000000,3645.000000,5363.000000,3734.000000
1743.000000,865.000000,1810.000000,1253.000000
5697.000000,2454.000000,5585.000000,2696.000000
3258.000000,1186.000000,3066.000000,1274.000000
3787.000000,966.000000,3387.000000,1276.000000
3713.000000,4782.000000,3970.000000,4935.000000
5243.000000,2551.000000,5585.000000,2696.000000
2351.000000,3914.000000,2431.000000,3997.000000
4960.000000,2562.000000,5088.000000,2579.000000
2302.000000,2824.000000,2251.000000,2973.000000
3619.000000,4458.000000,3483.000000,4605.000000
3279.000000,5340.000000,2962.000000,5477.000000
2291.000000,2185.000000,2509.000000,2312.000000
2960.000000,1820.000000,2955.000000,2002.000000
2359.000000,3794.000000,2337.000000,3915.000000
1077.000000,94.000000,886.000000,174.000000
3241.000000,5915.000000,3486.000000,5932.000000
2204.000000,4021.000000,1771.000000,4525.000000
3406.000000,4100.000000,3273.000000,4123.000000
3297.000000,17.000000,3356.000000,570.000000
5949.000000,993.000000,5989.000000,1116.000000
4948.000000,1132.000000,4541.000000,1525.000000
3719.000000,195.000000,3614.000000,501.000000
4951.000000,3850.000000,4705.000000,3905.000000
3963.000000,880.000000,3954.000000,914.000000
2884.000000,5753.000000,2679.000000,5846.000000
4644.000000,2983.000000,4784.000000,3275.000000
5474.000000,1894.000000,5485.000000,2037.000000
4904.000000,4696.000000,5441.000000,4771.000000
4331.000000,5603.000000,5052.000000,5776.000000
2225.000000,5234.000000,2039.000000,5353.000000
3150.000000,3236.000000,3083.000000,3267.000000
2480.000000,4465.000000,2521.000000,4639.000000
5979.000000,1944.000000,5920.000000,3121.000000
1600.000000,67.000000,1077.000000,94.000000
1351.000000,4251.000000,1150.000000,4660.000000
2165.000000,234.000000,2659.000000,606.000000
1076.000000,576.000000,1322.000000,852.000000
4914.000000,728.000000,4686.000000,1041.000000
3730.000000,2677.000000,3931.000000,2794.000000
5780.000000,3014.000000,5794.000000,3109.000000
1150.000000,4660.000000,950.000000,4824.000000
5958.000000,2205.000000,5902.000000,2556.000000
4468.000000,451.000000,4333.000000,724.000000
3578.000000,5818.000000,3486.000000,5932.000000
3532.000000,3079.000000,3664.000000,3446.000000
110.000000,2609.000000,101.000000,3145.000000
832.000000,352.000000,1308.000000,516.000000
5446.000000,1695.000000,4708.000000,1798.000000
22.000000,245.000000,41.000000,2289.000000
3236.000000,1135.000000,3258.000000,1186.000000
5326.000000,4381.000000,5441.000000,4771.000000
4292.000000,3087.000000,4085.000000,3277.000000
1775.000000,3214.000000,1541.000000,3453.000000
5363.000000,3734.000000,5345.000000,3945.000000
1479.000000,4791.000000,1698.000000,4802.000000
2480.000000,4465.000000,1771.000000,4525.000000
1802.000000,2521.000000,1583.000000,2605.000000
1604.000000,2730.000000,1606.000000,2947.000000
4540.000000,2204.000000,5031.000000,2387.000000
1873.000000,27.000000,1949.000000,203.000000
1658.000000,158.000000,1347.000000,166.000000
3714.000000,3523.000000,3749.000000,3999.000000
1232.000000,2261.000000,1583.000000,2605.000000
5173.000000,3645.000000,4951.000000,3850.000000
3381.000000,1469.000000,3166.000000,1730.000000
2973.000000,3494.000000,3032.000000,3745.000000
5076.000000,2152.000000,5031.000000,2387.000000
3132.000000,5434.000000,2884.000000,5753.000000
4187.000000,1456.000000,4300.000000,1584.000000
1057.000000,1248.000000,1145.000000,1285.000000
5282.000000,1473.000000,5375.000000,1601.000000
1243.000000,1492.000000,1254.000000,1708.000000
1681.000000,352.000000,1788.000000,451.000000
2990.000000,2989.000000,3314.000000,3057.000000
1787.000000,1587.000000,1976.000000,1600.000000
4731.000000,5437.000000,4987.000000,5718.000000
2804.000000,5091.000000,3279.000000,5340.000000
4716.000000,1835.000000,4540.000000,2204.000000
849.000000,2956.000000,681.000000,3070.000000
814.000000,4030.000000,779.000000,4480.000000
5960.000000,1299.000000,5956.000000,1440.000000
5418.000000,424.000000,5676.000000,629.000000
3395.000000,4236.000000,3069.000000,4504.000000
229.000000,1554.000000,465.000000,1717.000000
3925.000000,4239.000000,3848.000000,4429.000000
2391.000000,2547.000000,2353.000000,2732.000000
5989.000000,1116.000000,5983.000000,1478.000000
1979.000000,1268.000000,1787.000000,1587.000000
2273.000000,2744.000000,2302.000000,2824.000000
3970.000000,4935.000000,3867.000000,5026.000000
1344.000000,4918.000000,1310.000000,5053.000000
5031.000000,4572.000000,4751.000000,4712.000000
2401.000000,2955.000000,2251.000000,2973.000000
1057.000000,1248.000000,1050.000000,1418.000000
1572.000000,5041.000000,1764.000000,5456.000000
5902.000000,2556.000000,5886.000000,2969.000000
5183.000000,3263.000000,5340.000000,3437.000000
4784.000000,3275.000000,4643.000000,3279.000000
1184.000000,3669.000000,1139.000000,3679.000000
2509.000000,5540.000000,2275.000000,5749.000000
3719.000000,195.000000,4200.000000,290.000000
1115.000000,4060.000000,1343.000000,4182.000000
3502.000000,733.000000,3787.000000,966.000000
4152.000000,3862.000000,3998.000000,4076.000000
4100.000000,5141.000000,3768.000000,5234.000000
1583.000000,2605.000000,1604.000000,2730.000000
2509.000000,5540.000000,2467.000000,5741.000000
5573.000000,4848.000000,5407.000000,4850.000000
1411.000000,3585.000000,1303.000000,3765.000000
814.000000,4030.000000,1115.000000,4060.000000
2494.000000,5017.000000,2477.000000,5034.000000
1925.000000,4000.000000,1546.000000,4308.000000
2884.000000,5753.000000,2534.000000,5981.000000
486.000000,5895.000000,753.000000,5913.000000
5693.000000,2827.000000,5886.000000,2969.000000
4045.000000,3365.000000,4108.000000,3826.000000
3970.000000,3092.000000,3789.000000,3465.000000
1462.000000,2693.000000,1606.000000,2947.000000
2226.000000,2804.000000,2251.000000,2973.000000
178.000000,4069.000000,117.000000,4425.000000
3605.000000,4629.000000,3970.000000,4935.000000
1232.000000,2261.000000,1229.000000,2307.000000
3402.000000,4980.000000,3482.000000,5089.000000
3566.000000,5042.000000,3617.000000,5142.000000
5031.000000,2387.000000,4748.000000,2645.000000
4121.000000,139.000000,4200.000000,290.000000
472.000000,571.000000,481.000000,812.000000
2789.000000,1253.000000,2423.000000,1409.000000
5347.000000,1343.000000,5282.000000,1473.000000
3589.000000,5693.000000,3486.000000,5932.000000
5114.000000,5303.000000,4731.000000,5437.000000
4996.000000,3344.000000,5173.000000,3645.000000
4708.000000,1798.000000,5324.000000,2105.000000
3428.000000,2399.000000,3218.000000,2427.000000
3614.000000,501.000000,3502.000000,733.000000
5650.000000,1592.000000,5574.000000,1656.000000
4541.000000,1525.000000,4708.000000,1798.000000
472.000000,571.000000,590.000000,622.000000
4293.000000,5050.000000,4212.000000,5158.000000
2396.000000,2792.000000,2487.000000,2825.000000
3273.000000,4123.000000,2913.000000,4227.000000
5676.000000,629.000000,5602.000000,1296.000000
5076.000000,2152.000000,4540.000000,2204.000000
1810.000000,1847.000000,2113.000000,2195.000000
101.000000,3145.000000,112.000000,3563.000000
79.000000,377.000000,132.000000,654.000000
286.000000,5560.000000,290.000000,5713.000000
5394.000000,4899.000000,5223.000000,5262.000000
4849.000000,1491.000000,5092.000000,1664.000000
557.000000,430.000000,769.000000,515.000000
1229.000000,2307.000000,1462.000000,2693.000000
4326.000000,236.000000,4216.000000,384.000000
2391.000000,2547.000000,2191.000000,2623.000000
5851.000000,5363.000000,5777.000000,5548.000000
3024.000000,5466.000000,3001.000000,5552.000000
1195.000000,3737.000000,1343.000000,4182.000000
4352.000000,120.000000,4914.000000,728.000000
4140.000000,1167.000000,4054.000000,1234.000000
4028.000000,2551.000000,3931.000000,2794.000000
2844.000000,4799.000000,3043.000000,4877.000000
2366.000000,5813.000000,2426.000000,5976.000000
1658.000000,158.000000,1971.000000,365.000000
4948.000000,1132.000000,4852.000000,1427.000000
5760.000000,5065.000000,5761.000000,5181.000000
1218.000000,3323.000000,979.000000,3410.000000
4583.000000,4387.000000,4340.000000,4390.000000
890.000000,973.000000,1057.000000,1248.000000
3940.000000,3969.000000,3833.000000,3984.000000
5407.000000,4850.000000,5013.000000,4901.000000
4552.000000,3982.000000,4513.000000,4212.000000
779.000000,4480.000000,459.000000,4623.000000
753.000000,5913.000000,2125.000000,5962.000000
2373.000000,1719.000000,2214.000000,1824.000000
4051.000000,770.000000,3954.000000,914.000000
3483.000000,4605.000000,3412.000000,4693.000000
3719.000000,195.000000,4096.000000,355.000000
5326.000000,4381.000000,4999.000000,4393.000000
5804.000000,2506.000000,5693.000000,2827.000000
1743.000000,865.000000,1979.000000,1268.000000
1774.000000,5661.000000,1950.000000,5702.000000
3362.000000,3063.000000,3150.000000,3236.000000
1541.000000,3453.000000,1411.000000,3585.000000
207.000000,86.000000,308.000000,86.000000
2431.000000,3997.000000,2589.000000,4140.000000
2559.000000,3531.000000,2359.000000,3794.000000
3768.000000,5575.000000,3589.000000,5693.000000
4513.000000,4212.000000,4410.000000,4369.000000
890.000000,973.000000,416.000000,1137.000000
4461.000000,3747.000000,4283.000000,3822.000000
3963.000000,880.000000,3898.000000,881.000000
5602.000000,1296.000000,5956.000000,1440.000000
4638.000000,4819.000000,4679.000000,5366.000000
580.000000,1205.000000,1057.000000,1248.000000
2016.000000,655.000000,1719.000000,682.000000
2628.000000,5106.000000,2867.000000,5485.000000
3426.000000,2146.000000,3428.000000,2399.000000
4996.000000,3344.000000,4726.000000,3521.000000
4803.000000,2672.000000,4622.000000,2742.000000
3066.000000,1274.000000,3381.000000,1469.000000
290.000000,5713.000000,126.000000,5795.000000
1656.000000,1815.000000,1583.000000,2605.000000
5602.000000,1296.000000,5347.000000,1343.000000
5912.000000,4802.000000,5982.000000,5446.000000
3847.000000,2332.000000,4035.000000,2404.000000
5983.000000,1478.000000,5650.000000,1592.000000
4295.000000,4330.000000,4222.000000,4457.000000
2534.000000,5981.000000,4214.000000,5985.000000
4705.000000,3905.000000,4552.000000,3982.000000
3642.000000,182.000000,3614.000000,501.000000
3768.000000,5575.000000,4161.000000,5645.000000
1232.000000,2261.000000,1462.000000,2693.000000
3532.000000,2875.000000,3532.000000,3079.000000
3970.000000,4935.000000,3889.000000,4936.000000
3768.000000,5234.000000,4161.000000,5645.000000
4784.000000,3275.000000,4938.000000,3318.000000
2573.000000,2005.000000,2291.000000,2185.000000
1150.000000,4660.000000,1117.000000,5035.000000
4441.000000,2914.000000,4644.000000,2983.000000
678.000000,281.000000,832.000000,352.000000
4132.000000,1442.000000,4106.000000,1481.000000
4960.000000,2562.000000,4803.000000,2672.000000
5394.000000,4899.000000,5761.000000,5181.000000
912.000000,3269.000000,979.000000,3410.000000
5573.000000,4848.000000,5517.000000,4901.000000
3193.000000,570.000000,3120.000000,968.000000
5797.000000,5127.000000,5982.000000,5446.000000
4149.000000,2336.000000,4035.000000,2404.000000
14.000000,4972.000000,617.000000,5316.000000
2401.000000,2955.000000,2721.000000,3447.000000
5602.000000,1296.000000,5447.000000,1540.000000
4352.000000,120.000000,4468.000000,451.000000
4296.000000,5467.000000,4504.000000,5576.000000
3970.000000,4935.000000,4291.000000,4971.000000
1719.000000,682.000000,1353.000000,760.000000
782.000000,1764.000000,1200.000000,2060.000000
3990.000000,1618.000000,3255.000000,1772.000000
4414.000000,4666.000000,4638.000000,4819.000000
2973.000000,3494.000000,3128.000000,3597.000000
1567.000000,4547.000000,1698.000000,4802.000000
2214.000000,1824.000000,2291.000000,2185.000000
1809.000000,3709.000000,1459.000000,3884.000000
3341.000000,5607.000000,3589.000000,5693.000000
5675.000000,4531.000000,5441.000000,4771.000000
3412.000000,4693.000000,3234.000000,4724.000000
5173.000000,3645.000000,5169.000000,3764.000000
580.000000,1205.000000,487.000000,1290.000000
2366.000000,5813.000000,2213.000000,5873.000000
4028.000000,2551.000000,4644.000000,2983.000000
3768.000000,5234.000000,3768.000000,5575.000000
3258.000000,1186.000000,2789.000000,1253.000000
533.000000,804.000000,481.000000,812.000000
5447.000000,1540.000000,5650.000000,1592.000000
5958.000000,2205.000000,5666.000000,2327.000000
465.000000,1717.000000,782.000000,1764.000000
2778.000000,3139.000000,3083.000000,3267.000000
5394.000000,4899.000000,5013.000000,4901.000000
4149.000000,2336.000000,4466.000000,2535.000000
3228.000000,1727.000000,3166.000000,1730.000000
3258.000000,1186.000000,3387.000000,1276.000000
2786.000000,5629.000000,2679.000000,5846.000000
5418.000000,424.000000,4914.000000,728.000000
15.000000,3689.000000,397.000000,3785.000000
5282.000000,1473.000000,5092.000000,1664.000000
3120.000000,968.000000,3258.000000,1186.000000
5573.000000,4848.000000,5760.000000,5065.000000
3867.000000,5026.000000,4100.000000,5141.000000
229.000000,1554.000000,493.000000,2094.000000
4726.000000,3521.000000,5173.000000,3645.000000
2521.000000,4639.000000,2390.000000,5027.000000
465.000000,1717.000000,493.000000,2094.000000
4413.000000,3576.000000,4243.000000,3599.000000
3925.000000,4239.000000,4095.000000,4481.000000
1743.000000,865.000000,1740.000000,1084.000000
5048.000000,2632.000000,5073.000000,2918.000000
2214.000000,913.000000,2200.000000,1418.000000
769.000000,515.000000,1076.000000,576.000000
117.000000,4425.000000,459.000000,4623.000000
1462.000000,2693.000000,1368.000000,3110.000000
4247.000000,34.000000,4352.000000,120.000000
2778.000000,3139.000000,2752.000000,3226.000000
2669.000000,4324.000000,2844.000000,4799.000000
1322.000000,852.000000,1542.000000,1222.000000
2669.000000,4324.000000,2906.000000,4407.000000
4987.000000,5718.000000,5052.000000,5776.000000
4999.000000,4393.000000,4709.000000,4471.000000
650.000000,3232.000000,580.000000,3587.000000
5804.000000,2506.000000,5902.000000,2556.000000
3614.000000,501.000000,3963.000000,620.000000
2214.000000,913.000000,1979.000000,1268.000000
5048.000000,2632.000000,5077.000000,2789.000000
14.000000,4972.000000,889.000000,5361.000000
4040.000000,2826.000000,4085.000000,3277.000000
4140.000000,1167.000000,4531.000000,1201.000000
487.000000,1290.000000,350.000000,1632.000000
2041.000000,5502.000000,1950.000000,5702.000000
4100.000000,5141.000000,4212.000000,5158.000000
3562.000000,5763.000000,3486.000000,5932.000000
1184.000000,3669.000000,1195.000000,3737.000000
4088.000000,2461.000000,4028.000000,2551.000000
5940.000000,360.000000,5926.000000,758.000000
4679.000000,5366.000000,4731.000000,5437.000000
4541.000000,1525.000000,4300.000000,1584.000000
5307.000000,1127.000000,5347.000000,1343.000000
4352.000000,120.000000,4200.000000,290.000000
5885.000000,791.000000,5989.000000,1116.000000
2313.000000,3920.000000,1925.000000,4000.000000
4018.000000,2492.000000,4028.000000,2551.000000
5013.000000,4901.000000,4731.000000,5437.000000
5441.000000,4771.000000,5573.000000,4848.000000
3619.000000,4458.000000,3605.000000,4629.000000
678.000000,2682.000000,645.000000,2735.000000
1050.000000,1418.000000,941.000000,1614.000000
567.000000,5608.000000,842.000000,5723.000000
814.000000,4030.000000,459.000000,4623.000000
1344.000000,4918.000000,1572.000000,5041.000000
2905.000000,315.000000,3197.000000,530.000000
3789.000000,3465.000000,3714.000000,3523.000000
4187.000000,1456.000000,3990.000000,1618.000000
1873.000000,27.000000,2337.000000,62.000000
3642.000000,182.000000,3356.000000,570.000000
3848.000000,4429.000000,3605.000000,4629.000000
948.000000,2271.000000,941.000000,2496.000000
286.000000,5560.000000,126.000000,5795.000000
4577.000000,2353.000000,4531.000000,2465.000000
5004.000000,3328.000000,4996.000000,3344.000000
2653.000000,1155.000000,2423.000000,1409.000000
3372.000000,1958.000000,3847.000000,2332.000000
3730.000000,2677.000000,3476.000000,2750.000000
2774.000000,4885.000000,2804.000000,5091.000000
1351.000000,4251.000000,779.000000,4480.000000
3066.000000,1274.000000,3166.000000,1730.000000
5956.000000,1440.000000,5983.000000,1478.000000
3483.000000,4605.000000,3713.000000,4782.000000
4292.000000,3087.000000,4643.000000,3279.000000
5969.000000,236.000000,5989.000000,1116.000000
3387.000000,1276.000000,3217.000000,1318.000000
5404.000000,2962.000000,5794.000000,3109.000000
308.000000,86.000000,557.000000,430.000000
1057.000000,1248.000000,941.000000,1614.000000
1347.000000,166.000000,1308.000000,516.000000
2752.000000,3226.000000,3083.000000,3267.000000
1076.000000,576.000000,590.000000,622.000000
1771.000000,4525.000000,1692.000000,4780.000000
3132.000000,5434.000000,3024.000000,5466.000000
699.000000,2443.000000,678.000000,2682.000000
14.000000,4972.000000,126.000000,5795.000000
1200.000000,2060.000000,688.000000,2100.000000
2960.000000,1820.000000,2748.000000,1868.000000
3387.000000,734.000000,3157.000000,855.000000
1193.000000,3082.000000,1368.000000,3110.000000
3387.000000,734.000000,3787.000000,966.000000
4552.000000,3982.000000,4295.000000,4330.000000
5246.000000,5486.000000,5267.000000,5850.000000
1873.000000,27.000000,432.000000,99.000000
3483.000000,4605.000000,3605.000000,4629.000000
3123.000000,3873.000000,3273.000000,4123.000000
4300.000000,3324.000000,4413.000000,3576.000000
5940.000000,360.000000,5676.000000,629.000000
979.000000,3410.000000,1303.000000,3765.000000
3016.000000,3957.000000,2826.000000,3979.000000
3372.000000,1958.000000,2955.000000,2002.000000
3426.000000,2146.000000,3470.000000,2439.000000
5714.000000,4268.000000,5675.000000,4531.000000
3412.000000,4693.000000,3352.000000,4791.000000
2041.000000,5502.000000,2194.000000,5614.000000
4441.000000,2914.000000,4085.000000,3277.000000
2401.000000,2955.000000,2778.000000,3139.000000
4644.000000,2983.000000,4938.000000,3318.000000
5307.000000,1127.000000,5282.000000,1473.000000
3258.000000,1186.000000,3217.000000,1318.000000
3024.000000,5466.000000,2962.000000,5477.000000
5183.000000,3263.000000,5457.000000,3553.000000
4161.000000,5645.000000,4214.000000,5985.000000
2281.000000,5105.000000,2446.000000,5236.000000
2913.000000,4227.000000,3069.000000,4504.000000
2738.000000,2468.000000,3037.000000,2738.000000
2397.000000,3266.000000,2559.000000,3531.000000
863.000000,3032.000000,989.000000,3188.000000
4705.000000,3905.000000,4618.000000,4034.000000
3218.000000,3361.000000,3519.000000,3482.000000
4751.000000,4712.000000,4638.000000,4819.000000
2713.000000,1484.000000,2573.000000,2005.000000
2423.000000,1409.000000,2416.000000,1667.000000
112.000000,3563.000000,15.000000,3689.000000
15.000000,3689.000000,178.000000,4069.000000
4096.000000,355.000000,3963.000000,620.000000
1368.000000,3110.000000,1492.000000,3160.000000
