POINTS
599.000000,2.000000
629.000000,6.000000
477.000000,10.000000
164.000000,32.000000
342.000000,37.000000
192.000000,38.000000
206.000000,42.000000
12.000000,50.000000
39.000000,52.000000
143.000000,58.000000
338.000000,89.000000
276.000000,101.000000
460.000000,101.000000
491.000000,102.000000
544.000000,109.000000
10.000000,110.000000
179.000000,130.000000
47.000000,152.000000
680.000000,181.000000
722.000000,181.000000
139.000000,190.000000
389.000000,197.000000
332.000000,205.000000
468.000000,209.000000
329.000000,215.000000
492.000000,216.000000
241.000000,231.000000
409.000000,232.000000
410.000000,246.000000
484.000000,254.000000
479.000000,263.000000
291.000000,266.000000
718.000000,269.000000
465.000000,286.000000
618.000000,330.000000
377.000000,338.000000
727.000000,352.000000
497.000000,367.000000
732.000000,373.000000
203.000000,379.000000
596.000000,401.000000
109.000000,404.000000
586.000000,408.000000
439.000000,430.000000
2.000000,433.000000
402.000000,440.000000
227.000000,444.000000
480.000000,460.000000
6.000000,485.000000
56.000000,497.000000
478.000000,501.000000
608.000000,524.000000
184.000000,545.000000
612.000000,560.000000
534.000000,567.000000
209.000000,571.000000
509.000000,579.000000
399.000000,582.000000
441.000000,593.000000
637.000000,595.000000
242.000000,601.000000
118.000000,603.000000
551.000000,613.000000
10.000000,651.000000
443.000000,667.000000
312.000000,674.000000
749.000000,681.000000
689.000000,686.000000
721.000000,691.000000
333.000000,719.000000
168.000000,724.000000
616.000000,725.000000
683.000000,733.000000
311.000000,740.000000
96.000000,741.000000
LINES
544.000000,109.000000,680.000000,181.000000
203.000000,379.000000,227.000000,444.000000
497.000000,367.000000,439.000000,430.000000
551.000000,613.000000,443.000000,667.000000
599.000000,2.000000,477.000000,10.000000
468.000000,209.000000,484.000000,254.000000
168.000000,724.000000,96.000000,741.000000
338.000000,89.000000,389.000000,197.000000
497.000000,367.000000,586.000000,408.000000
683.000000,733.000000,311.000000,740.000000
39.000000,52.000000,47.000000,152.000000
479.000000,263.000000,497.000000,367.000000
311.000000,740.000000,96.000000,741.000000
206.000000,42.000000,179.000000,130.000000
329.000000,215.000000,241.000000,231.000000
410.000000,246.000000,484.000000,254.000000
596.000000,401.000000,689.000000,686.000000
484.000000,254.000000,479.000000,263.000000
291.000000,266.000000,203.000000,379.000000
599.000000,2.000000,544.000000,109.000000
241.000000,231.000000,109.000000,404.000000
477.000000,10.000000,544.000000,109.000000
241.000000,231.000000,203.000000,379.000000
491.000000,102.000000,468.000000,209.000000
460.000000,101.000000,389.000000,197.000000
479.000000,263.000000,465.000000,286.000000
439.000000,430.000000,480.000000,460.000000
468.000000,209.000000,410.000000,246.000000
596.000000,401.000000,608.000000,524.000000
732.000000,373.000000,749.000000,681.000000
629.000000,6.000000,722.000000,181.000000
338.000000,89.000000,332.000000,205.000000
329.000000,215.000000,410.000000,246.000000
206.000000,42.000000,276.000000,101.000000
227.000000,444.000000,242.000000,601.000000
109.000000,404.000000,227.000000,444.000000
109.000000,404.000000,56.000000,497.000000
118.000000,603.000000,168.000000,724.000000
749.000000,681.000000,721.000000,691.000000
718.000000,269.000000,727.000000,352.000000
465.000000,286.000000,497.000000,367.000000
143.000000,58.000000,179.000000,130.000000
534.000000,567.000000,509.000000,579.000000
491.000000,102.000000,492.000000,216.000000
612.000000,560.000000,551.000000,613.000000
10.000000,110.000000,2.000000,433.000000
333.000000,719.000000,311.000000,740.000000
689.000000,686.000000,616.000000,725.000000
399.000000,582.000000,441.000000,593.000000
227.000000,444.000000,184.000000,545.000000
439.000000,430.000000,402.000000,440.000000
727.000000,352.000000,732.000000,373.000000
616.000000,725.000000,311.000000,740.000000
599.000000,2.000000,629.000000,6.000000
460.000000,101.000000,491.000000,102.000000
477.000000,10.000000,192.000000,38.000000
402.000000,440.000000,478.000000,501.000000
56.000000,497.000000,118.000000,603.000000
478.000000,501.000000,509.000000,579.000000
586.000000,408.000000,608.000000,524.000000
389.000000,197.000000,410.000000,246.000000
637.000000,595.000000,551.000000,613.000000
612.000000,560.000000,534.000000,567.000000
689.000000,686.000000,721.000000,691.000000
12.000000,50.000000,47.000000,152.000000
39.000000,52.000000,143.000000,58.000000
441.000000,593.000000,551.000000,613.000000
209.000000,571.000000,118.000000,603.000000
478.000000,501.000000,534.000000,567.000000
460.000000,101.000000,468.000000,209.000000
389.000000,197.000000,409.000000,232.000000
680.000000,181.000000,618.000000,330.000000
276.000000,101.000000,332.000000,205.000000
544.000000,109.000000,492.000000,216.000000
179.000000,130.000000,332.000000,205.000000
242.000000,601.000000,333.000000,719.000000
47.000000,152.000000,139.000000,190.000000
399.000000,582.000000,333.000000,719.000000
749.000000,681.000000,683.000000,733.000000
722.000000,181.000000,749.000000,681.000000
139.000000,190.000000,241.000000,231.000000
338.000000,89.000000,276.000000,101.000000
443.000000,667.000000,311.000000,740.000000
680.000000,181.000000,492.000000,216.000000
586.000000,408.000000,612.000000,560.000000
6.000000,485.000000,56.000000,497.000000
722.000000,181.000000,718.000000,269.000000
333.000000,719.000000,168.000000,724.000000
184.000000,545.000000,118.000000,603.000000
612.000000,560.000000,637.000000,595.000000
497.000000,367.000000,480.000000,460.000000
164.000000,32.000000,192.000000,38.000000
192.000000,38.000000,206.000000,42.000000
332.000000,205.000000,329.000000,215.000000
722.000000,181.000000,732.000000,373.000000
342.000000,37.000000,460.000000,101.000000
242.000000,601.000000,168.000000,724.000000
479.000000,263.000000,618.000000,330.000000
477.000000,10.000000,164.000000,32.000000
377.000000,338.000000,402.000000,440.000000
551.000000,613.000000,616.000000,725.000000
443.000000,667.000000,333.000000,719.000000
276.000000,101.000000,179.000000,130.000000
203.000000,379.000000,109.000000,404.000000
491.000000,102.000000,544.000000,109.000000
441.000000,593.000000,333.000000,719.000000
2.000000,433.000000,10.000000,651.000000
410.000000,246.000000,465.000000,286.000000
109.000000,404.000000,184.000000,545.000000
109.000000,404.000000,6.000000,485.000000
534.000000,567.000000,551.000000,613.000000
616.000000,725.000000,683.000000,733.000000
484.000000,254.000000,465.000000,286.000000
608.000000,524.000000,637.000000,595.000000
484.000000,254.000000,618.000000,330.000000
227.000000,444.000000,478.000000,501.000000
12.000000,50.000000,39.000000,52.000000
209.000000,571.000000,168.000000,724.000000
291.000000,266.000000,227.000000,444.000000
465.000000,286.000000,377.000000,338.000000
329.000000,215.000000,377.000000,338.000000
241.000000,231.000000,291.000000,266.000000
509.000000,579.000000,399.000000,582.000000
468.000000,209.000000,492.000000,216.000000
12.000000,50.000000,10.000000,110.000000
618.000000,330.000000,727.000000,352.000000
242.000000,601.000000,312.000000,674.000000
179.000000,130.000000,47.000000,152.000000
139.000000,190.000000,2.000000,433.000000
586.000000,408.000000,480.000000,460.000000
477.000000,10.000000,342.000000,37.000000
143.000000,58.000000,47.000000,152.000000
227.000000,444.000000,399.000000,582.000000
329.000000,215.000000,291.000000,266.000000
164.000000,32.000000,143.000000,58.000000
596.000000,401.000000,586.000000,408.000000
342.000000,37.000000,276.000000,101.000000
109.000000,404.000000,2.000000,433.000000
492.000000,216.000000,484.000000,254.000000
389.000000,197.000000,468.000000,209.000000
164.000000,32.000000,12.000000,50.000000
468.000000,209.000000,409.000000,232.000000
342.000000,37.000000,389.000000,197.000000
10.000000,110.000000,47.000000,152.000000
680.000000,181.000000,722.000000,181.000000
209.000000,571.000000,242.000000,601.000000
164.000000,32.000000,206.000000,42.000000
139.000000,190.000000,109.000000,404.000000
618.000000,330.000000,596.000000,401.000000
551.000000,613.000000,689.000000,686.000000
2.000000,433.000000,6.000000,485.000000
608.000000,524.000000,612.000000,560.000000
732.000000,373.000000,596.000000,401.000000
184.000000,545.000000,209.000000,571.000000
465.000000,286.000000,439.000000,430.000000
227.000000,444.000000,312.000000,674.000000
377.000000,338.000000,227.000000,444.000000
718.000000,269.000000,732.000000,373.000000
732.000000,373.000000,689.000000,686.000000
410.000000,246.000000,377.000000,338.000000
206.000000,42.000000,143.000000,58.000000
721.000000,691.000000,683.000000,733.000000
47.000000,152.000000,2.000000,433.000000
439.000000,430.000000,478.000000,501.000000
586.000000,408.000000,478.000000,501.000000
291.000000,266.000000,377.000000,338.000000
492.000000,216.000000,618.000000,330.000000
680.000000,181.000000,727.000000,352.000000
342.000000,37.000000,206.000000,42.000000
629.000000,6.000000,680.000000,181.000000
618.000000,330.000000,586.000000,408.000000
342.000000,37.000000,192.000000,38.000000
184.000000,545.000000,242.000000,601.000000
389.000000,197.000000,329.000000,215.000000
179.000000,130.000000,139.000000,190.000000
477.000000,10.000000,460.000000,101.000000
478.000000,501.000000,399.000000,582.000000
480.000000,460.000000,478.000000,501.000000
6.000000,485.000000,118.000000,603.000000
618.000000,330.000000,497.000000,367.000000
596.000000,401.000000,637.000000,595.000000
10.000000,651.000000,96.000000,741.000000
168.000000,724.000000,311.000000,740.000000
377.000000,338.000000,439.000000,430.000000
551.000000,613.000000,311.000000,740.000000
477.000000,10.000000,491.000000,102.000000
629.000000,6.000000,544.000000,109.000000
389.000000,197.000000,332.000000,205.000000
680.000000,181.000000,718.000000,269.000000
56.000000,497.000000,184.000000,545.000000
10.000000,651.000000,168.000000,724.000000
509.000000,579.000000,441.000000,593.000000
179.000000,130.000000,241.000000,231.000000
509.000000,579.000000,551.000000,613.000000
332.000000,205.000000,241.000000,231.000000
6.000000,485.000000,10.000000,651.000000
618.000000,330.000000,732.000000,373.000000
118.000000,603.000000,10.000000,651.000000
312.000000,674.000000,333.000000,719.000000
637.000000,595.000000,689.000000,686.000000
164.000000,32.000000,39.000000,52.000000
409.000000,232.000000,410.000000,246.000000
441.000000,593.000000,443.000000,667.000000
402.000000,440.000000,227.000000,444.000000
342.000000,37.000000,338.000000,89.000000
399.000000,582.000000,312.000000,674.000000
689.000000,686.000000,683.000000,733.000000
478.000000,501.000000,612.000000,560.000000
749.000000,681.000000,689.000000,686.000000
