POINTS
629.000000,9.000000
221.000000,32.000000
589.000000,69.000000
342.000000,94.000000
332.000000,98.000000
599.000000,109.000000
711.000000,121.000000
219.000000,123.000000
684.000000,127.000000
717.000000,144.000000
420.000000,146.000000
538.000000,153.000000
66.000000,160.000000
303.000000,164.000000
406.000000,174.000000
683.000000,176.000000
67.000000,180.000000
273.000000,203.000000
556.000000,203.000000
370.000000,215.000000
352.000000,219.000000
623.000000,234.000000
95.000000,245.000000
194.000000,251.000000
754.000000,252.000000
219.000000,262.000000
610.000000,263.000000
595.000000,266.000000
514.000000,279.000000
16.000000,280.000000
714.000000,280.000000
490.000000,288.000000
372.000000,297.000000
572.000000,333.000000
757.000000,363.000000
747.000000,366.000000
340.000000,367.000000
685.000000,386.000000
439.000000,399.000000
84.000000,402.000000
701.000000,413.000000
633.000000,414.000000
174.000000,420.000000
282.000000,436.000000
315.000000,444.000000
174.000000,448.000000
467.000000,448.000000
139.000000,453.000000
157.000000,468.000000
657.000000,472.000000
417.000000,487.000000
251.000000,502.000000
237.000000,504.000000
31.000000,521.000000
384.000000,524.000000
735.000000,541.000000
545.000000,543.000000
236.000000,546.000000
172.000000,558.000000
644.000000,567.000000
24.000000,591.000000
59.000000,595.000000
483.000000,601.000000
116.000000,615.000000
592.000000,625.000000
56.000000,628.000000
296.000000,636.000000
391.000000,650.000000
639.000000,659.000000
500.000000,667.000000
671.000000,682.000000
665.000000,719.000000
580.000000,721.000000
283.000000,729.000000
296.000000,741.000000
734.000000,742.000000
LINES
219.000000,262.000000,174.000000,420.000000
629.000000,9.000000,420.000000,146.000000
384.000000,524.000000,483.000000,601.000000
610.000000,263.000000,714.000000,280.000000
714.000000,280.000000,757.000000,363.000000
172.000000,558.000000,59.000000,595.000000
342.000000,94.000000,332.000000,98.000000
273.000000,203.000000,352.000000,219.000000
683.000000,176.000000,623.000000,234.000000
490.000000,288.000000,572.000000,333.000000
657.000000,472.000000,735.000000,541.000000
580.000000,721.000000,734.000000,742.000000
221.000000,32.000000,219.000000,123.000000
629.000000,9.000000,589.000000,69.000000
514.000000,279.000000,572.000000,333.000000
84.000000,402.000000,174.000000,420.000000
372.000000,297.000000,439.000000,399.000000
296.000000,636.000000,283.000000,729.000000
545.000000,543.000000,483.000000,601.000000
296.000000,636.000000,391.000000,650.000000
757.000000,363.000000,735.000000,541.000000
711.000000,121.000000,717.000000,144.000000
282.000000,436.000000,237.000000,504.000000
685.000000,386.000000,633.000000,414.000000
671.000000,682.000000,734.000000,742.000000
406.000000,174.000000,370.000000,215.000000
595.000000,266.000000,572.000000,333.000000
657.000000,472.000000,644.000000,567.000000
685.000000,386.000000,701.000000,413.000000
391.000000,650.000000,500.000000,667.000000
66.000000,160.000000,16.000000,280.000000
701.000000,413.000000,657.000000,472.000000
95.000000,245.000000,84.000000,402.000000
139.000000,453.000000,31.000000,521.000000
483.000000,601.000000,500.000000,667.000000
251.000000,502.000000,384.000000,524.000000
623.000000,234.000000,595.000000,266.000000
221.000000,32.000000,332.000000,98.000000
340.000000,367.000000,315.000000,444.000000
757.000000,363.000000,747.000000,366.000000
342.000000,94.000000,420.000000,146.000000
315.000000,444.000000,417.000000,487.000000
639.000000,659.000000,580.000000,721.000000
572.000000,333.000000,439.000000,399.000000
172.000000,558.000000,24.000000,591.000000
273.000000,203.000000,219.000000,262.000000
757.000000,363.000000,734.000000,742.000000
174.000000,448.000000,237.000000,504.000000
599.000000,109.000000,683.000000,176.000000
56.000000,628.000000,283.000000,729.000000
174.000000,420.000000,139.000000,453.000000
352.000000,219.000000,340.000000,367.000000
735.000000,541.000000,734.000000,742.000000
610.000000,263.000000,595.000000,266.000000
84.000000,402.000000,139.000000,453.000000
420.000000,146.000000,514.000000,279.000000
95.000000,245.000000,16.000000,280.000000
545.000000,543.000000,644.000000,567.000000
665.000000,719.000000,580.000000,721.000000
303.000000,164.000000,273.000000,203.000000
467.000000,448.000000,417.000000,487.000000
514.000000,279.000000,490.000000,288.000000
633.000000,414.000000,657.000000,472.000000
296.000000,741.000000,734.000000,742.000000
556.000000,203.000000,595.000000,266.000000
303.000000,164.000000,406.000000,174.000000
514.000000,279.000000,372.000000,297.000000
157.000000,468.000000,24.000000,591.000000
352.000000,219.000000,282.000000,436.000000
67.000000,180.000000,16.000000,280.000000
116.000000,615.000000,283.000000,729.000000
332.000000,98.000000,303.000000,164.000000
623.000000,234.000000,610.000000,263.000000
84.000000,402.000000,31.000000,521.000000
66.000000,160.000000,95.000000,245.000000
599.000000,109.000000,684.000000,127.000000
251.000000,502.000000,237.000000,504.000000
644.000000,567.000000,639.000000,659.000000
116.000000,615.000000,56.000000,628.000000
644.000000,567.000000,734.000000,742.000000
174.000000,420.000000,237.000000,504.000000
500.000000,667.000000,580.000000,721.000000
95.000000,245.000000,194.000000,251.000000
303.000000,164.000000,352.000000,219.000000
592.000000,625.000000,580.000000,721.000000
139.000000,453.000000,24.000000,591.000000
754.000000,252.000000,757.000000,363.000000
174.000000,448.000000,24.000000,591.000000
384.000000,524.000000,296.000000,636.000000
754.000000,252.000000,714.000000,280.000000
639.000000,659.000000,671.000000,682.000000
639.000000,659.000000,665.000000,719.000000
236.000000,546.000000,283.000000,729.000000
59.000000,595.000000,56.000000,628.000000
684.000000,127.000000,683.000000,176.000000
683.000000,176.000000,754.000000,252.000000
16.000000,280.000000,31.000000,521.000000
282.000000,436.000000,251.000000,502.000000
219.000000,123.000000,66.000000,160.000000
219.000000,123.000000,194.000000,251.000000
157.000000,468.000000,172.000000,558.000000
589.000000,69.000000,420.000000,146.000000
644.000000,567.000000,592.000000,625.000000
352.000000,219.000000,372.000000,297.000000
420.000000,146.000000,556.000000,203.000000
219.000000,262.000000,282.000000,436.000000
315.000000,444.000000,384.000000,524.000000
714.000000,280.000000,747.000000,366.000000
483.000000,601.000000,391.000000,650.000000
701.000000,413.000000,633.000000,414.000000
370.000000,215.000000,352.000000,219.000000
684.000000,127.000000,717.000000,144.000000
490.000000,288.000000,372.000000,297.000000
610.000000,263.000000,572.000000,333.000000
657.000000,472.000000,545.000000,543.000000
194.000000,251.000000,219.000000,262.000000
757.000000,363.000000,701.000000,413.000000
417.000000,487.000000,384.000000,524.000000
439.000000,399.000000,467.000000,448.000000
340.000000,367.000000,439.000000,399.000000
556.000000,203.000000,514.000000,279.000000
24.000000,591.000000,59.000000,595.000000
370.000000,215.000000,372.000000,297.000000
174.000000,420.000000,282.000000,436.000000
282.000000,436.000000,315.000000,444.000000
483.000000,601.000000,296.000000,636.000000
599.000000,109.000000,556.000000,203.000000
174.000000,448.000000,157.000000,468.000000
572.000000,333.000000,685.000000,386.000000
683.000000,176.000000,556.000000,203.000000
633.000000,414.000000,467.000000,448.000000
174.000000,448.000000,139.000000,453.000000
711.000000,121.000000,754.000000,252.000000
236.000000,546.000000,172.000000,558.000000
623.000000,234.000000,754.000000,252.000000
711.000000,121.000000,684.000000,127.000000
406.000000,174.000000,514.000000,279.000000
174.000000,420.000000,174.000000,448.000000
467.000000,448.000000,545.000000,543.000000
95.000000,245.000000,219.000000,262.000000
538.000000,153.000000,556.000000,203.000000
701.000000,413.000000,735.000000,541.000000
31.000000,521.000000,24.000000,591.000000
236.000000,546.000000,296.000000,636.000000
589.000000,69.000000,599.000000,109.000000
16.000000,280.000000,84.000000,402.000000
595.000000,266.000000,514.000000,279.000000
572.000000,333.000000,467.000000,448.000000
332.000000,98.000000,219.000000,123.000000
296.000000,636.000000,296.000000,741.000000
157.000000,468.000000,237.000000,504.000000
391.000000,650.000000,580.000000,721.000000
467.000000,448.000000,483.000000,601.000000
219.000000,262.000000,84.000000,402.000000
352.000000,219.000000,219.000000,262.000000
717.000000,144.000000,683.000000,176.000000
66.000000,160.000000,194.000000,251.000000
237.000000,504.000000,236.000000,546.000000
372.000000,297.000000,340.000000,367.000000
665.000000,719.000000,734.000000,742.000000
391.000000,650.000000,296.000000,741.000000
303.000000,164.000000,370.000000,215.000000
221.000000,32.000000,66.000000,160.000000
172.000000,558.000000,283.000000,729.000000
572.000000,333.000000,633.000000,414.000000
629.000000,9.000000,711.000000,121.000000
633.000000,414.000000,545.000000,543.000000
342.000000,94.000000,406.000000,174.000000
219.000000,123.000000,303.000000,164.000000
735.000000,541.000000,644.000000,567.000000
24.000000,591.000000,56.000000,628.000000
599.000000,109.000000,538.000000,153.000000
221.000000,32.000000,342.000000,94.000000
623.000000,234.000000,714.000000,280.000000
16.000000,280.000000,24.000000,591.000000
714.000000,280.000000,685.000000,386.000000
467.000000,448.000000,384.000000,524.000000
439.000000,399.000000,417.000000,487.000000
251.000000,502.000000,236.000000,546.000000
580.000000,721.000000,296.000000,741.000000
340.000000,367.000000,282.000000,436.000000
490.000000,288.000000,439.000000,399.000000
340.000000,367.000000,417.000000,487.000000
420.000000,146.000000,406.000000,174.000000
629.000000,9.000000,342.000000,94.000000
172.000000,558.000000,56.000000,628.000000
67.000000,180.000000,95.000000,245.000000
589.000000,69.000000,538.000000,153.000000
644.000000,567.000000,671.000000,682.000000
599.000000,109.000000,711.000000,121.000000
757.000000,363.000000,685.000000,386.000000
273.000000,203.000000,194.000000,251.000000
219.000000,123.000000,273.000000,203.000000
406.000000,174.000000,372.000000,297.000000
342.000000,94.000000,303.000000,164.000000
56.000000,628.000000,296.000000,741.000000
714.000000,280.000000,572.000000,333.000000
545.000000,543.000000,592.000000,625.000000
251.000000,502.000000,296.000000,636.000000
717.000000,144.000000,754.000000,252.000000
66.000000,160.000000,67.000000,180.000000
629.000000,9.000000,221.000000,32.000000
747.000000,366.000000,685.000000,386.000000
592.000000,625.000000,639.000000,659.000000
671.000000,682.000000,665.000000,719.000000
592.000000,625.000000,500.000000,667.000000
315.000000,444.000000,251.000000,502.000000
237.000000,504.000000,172.000000,558.000000
420.000000,146.000000,538.000000,153.000000
556.000000,203.000000,623.000000,234.000000
629.000000,9.000000,599.000000,109.000000
483.000000,601.000000,592.000000,625.000000
172.000000,558.000000,116.000000,615.000000
283.000000,729.000000,296.000000,741.000000
